96.4204967303	3066	0.5	0.212089011805	181435	212.089011805	2.21764395278
96.8437825562	7800	0.576714174083	0.0	471531	423.285825917	3.066
97.2750118506	7866	0.645484879663	0.0	482442	431.22929442	7.8
97.7125356174	8000	0.707961112861	0.0	492120	437.523766802	7.866
98.1491780935	8000	0.771318636739	0.0	492120	436.642476122	8.0
98.5823203546	8000	0.838176375706	0.0	490176	433.142261032	8.0
99.0315574009	8333	0.888939329403	0.0	513389	449.237046304	8.0
99.4711135703	8066	0.949383159985	0.0	497055	439.556169418	7.799
99.9293981927	8466	0.991098537555	0.0	520019	458.28462243	8.066
100.399759876	9000	1.02073685412	0.0	551265	470.361683436	8.466
100.868036772	9266	1.05245995793	0.0	558332	468.276896189	9.0
101.315022985	9000	1.10547374532	0.0	536970	446.986212612	8.734
101.753008247	9000	1.16748848316	0.0	536970	437.985262154	9.0
102.186162532	9000	1.23433419811	0.0	536970	433.154285052	9.0
102.620842098	9000	1.29965463238	0.0	536970	434.679565733	9.0
103.056419665	9000	1.36407706523	0.0	536970	435.577567148	9.0
103.504801216	9400	1.41569551408	0.0	553424	448.381551149	9.0
103.931190492	9000	1.48930623839	0.0	522960	426.389275695	8.6
104.35622596	9000	1.56427077023	0.0	522960	425.03546816	9.0
104.785802953	9000	1.63469377718	0.0	532300	429.576993044	9.0
105.193203205	8400	1.72729352555	0.0	503004	407.40025163	7.8
105.58516054	8000	1.83533618984	0.0	481782	391.957335708	7.6
105.975096557	8000	1.94540017287	0.0	481782	389.936016969	8.0
106.389951974	8533	2.03054475672	0.0	510552	414.855416155	8.0
106.728241123	6400	2.19225560692	0.0	383025	338.289149797	4.267
107.067387557	6400	2.35310917334	0.0	383025	339.14643358	6.4
107.409486367	6400	2.51101036291	0.0	383025	342.098810431	6.4
107.750579231	6400	2.66991749953	0.0	383025	341.092863379	6.4
108.087719972	6400	2.83277675834	0.0	383025	337.140741187	6.4
108.424860713	6400	2.99563601716	0.0	383025	337.140741187	6.4
108.761254652	6400	3.1592420782	0.0	383025	336.393938962	6.4
109.097607059	6400	3.32288967098	0.0	383025	336.352407214	6.4
109.441544815	6400	3.47895191507	0.0	383025	343.937755917	6.4
109.785816212	6400	3.63468051833	0.0	383025	344.271396737	6.4
110.130403947	6400	3.79009278325	0.0	383025	344.587735077	6.4
110.47519241	6400	3.94530432039	0.0	383025	344.788462864	6.4
110.821409103	6400	4.09908762693	0.0	383025	346.216693453	6.4
111.167985029	6400	4.25251170155	0.0	383025	346.575925389	6.4
111.515118996	6400	4.4053777346	0.0	383025	347.13396695	6.4
111.864344103	6400	4.55615262763	0.0	383025	349.225106962	6.4
112.21422521	6400	4.70627152076	0.0	383025	349.881106875	6.4
112.564861386	6400	4.8556353447	0.0	383025	350.636176057	6.4
112.92141854	6400	4.99907819066	0.0	383025	356.557154044	6.4
113.288559347	6400	5.13193738293	0.0	383025	367.140807727	6.4
113.655700155	6400	5.2647965752	0.0	383025	367.140807727	6.4
114.025607575	6400	5.3948891555	0.0	383025	369.9074197	6.4
114.415819255	6400	5.5046774751	0.0	383025	390.211680404	6.4
114.806030936	6400	5.6144657947	0.0	383025	390.211680404	6.4
115.196242616	6400	5.72425411429	0.0	383025	390.211680404	6.4
115.586454296	6400	5.83404243389	0.0	383025	390.211680404	6.4
115.976665977	6400	5.94383075349	0.0	383025	390.211680404	6.4
116.361253278	6400	6.05924345253	0.0	383025	384.587300954	6.4
116.715468422	6400	6.2050283086	0.0	383025	354.215143927	6.4
117.069683566	6400	6.35081316468	0.0	383025	354.215143927	6.4
117.418625174	6400	6.50187155602	0.0	383025	348.941608654	6.4
117.763540204	6400	6.65695652667	0.0	383025	344.915029354	6.4
118.108160205	6400	6.81233652485	0.0	383025	344.620001815	6.4
118.451773646	6400	6.96872308463	0.0	383025	343.613440225	6.4
118.795372369	6400	7.1251243615	0.0	383025	343.598723132	6.4
119.13896506	6400	7.28153167022	0.0	383025	343.592691279	6.4
119.481718566	6400	7.43877816418	0.0	383025	342.753506033	6.4
119.818833887	6400	7.60166284348	0.0	383025	337.115320705	6.4
120.155949207	6400	7.76454752278	0.0	383025	337.115320705	6.4
120.493313901	6400	7.92718282941	0.0	383025	337.36469337	6.4
120.830758609	6400	8.08973812109	0.0	383025	337.444708319	6.4
121.174372498	6400	8.24612423211	0.0	383025	343.613888976	6.4
121.519766446	6400	8.4007302843	0.0	383025	345.393947812	6.4
121.865429712	6400	8.55506701818	0.0	383025	345.663266119	6.4
122.211206388	6400	8.70929034258	0.0	383025	345.776675597	6.4
122.557123469	6400	8.86337326143	0.0	383025	345.917081154	6.4
122.903375059	6400	9.01712167149	0.0	383025	346.251589941	6.4
123.249626649	6400	9.17087008154	0.0	383025	346.251589941	6.4
123.581387692	6400	9.33910903858	0.0	383025	331.761042963	6.4
123.912654535	6400	9.50784219562	0.0	383025	331.266842957	6.4
124.241957212	6400	9.67853951793	0.0	383025	329.302677694	6.4
124.569832421	6400	9.85066430951	0.0	383025	327.87520842	6.4
125.0635167	6400	9.51953457827	0.0	383025	331.12973124	6.4
125.395976937	6400	9.68707434157	0.0	383025	332.460236697	6.4
125.728269531	6400	9.85478174683	0.0	383025	332.292594746	6.4
126.439881466	6400	9.5226293691	0.0	383025	332.152377731	6.4
126.777327594	6400	9.68518324092	0.0	383025	337.446128176	6.4
127.124549479	6400	9.83796135613	0.0	383025	347.221884795	6.4
127.471822695	6400	9.99068813977	0.0	383025	347.273216361	6.4
127.918114509	6400	9.64324266872	0.0	383025	347.445471042	6.4
128.2647631	6400	9.79659407849	0.0	383025	346.648590232	6.4
128.611702923	6400	9.94965425548	0.0	383025	346.939823013	6.4
129.040224647	6400	9.59661080971	0.0	383025	353.043445766	6.4
129.392493312	6400	9.7443421442	0.0	383025	352.268665512	6.4
129.744761978	6400	9.89207347869	0.0	383025	352.268665512	6.4
130.163655832	6400	9.54263438962	0.0	383025	349.439089073	6.4
130.5135726	6400	9.69271762167	0.0	383025	349.916767949	6.4
130.863489368	6400	9.84280085372	0.0	383025	349.916767949	6.4
131.21240868	6400	9.99388154207	0.0	383025	348.919311649	6.4
131.877444949	6400	9.64546713258	0.0	383025	348.414409486	6.4
132.222307619	6400	9.80060446303	0.0	383025	344.862669558	6.4
132.569019236	6400	9.95389284614	0.0	383025	346.711616888	6.4
133.310638588	6400	9.60718122925	0.0	383025	346.711616888	6.4
133.657080137	6400	9.7607396795	0.0	383025	346.44154975	6.4
133.992251357	6400	9.9255684599	0.0	383025	335.171219599	6.4
134.827425846	6400	9.59039397082	0.0	383025	335.174489078	6.4
135.164654639	6400	9.75316517826	0.0	383025	337.228792558	6.4
135.502078198	6400	9.91574161934	0.0	383025	337.423558923	6.4
136.038353645	6400	9.58077756303	0.0	383025	334.964056313	6.4
136.363948267	6400	9.75518294173	0.0	383025	325.594621301	6.4
136.692814888	6400	9.92631631995	0.0	383025	328.866621781	6.4
137.429667049	6400	9.59577657593	0.0	383025	330.539744016	6.4
137.770500395	6400	9.7549432299	0.0	383025	340.833346025	6.4
138.115347476	6400	9.91009614907	0.0	383025	344.84708084	6.4
138.649096189	6400	9.56421821901	0.0	383025	345.877930056	6.4
138.99841147	6400	9.71490293878	0.0	383025	349.315280233	6.4
139.348623606	6400	9.86469080223	0.0	383025	350.212136541	6.4
139.830967054	6400	9.51221823555	0.0	383025	352.472566687	6.4
140.184882904	6400	9.65830238563	0.0	383025	353.91584992	6.4
140.539143089	6400	9.80404220079	0.0	383025	354.26018484	6.4
140.892791906	6400	9.95039338386	0.0	383025	353.648816925	6.4
141.740178194	6400	9.60300709532	0.0	383025	347.386288541	6.4
142.087564483	6400	9.75562080678	0.0	383025	347.386288541	6.4
142.434950771	6400	9.90823451824	0.0	383025	347.386288541	6.4
143.213577794	6400	9.5608482297	0.0	383025	347.386288541	6.4
143.563450144	6400	9.71097588023	0.0	383025	349.872349471	6.4

