682.87042916	3066	0.5	0.217038423313	181435	217.038423313	2.19784630675
683.306578	7800	0.563851160011	0.0	471531	436.148839989	3.066
683.750967952	7866	0.619461207576	0.0	482442	444.389952435	7.8
684.202667728	8000	0.667761431453	0.0	492120	451.699776123	7.866
684.654367505	8000	0.716061655329	0.0	492120	451.699776123	8.0
685.09280224	8000	0.777626919427	0.0	490176	438.434735902	8.0
685.543700006	8333	0.826729154215	0.0	513389	450.897765211	8.0
685.973523684	8066	0.896905475351	0.0	497055	429.823678864	7.799
686.408645538	8466	0.961783621555	0.0	520019	435.121853796	8.066
686.864747073	9000	1.00568208716	0.0	551265	456.10153439	8.466
687.324361249	9266	1.04606791094	0.0	558332	459.614176226	9.0
687.768598146	9000	1.10183101375	0.0	536970	444.236897194	8.734
688.21201419	9000	1.15841496991	0.0	536970	443.416043834	9.0
688.654745931	9000	1.21568322859	0.0	536970	442.731741324	9.0
689.09415346	9000	1.27627569956	0.0	536970	439.407529027	9.0
689.522757595	9000	1.34767156453	0.0	536970	428.604135032	9.0
689.96151723	9400	1.40891193028	0.0	553424	438.759634246	9.0
690.385395845	9000	1.48503331517	0.0	522960	423.878615114	8.6
690.816962182	9000	1.55346697738	0.0	522960	431.566337792	9.0
691.261458443	9000	1.60897071704	0.0	532300	444.496260339	9.0
691.68891939	8400	1.68150976986	0.0	503004	427.46094718	7.8
692.105826905	8000	1.76460225513	0.0	481782	416.907514729	7.6
692.522734419	8000	1.8476947404	0.0	481782	416.907514729	8.0
692.954144723	8533	1.91628443656	0.0	510552	431.410303845	8.0
693.403684425	9000	1.96674473504	0.0	536970	449.539701514	8.533
693.85368503	9000	2.01674413034	0.0	536970	450.000604705	9.0
694.197609423	6400	2.17281973676	0.0	383025	343.924393574	3.8
694.544210092	6400	2.32621906741	0.0	383025	346.600669347	6.4
694.892099465	6400	2.47832969452	0.0	383025	347.889372894	6.4
695.239988838	6400	2.63044032163	0.0	383025	347.889372894	6.4
695.590648341	6400	2.77978081915	0.0	383025	350.659502478	6.4
695.942166729	6400	2.92826243045	0.0	383025	351.518388698	6.4
696.293685118	6400	3.07674404175	0.0	383025	351.518388698	6.4
696.646081685	6400	3.22434747528	0.0	383025	352.396566475	6.4
696.999557513	6400	3.37087164702	0.0	383025	353.475828253	6.4
697.353033341	6400	3.51739581877	0.0	383025	353.475828253	6.4
697.70265585	6400	3.66777330956	0.0	383025	349.622509216	6.4
698.0492495	6400	3.82117965968	0.0	383025	346.593649871	6.4
698.39584315	6400	3.97458600981	0.0	383025	346.593649871	6.4
698.742362148	6400	4.12806701186	0.0	383025	346.518997956	6.4
699.088830666	6400	4.28159849365	0.0	383025	346.468518204	6.4
699.435299184	6400	4.43512997545	0.0	383025	346.468518204	6.4
699.788168728	6400	4.58226043205	0.0	383025	352.869543395	6.4
700.141792595	6400	4.72863656507	0.0	383025	353.623866984	6.4
700.495416462	6400	4.87501269809	0.0	383025	353.623866984	6.4
700.845508478	6400	5.02492068138	0.0	383025	350.092016711	6.4
