0.194296521857	3066	0.5	0.194296521857	181435	194.296521857	2.28881391257
0.571341486983	7800	0.622955034874	0.0	471531	377.044965126	3.066
0.959060515481	7866	0.735236006376	0.0	482442	387.719028498	7.8
1.3581549031	8000	0.836141618754	0.0	492120	399.094387622	7.866
1.759290804	8000	0.935005717854	0.0	492120	401.1359009	8.0
2.16025972343	8000	1.03403679843	0.0	490176	400.968919428	8.0
2.57683332332	8333	1.11746319854	0.0	513389	416.573599886	8.0
2.98265167017	8066	1.21164485168	0.0	497055	405.818346856	7.799
3.40385981682	8466	1.29043670503	0.0	520019	421.208146652	8.066
3.84854986965	9000	1.34574665221	0.0	551265	444.690052826	8.466
4.29694295142	9266	1.39735357043	0.0	558332	448.393081772	9.0
4.73875183518	9000	1.45554468667	0.0	536970	441.808883762	8.734
5.18516031918	9000	1.50913620268	0.0	536970	446.408483993	9.0
5.63436935014	9000	1.55992717172	0.0	536970	449.209030964	9.0
6.08232910344	9000	1.61196741842	0.0	536970	447.959753297	9.0
6.5244649439	9000	1.66983157795	0.0	536970	442.135840467	9.0
6.97521514488	9400	1.71908137698	0.0	553424	450.750200976	9.0
7.40136190288	9000	1.79293461898	0.0	522960	426.146757996	8.6
7.82273944646	9000	1.87155707539	0.0	522960	421.377543587	9.0
8.25072955447	9000	1.94356696739	0.0	532300	427.990108001	9.0
8.66203743932	8400	2.03225908254	0.0	503004	411.307884853	7.8
8.99420107941	6400	2.20009544245	0.0	383025	332.163640087	4.4
9.32621231271	6400	2.36808420915	0.0	383025	332.011233302	6.4
9.65493135969	6400	2.53936516217	0.0	383025	328.719046979	6.4
9.98280391635	6400	2.71149260551	0.0	383025	327.872556663	6.4
10.3087635315	6400	2.8855329904	0.0	383025	325.959615108	6.4
10.6344524132	6400	3.05984410862	0.0	383025	325.68888178	6.4
10.9599541945	6400	3.23434232736	0.0	383025	325.501781258	6.4
11.2845639897	6400	3.40973253212	0.0	383025	324.60979524	6.4
11.6098762006	6400	3.58442032124	0.0	383025	325.312210883	6.4
11.9348530743	6400	3.75944344758	0.0	383025	324.976873662	6.4
12.2595438138	6400	3.93475270808	0.0	383025	324.690739499	6.4
12.5858185161	6400	4.10847800572	0.0	383025	326.274702357	6.4
12.9123153567	6400	4.28198116515	0.0	383025	326.496840573	6.4
13.238781636	6400	4.45551488587	0.0	383025	326.466279273	6.4
13.5648402179	6400	4.62945630399	0.0	383025	326.058581886	6.4
13.8903517648	6400	4.80394475702	0.0	383025	325.511546964	6.4
14.2151637017	6400	4.97913282014	0.0	383025	324.811936879	6.4
14.5400134016	6400	5.15428312023	0.0	383025	324.849699917	6.4
14.864977299	6400	5.3293192229	0.0	383025	324.963897331	6.4
15.2140996316	6400	5.4801968903	0.0	383025	349.122332598	6.4
15.5672520845	6400	5.62704443738	0.0	383025	353.152452914	6.4
15.9199037187	6400	5.77439280311	0.0	383025	352.651634277	6.4
16.2723735533	6400	5.92192296857	0.0	383025	352.469834539	6.4
16.6237336615	6400	6.07056286037	0.0	383025	351.360108199	6.4
16.9748983854	6400	6.21939813641	0.0	383025	351.164723961	6.4
17.3257527421	6400	6.3685437798	0.0	383025	350.854356608	6.4
17.6695590886	6400	6.52473743329	0.0	383025	343.806346505	6.4
17.998371554	6400	6.69592496784	0.0	383025	328.812465456	6.4
18.3277140824	6400	6.86658243947	0.0	383025	329.342528364	6.4
18.6573154159	6400	7.03698110593	0.0	383025	329.601333549	6.4
18.987910284	6400	7.20638623786	0.0	383025	330.594868063	6.4
19.3188856116	6400	7.37541091024	0.0	383025	330.975327625	6.4
19.6502249571	6400	7.54407156472	0.0	383025	331.339345519	6.4
19.9847698582	6400	7.70952666366	0.0	383025	334.544901058	6.4
20.3227368147	6400	7.87155970719	0.0	383025	337.966956471	6.4
20.665593752	6400	8.02870276985	0.0	383025	342.856937343	6.4
21.0105414834	6400	8.18375503847	0.0	383025	344.947731379	6.4
21.3538571238	6400	8.34043939809	0.0	383025	343.315640383	6.4
21.6967490223	6400	8.49754749953	0.0	383025	342.89189856	6.4
22.0353895346	6400	8.65890698727	0.0	383025	338.640512256	6.4
22.3739689463	6400	8.82032757553	0.0	383025	338.579411743	6.4
22.7124820454	6400	8.98181447645	0.0	383025	338.513099072	6.4
23.0476907368	6400	9.1466057851	0.0	383025	335.208691351	6.4
23.3796827363	6400	9.31461378552	0.0	383025	331.991999584	6.4
23.7121995488	6400	9.48209697305	0.0	383025	332.516812467	6.4
24.0455603535	6400	9.64873616831	0.0	383025	333.360804745	6.4
24.3854583944	6400	9.80883812748	0.0	383025	339.898040826	6.4
24.7252078081	6400	9.96908871375	0.0	383025	339.749413728	6.4
25.4694015769	6400	9.62959576199	0.0	383025	339.492951762	6.4
25.821056401	6400	9.77794093787	0.0	383025	351.654824118	6.4
26.1737932864	6400	9.92520405254	0.0	383025	352.736885331	6.4
26.7371114528	6400	9.57809123259	0.0	383025	347.112819957	6.4
27.0788143535	6400	9.73638833191	0.0	383025	341.702900678	6.4
27.4263469949	6400	9.88885569053	0.0	383025	347.532641378	6.4
27.8071094084	6400	9.54119491848	0.0	383025	347.660772048	6.4
28.1606809291	6400	9.68762339778	0.0	383025	353.571520704	6.4
28.5147137247	6400	9.8335906022	0.0	383025	354.032795577	6.4
28.8700817038	6400	9.97822262309	0.0	383025	355.367979113	6.4
29.3850278689	6400	9.62878648989	0.0	383025	349.436133194	6.4
29.7172239591	6400	9.79659039973	0.0	383025	332.196090168	6.4
30.0547481133	6400	9.95906624553	0.0	383025	337.524154198	6.4
30.4985223198	6400	9.61979431862	0.0	383025	339.271926912	6.4
30.8467209569	6400	9.77159568144	0.0	383025	348.198637173	6.4
31.1982390355	6400	9.92007760292	0.0	383025	351.518078526	6.4
31.5760588937	6400	9.56827723816	0.0	383025	351.800364757	6.4
31.928512751	6400	9.71582338086	0.0	383025	352.453857304	6.4
32.2808638971	6400	9.86347223477	0.0	383025	352.351146085	6.4
32.7055072619	6400	9.51156269114	0.0	383025	351.909543631	6.4
33.0572393108	6400	9.65983064229	0.0	383025	351.732048851	6.4
33.4089713597	6400	9.80809859344	0.0	383025	351.732048851	6.4
33.7607034085	6400	9.95636654459	0.0	383025	351.732048851	6.4
34.3620976266	6400	9.60463449574	0.0	383025	351.732048851	6.4
34.7143465577	6400	9.75238556457	0.0	383025	352.248931165	6.4
35.0661429469	6400	9.9005891754	0.0	383025	351.796389165	6.4
35.9170732458	6400	9.54965887646	0.0	383025	350.930298942	6.4
36.2566009054	6400	9.71013121693	0.0	383025	339.527659529	6.4
36.5944795189	6400	9.87225260336	0.0	383025	337.878613572	6.4
37.2056214411	6400	9.53770370167	0.0	383025	334.548901687	6.4
37.5352421648	6400	9.70808297804	0.0	383025	329.620723639	6.4
37.8648889441	6400	9.87843619865	0.0	383025	329.646779386	6.4
38.5697574263	6400	9.54893217163	0.0	383025	329.50402702	6.4
38.9119414238	6400	9.70674817413	0.0	383025	342.183997497	6.4
39.2593634301	6400	9.8593261678	0.0	383025	347.422006328	6.4
39.8474025821	6400	9.50779179269	0.0	383025	351.534375115	6.4
40.1953750163	6400	9.65981935846	0.0	383025	347.972434225	6.4
40.54152258	6400	9.81367179475	0.0	383025	346.147563709	6.4
40.887296697	6400	9.96789767777	0.0	383025	345.774116989	6.4
41.7737575905	6400	9.58143678424	0.0	383025	386.460893523	6.4
42.1783583355	6400	9.67683603929	0.0	383025	404.600744952	6.4
42.5888586847	6400	9.76633569006	0.0	383025	410.500349227	6.4
42.999359034	6400	9.85583534084	0.0	383025	410.500349227	6.4
43.4127350264	6400	9.94245934836	0.0	383025	413.375992477	6.4
44.3328391084	6400	9.52235526637	0.0	383025	420.104081994	6.4
44.7529431904	6400	9.60225118437	0.0	383025	420.104081994	6.4
45.1730472724	6400	9.68214710238	0.0	383025	420.104081994	6.4
45.5891353145	6400	9.76605906032	0.0	383025	416.088042058	6.4
46.0033584471	6400	9.85183592764	0.0	383025	414.223132676	6.4
46.4175815798	6400	9.93761279497	0.0	383025	414.223132676	6.4
47.2327117342	6400	9.52338966229	0.0	383025	414.223132676	6.4

