143.765935899	3066	0.5	0.202485755618	181435	202.485755618	2.25605697753
144.164263845	7800	0.601672054277	0.0	471531	398.327945723	3.066
144.569957746	7866	0.695978153367	0.0	482442	405.693900911	7.8
144.982185211	8000	0.783750688684	0.0	492120	412.227464682	7.866
145.394412675	8000	0.871523224002	0.0	492120	412.227464682	8.0
145.805327757	8000	0.960608142867	0.0	490176	410.915081135	8.0
146.185460924	8333	1.08047497529	0.0	513389	380.133167573	8.0
146.561119749	8066	1.20481615045	0.0	497055	375.658824841	7.799
146.98270364	8466	1.2832322597	0.0	520019	421.583890751	8.066
147.424812031	9000	1.3411238684	0.0	551265	442.108391299	8.466
147.890308606	9266	1.37562729335	0.0	558332	465.49657505	9.0
148.347688708	9000	1.41824719123	0.0	536970	457.380102125	8.734
148.80506881	9000	1.4608670891	0.0	536970	457.380102125	9.0
149.26583683	9000	1.50009906954	0.0	536970	460.768019565	9.0
149.741746719	9000	1.5241891809	0.0	536970	475.909888639	9.0
150.217656607	9000	1.54827929226	0.0	536970	475.909888639	9.0
150.705698088	9400	1.56023781097	0.0	553424	488.041481293	9.0
151.171278354	9000	1.5946575451	0.0	522960	465.580265867	8.6
151.63685862	9000	1.62907727923	0.0	522960	465.580265867	9.0
152.109325301	9000	1.65661059818	0.0	532300	472.466681048	9.0
152.560191937	8400	1.70574396201	0.0	503004	450.866636171	7.8
152.995411518	8000	1.77052438184	0.0	481782	435.219580178	7.6
153.430631098	8000	1.83530480166	0.0	481782	435.219580178	8.0
153.88650688	8533	1.87942901919	0.0	510552	455.875782466	8.0
154.360292184	9000	1.90564371525	0.0	536970	473.785303937	8.533
154.834077488	9000	1.93185841132	0.0	536970	473.785303937	9.0
155.307862792	9000	1.95807310738	0.0	536970	473.785303937	9.0
155.781648096	9000	1.98428780344	0.0	536970	473.785303937	9.0
156.255244829	9000	2.01069107035	0.0	536970	473.596733089	9.0
156.613725593	6400	2.1522103067	0.0	383025	358.480763655	3.8
156.972206356	6400	2.29372954304	0.0	383025	358.480763655	6.4
157.33068712	6400	2.43524877939	0.0	383025	358.480763655	6.4
157.689167884	6400	2.57676801573	0.0	383025	358.480763655	6.4
158.047648647	6400	2.71828725208	0.0	383025	358.480763655	6.4
158.406129411	6400	2.85980648842	0.0	383025	358.480763655	6.4
158.763296407	6400	3.00263949217	0.0	383025	357.166996251	6.4
159.112888482	6400	3.15304741708	0.0	383025	349.592075085	6.4
159.462480557	6400	3.303455342	0.0	383025	349.592075085	6.4
159.812072633	6400	3.45386326691	0.0	383025	349.592075085	6.4
160.161664708	6400	3.60427119183	0.0	383025	349.592075085	6.4
160.511256783	6400	3.75467911675	0.0	383025	349.592075085	6.4
160.86066084	6400	3.90527505985	0.0	383025	349.40405689	6.4
161.209598018	6400	4.05633788127	0.0	383025	348.937178589	6.4
161.558535197	6400	4.20740070268	0.0	383025	348.937178589	6.4
161.907472375	6400	4.35846352409	0.0	383025	348.937178589	6.4
162.256409554	6400	4.5095263455	0.0	383025	348.937178589	6.4
162.605346733	6400	4.66058916691	0.0	383025	348.937178589	6.4
162.955068239	6400	4.81086766086	0.0	383025	349.721506045	6.4
163.305503173	6400	4.96043272653	0.0	383025	350.434934337	6.4
163.655938107	6400	5.10999779219	0.0	383025	350.434934337	6.4
164.006373042	6400	5.25956285785	0.0	383025	350.434934337	6.4
164.356807976	6400	5.40912792351	0.0	383025	350.434934337	6.4
164.70724291	6400	5.55869298918	0.0	383025	350.434934337	6.4
165.055703436	6400	5.71023246353	0.0	383025	348.460525644	6.4
165.402676288	6400	5.86325961167	0.0	383025	346.972851867	6.4
165.74964914	6400	6.0162867598	0.0	383025	346.972851867	6.4
166.096621992	6400	6.16931390793	0.0	383025	346.972851867	6.4
166.443958105	6400	6.32197779445	0.0	383025	347.336113485	6.4
166.792313538	6400	6.47362236105	0.0	383025	348.355433396	6.4
167.140668972	6400	6.62526692766	0.0	383025	348.355433396	6.4
167.489024405	6400	6.77691149426	0.0	383025	348.355433396	6.4
167.837379839	6400	6.92855606086	0.0	383025	348.355433396	6.4
168.185735272	6400	7.08020062747	0.0	383025	348.355433396	6.4
168.539020793	6400	7.22691510677	0.0	383025	353.285520697	6.4
168.895612093	6400	7.37032380686	0.0	383025	356.591299911	6.4
169.252203393	6400	7.51373250695	0.0	383025	356.591299911	6.4
169.608794692	6400	7.65714120704	0.0	383025	356.591299911	6.4
169.965385992	6400	7.80054990712	0.0	383025	356.591299911	6.4
170.321977292	6400	7.94395860721	0.0	383025	356.591299911	6.4
170.678568592	6400	8.0873673073	0.0	383025	356.591299911	6.4
171.033036548	6400	8.23289935134	0.0	383025	354.467955962	6.4
171.382440227	6400	8.38349567285	0.0	383025	349.403678485	6.4
171.731843905	6400	8.53409199437	0.0	383025	349.403678485	6.4
172.081247584	6400	8.68468831588	0.0	383025	349.403678485	6.4
172.430651262	6400	8.8352846374	0.0	383025	349.403678485	6.4
172.780054941	6400	8.98588095891	0.0	383025	349.403678485	6.4
173.130422687	6400	9.13551321239	0.0	383025	350.367746527	6.4
173.48160519	6400	9.28433070935	0.0	383025	351.182503032	6.4
173.832787693	6400	9.43314820632	0.0	383025	351.182503032	6.4
174.183970196	6400	9.58196570329	0.0	383025	351.182503032	6.4
174.535152699	6400	9.73078320026	0.0	383025	351.182503032	6.4
174.885180091	6400	9.88075580825	0.0	383025	350.027392008	6.4
175.734005327	6400	9.53193057254	0.0	383025	348.825235704	6.4
176.082830563	6400	9.68310533684	0.0	383025	348.825235704	6.4
176.431655798	6400	9.83428010114	0.0	383025	348.825235704	6.4
176.781065962	6400	9.9848699377	0.0	383025	349.410163436	6.4
177.630554585	6400	9.63538131474	0.0	383025	349.488622961	6.4
177.980043208	6400	9.78589269178	0.0	383025	349.488622961	6.4
178.330741859	6400	9.93519404027	0.0	383025	350.698651511	6.4
179.181982879	6400	9.58395302028	0.0	383025	351.241019986	6.4
179.533223899	6400	9.7327120003	0.0	383025	351.241019986	6.4
179.884464919	6400	9.88147098031	0.0	383025	351.241019986	6.4
180.734266577	6400	9.53166932222	0.0	383025	349.801658087	6.4
181.083476897	6400	9.68245900259	0.0	383025	349.210319629	6.4
181.43103445	6400	9.83490144976	0.0	383025	347.557552838	6.4
181.777049202	6400	9.98888669774	0.0	383025	346.014752017	6.4
182.623063954	6400	9.64287194572	0.0	383025	346.014752017	6.4
182.969627458	6400	9.79630844169	0.0	383025	346.563504033	6.4
183.324982524	6400	9.94095337502	0.0	383025	355.355066672	6.4
184.180337591	6400	9.58559830834	0.0	383025	355.355066672	6.4
184.536380498	6400	9.72955540184	0.0	383025	356.0429065	6.4
184.89403851	6400	9.8718973894	0.0	383025	357.658012448	6.4
185.751696523	6400	9.51423937695	0.0	383025	357.658012448	6.4
186.109354535	6400	9.6565813645	0.0	383025	357.658012448	6.4
186.467012547	6400	9.79892335205	0.0	383025	357.658012448	6.4
186.822329145	6400	9.94360675454	0.0	383025	355.31659751	6.4
187.675954714	6400	9.58998118521	0.0	383025	353.625569333	6.4
188.029580284	6400	9.73635561588	0.0	383025	353.625569333	6.4
188.383205853	6400	9.88273004655	0.0	383025	353.625569333	6.4
189.210212844	6400	9.52910447721	0.0	383025	353.625569333	6.4
189.557005814	6400	9.68231150666	0.0	383025	346.792970549	6.4
189.903798785	6400	9.83551853612	0.0	383025	346.792970549	6.4
190.250591755	6400	9.98872556557	0.0	383025	346.792970549	6.4
191.098767864	6400	9.6405494573	0.0	383025	348.176108266	6.4
191.450791086	6400	9.78852623457	0.0	383025	352.023222728	6.4
191.802814309	6400	9.93650301184	0.0	383025	352.023222728	6.4
192.432843479	6400	9.58447978912	0.0	383025	352.023222728	6.4
192.791295828	6400	9.72602744011	0.0	383025	358.452349009	6.4
193.149748177	6400	9.8675750911	0.0	383025	358.452349009	6.4
194.008200526	6400	9.50912274209	0.0	383025	358.452349009	6.4

