339.253022575	3066	0.5	0.203701297271	181435	203.701297271	2.25119481091
339.654509589	7800	0.598512985898	0.0	471531	401.487014102	3.066
340.063744582	7866	0.689277993031	0.0	482442	409.234992867	7.8
340.483082206	8000	0.769940368839	0.0	492120	419.337624192	7.866
340.909615394	8000	0.843407180598	0.0	492120	426.53318824	8.0
341.340792761	8000	0.912229814136	0.0	490176	431.177366462	8.0
341.788508379	8333	0.964514195537	0.0	513389	447.715618599	8.0
342.212956888	8066	1.04006568672	0.0	497055	424.448508819	7.799
342.655238351	8466	1.09778422424	0.0	520019	442.281462475	8.066
343.13111898	9000	1.12190359456	0.0	551265	475.880629685	8.466
343.622785733	9266	1.13023684175	0.0	558332	491.666752804	9.0
344.110037889	9000	1.14298468563	0.0	536970	487.252156119	8.734
344.583640356	9000	1.16938221843	0.0	536970	473.602467208	9.0
345.038631453	9000	1.21439112139	0.0	536970	454.991097039	9.0
345.492368521	9000	1.26065405426	0.0	536970	453.737067126	9.0
345.937005753	9000	1.31601682205	0.0	536970	444.637232213	9.0
346.394496257	9400	1.35852631749	0.0	553424	457.490504555	9.0
346.846100474	9000	1.40692210038	0.0	522960	451.604217117	8.6
347.317282963	9000	1.43573961216	0.0	522960	471.182488221	9.0
347.794196772	9000	1.45882580291	0.0	532300	476.913809244	9.0
348.220120196	8400	1.5329023785	0.0	503004	425.923424415	7.8
348.625019973	8000	1.62800260138	0.0	481782	404.899777119	7.6
349.037624081	8000	1.71539849391	0.0	481782	412.604107464	8.0
349.483475009	8533	1.76954756557	0.0	510552	445.850928342	8.0
349.958962669	9000	1.79405990582	0.0	536970	475.48765975	8.533
350.423918809	9000	1.82910376563	0.0	536970	464.956140189	9.0
350.880582303	9000	1.8724402721	0.0	536970	456.663493536	9.0
351.335756487	9000	1.91726608767	0.0	536970	455.174184431	9.0
351.794281425	9000	1.95874114936	0.0	536970	458.524938302	9.0
352.281590223	9533	1.97143235135	0.0	573990	487.308798012	9.0
352.771175078	9666	1.98184749684	0.0	586715	489.584854509	9.533
353.229700286	9000	2.02332228865	0.0	551265	458.525208196	8.334
353.570726859	6400	2.18229571566	0.0	383025	341.026572988	3.8
353.911267121	6400	2.34175545366	0.0	383025	340.540262	6.4
354.270262905	6400	2.48275966971	0.0	383025	358.995783949	6.4
354.629875883	6400	2.62314669216	0.0	383025	359.612977552	6.4
354.989501167	6400	2.76352140791	0.0	383025	359.625284243	6.4
355.340253369	6400	2.91276920528	0.0	383025	350.752202636	6.4
355.687424428	6400	3.06559814716	0.0	383025	347.171058123	6.4
356.031784383	6400	3.22123819205	0.0	383025	344.359955107	6.4
356.375921779	6400	3.37710079567	0.0	383025	344.137396385	6.4
356.719248474	6400	3.53377410032	0.0	383025	343.326695344	6.4
357.061657031	6400	3.69136554354	0.0	383025	342.408556779	6.4
357.404091179	6400	3.8489313962	0.0	383025	342.434147347	6.4
357.748941186	6400	4.00408138906	0.0	383025	344.85000714	6.4
358.095998449	6400	4.15702412552	0.0	383025	347.057263533	6.4
358.446822994	6400	4.30619958094	0.0	383025	350.82454458	6.4
358.797763824	6400	4.45525875127	0.0	383025	350.940829671	6.4
359.146270135	6400	4.60675243959	0.0	383025	348.506311683	6.4
359.48582138	6400	4.76720119451	0.0	383025	339.551245079	6.4
359.824823744	6400	4.9281988309	0.0	383025	339.002363606	6.4
360.164238143	6400	5.08878443156	0.0	383025	339.414399347	6.4
360.507423817	6400	5.24559875819	0.0	383025	343.185673365	6.4
360.859540298	6400	5.39348227647	0.0	383025	352.116481717	6.4
361.214942869	6400	5.53807970546	0.0	383025	355.402571017	6.4
361.570119872	6400	5.68290270293	0.0	383025	355.177002526	6.4
361.917353316	6400	5.83566925913	0.0	383025	347.233443799	6.4
362.261774638	6400	5.9912479366	0.0	383025	344.421322529	6.4
362.605618302	6400	6.1474042731	0.0	383025	343.843663499	6.4
362.949426238	6400	6.30359633648	0.0	383025	343.807936627	6.4
363.29480338	6400	6.4582191952	0.0	383025	345.377141276	6.4
363.642612884	6400	6.61040969064	0.0	383025	347.809504566	6.4
363.990891437	6400	6.76213113826	0.0	383025	348.278552378	6.4
364.338672416	6400	6.9143501586	0.0	383025	347.780979657	6.4
364.6855269	6400	7.06749567493	0.0	383025	346.854483667	6.4
365.030898838	6400	7.22212373661	0.0	383025	345.371938328	6.4
365.376311572	6400	7.37671100245	0.0	383025	345.412734158	6.4
365.722358059	6400	7.5306645155	0.0	383025	346.046486948	6.4
366.074630199	6400	7.67839237583	0.0	383025	352.272139672	6.4
366.426737304	6400	7.82628527052	0.0	383025	352.107105307	6.4
366.778689006	6400	7.97433356852	0.0	383025	351.951702002	6.4
367.128392672	6400	8.12462990285	0.0	383025	349.703665668	6.4
367.47696756	6400	8.2760550144	0.0	383025	348.57488845	6.4
367.824091905	6400	8.42893066993	0.0	383025	347.124344467	6.4
368.174535598	6400	8.57848697643	0.0	383025	350.443693506	6.4
368.527687326	6400	8.7253352491	0.0	383025	353.15172733	6.4
368.882686508	6400	8.87033606638	0.0	383025	354.999182717	6.4
369.237816365	6400	9.01520620951	0.0	383025	355.12985687	6.4
369.59054079	6400	9.16248178482	0.0	383025	352.724424689	6.4
369.934552542	6400	9.31847003285	0.0	383025	344.011751968	6.4
370.275038795	6400	9.47798377937	0.0	383025	340.486253484	6.4
370.627046199	6400	9.62597637573	0.0	383025	352.007403638	6.4
370.994736772	6400	9.75828580276	0.0	383025	367.690572967	6.4
371.362427345	6400	9.8905952298	0.0	383025	367.690572967	6.4
371.920914501	6400	9.52290465683	0.0	383025	367.690572967	6.4
372.2527638	6400	9.69105535802	0.0	383025	331.849298814	6.4
372.584650213	6400	9.85916894466	0.0	383025	331.886413361	6.4
373.252709156	6400	9.51740568306	0.0	383025	341.763261593	6.4
373.625340945	6400	9.64477389377	0.0	383025	372.631789292	6.4
373.999923177	6400	9.77019166192	0.0	383025	374.58223185	6.4
374.381944582	6400	9.88817025675	0.0	383025	382.02140517	6.4
374.833251163	6400	9.50028250079	0.0	383025	387.887755963	6.4
375.169745425	6400	9.66378823886	0.0	383025	336.494261923	6.4
375.506372203	6400	9.8271614607	0.0	383025	336.626778163	6.4
375.844170201	6400	9.98936346277	0.0	383025	337.797997926	6.4
376.262678833	6400	9.64727808796	0.0	383025	342.08537481	6.4
376.60685073	6400	9.8031061907	0.0	383025	344.171897268	6.4
376.95453021	6400	9.95542671128	0.0	383025	347.679479418	6.4
377.441171932	6400	9.60624316246	0.0	383025	349.183548818	6.4
377.788347906	6400	9.75906718836	0.0	383025	347.1759741	6.4
378.13403405	6400	9.91338104404	0.0	383025	345.686144321	6.4
378.78393004	6400	9.56859313738	0.0	383025	344.787906659	6.4
379.118346368	6400	9.73417680975	0.0	383025	334.416327628	6.4
379.452393917	6400	9.90012926068	0.0	383025	334.047549069	6.4
380.036044343	6400	9.5650900611	0.0	383025	335.039199585	6.4
380.381726262	6400	9.71940814233	0.0	383025	345.681918774	6.4
380.726795384	6400	9.87433901987	0.0	383025	345.069122457	6.4
381.06848136	6400	9.53317718531	0.0	383025	341.161834554	6.4
381.417213246	6400	9.68444529914	0.0	383025	348.73188617	6.4
381.767485674	6400	9.83417287056	0.0	383025	350.272428585	6.4
382.131194028	6400	9.9704645166	0.0	383025	363.708353961	6.4
382.807955218	6400	9.59370235968	0.0	383025	376.762156916	6.4
383.173390669	6400	9.72826690884	0.0	383025	365.43545084	6.4
383.537583792	6400	9.86407378605	0.0	383025	364.193122793	6.4
384.258755897	6400	9.51330142693	0.0	383025	350.772359122	6.4
384.614678296	6400	9.65737902791	0.0	383025	355.922399014	6.4
384.973721352	6400	9.79833597171	0.0	383025	359.043056201	6.4
385.336453893	6400	9.93560343098	0.0	383025	362.732540728	6.4
385.939370659	6400	9.5781940338	0.0	383025	357.409397183	6.4
386.280659094	6400	9.73690559835	0.0	383025	341.288435448	6.4

