47.430869816	3066	0.5	0.198158081815	181435	198.158081815	2.27336767274
47.8179505803	7800	0.612919235671	0.0	471531	387.080764329	3.066
48.2121370455	7866	0.718732770508	0.0	482442	394.186465163	7.8
48.610696511	8000	0.820173304976	0.0	492120	398.559465532	7.866
49.0091168579	8000	0.921752958067	0.0	492120	398.420346909	8.0
49.4072142042	8000	1.02365561178	0.0	490176	398.09734629	8.0
49.8224051812	8333	1.10846463481	0.0	513389	415.190976972	8.0
50.2333964524	8066	1.19747336356	0.0	497055	410.991271243	7.799
50.6615405659	8466	1.26932925011	0.0	520019	428.144113449	8.066
51.1140110886	9000	1.31685872734	0.0	551265	452.470522773	8.466
51.5712565367	9266	1.35961327929	0.0	558332	457.245448053	9.0
52.0219615281	9000	1.40890828792	0.0	536970	450.704991371	8.734
52.473684734	9000	1.45718508196	0.0	536970	451.723205954	9.0
52.9054918783	9000	1.52537793763	0.0	536970	431.807144335	9.0
53.3343902292	9000	1.59647958673	0.0	536970	428.898350899	9.0
53.7648884176	9000	1.6659813984	0.0	536970	430.498188333	9.0
54.2045673716	9400	1.72630244433	0.0	553424	439.678954064	9.0
54.6230187396	9000	1.80785107635	0.0	522960	418.45136798	8.6
55.0380414867	9000	1.89282832927	0.0	522960	415.022747087	9.0
55.4571382296	9000	1.97373158633	0.0	532300	419.09674294	9.0
55.8767965355	8400	2.05407328048	0.0	503004	419.658305847	7.8
56.2172659721	6400	2.21360384392	0.0	383025	340.469436561	4.4
56.5611483369	6400	2.36972147909	0.0	383025	343.882364827	6.4
56.9064223717	6400	2.5244474443	0.0	383025	345.274034791	6.4
57.2516964065	6400	2.67917340951	0.0	383025	345.274034791	6.4
57.5970182375	6400	2.83385157846	0.0	383025	345.321831051	6.4
57.9424138844	6400	2.98845593162	0.0	383025	345.395646839	6.4
58.2878095312	6400	3.14306028478	0.0	383025	345.395646839	6.4
58.631718112	6400	3.299151704	0.0	383025	343.908580781	6.4
58.9727525489	6400	3.45811726702	0.0	383025	341.034436976	6.4
59.3137869859	6400	3.61708283005	0.0	383025	341.034436976	6.4
59.6585980651	6400	3.77227175092	0.0	383025	344.811079124	6.4
60.0116388339	6400	3.91923098204	0.0	383025	353.040768882	6.4
60.3646796028	6400	4.06619021316	0.0	383025	353.040768882	6.4
60.7167518487	6400	4.21411796723	0.0	383025	352.072245931	6.4
61.0649852489	6400	4.36588456702	0.0	383025	348.233400203	6.4
61.4132186492	6400	4.51765116682	0.0	383025	348.233400203	6.4
61.7614520494	6400	4.66941776662	0.0	383025	348.233400203	6.4
62.106330981	6400	4.82453883498	0.0	383025	344.878931636	6.4
62.4506001277	6400	4.98026968826	0.0	383025	344.269146723	6.4
62.7950517363	6400	5.13581807963	0.0	383025	344.451608632	6.4
63.1414970972	6400	5.28937271882	0.0	383025	346.445360811	6.4
63.487942458	6400	5.442927358	0.0	383025	346.445360811	6.4
63.8343878188	6400	5.59648199719	0.0	383025	346.445360811	6.4
64.191624799	6400	5.73924501694	0.0	383025	357.236980253	6.4
64.5496587534	6400	5.88121106253	0.0	383025	358.03395441	6.4
64.9076927079	6400	6.02317710812	0.0	383025	358.03395441	6.4
65.2554222897	6400	6.17544752628	0.0	383025	347.72958184	6.4
65.6025634549	6400	6.32830636112	0.0	383025	347.141165162	6.4
65.94970462	6400	6.48116519596	0.0	383025	347.141165162	6.4
66.294435593	6400	6.63643422293	0.0	383025	344.730973026	6.4
66.6363899281	6400	6.79447988783	0.0	383025	341.954335096	6.4
66.978956466	6400	6.95191334996	0.0	383025	342.566537869	6.4
67.3221872963	6400	7.1086825197	0.0	383025	343.230830265	6.4
67.6654181265	6400	7.26545168943	0.0	383025	343.230830265	6.4
68.0109628514	6400	7.41990696456	0.0	383025	345.544724873	6.4
68.3565735187	6400	7.57429629728	0.0	383025	345.610667278	6.4
68.702184186	6400	7.72868563	0.0	383025	345.610667278	6.4
69.058562203	6400	7.87230761298	0.0	383025	356.378017019	6.4
69.4168789521	6400	8.0139908639	0.0	383025	358.316749088	6.4
69.7751957012	6400	8.15567411481	0.0	383025	358.316749088	6.4
70.1335124503	6400	8.29735736572	0.0	383025	358.316749088	6.4
70.4951457587	6400	8.43572405723	0.0	383025	361.633308494	6.4
70.8606114642	6400	8.57025835178	0.0	383025	365.465705442	6.4
71.2260771696	6400	8.70479264634	0.0	383025	365.465705442	6.4
71.5915428751	6400	8.8393269409	0.0	383025	365.465705442	6.4
71.9570085805	6400	8.97386123546	0.0	383025	365.465705442	6.4
72.3236834286	6400	9.10718638739	0.0	383025	366.674848066	6.4
72.6907946558	6400	9.24007516018	0.0	383025	367.111227215	6.4
73.057905883	6400	9.37296393296	0.0	383025	367.111227215	6.4
73.4250171102	6400	9.50585270575	0.0	383025	367.111227215	6.4
73.7921283374	6400	9.63874147853	0.0	383025	367.111227215	6.4
74.1593559912	6400	9.7715138248	0.0	383025	367.22765373	6.4
74.5266085437	6400	9.90426127223	0.0	383025	367.252552571	6.4
75.2750102487	6400	9.53700871966	0.0	383025	367.252552571	6.4
75.6325639085	6400	9.67945505981	0.0	383025	357.553659853	6.4
75.9901175684	6400	9.82190139995	0.0	383025	357.553659853	6.4
76.3476712282	6400	9.9643477401	0.0	383025	357.553659853	6.4
77.2276367108	6400	9.58438225754	0.0	383025	379.965482564	6.4
77.6081133943	6400	9.70390557406	0.0	383025	380.476683472	6.4
77.9885900777	6400	9.82342889059	0.0	383025	380.476683472	6.4
78.3690667612	6400	9.94295220712	0.0	383025	380.476683472	6.4
79.2495434447	6400	9.56247552365	0.0	383025	380.476683472	6.4
79.6300201282	6400	9.68199884018	0.0	383025	380.476683472	6.4
79.9840909445	6400	9.82792802383	0.0	383025	354.070816342	6.4
80.329558387	6400	9.98246058136	0.0	383025	345.467442476	6.4
81.1561906484	6400	9.63699313888	0.0	383025	345.467442476	6.4
81.4957863712	6400	9.79739741607	0.0	383025	339.595722812	6.4
81.8341135069	6400	9.95907028032	0.0	383025	338.327135751	6.4
82.5698555608	6400	9.62074314457	0.0	383025	338.327135751	6.4
82.908386174	6400	9.78221253144	0.0	383025	338.530613129	6.4
83.2510407693	6400	9.93955793615	0.0	383025	342.654595285	6.4
83.6862012052	6400	9.59627770515	0.0	383025	343.280231	6.4
84.0304461495	6400	9.75203276089	0.0	383025	344.244944269	6.4
84.3746910938	6400	9.90778781662	0.0	383025	344.244944269	6.4
85.2175539822	6400	9.56492492812	0.0	383025	342.862888497	6.4
85.5596309279	6400	9.7228479825	0.0	383025	342.076945624	6.4
85.9024125398	6400	9.8800663706	0.0	383025	342.781611895	6.4
86.6560673127	6400	9.53728475871	0.0	383025	342.781611895	6.4
86.9982680834	6400	9.69508398802	0.0	383025	342.200770689	6.4
87.3402411498	6400	9.8531109216	0.0	383025	341.973066415	6.4
87.8490452237	6400	9.51123239802	0.0	383025	341.878523586	6.4
88.1910132339	6400	9.66926438776	0.0	383025	341.968010258	6.4
88.5338214113	6400	9.82645621038	0.0	383025	342.808177381	6.4
88.8829211882	6400	9.97735643348	0.0	383025	349.099776904	6.4
89.2919221805	6400	9.62825665657	0.0	383025	349.099776904	6.4
89.6352352058	6400	9.78494363131	0.0	383025	343.313025261	6.4
89.9785482311	6400	9.94163060605	0.0	383025	343.313025261	6.4
90.8237050619	6400	9.5964737752	0.0	383025	345.156830848	6.4
91.1724220988	6400	9.74775673834	0.0	383025	348.71703686	6.4
91.5399430377	6400	9.88023579946	0.0	383025	367.520938883	6.4
92.4089433245	6400	9.51123551263	0.0	383025	369.000286831	6.4
92.7779436113	6400	9.6422352258	0.0	383025	369.000286831	6.4
93.1438809436	6400	9.77629789351	0.0	383025	365.937332287	6.4
93.5067731979	6400	9.91340563917	0.0	383025	362.892254337	6.4
94.3696654523	6400	9.55051338484	0.0	383025	362.892254337	6.4
94.7152882175	6400	9.7048906196	0.0	383025	345.622765236	6.4
95.0607659857	6400	9.85941285145	0.0	383025	345.477768154	6.4
95.8404667332	6400	9.51393508329	0.0	383025	345.477768154	6.4
96.2084077185	6400	9.64599409807	0.0	383025	367.940985222	6.4

