583.138473068	3066	0.5	0.215906573216	181435	215.906573216	2.20237370714
583.571680346	7800	0.5667927226	0.0	471531	433.2072774	3.066
584.013060669	7866	0.625412399094	0.0	482442	441.380323506	7.8
584.461690442	8000	0.676782626388	0.0	492120	448.629772706	7.866
584.910320215	8000	0.728152853681	0.0	492120	448.629772706	8.0
585.357493806	8000	0.780979262959	0.0	490176	447.173590722	8.0
585.826541246	8333	0.811931822939	0.0	513389	469.04744002	8.0
586.28684032	8066	0.851632747984	0.0	497055	460.299074955	7.799
586.764709258	8466	0.873763810625	0.0	520019	477.868937359	8.066
587.266484654	9000	0.871988414431	0.0	551265	501.775396194	8.466
587.773667045	9266	0.864806023915	0.0	558332	507.182390516	9.0
588.261457304	9000	0.87701576427	0.0	536970	487.790259645	8.734
588.745012581	9000	0.89346048708	0.0	536970	483.55527719	9.0
589.228567859	9000	0.909905209891	0.0	536970	483.55527719	9.0
589.712123136	9000	0.926349932701	0.0	536970	483.55527719	9.0
590.195678413	9000	0.942794655512	0.0	536970	483.55527719	9.0
590.691599555	9400	0.946873513319	0.0	553424	495.921142193	9.0
591.158086461	9000	0.980386607643	0.0	522960	466.486905676	8.6
591.623599012	9000	1.01487405681	0.0	522960	465.512550828	9.0
592.095996768	9000	1.04247630019	0.0	532300	472.397756627	9.0
592.546220803	8400	1.09225226561	0.0	503004	450.224034582	7.8
592.980129199	8000	1.1583438694	0.0	481782	433.908396205	7.6
593.414037595	8000	1.2244354732	0.0	481782	433.908396205	8.0
593.869079916	8533	1.26939315219	0.0	510552	455.042321007	8.0
594.343528425	9000	1.2949446433	0.0	536970	474.44850889	8.533
594.820042011	9000	1.318431057	0.0	536970	476.513586296	9.0
595.297157642	9000	1.34131542684	0.0	536970	477.115630162	9.0
595.774273272	9000	1.36419979668	0.0	536970	477.115630162	9.0
596.251903621	9000	1.38656944773	0.0	536970	477.630348952	9.0
596.757006277	9533	1.38146679105	0.0	573990	505.102656676	9.0
597.271533195	9666	1.36693987384	0.0	586715	514.526917214	9.533
597.755936181	9000	1.38253688777	0.0	551265	484.402986062	8.334
598.24002086	9000	1.39845220895	0.0	551265	484.084678822	9.0
598.724105538	9000	1.41436753013	0.0	551265	484.084678822	9.0
599.208237034	9000	1.43023603444	0.0	551265	484.131495689	9.0
599.692451623	9000	1.44602144548	0.0	551265	484.214588965	9.0
600.176666212	9000	1.46180685651	0.0	551265	484.214588965	9.0
600.643693441	8466	1.49477962746	0.0	527825	467.027229047	7.932
601.086460078	8000	1.55201299002	0.0	498375	442.766637441	7.534
601.48181462	7066	1.6566584488	0.0	434595	395.354541228	6.132
601.883264441	7200	1.75520862772	0.0	442995	401.449821077	7.066
602.304011628	7600	1.83446144089	0.0	469589	420.74718683	7.2
602.755544001	8000	1.88292906698	0.0	496259	451.532373903	7.6
603.218563045	8133	1.91991002308	0.0	508563	463.019043901	8.0
603.702954691	8733	1.9355183775	0.0	536941	484.39164558	8.133
604.178521044	8733	1.95995202428	0.0	525223	475.566353224	8.733
604.658332125	9000	1.98014094304	0.0	536970	479.811081244	8.733
605.130726211	9000	2.00774685767	0.0	527946	472.394085367	9.0
605.495408251	6400	2.14306481718	0.0	383025	364.682040488	3.8
605.860090292	6400	2.27838277669	0.0	383025	364.682040488	6.4
606.224772332	6400	2.4137007362	0.0	383025	364.682040488	6.4
606.583851806	6400	2.55462126212	0.0	383025	359.079474083	6.4
606.9408246	6400	2.69764846824	0.0	383025	356.972793877	6.4
607.297797394	6400	2.84067567437	0.0	383025	356.972793877	6.4
607.654770188	6400	2.98370288049	0.0	383025	356.972793877	6.4
608.012880474	6400	3.12559259409	0.0	383025	358.110286403	6.4
608.372116974	6400	3.26635609493	0.0	383025	359.236499157	6.4
608.731353473	6400	3.40711959577	0.0	383025	359.236499157	6.4
609.090589972	6400	3.54788309662	0.0	383025	359.236499157	6.4
609.449826471	6400	3.68864659746	0.0	383025	359.236499157	6.4
609.806256412	6400	3.83221665631	0.0	383025	356.429941146	6.4
610.161052629	6400	3.97742043934	0.0	383025	354.796216972	6.4
610.515848846	6400	4.12262422237	0.0	383025	354.796216972	6.4
610.870588833	6400	4.26788423526	0.0	383025	354.739987114	6.4
611.224530353	6400	4.41394271559	0.0	383025	353.941519665	6.4
611.578471873	6400	4.56000119593	0.0	383025	353.941519665	6.4
611.932413392	6400	4.70605967626	0.0	383025	353.941519665	6.4
612.286354912	6400	4.8521181566	0.0	383025	353.941519665	6.4
612.650188146	6400	4.98828492292	0.0	383025	363.833233675	6.4
613.014250879	6400	5.12422218976	0.0	383025	364.06273316	6.4
613.378313612	6400	5.2601594566	0.0	383025	364.06273316	6.4
613.742376345	6400	5.39609672344	0.0	383025	364.06273316	6.4
614.106687403	6400	5.53178566574	0.0	383025	364.311057705	6.4
614.473704971	6400	5.66476809724	0.0	383025	367.017568492	6.4
614.84072254	6400	5.79775052875	0.0	383025	367.017568492	6.4
615.207740108	6400	5.93073296026	0.0	383025	367.017568492	6.4
615.574757677	6400	6.06371539177	0.0	383025	367.017568492	6.4
615.941775245	6400	6.19669782328	0.0	383025	367.017568492	6.4
616.307153861	6400	6.33131920769	0.0	383025	365.378615591	6.4
616.665805095	6400	6.47266797386	0.0	383025	358.651233827	6.4
617.024456328	6400	6.61401674003	0.0	383025	358.651233827	6.4
617.383107562	6400	6.75536550621	0.0	383025	358.651233827	6.4
617.745745915	6400	6.89272715338	0.0	383025	362.638352829	6.4
618.109244676	6400	7.02922839258	0.0	383025	363.498760801	6.4
618.472743437	6400	7.16572963178	0.0	383025	363.498760801	6.4
618.836242197	6400	7.30223087098	0.0	383025	363.498760801	6.4
619.199740958	6400	7.43873211018	0.0	383025	363.498760801	6.4
619.562623648	6400	7.57584942003	0.0	383025	362.882690149	6.4
619.917673962	6400	7.72079910622	0.0	383025	355.050313807	6.4
620.272724276	6400	7.86574879241	0.0	383025	355.050313807	6.4
620.62727037	6400	8.01120269824	0.0	383025	354.546094172	6.4
620.980864022	6400	8.15760904634	0.0	383025	353.593651897	6.4
621.334457674	6400	8.30401539445	0.0	383025	353.593651897	6.4
621.68792606	6400	8.45054700842	0.0	383025	353.468386024	6.4
622.035271204	6400	8.60320186431	0.0	383025	347.345144113	6.4
622.382616348	6400	8.7558567202	0.0	383025	347.345144113	6.4
622.729961492	6400	8.90851157609	0.0	383025	347.345144113	6.4
623.076517245	6400	9.06195582377	0.0	383025	346.555752318	6.4
623.422296113	6400	9.21617695505	0.0	383025	345.778868719	6.4
623.768074982	6400	9.37039808633	0.0	383025	345.778868719	6.4
624.113853851	6400	9.52461921761	0.0	383025	345.778868719	6.4
624.459998942	6400	9.67847412692	0.0	383025	346.145090688	6.4
624.806247873	6400	9.83222519556	0.0	383025	346.248931361	6.4
625.152496804	6400	9.9859762642	0.0	383025	346.248931361	6.4
626.001182837	6400	9.63729023145	0.0	383025	348.686032748	6.4
626.353542899	6400	9.78493016924	0.0	383025	352.360062211	6.4
626.703206391	6400	9.93526667781	0.0	383025	349.66349143	6.4
627.356656824	6400	9.58886137546	0.0	383025	346.405302354	6.4
627.699462719	6400	9.74605548025	0.0	383025	342.805895206	6.4
628.042268614	6400	9.90324958505	0.0	383025	342.805895206	6.4
628.881982677	6400	9.56353552224	0.0	383025	339.714062808	6.4
629.218801915	6400	9.72671628407	0.0	383025	336.819238164	6.4
629.553623199	6400	9.89189500043	0.0	383025	334.821283643	6.4
630.347277177	6400	9.55707371679	0.0	383025	334.821283643	6.4
630.689509605	6400	9.71484128916	0.0	383025	342.232427627	6.4
631.033782299	6400	9.8705685944	0.0	383025	344.272694758	6.4
631.547665582	6400	9.52629589964	0.0	383025	344.272694758	6.4
631.889446378	6400	9.68451510354	0.0	383025	341.7807961	6.4
632.231227174	6400	9.84273430744	0.0	383025	341.7807961	6.4
633.069373004	6400	9.5045884771	0.0	383025	338.145830346	6.4

