194.218491287	3066	0.5	0.21029076122	181435	210.29076122	2.22483695512
194.637103644	7800	0.58138764335	0.0	471531	418.61235665	3.066
195.063551327	7866	0.654939960022	0.0	482442	426.447683328	7.8
195.496948905	8000	0.721542382864	0.0	492120	433.397577158	7.866
195.930346482	8000	0.788144805707	0.0	492120	433.397577158	8.0
196.362348048	8000	0.856143239461	0.0	490176	432.001566246	8.0
196.811019162	8333	0.907472125222	0.0	513389	448.671114239	8.0
197.247756497	8066	0.970734790324	0.0	497055	436.737334898	7.799
197.699271492	8466	1.01921979574	0.0	520019	451.514994583	8.066
198.173109435	9000	1.04538185234	0.0	551265	473.8379434	8.466
198.651996226	9266	1.06649506175	0.0	558332	478.886790589	9.0
199.115621452	9000	1.10286983529	0.0	536970	463.625226465	8.734
199.574516814	9000	1.14397447376	0.0	536970	458.895361528	9.0
200.030288644	9000	1.18820264363	0.0	536970	455.771830133	9.0
200.486060474	9000	1.23243081349	0.0	536970	455.771830133	9.0
200.941832304	9000	1.27665898336	0.0	536970	455.771830133	9.0
201.409220453	9400	1.30927083447	0.0	553424	467.388148894	9.0
201.855496193	9000	1.36299509462	0.0	522960	446.275739841	8.6
202.301771933	9000	1.41671935478	0.0	522960	446.275739841	9.0
202.754589311	9000	1.46390197617	0.0	532300	452.817378609	9.0
203.188402827	8400	1.53008846032	0.0	503004	433.813515858	7.8
203.607979343	8000	1.61051194415	0.0	481782	419.576516164	7.6
204.02755586	8000	1.69093542799	0.0	481782	419.576516164	8.0
204.467410461	8533	1.75108082677	0.0	510552	439.854601211	8.0
204.925885377	9000	1.79260591097	0.0	536970	458.474915802	8.533
205.383321179	9000	1.83517010883	0.0	536970	457.435802139	9.0
205.835851718	9000	1.8826395697	0.0	536970	452.530539135	9.0
206.288382257	9000	1.93010903056	0.0	536970	452.530539135	9.0
206.743094153	9000	1.97539713436	0.0	536970	454.711896206	9.0
207.226995964	9533	1.99149532304	0.0	573990	483.901811316	9.0
207.719852027	9666	1.9986392607	0.0	586715	492.856062346	9.533
208.187042238	9000	2.03144904961	0.0	551265	467.190211087	8.334
208.533774886	6400	2.18471640127	0.0	383025	346.732648334	3.8
208.880507535	6400	2.33798375294	0.0	383025	346.732648334	6.4
209.227240183	6400	2.49125110461	0.0	383025	346.732648334	6.4
209.573972831	6400	2.64451845627	0.0	383025	346.732648334	6.4
209.92070548	6400	2.79778580794	0.0	383025	346.732648334	6.4
210.26998883	6400	2.94850245767	0.0	383025	349.28335027	6.4
210.620136272	6400	3.09835501508	0.0	383025	350.147442589	6.4
210.970283715	6400	3.24820757249	0.0	383025	350.147442589	6.4
211.320431158	6400	3.3980601299	0.0	383025	350.147442589	6.4
211.6705786	6400	3.54791268731	0.0	383025	350.147442589	6.4
212.020726043	6400	3.69776524472	0.0	383025	350.147442589	6.4
212.367629225	6400	3.85086206262	0.0	383025	346.903182102	6.4
212.712036103	6400	4.00645518475	0.0	383025	344.406877873	6.4
213.056442981	6400	4.16204830687	0.0	383025	344.406877873	6.4
213.400849858	6400	4.317641429	0.0	383025	344.406877873	6.4
213.745256736	6400	4.47323455113	0.0	383025	344.406877873	6.4
214.092662446	6400	4.6258288414	0.0	383025	347.405709727	6.4
214.441980117	6400	4.77651117074	0.0	383025	349.31767066	6.4
214.791297787	6400	4.92719350008	0.0	383025	349.31767066	6.4
215.140615458	6400	5.07787582942	0.0	383025	349.31767066	6.4
215.489933129	6400	5.22855815876	0.0	383025	349.31767066	6.4
215.83982237	6400	5.37866891763	0.0	383025	349.889241128	6.4
216.189869413	6400	5.52862187494	0.0	383025	350.04704269	6.4
216.539916455	6400	5.67857483225	0.0	383025	350.04704269	6.4
216.889963498	6400	5.82852778956	0.0	383025	350.04704269	6.4
217.240010541	6400	5.97848074687	0.0	383025	350.04704269	6.4
217.590057583	6400	6.12843370418	0.0	383025	350.04704269	6.4
217.937459922	6400	6.28103136545	0.0	383025	347.402338728	6.4
218.28280535	6400	6.43568593763	0.0	383025	345.345427823	6.4
218.628150778	6400	6.59034050981	0.0	383025	345.345427823	6.4
218.973496206	6400	6.74499508198	0.0	383025	345.345427823	6.4
219.318841633	6400	6.89964965416	0.0	383025	345.345427823	6.4
219.665382502	6400	7.05310878569	0.0	383025	346.540868472	6.4
220.012346432	6400	7.20614485537	0.0	383025	346.963930315	6.4
220.359310362	6400	7.35918092506	0.0	383025	346.963930315	6.4
220.706274293	6400	7.51221699474	0.0	383025	346.963930315	6.4
221.053238223	6400	7.66525306443	0.0	383025	346.963930315	6.4
221.402083283	6400	7.81640800438	0.0	383025	348.845060051	6.4
221.756021972	6400	7.96246931519	0.0	383025	353.938689182	6.4
222.109960661	6400	8.10853062601	0.0	383025	353.938689182	6.4
222.463899351	6400	8.25459193683	0.0	383025	353.938689182	6.4
222.81783804	6400	8.40065324765	0.0	383025	353.938689182	6.4
223.171776729	6400	8.54671455846	0.0	383025	353.938689182	6.4
223.526103019	6400	8.69238826811	0.0	383025	354.32629035	6.4
223.881130559	6400	8.8373607286	0.0	383025	355.02753951	6.4
224.236158098	6400	8.98233318909	0.0	383025	355.02753951	6.4
224.591185638	6400	9.12730564959	0.0	383025	355.02753951	6.4
224.946213177	6400	9.27227811008	0.0	383025	355.02753951	6.4
225.301240717	6400	9.41725057057	0.0	383025	355.02753951	6.4
225.656268256	6400	9.56222303106	0.0	383025	355.02753951	6.4
226.011295796	6400	9.70719549155	0.0	383025	355.02753951	6.4
226.364523373	6400	9.85396791407	0.0	383025	353.227577472	6.4
227.217704597	6400	9.50078669029	0.0	383025	353.181223782	6.4
227.570885821	6400	9.64760546651	0.0	383025	353.181223782	6.4
227.924067045	6400	9.79442424273	0.0	383025	353.181223782	6.4
228.277878142	6400	9.94061314561	0.0	383025	353.811097121	6.4
229.131923829	6400	9.58656745814	0.0	383025	354.045687467	6.4
229.485969517	6400	9.73252177067	0.0	383025	354.045687467	6.4
229.840015204	6400	9.87847608321	0.0	383025	354.045687467	6.4
230.629921152	6400	9.52443039574	0.0	383025	354.045687467	6.4
230.982974404	6400	9.67137714366	0.0	383025	353.053252081	6.4
231.336027656	6400	9.81832389158	0.0	383025	353.053252081	6.4
231.689080909	6400	9.9652706395	0.0	383025	353.053252081	6.4
232.541672498	6400	9.61267905031	0.0	383025	352.591589191	6.4
232.894089326	6400	9.76026222183	0.0	383025	352.416828471	6.4
233.246506155	6400	9.90784539336	0.0	383025	352.416828471	6.4
233.693785075	6400	9.55542856489	0.0	383025	352.416828471	6.4
234.042851047	6400	9.70636259291	0.0	383025	349.065971986	6.4
234.391917019	6400	9.85729662092	0.0	383025	349.065971986	6.4
235.143042998	6400	9.50823064893	0.0	383025	349.065971986	6.4
235.488388756	6400	9.66288489082	0.0	383025	345.345758117	6.4
235.833734514	6400	9.8175391327	0.0	383025	345.345758117	6.4
236.176394438	6400	9.97487920866	0.0	383025	342.659924039	6.4
237.015705559	6400	9.63556808749	0.0	383025	339.311121174	6.4
237.354845001	6400	9.79642864603	0.0	383025	339.139441454	6.4
237.693332219	6400	9.95794142808	0.0	383025	338.487217952	6.4
238.531819437	6400	9.61945421013	0.0	383025	338.487217952	6.4
238.872140588	6400	9.77913305879	0.0	383025	340.32115134	6.4
239.213427463	6400	9.93784618401	0.0	383025	341.28687478	6.4
239.628445628	6400	9.59655930923	0.0	383025	341.28687478	6.4
239.975224501	6400	9.74978043614	0.0	383025	346.778873091	6.4
240.322003374	6400	9.90300156305	0.0	383025	346.778873091	6.4
240.692850251	6400	9.55622268996	0.0	383025	346.778873091	6.4
241.038020014	6400	9.71105292695	0.0	383025	345.169763011	6.4
241.383189777	6400	9.86588316394	0.0	383025	345.169763011	6.4
242.227936901	6400	9.52071340092	0.0	383025	345.169763011	6.4
242.574507938	6400	9.67414236305	0.0	383025	346.571037877	6.4
242.921078976	6400	9.82757132517	0.0	383025	346.571037877	6.4

