485.307364979	3066	0.5	0.198985604775	181435	198.985604775	2.2700575809
485.696596391	7800	0.61076858817	0.0	471531	389.23141183	3.066
486.092983268	7866	0.714381710561	0.0	482442	396.386877609	7.8
486.497524766	8000	0.809840212614	0.0	492120	404.541497948	7.866
486.904218289	8000	0.903146689513	0.0	492120	406.693523101	8.0
487.326535118	8000	0.980829860929	0.0	490176	422.316828583	8.0
487.768600124	8333	1.03876485544	0.0	513389	442.065005487	8.0
488.199145658	8066	1.10821932115	0.0	497055	430.545534288	7.799
488.63418894	8466	1.17317603858	0.0	520019	435.043282575	8.066
489.088642607	9000	1.21872237188	0.0	551265	454.453666698	8.466
489.52746299	9266	1.27990198942	0.0	558332	438.820382466	9.0
489.952036936	9000	1.35532804297	0.0	536970	424.57394645	8.734
490.373309547	9000	1.43405543157	0.0	536970	421.272611398	9.0
490.806358842	9000	1.50100613687	0.0	536970	433.049294694	9.0
491.249671283	9000	1.55769369649	0.0	536970	443.312440382	9.0
491.688464271	9000	1.61890070775	0.0	536970	438.792988742	9.0
492.137165174	9400	1.67019980531	0.0	553424	448.700902436	9.0
492.565909046	9000	1.74145593253	0.0	522960	428.743872786	8.6
492.994739918	9000	1.81262506141	0.0	522960	428.83087112	9.0
493.452314443	9000	1.85505053556	0.0	532300	457.574525849	9.0
493.897878192	8400	1.90948678736	0.0	503004	445.563748198	7.8
494.328018615	8000	1.97934636356	0.0	481782	430.140423802	7.6
494.753130178	8000	2.05423480073	0.0	481782	425.111562833	8.0
495.100711318	6400	2.20665366068	0.0	383025	347.581140047	4.8
495.448292458	6400	2.35907252063	0.0	383025	347.581140047	6.4
495.793262414	6400	2.51410256482	0.0	383025	344.969955817	6.4
496.136407177	6400	2.67095780247	0.0	383025	343.144762344	6.4
496.479551939	6400	2.82781304013	0.0	383025	343.144762344	6.4
496.827676455	6400	2.97968852398	0.0	383025	348.124516147	6.4
497.186362495	6400	3.12100248449	0.0	383025	358.686039492	6.4
497.545048534	6400	3.262316445	0.0	383025	358.686039492	6.4
497.903734574	6400	3.4036304055	0.0	383025	358.686039492	6.4
498.262004904	6400	3.54536007482	0.0	383025	358.270330685	6.4
498.618547167	6400	3.68881781155	0.0	383025	356.542263267	6.4
498.975089431	6400	3.83227554828	0.0	383025	356.542263267	6.4
499.331631694	6400	3.97573328502	0.0	383025	356.542263267	6.4
499.688181336	6400	4.11918364281	0.0	383025	356.54964221	6.4
500.044931941	6400	4.26243303811	0.0	383025	356.750604693	6.4
500.401682546	6400	4.40568243342	0.0	383025	356.750604693	6.4
500.75843315	6400	4.54893182873	0.0	383025	356.750604693	6.4
501.120233189	6400	4.68713179033	0.0	383025	361.800038398	6.4
501.48589576	6400	4.82146921931	0.0	383025	365.662571022	6.4
501.851558331	6400	4.95580664828	0.0	383025	365.662571022	6.4
502.217220902	6400	5.09014407726	0.0	383025	365.662571022	6.4
502.582883473	6400	5.22448150624	0.0	383025	365.662571022	6.4
502.953163089	6400	5.35420189042	0.0	383025	370.279615819	6.4
503.331992907	6400	5.47537207246	0.0	383025	378.829817961	6.4
503.710822725	6400	5.5965422545	0.0	383025	378.829817961	6.4
504.089652542	6400	5.71771243654	0.0	383025	378.829817961	6.4
504.46848236	6400	5.83888261858	0.0	383025	378.829817961	6.4
504.847312178	6400	5.96005280061	0.0	383025	378.829817961	6.4
505.226141996	6400	6.08122298265	0.0	383025	378.829817961	6.4
505.604971814	6400	6.20239316469	0.0	383025	378.829817961	6.4
505.981451399	6400	6.32591357955	0.0	383025	376.479585137	6.4
506.352059474	6400	6.45530550494	0.0	383025	370.60807461	6.4
506.722667549	6400	6.58469743033	0.0	383025	370.60807461	6.4
507.093275623	6400	6.71408935572	0.0	383025	370.60807461	6.4
507.463883698	6400	6.84348128111	0.0	383025	370.60807461	6.4
507.834491773	6400	6.9728732065	0.0	383025	370.60807461	6.4
508.201896125	6400	7.10546885404	0.0	383025	367.404352464	6.4
508.562878234	6400	7.24448674543	0.0	383025	360.98210861	6.4
508.923860342	6400	7.38350463682	0.0	383025	360.98210861	6.4
509.28486325	6400	7.52250172948	0.0	383025	361.002907343	6.4
509.646749599	6400	7.6606153804	0.0	383025	361.886349074	6.4
510.008635948	6400	7.79872903133	0.0	383025	361.886349074	6.4
510.370522297	6400	7.93684268225	0.0	383025	361.886349074	6.4
510.732408646	6400	8.07495633318	0.0	383025	361.886349074	6.4
511.09318132	6400	8.21418365943	0.0	383025	360.772673754	6.4
511.442954028	6400	8.36441095141	0.0	383025	349.772708017	6.4
511.792726736	6400	8.51463824339	0.0	383025	349.772708017	6.4
512.14164848	6400	8.66571649948	0.0	383025	348.92174391	6.4
512.490296521	6400	8.81706845794	0.0	383025	348.648041543	6.4
512.838944563	6400	8.9684204164	0.0	383025	348.648041543	6.4
513.186129785	6400	9.12123519424	0.0	383025	347.185222161	6.4
513.533200929	6400	9.2741640501	0.0	383025	347.071144131	6.4
513.880272073	6400	9.42709290597	0.0	383025	347.071144131	6.4
514.226503248	6400	9.58086173086	0.0	383025	346.231175111	6.4
514.572320889	6400	9.73504408993	0.0	383025	345.817640929	6.4
514.91813853	6400	9.889226449	0.0	383025	345.817640929	6.4
515.764027483	6400	9.543337496	0.0	383025	345.888953007	6.4
516.110261038	6400	9.69710394115	0.0	383025	346.233554848	6.4
516.458920524	6400	9.84844445486	0.0	383025	348.659486291	6.4
516.807866484	6400	9.99949849518	0.0	383025	348.94595968	6.4
517.545245456	6400	9.6505525355	0.0	383025	348.94595968	6.4
517.905688299	6400	9.79010969192	0.0	383025	360.442843575	6.4
518.264412562	6400	9.93138542894	0.0	383025	358.724262987	6.4
519.122008918	6400	9.57378907277	0.0	383025	357.596356165	6.4
519.479605274	6400	9.71619271661	0.0	383025	357.596356165	6.4
519.828473514	6400	9.86732447706	0.0	383025	348.868239544	6.4
520.22597427	6400	9.51940462938	0.0	383025	347.919847682	6.4
520.571915014	6400	9.67346388549	0.0	383025	345.940743887	6.4
520.917855758	6400	9.82752314161	0.0	383025	345.940743887	6.4
521.263823604	6400	9.98155529532	0.0	383025	345.967846282	6.4
521.723321571	6400	9.63552143339	0.0	383025	346.033861933	6.4
522.069418084	6400	9.78942492055	0.0	383025	346.096512842	6.4
522.415514597	6400	9.94332840771	0.0	383025	346.096512842	6.4
523.261610439	6400	9.59723256526	0.0	383025	346.095842447	6.4
523.607703505	6400	9.75113949933	0.0	383025	346.09306593	6.4
523.955687788	6400	9.90315521613	0.0	383025	347.984283194	6.4
524.307517507	6400	9.55515549856	0.0	383025	347.999717573	6.4
524.658096128	6400	9.70457687749	0.0	383025	350.578621072	6.4
525.008674749	6400	9.85399825642	0.0	383025	350.578621072	6.4
525.774819139	6400	9.50341963535	0.0	383025	350.578621072	6.4
526.126010556	6400	9.65222821884	0.0	383025	351.191416503	6.4
526.473984567	6400	9.80425420812	0.0	383025	347.974010718	6.4
526.806978788	6400	9.97125998646	0.0	383025	332.994221661	6.4
527.530692716	6400	9.6382657648	0.0	383025	332.994221661	6.4
527.891028924	6400	9.77792955732	0.0	383025	360.336207479	6.4
528.251365131	6400	9.91759334984	0.0	383025	360.336207479	6.4
529.111630321	6400	9.55732816019	0.0	383025	360.265189655	6.4
529.471489421	6400	9.69746906011	0.0	383025	359.859100075	6.4
529.831348521	6400	9.83760996004	0.0	383025	359.859100075	6.4
530.18774707	6400	9.98121141157	0.0	383025	356.398548473	6.4
530.583226232	6400	9.62735888393	0.0	383025	353.852527637	6.4
530.928527994	6400	9.78205712256	0.0	383025	345.301761369	6.4
531.273829755	6400	9.93675536119	0.0	383025	345.301761369	6.4
532.006663388	6400	9.59145359982	0.0	383025	345.301761369	6.4
532.359131325	6400	9.73898566246	0.0	383025	352.467937361	6.4
532.711599263	6400	9.8865177251	0.0	383025	352.467937361	6.4
533.562484112	6400	9.53563287587	0.0	383025	350.884849229	6.4

