533.778181283	3066	0.5	0.215697171539	181435	215.697171539	2.20321131384
534.210844347	7800	0.567336936131	0.0	471531	432.663063869	3.066
534.651667864	7866	0.626513418994	0.0	482442	440.823517137	7.8
535.099729661	8000	0.678451622439	0.0	492120	448.061796555	7.866
535.560628888	8000	0.717552395339	0.0	492120	460.8992271	8.0
536.021703996	8000	0.756477286863	0.0	490176	461.075108476	8.0
536.505226395	8333	0.77295488803	0.0	513389	483.522398833	8.0
536.984900148	8066	0.793281135104	0.0	497055	479.673752926	7.799
537.483038876	8466	0.795142407352	0.0	520019	498.138727752	8.066
538.006301999	9000	0.771879284746	0.0	551265	523.263122606	8.466
538.53524758	9266	0.742933703636	0.0	558332	528.94558111	9.0
539.025115574	9000	0.753065709737	0.0	536970	489.8679939	8.734
539.490651712	9000	0.787529571495	0.0	536970	465.536138242	9.0
539.956070912	9000	0.822110371018	0.0	536970	465.419200477	9.0
540.420269412	9000	0.857911871574	0.0	536970	464.198499444	9.0
540.884467911	9000	0.89371337213	0.0	536970	464.198499444	9.0
541.356849315	9400	0.921331968329	0.0	553424	472.381403801	9.0
541.803482522	9000	0.974698760937	0.0	522960	446.633207392	8.6
542.252645187	9000	1.02553609597	0.0	522960	449.162664963	9.0
542.699392586	9000	1.07878869713	0.0	532300	446.747398848	9.0
543.109065007	8400	1.16911627682	0.0	503004	409.67242031	7.8
543.499267221	8000	1.27891406208	0.0	481782	390.202214737	7.6
543.885901091	8000	1.39228019226	0.0	481782	386.633869822	8.0
544.308308624	8533	1.46987265888	0.0	510552	422.407533374	8.0
544.750602177	9000	1.52757910622	0.0	536970	442.293552666	8.533
545.195706361	9000	1.58247492239	0.0	536970	445.104183831	9.0
545.641889943	9000	1.63629134057	0.0	536970	446.183581814	9.0
546.08858112	9000	1.68960016313	0.0	536970	446.691177441	9.0
546.533897066	9000	1.74428421781	0.0	536970	445.315945321	9.0
547.003859519	9533	1.77432176478	0.0	573990	469.962453026	9.0
547.481637569	9666	1.79654371404	0.0	586715	477.778050745	9.533
547.940485701	9000	1.83769558216	0.0	551265	458.848131877	8.334
548.402224021	9000	1.87595726224	0.0	551265	461.738319918	9.0
548.861649865	9000	1.91653141806	0.0	551265	459.425844182	9.0
549.318235044	9000	1.95994623888	0.0	551265	456.585179185	9.0
549.769279151	9000	2.00890213265	0.0	551265	451.044106225	9.0
550.105846015	6400	2.17233526834	0.0	383025	336.566864315	3.8
550.442090772	6400	2.33609051105	0.0	383025	336.244757284	6.4
550.776692145	6400	2.50148913833	0.0	383025	334.601372718	6.4
551.110049662	6400	2.66813162161	0.0	383025	333.357516726	6.4
551.45105467	6400	2.82712661326	0.0	383025	341.005008342	6.4
551.793182427	6400	2.98499885617	0.0	383025	342.127757095	6.4
552.136410843	6400	3.14177044032	0.0	383025	343.228415848	6.4
552.483130848	6400	3.29505043526	0.0	383025	346.72000506	6.4
552.822346146	6400	3.4558351372	0.0	383025	339.215298067	6.4
553.154494538	6400	3.62368674569	0.0	383025	332.148391503	6.4
553.483383239	6400	3.79479804467	0.0	383025	328.888701021	6.4
553.810524737	6400	3.96765654664	0.0	383025	327.141498026	6.4
554.137902691	6400	4.14027859224	0.0	383025	327.377954404	6.4
554.465476481	6400	4.31270480203	0.0	383025	327.573790211	6.4
554.792975797	6400	4.48520548618	0.0	383025	327.499315846	6.4
555.120288302	6400	4.657892981	0.0	383025	327.312505185	6.4
555.449502541	6400	4.82867874262	0.0	383025	329.214238382	6.4
555.787239599	6400	4.99094168397	0.0	383025	337.737058643	6.4
556.124976658	6400	5.15320462533	0.0	383025	337.737058643	6.4
556.463068186	6400	5.31511309723	0.0	383025	338.091528103	6.4
556.807586023	6400	5.47059526058	0.0	383025	344.517836642	6.4
557.160901646	6400	5.61727963763	0.0	383025	353.315622958	6.4
557.514217269	6400	5.76396401467	0.0	383025	353.315622958	6.4
557.866825619	6400	5.91135566414	0.0	383025	352.608350533	6.4
558.218107462	6400	6.06007382103	0.0	383025	351.281843108	6.4
558.569389305	6400	6.20879197792	0.0	383025	351.281843108	6.4
558.91970827	6400	6.3584730133	0.0	383025	350.318964622	6.4
559.268779964	6400	6.50940131977	0.0	383025	349.071693533	6.4
559.617854816	6400	6.6603264672	0.0	383025	349.074852567	6.4
559.966981821	6400	6.81119946217	0.0	383025	349.127005027	6.4
560.316108826	6400	6.96207245714	0.0	383025	349.127005027	6.4
560.65864516	6400	7.11953612315	0.0	383025	342.536333994	6.4
560.999435095	6400	7.27874618807	0.0	383025	340.789935079	6.4
561.33788089	6400	7.44030039347	0.0	383025	338.445794604	6.4
561.672416251	6400	7.60576503195	0.0	383025	334.535361518	6.4
562.007974436	6400	7.77020684705	0.0	383025	335.558184896	6.4
562.347289604	6400	7.93089167886	0.0	383025	339.315168196	6.4
562.686604773	6400	8.09157651066	0.0	383025	339.315168196	6.4
563.027338007	6400	8.25084327651	0.0	383025	340.733234147	6.4
563.369216871	6400	8.40896441247	0.0	383025	341.878864044	6.4
563.712521386	6400	8.56565989747	0.0	383025	343.304515005	6.4
564.059841704	6400	8.7183395797	0.0	383025	347.320317768	6.4
564.407162021	6400	8.87101926193	0.0	383025	347.320317768	6.4
564.758827271	6400	9.01935401195	0.0	383025	351.665249976	6.4
565.111626353	6400	9.16655493026	0.0	383025	352.799081694	6.4
565.464137227	6400	9.31404405673	0.0	383025	352.510873523	6.4
565.813352993	6400	9.46482829064	0.0	383025	349.215766097	6.4
566.162568759	6400	9.61561252454	0.0	383025	349.215766097	6.4
566.507103023	6400	9.77107826047	0.0	383025	344.534264074	6.4
566.847271191	6400	9.93091009186	0.0	383025	340.168168609	6.4
567.688685346	6400	9.58949593732	0.0	383025	341.414154537	6.4
568.039938649	6400	9.73824263463	0.0	383025	351.253302689	6.4
568.389363266	6400	9.88881801775	0.0	383025	349.424616878	6.4
569.115091749	6400	9.53939340088	0.0	383025	349.424616878	6.4
569.456127678	6400	9.69835747125	0.0	383025	341.035929625	6.4
569.799702857	6400	9.8547822923	0.0	383025	343.575178954	6.4
570.56776818	6400	9.51120711334	0.0	383025	343.575178954	6.4
570.912808189	6400	9.66616710442	0.0	383025	345.040008923	6.4
571.258378468	6400	9.82059682556	0.0	383025	345.570278863	6.4
571.603948747	6400	9.97502654669	0.0	383025	345.570278863	6.4
572.45311514	6400	9.62586015387	0.0	383025	349.166392824	6.4
572.80354599	6400	9.77542930361	0.0	383025	350.430850257	6.4
573.15401699	6400	9.92495830325	0.0	383025	350.471000368	6.4
574.003905439	6400	9.57506985414	0.0	383025	349.888449105	6.4
574.356571866	6400	9.72240342709	0.0	383025	352.666427054	6.4
574.710678848	6400	9.86829644534	0.0	383025	354.106981743	6.4
575.546293757	6400	9.5141894636	0.0	383025	354.106981743	6.4
575.903507817	6400	9.65697540352	0.0	383025	357.214060084	6.4
576.261596392	6400	9.79888682868	0.0	383025	358.088574836	6.4
576.620047733	6400	9.94043548747	0.0	383025	358.451341212	6.4
577.462212185	6400	9.58198414626	0.0	383025	358.451341212	6.4
577.818685363	6400	9.72551096865	0.0	383025	356.47317761	6.4
578.174892761	6400	9.86930357025	0.0	383025	356.207398398	6.4
578.813681711	6400	9.51310595315	0.0	383025	356.197617102	6.4
579.16574152	6400	9.66104614489	0.0	383025	352.059808259	6.4
579.516321217	6400	9.81046644773	0.0	383025	350.579697152	6.4
579.865636316	6400	9.96115134891	0.0	383025	349.315098823	6.4
580.618812412	6400	9.61183625009	0.0	383025	349.315098823	6.4
580.965091824	6400	9.76555683804	0.0	383025	346.279412051	6.4
581.315389368	6400	9.91525929392	0.0	383025	350.297544115	6.4
581.85642243	6400	9.56496174981	0.0	383025	350.297544115	6.4
582.211791252	6400	9.70959292779	0.0	383025	355.368822021	6.4
582.567160074	6400	9.85422410577	0.0	383025	355.368822021	6.4
582.922566495	6400	9.99881768416	0.0	383025	355.40642161	6.4

