435.637111214	3066	0.5	0.213086759369	181435	213.086759369	2.21365296252
436.062990084	7800	0.574121130256	0.0	471531	425.878869744	3.066
436.496872424	7866	0.640238790224	0.0	482442	433.882340031	7.8
436.9378538	8000	0.69925741386	0.0	492120	440.981376365	7.866
437.382997226	8000	0.754113988128	0.0	492120	445.143425732	8.0
437.831632663	8000	0.805478551564	0.0	490176	448.635436564	8.0
438.297725369	8333	0.839385845798	0.0	513389	466.092705767	8.0
438.741777698	8066	0.895333516024	0.0	497055	444.052329773	7.799
439.196791713	8466	0.940319501687	0.0	520019	455.014014337	8.066
439.674338919	9000	0.962772295501	0.0	551265	477.547206186	8.466
440.15414545	9266	0.98296576464	0.0	558332	479.806530861	9.0
440.603933679	9000	1.03317753567	0.0	536970	449.788228969	8.734
441.057031564	9000	1.08007965049	0.0	536970	453.097885179	9.0
441.517976589	9000	1.11913462534	0.0	536970	460.945025152	9.0
441.978921614	9000	1.15818960019	0.0	536970	460.945025152	9.0
442.433935836	9000	1.20317537836	0.0	536970	455.014221831	9.0
442.891612246	9400	1.24549896837	0.0	553424	457.676409984	9.0
443.343858337	9000	1.29325287738	0.0	522960	452.246090995	8.6
443.798175896	9000	1.33893531793	0.0	522960	454.317559447	9.0
444.268528944	9000	1.36858227008	0.0	532300	470.353047848	9.0
444.719594433	8400	1.41751678158	0.0	503004	451.065488498	7.8
445.155004476	8000	1.48210673876	0.0	481782	435.410042822	7.6
445.582618254	8000	1.55449296023	0.0	481782	427.613778527	8.0
446.023498193	8533	1.61361302139	0.0	510552	440.879938846	8.0
446.483051501	9000	1.65405971289	0.0	536970	459.553308502	8.533
446.946133164	9000	1.69097805079	0.0	536970	463.081662095	9.0
447.409223893	9000	1.72788732134	0.0	536970	463.090729448	9.0
447.869250144	9000	1.76786107008	0.0	536970	460.02625126	9.0
448.326420393	9000	1.81069082143	0.0	536970	457.170248654	9.0
448.81338805	9533	1.82372316392	0.0	573990	486.96765751	9.0
449.311387566	9666	1.82572364793	0.0	586715	497.999515992	9.533
449.779553339	9000	1.85755787543	0.0	551265	468.165772502	8.334
450.235968356	9000	1.90114285832	0.0	551265	456.415017104	9.0
450.690077298	9000	1.947033916	0.0	551265	454.108942318	9.0
451.140641367	9000	1.99646984708	0.0	551265	450.56406892	9.0
451.589282102	9000	2.04782911213	0.0	551265	448.640734953	9.0
451.923959196	6400	2.2131520183	0.0	383025	334.677093833	3.8
452.256109963	6400	2.38100125108	0.0	383025	332.150767222	6.4
452.58562385	6400	2.55148736412	0.0	383025	329.51388696	6.4
452.915247919	6400	2.72186329495	0.0	383025	329.624069162	6.4
453.246063923	6400	2.89104729094	0.0	383025	330.816004011	6.4
453.576879927	6400	3.06023128693	0.0	383025	330.816004011	6.4
453.912186685	6400	3.22492452919	0.0	383025	335.306757744	6.4
454.248274111	6400	3.38883710326	0.0	383025	336.087425929	6.4
454.585914332	6400	3.5511968823	0.0	383025	337.64022096	6.4
454.926951544	6400	3.71015967021	0.0	383025	341.037212091	6.4
455.268110418	6400	3.86900079651	0.0	383025	341.158873697	6.4
455.609736134	6400	4.02737508075	0.0	383025	341.625715764	6.4
455.951361849	6400	4.18574936498	0.0	383025	341.625715764	6.4
456.289788187	6400	4.34732302745	0.0	383025	338.426337532	6.4
456.617217928	6400	4.51989328619	0.0	383025	327.429741265	6.4
456.944719288	6400	4.69239192598	0.0	383025	327.501360207	6.4
457.272259354	6400	4.8648518603	0.0	383025	327.540065676	6.4
457.610775389	6400	5.02633582577	0.0	383025	338.516034532	6.4
457.9547051	6400	5.18240611409	0.0	383025	343.929711684	6.4
458.298634812	6400	5.3384764024	0.0	383025	343.929711684	6.4
458.646508644	6400	5.49060257034	0.0	383025	347.873832064	6.4
458.995201651	6400	5.64190956361	0.0	383025	348.693006733	6.4
459.343894657	6400	5.79321655687	0.0	383025	348.693006733	6.4
459.691437499	6400	5.94567371498	0.0	383025	347.542841889	6.4
460.037523955	6400	6.09958725883	0.0	383025	346.086456154	6.4
460.383610412	6400	6.25350080268	0.0	383025	346.086456154	6.4
460.732892907	6400	6.40421830685	0.0	383025	349.282495823	6.4
461.084817272	6400	6.55229394231	0.0	383025	351.924364545	6.4
461.436741637	6400	6.70036957776	0.0	383025	351.924364545	6.4
461.795870274	6400	6.8412409402	0.0	383025	359.128637567	6.4
462.168493979	6400	6.96861723546	0.0	383025	372.623704738	6.4
462.541117684	6400	7.09599353072	0.0	383025	372.623704738	6.4
462.913741388	6400	7.22336982598	0.0	383025	372.623704738	6.4
463.260678797	6400	7.37643241713	0.0	383025	346.937408858	6.4
463.607591332	6400	7.52951988222	0.0	383025	346.912534902	6.4
463.954503867	6400	7.68260734732	0.0	383025	346.912534902	6.4
464.305686838	6400	7.83142437637	0.0	383025	351.182970951	6.4
464.658681984	6400	7.9784292304	0.0	383025	352.995145971	6.4
465.01167713	6400	8.12543408443	0.0	383025	352.995145971	6.4
465.363428815	6400	8.27368239951	0.0	383025	351.751684917	6.4
465.705347872	6400	8.43176334237	0.0	383025	341.919057138	6.4
466.047266929	6400	8.58984428523	0.0	383025	341.919057138	6.4
466.392544967	6400	8.74456624687	0.0	383025	345.278038361	6.4
466.740134124	6400	8.8969770907	0.0	383025	347.589156173	6.4
467.08780232	6400	9.04930889382	0.0	383025	347.668196884	6.4
467.441109362	6400	9.19600185254	0.0	383025	353.307041278	6.4
467.794416403	6400	9.34269481126	0.0	383025	353.307041278	6.4
468.147723444	6400	9.48938776998	0.0	383025	353.307041278	6.4
468.502424105	6400	9.63468710937	0.0	383025	354.700660615	6.4
468.85788297	6400	9.77922824439	0.0	383025	355.458864981	6.4
469.213341835	6400	9.9237693794	0.0	383025	355.458864981	6.4
470.067957178	6400	9.56915403673	0.0	383025	354.615342674	6.4
470.420675232	6400	9.71643598251	0.0	383025	352.718054215	6.4
470.774840096	6400	9.86227111815	0.0	383025	354.164864367	6.4
471.631528923	6400	9.50558229105	0.0	383025	356.688827101	6.4
471.982300839	6400	9.65481037522	0.0	383025	350.771915827	6.4
472.331687292	6400	9.80542392251	0.0	383025	349.386452707	6.4
472.681073744	6400	9.95603746981	0.0	383025	349.386452707	6.4
473.546053743	6400	9.59105747127	0.0	383025	364.979998538	6.4
473.913991549	6400	9.72311966521	0.0	383025	367.937806058	6.4
474.281929355	6400	9.85518185915	0.0	383025	367.937806058	6.4
474.642309339	6400	9.99480187538	0.0	383025	360.37998377	6.4
475.011243548	6400	9.63447728454	0.0	383025	360.324590838	6.4
475.37440786	6400	9.77131297223	0.0	383025	363.164312316	6.4
475.737572172	6400	9.90814865991	0.0	383025	363.164312316	6.4
476.278838973	6400	9.5449843476	0.0	383025	363.164312316	6.4
476.63943488	6400	9.68438844035	0.0	383025	360.595907246	6.4
477.000030787	6400	9.8237925331	0.0	383025	360.595907246	6.4
477.357578364	6400	9.96624495657	0.0	383025	357.547576533	6.4
478.207467706	6400	9.61635561445	0.0	383025	349.889342119	6.4
478.555744773	6400	9.76807854738	0.0	383025	348.277067072	6.4
478.903022576	6400	9.92080074442	0.0	383025	347.27780296	6.4
479.669864197	6400	9.57352294146	0.0	383025	347.27780296	6.4
480.023889461	6400	9.71949767729	0.0	383025	354.025264166	6.4
480.380505075	6400	9.8628820633	0.0	383025	356.615613991	6.4
480.749438007	6400	9.99394913087	0.0	383025	368.932932433	6.4
481.61837094	6400	9.62501619844	0.0	383025	368.932932433	6.4
481.985918079	6400	9.75746905888	0.0	383025	367.547139555	6.4
482.350723313	6400	9.89266382562	0.0	383025	364.805233261	6.4
483.215528546	6400	9.52785859236	0.0	383025	364.805233261	6.4
483.577764206	6400	9.6656229319	0.0	383025	362.235660458	6.4
483.939956082	6400	9.80343105613	0.0	383025	362.191875776	6.4
484.302147958	6400	9.94123918035	0.0	383025	362.191875776	6.4
485.108379374	6400	9.57904730457	0.0	383025	362.191875776	6.4

