5334.59988781	3066	0.5	0.198485939369	181435	198.485939369	-6.85829696847
5334.8014841	3120	0.798403707598	0.0	184429	201.596292402	2.85
5335.00743946	3146	1.09244834996	0.0	188625	205.955357641	3.016
5335.21735288	3200	1.38253492784	0.0	192435	209.913422121	2.93
5335.5299734	4800	1.56991440733	0.0	291300	312.620520508	-3.2
5335.9450143	6400	1.65487351437	0.0	389889	415.040892963	-1.6
5336.38032749	6666	1.71956032265	0.0	408326	435.313191715	5.336
5336.80493163	6453	1.79495618425	0.0	395340	424.604138401	5.388
5337.24888585	6773	1.85100196501	0.0	413791	443.954219237	5.173
5337.71893661	7200	1.88095119754	0.0	438675	470.050767474	5.065
5338.19507839	7413	1.90480941768	0.0	444483	476.141779858	6.348
5338.76821388	9000	1.83167392874	0.0	536970	573.13548894	1.065
5339.34118741	9000	1.75870039712	0.0	536970	572.973531621	9.0
5339.90515442	9000	1.69473339076	0.0	536970	563.967006361	9.0
5340.46912143	9000	1.6307663844	0.0	536970	563.967006361	9.0
5341.03308843	9000	1.56679937803	0.0	536970	563.967006361	9.0
5341.62161259	9400	1.47827522144	0.0	553424	588.52415659	7.4
5342.18731895	9000	1.41256886515	0.0	522960	565.706356296	7.0
5342.7530253	9000	1.34686250885	0.0	522960	565.706356296	9.0
5343.3286565	9000	1.27123130674	0.0	532300	575.631202111	9.0
5343.87315727	8400	1.22673054178	0.0	503004	544.500764957	5.4
5344.39510717	8000	1.2047806417	0.0	481782	521.949900086	6.0
5344.91705707	8000	1.18283074161	0.0	481782	521.949900086	8.0
5345.46957847	8533	1.13030934109	0.0	510552	552.521400527	5.868
5346.03561016	9000	1.06427764798	0.0	536970	566.031693109	6.665
5346.59884903	9000	1.00103878376	0.0	536970	563.238864221	9.0
5347.16208789	9000	0.937799919535	0.0	536970	563.238864221	9.0
5347.74484848	9000	0.855039335366	0.0	536970	582.76058417	9.0
5348.33136734	9000	0.768520468785	0.0	536970	586.518866581	9.0
5348.9576328	9533	0.642255008463	0.0	573990	626.265460322	6.868
5349.59756048	9666	0.502327327576	0.0	586715	639.927680887	9.001
5350.07854474	7200	0.521343075574	0.0	438675	480.984252002	-5.13
5350.55952899	7200	0.540358823572	0.0	438675	480.984252002	7.2
5351.03571947	7200	0.564168340689	0.0	438675	476.190482882	7.2
5351.51144218	7200	0.588445634595	0.0	438675	475.722706094	7.2
5351.98716488	7200	0.6127229285	0.0	438675	475.722706094	7.2
5352.46288759	7200	0.637000222406	0.0	438675	475.722706094	7.2
5352.91896113	6773	0.680926677637	0.0	420167	456.073544769	4.638
5353.35011332	6400	0.749774486496	0.0	396693	431.152191141	4.535
5353.82150447	7066	0.778383343953	0.0	434595	471.391142543	3.736
5354.30023338	7200	0.799654431127	0.0	442995	478.728912826	6.53
5354.80484539	7600	0.795042419965	0.0	469589	504.612011163	5.6
5355.33754857	8000	0.762339243256	0.0	496259	532.703176709	6.0
5355.88321139	8133	0.716676422719	0.0	508563	545.662820537	7.468
5356.45876439	8733	0.64112342236	0.0	536941	575.553000359	5.733
5357.02197497	8733	0.577912839619	0.0	525223	563.210582741	8.733
5357.59873367	9000	0.501154139221	0.0	536970	576.758700397	7.665
5358.1664619	9000	0.5	0.0665740895184	527946	567.72822874	5.67129552408
5358.72515147	8933	0.5	0.0586895718979	519390	558.689571898	5.66352140511
5359.18167443	7146	0.543477041221	0.0	422679	456.522958779	-1.789
5359.6432745	7200	0.581876968746	0.0	427485	461.600072475	6.93
5360.0850077	6880	0.640143771046	0.0	408679	441.7331977	5.28
5360.53996075	7000	0.685190724593	0.0	418197	454.953046453	6.4
5360.99916029	6880	0.725991177247	0.0	418435	459.199547346	6.28
5361.48028118	7200	0.74487029264	0.0	438855	481.120884607	5.6
5361.9889959	7626	0.736155575861	0.0	464559	508.714716779	5.496
5362.52185522	8000	0.703296255931	0.0	487050	532.85931993	6.13
5363.05471454	8000	0.670436936001	0.0	487050	532.85931993	8.0
5363.58757386	8000	0.637577616071	0.0	487050	532.85931993	8.0
5364.11804362	8000	0.607107854552	0.0	487050	530.469761518	8.0
5364.64751731	8000	0.577634163078	0.0	487050	529.473691474	8.0
5365.1728399	7893	0.55231156822	0.0	483158	525.322594858	7.358
5365.709049	8000	0.516102477174	0.0	493365	536.209091047	7.465
5366.24525809	8000	0.5	0.0201066138731	493365	536.209091047	6.99466930634
5366.78146718	8000	0.5	0.0362090910467	493365	536.209091047	6.18954544767
5367.25314762	6960	0.528319556542	0.0	432864	471.680443458	1.76
5367.7412292	7200	0.540237974924	0.0	449280	488.081581617	6.0
5368.23525855	7360	0.54620862637	0.0	456778	494.029348555	6.56
5368.67221144	6600	0.60925574122	0.0	402915	436.95288515	2.8
5369.211075	8160	0.570392180559	0.0	499088	538.863560661	0.36
5369.73718237	8000	0.544284806269	0.0	487050	526.10737429	7.2
5370.26328975	8000	0.518177431979	0.0	487050	526.10737429	8.0
5370.78972734	8000	0.5	0.00826015953032	487050	526.437591509	7.58699202348
5371.29707689	7680	0.5	0.00734955265231	467772	507.349552652	5.71252236738
5371.75552634	6933	0.541550553865	0.0	421780	458.449446135	3.198
5372.20106603	6826	0.596010854931	0.0	409638	445.539698933	6.291
5372.66690493	7200	0.630171955406	0.0	428730	465.838899525	5.33
5373.13274383	7200	0.664333055881	0.0	428730	465.838899525	7.2
5373.59858273	7200	0.698494156356	0.0	428730	465.838899525	7.2
5374.06442163	7200	0.732655256831	0.0	428730	465.838899525	7.2
5374.53326989	7200	0.763807003811	0.0	428730	468.84825302	7.2
5375.00503304	7200	0.792043844841	0.0	429824	471.76315897	7.2
5375.47600122	7200	0.821075673442	0.0	429084	470.9681714	7.2
5375.99839219	7946	0.798684697901	0.0	476950	522.390975541	4.216
5376.49832477	7626	0.798752121235	0.0	456045	499.932576665	6.026
5376.96773627	7200	0.829340621444	0.0	427635	469.411499791	5.07
5377.47430484	7800	0.822772047177	0.0	462222	506.568574267	4.8
5377.97409937	7800	0.822977518828	0.0	456146	499.794528349	7.8
5378.46390798	7666	0.833168911914	0.0	447075	489.808606914	6.996
5378.92584299	7133	0.8712339037	0.0	421103	461.935008214	4.468
5379.4469788	8000	0.85009808494	0.0	476265	521.135818759	3.665
5379.94511772	7733	0.851959165647	0.0	454837	498.138919293	6.398
5380.45126606	8000	0.845810825936	0.0	462300	506.148339711	6.665
5380.9574144	8000	0.839662486225	0.0	462300	506.148339711	8.0
5381.47065242	8000	0.826424473288	0.0	468906	513.238012937	8.0
5381.97980735	8000	0.817269540339	0.0	467438	509.154932949	8.0
5382.48207591	7933	0.815000975171	0.0	465132	502.268565168	7.598
5382.97397908	7533	0.823097808057	0.0	455338	491.903167115	5.533
5383.44120913	7093	0.855867759669	0.0	432025	467.230048388	4.893
5383.91506228	7200	0.882014609278	0.0	438283	473.853150391	6.665
5384.44052758	8000	0.856549311976	0.0	487050	525.465297303	4.0
5384.96308861	8000	0.833988283808	0.0	487050	522.561028168	8.0
5385.48363896	8000	0.813437934131	0.0	487050	520.550349677	8.0
5386.07583512	9066	0.721241767188	0.0	555398	592.196166943	3.736
5386.66410769	9000	0.632969201433	0.0	551655	588.272565755	8.67
5387.25238025	9000	0.544696635678	0.0	551655	588.272565755	9.0
5387.83638526	9000	0.5	0.0393083679762	551655	584.005003655	7.03458160119
5388.41981186	9000	0.5	0.0834265981886	551655	583.426598189	4.82867009057
5388.97200874	8533	0.5	0.0521968826671	521611	552.196882667	3.58815586664
5389.49213886	8000	0.5	0.0201301250749	487275	520.130125075	4.32849374626
5390.01364516	8000	0.5	0.0215062921973	487275	521.506292197	6.92468539013
5390.53515145	8000	0.5	0.0215062921973	487275	521.506292197	6.92468539013
5390.9992607	7133	0.535890744476	0.0	432597	464.109255524	2.798
5391.51707405	7933	0.518077395967	0.0	483757	517.813348509	3.933
5392.03993449	8000	0.5	0.00478304556472	488565	522.860441532	7.42584772176
5392.56787948	8000	0.5	0.0279449881247	488565	527.944988125	6.60275059376
5393.09692812	8000	0.5	0.0290486362737	488565	529.048636274	6.54756818632
5393.55213398	6933	0.544794136976	0.0	419059	455.205863024	1.598
5393.99853897	6866	0.598389147742	0.0	410775	446.404989234	6.531
5394.44687389	6866	0.650054225902	0.0	413769	448.33492184	6.866

