6806.31263064	3066	0.5	0.197004979494	181435	197.004979494	-6.78424897472
6806.51272153	3120	0.799909105943	0.0	184429	200.090894057	2.85
6806.71713724	3146	1.09549339642	0.0	188625	204.415709522	3.016
6806.92547992	3200	1.38715072147	0.0	192435	208.342674947	2.93
6807.23572271	4800	1.5769079319	0.0	291300	310.242789576	-3.2
6807.64758114	6400	1.66504950078	0.0	389889	411.858431119	-1.6
6808.07844258	6666	1.73418806138	0.0	408326	430.861439397	5.336
6808.50376115	6453	1.80886948258	0.0	395340	425.318578803	5.388
6808.9517764	6773	1.86085423418	0.0	413791	448.015248398	5.173
6809.42613242	7200	1.8864982209	0.0	438675	474.356013279	5.065
6809.90140597	7413	1.91122466883	0.0	444483	475.27355207	6.348
6810.45711838	9000	1.85551225632	0.0	536970	555.712412518	1.065
6811.01277547	9000	1.7998551665	0.0	536970	555.657089815	9.0
6811.56429778	9000	1.74833285487	0.0	536970	551.522311627	9.0
6812.11582009	9000	1.69681054325	0.0	536970	551.522311627	9.0
6812.67347017	9000	1.63916046989	0.0	536970	557.650073361	9.0
6813.26040648	9400	1.55222415756	0.0	553424	586.936312322	7.4
6813.81558452	9000	1.49704611344	0.0	522960	555.178044126	7.0
6814.37076257	9000	1.44186806931	0.0	522960	555.178044126	9.0
6814.97550821	9000	1.33712242251	0.0	532300	604.745646806	9.0
6815.54855695	8400	1.26407368663	0.0	503004	573.048735874	5.4
6816.09785037	8000	1.21478026935	0.0	481782	549.293417283	6.0
6816.64714379	8000	1.16548685207	0.0	481782	549.293417283	8.0
6817.22864154	8533	1.0839890942	0.0	510552	581.497757867	5.868
6817.83971088	9000	0.972919759359	0.0	536970	611.069334841	6.665
6818.45078021	9000	0.861850424518	0.0	536970	611.069334841	9.0
6819.06184955	9000	0.750781089678	0.0	536970	611.069334841	9.0
6819.67321692	9000	0.63941371916	0.0	536970	611.367370518	9.0
6820.28477398	9000	0.527856653711	0.0	536970	611.557065449	9.0
6820.80673437	7626	0.505896268567	0.0	456993	521.960385144	0.756
6821.33995581	7733	0.5	0.0273251770119	467045	533.221445579	5.83174114941
6821.8413949	7200	0.5	0.00143908539734	438675	501.439085397	4.46304573013
6822.34283399	7200	0.5	0.00143908539734	438675	501.439085397	7.12804573013
6822.84427307	7200	0.5	0.00143908539734	438675	501.439085397	7.12804573013
6823.34571216	7200	0.5	0.00143908539734	438675	501.439085397	7.12804573013
6823.84619381	7200	0.5	0.000481651786334	438675	500.481651786	7.17591741068
6824.34659083	7200	0.5	0.000397017362144	438675	500.397017362	7.18014913189
6824.82629765	6773	0.520293170128	0.0	420167	479.706829872	4.638
6825.27976278	6400	0.566828044446	0.0	396693	453.465125682	4.535
6825.77559875	7066	0.57099207987	0.0	434595	495.835964576	3.736
6826.28082511	7200	0.565765712499	0.0	442995	505.226367371	6.53
6826.81578105	7600	0.530809777044	0.0	469589	534.955935456	5.6
6827.26722277	6400	0.579368059583	0.0	394883	451.441717461	0.4
6827.7298167	6506	0.616774120899	0.0	404859	462.593938684	5.976
6828.21748749	6986	0.629103335134	0.0	427291	487.670785766	4.586
6828.69794254	6986	0.648648285863	0.0	418081	480.45504927	6.986
6829.19016928	7200	0.656421547685	0.0	427485	492.226738178	6.13
6829.67394237	7200	0.672648456246	0.0	419991	483.77309144	7.2
6830.14985066	7146	0.696740166656	0.0	413019	475.90828959	6.876
6830.63665596	7146	0.709934862455	0.0	422679	486.805304201	7.146
6831.1288827	7200	0.717708124277	0.0	427485	492.226738178	6.93
6831.59989523	6880	0.746695594874	0.0	408679	471.012529403	5.28
6832.08164459	7000	0.764946234719	0.0	418197	481.749360155	6.4
6832.56366243	6880	0.782928397393	0.0	418435	482.017837326	6.28
6833.06871516	7200	0.777875669968	0.0	438855	505.052727425	5.6
6833.60276342	7626	0.743827408015	0.0	464559	534.048261953	5.496
6834.15422458	8000	0.69236624158	0.0	487050	551.461166435	6.13
6834.6913991	8000	0.655191729237	0.0	487050	537.174512342	8.0
6835.22857361	8000	0.618017216895	0.0	487050	537.174512342	8.0
6835.76574812	8000	0.580842704552	0.0	487050	537.174512342	8.0
6836.30292263	8000	0.54366819221	0.0	487050	537.174512342	8.0
6836.83588451	7893	0.510706313482	0.0	483158	532.961878728	7.358
6837.36081485	8000	0.5	0.0142240260648	493365	524.930339547	6.75379869676
6837.88378546	8000	0.5	0.0229706126701	493365	522.97061267	6.85146936649
6838.40667724	8000	0.5	0.0228917779073	493365	522.891777907	6.85541110464
6838.86355487	6960	0.543122375062	0.0	432864	456.877624938	1.76
6839.33737995	7200	0.569297295286	0.0	449280	473.825079776	6.0
6839.81894577	7360	0.587731473771	0.0	456778	481.565821514	6.56
6840.24067021	6600	0.666007035074	0.0	402915	421.724438697	2.8
6840.75129978	8160	0.655377461283	0.0	499088	510.629573791	0.36
6841.24985417	8000	0.656823070244	0.0	487050	498.554391039	7.2
6841.76115144	8000	0.645525798359	0.0	487050	511.297271885	8.0
6842.27409085	8000	0.632586387488	0.0	487050	512.939410871	8.0
6842.76712334	7680	0.639553897801	0.0	467772	493.032489687	6.08
6843.22093552	6933	0.685741726247	0.0	421780	453.812171555	3.198
6843.66755072	6826	0.739126523404	0.0	409638	446.615202842	6.291
6844.13451525	7200	0.772161993955	0.0	428730	466.964529449	5.33
6844.60169517	7200	0.804982074344	0.0	428730	467.179919611	7.2
6845.08547289	7200	0.821204347275	0.0	428730	483.777727069	7.2
6845.56925062	7200	0.837426620206	0.0	428730	483.777727069	7.2
6846.05302835	7200	0.853648893137	0.0	428730	483.777727069	7.2
6846.53801502	7200	0.868662216767	0.0	429824	484.986676369	7.2
6847.02218395	7200	0.884493294038	0.0	429084	484.168922729	7.2
6847.55924827	7946	0.847428971678	0.0	476950	537.06432236	4.216
6848.07321105	7626	0.833466189644	0.0	456045	513.962782034	6.026
6848.55577872	7200	0.850898516947	0.0	427635	482.567672697	5.07
6849.0687727	7800	0.837904545448	0.0	462222	512.9939715	4.8
6849.57467733	7800	0.83199991577	0.0	456146	505.904629677	7.8
6850.07072031	7666	0.835956933232	0.0	447075	496.042982539	6.996
6850.53586398	7133	0.870813260816	0.0	421103	465.143672416	4.468
6851.05142602	8000	0.855251226384	0.0	476265	515.562034432	3.665
6851.54424192	7733	0.862435317059	0.0	454837	492.815909325	6.398
6852.04497991	8000	0.861697327666	0.0	462300	500.737989392	6.665
6852.54175011	8000	0.864927135891	0.0	462300	496.770191775	8.0
6853.04385916	8000	0.862818077961	0.0	468906	502.10905793	8.0
6853.54442758	8000	0.862249661645	0.0	467438	500.568416316	8.0
6854.04257589	7933	0.864101354024	0.0	465132	498.148307621	7.598
6854.51861062	7533	0.888066626372	0.0	455338	476.034727652	5.533
6854.96938245	7093	0.937294795115	0.0	432025	450.771831257	4.893
6855.42653898	7200	0.980138263621	0.0	438283	457.156531494	6.665
6855.92918249	8000	0.977494747477	0.0	487050	502.643516144	4.0
6856.42416868	8000	0.982508560936	0.0	487050	494.986186541	8.0
6856.91915487	8000	0.987522374394	0.0	487050	494.986186541	8.0
6857.4797596	9066	0.926917637689	0.0	555398	560.604736705	3.736
6858.03620451	9000	0.870472729044	0.0	551655	556.444908645	8.67
6858.61286007	9000	0.79381717234	0.0	551655	576.655556704	9.0
6859.19859757	9000	0.708079668147	0.0	551655	585.737504193	9.0
6859.80032212	9000	0.606355117606	0.0	551655	601.724550541	9.0
6860.37454193	8533	0.532135313038	0.0	521611	574.219804568	6.198
6860.91162093	8000	0.5	0.00494368888303	487275	537.079001921	5.08781555585
6861.44869993	8000	0.5	0.0370790019206	487275	537.079001921	6.14604990397
6861.98577893	8000	0.5	0.0370790019206	487275	537.079001921	6.14604990397
6862.4635461	7133	0.522232832915	0.0	432597	477.767167085	2.798
6862.88943671	6346	0.59634222117	0.0	384845	425.890611745	2.411
6863.3194717	6400	0.666307238325	0.0	388680	430.034982845	6.13
6863.74950668	6400	0.73627225548	0.0	388680	430.034982845	6.4
6864.17954166	6400	0.806237272634	0.0	388680	430.034982845	6.4
6864.64240633	6933	0.843372602787	0.0	419059	462.864669847	4.268
6865.09631873	6866	0.889460206785	0.0	410775	453.912396002	6.531
6865.52578675	6866	0.959992188159	0.0	413769	429.468018626	6.866

