4776.0147807	3066	0.5	0.217348704841	181435	217.348704841	-7.80143524207
4776.23555103	3120	0.779229672967	0.0	184429	220.770327033	2.85
4776.46111665	3146	1.05366404643	0.0	188625	225.565626537	3.016
4776.69103645	3200	1.32374425137	0.0	192435	229.919795057	2.93
4777.03394177	4800	1.48083892594	0.0	291300	342.905325435	-3.2
4777.37565399	4800	1.63912671125	0.0	290256	341.712214691	4.8
4777.73298064	5000	1.78180005968	0.0	303919	357.326651565	4.0
4778.19478562	6453	1.81999507734	0.0	395340	461.804982346	-0.812
4778.6776769	6773	1.83710380539	0.0	413791	482.891271943	5.173
4779.18900626	7200	1.82577444173	0.0	438675	511.329363664	5.065
4779.70697316	7413	1.80780754243	0.0	444483	517.966899297	6.348
4780.33051332	9000	1.68426738118	0.0	536970	623.540161256	1.065
4780.93056282	9000	1.58421788343	0.0	536970	600.049497749	9.0
4781.53061231	9000	1.48416838568	0.0	536970	600.049497749	9.0
4782.12850608	9000	1.38627461608	0.0	536970	597.893769594	9.0
4782.69027728	9000	1.3245034165	0.0	536970	561.771199585	9.0
4783.26895603	9400	1.245824674	0.0	553424	578.678742498	7.4
4783.84252519	9000	1.17225550782	0.0	522960	573.569166183	7.0
4784.42912038	9000	1.08566032322	0.0	522960	586.595184596	9.0
4785.02601348	9000	0.988767220957	0.0	532300	596.893102265	9.0
4785.59634691	8400	0.918433786973	0.0	503004	570.333433984	5.4
4786.14759963	8000	0.867181074943	0.0	481782	551.25271203	6.0
4786.69885234	8000	0.815928362913	0.0	481782	551.25271203	8.0
4787.28242639	8533	0.732354309436	0.0	510552	583.574053477	5.868
4787.77267973	7200	0.742100967464	0.0	427485	490.253341972	0.535
4788.26293308	7200	0.751847625492	0.0	427485	490.253341972	7.2
4788.73010846	7200	0.784672236522	0.0	427485	467.17538897	7.2
4789.18830651	7200	0.826474193401	0.0	427485	458.198043121	7.2
4789.64203424	7200	0.872746462643	0.0	427485	453.727730758	7.2
4790.11920905	7626	0.895571651652	0.0	456993	477.174810991	5.496
4790.61093157	7733	0.903849126896	0.0	467045	491.722524756	7.198
4791.08221742	7200	0.932563279379	0.0	438675	471.285847517	4.535
4791.55350327	7200	0.961277431862	0.0	438675	471.285847517	7.2
4792.02488821	7200	0.989892486893	0.0	438675	471.38494497	7.2
4792.49676499	7200	1.01801571486	0.0	438675	471.876772031	7.2
4792.96864176	7200	1.04613894283	0.0	438675	471.876772031	7.2
4793.44050071	7200	1.07427998661	0.0	438675	471.858956222	7.2
4793.89033708	6773	1.12444361973	0.0	420167	449.836366877	4.638
4794.31560055	6400	1.19918014619	0.0	396693	425.263473537	4.535
4794.78054034	7066	1.23424035829	0.0	434595	464.939787901	3.736
4795.25051154	7200	1.26426916162	0.0	442995	469.971196671	6.53
4795.7474237	7600	1.26735700299	0.0	469589	496.912158629	5.6
4796.27756725	8000	1.2372134471	0.0	496259	530.143555897	6.0
4796.82395325	8133	1.19082744864	0.0	508563	546.385998458	7.468
4797.40026978	8733	1.11451091677	0.0	536941	576.316531872	5.733
4797.99030964	8733	1.02447105918	0.0	525223	590.039857589	8.733
4798.59700154	9000	0.917779156407	0.0	536970	606.691902771	7.665
4799.1936658	9000	0.821114904586	0.0	527946	596.664251821	9.0
4799.77673432	8933	0.738046378314	0.0	519390	583.068526272	8.598
4800.361064	8933	0.653716696976	0.0	530998	584.329681338	8.933
4800.95185303	9000	0.562927675194	0.0	536970	590.789021782	8.665
4801.51377158	8600	0.501009117917	0.0	513386	561.918557277	6.6
4801.95914267	7000	0.555638032447	0.0	418197	445.37108547	-1.0
4802.40476153	6880	0.610019173037	0.0	418435	445.61885941	6.28
4802.87352037	7200	0.641260333981	0.0	438855	468.758839057	5.6
4803.37014849	7626	0.644632209829	0.0	464559	496.628124152	5.496
4803.89033606	8000	0.624444638674	0.0	487050	520.187571155	6.13
4804.40719667	8000	0.607584031719	0.0	487050	516.860606956	8.0
4804.92355349	8000	0.591227215451	0.0	487050	516.356816267	8.0
4805.44456348	8000	0.570217219356	0.0	487050	521.009996095	8.0
4805.96897617	8000	0.545804525857	0.0	487050	524.412693499	8.0
4806.48927821	7893	0.525502486712	0.0	483158	520.302039145	7.358
4807.01074292	8000	0.504037777974	0.0	493365	521.464708738	7.465
4807.53077561	8000	0.5	0.0159949055581	493365	520.032683532	7.2002547221
4808.05639677	8000	0.5	0.0256211616882	493365	525.621161688	6.71894191559
4808.51878767	6960	0.537609095633	0.0	432864	462.390904367	1.76
4808.9975777	7200	0.558819068228	0.0	449280	478.790027405	6.0
4809.46766354	7360	0.588733224956	0.0	456778	470.085843272	6.56
4809.89688092	6600	0.659515843459	0.0	402915	429.217381496	2.8
4810.44779913	8160	0.60859764083	0.0	499088	550.918202629	0.36
4810.98567039	8000	0.570726382474	0.0	487050	537.871258356	7.2
4811.52694861	8000	0.529448152986	0.0	487050	541.278229488	8.0
4812.06960157	8000	0.5	0.0132048001633	487050	542.65295315	7.33975999184
4812.5911715	7680	0.5	0.021569935737	467772	521.569935737	5.00150321315
4813.06208567	6933	0.529085835517	0.0	421780	470.914164483	3.198
4813.51367508	6826	0.577496420753	0.0	409638	451.589414764	6.291
4813.98584566	7200	0.605325846266	0.0	428730	472.170574487	5.33
4814.45801623	7200	0.633155271779	0.0	428730	472.170574487	7.2
4814.92980484	7200	0.661366661828	0.0	428730	471.788609951	7.2
4815.39784646	7200	0.693325039598	0.0	428730	468.041622229	7.2
4815.86588809	7200	0.725283417369	0.0	428730	468.041622229	7.2
4816.3350985	7200	0.756073000012	0.0	429824	469.210417356	7.2
4816.78565382	7200	0.805517679447	0.0	429084	450.555320565	7.2
4817.28100761	7946	0.810163893718	0.0	476950	495.353785729	4.216
4817.75689758	7626	0.834273928014	0.0	456045	475.889965704	6.026
4818.20585952	7200	0.885311980708	0.0	427635	448.961947305	5.07
4818.68248139	7800	0.908690114249	0.0	462222	476.62186646	4.8
4819.15086109	7800	0.940310412546	0.0	456146	468.379701703	7.8
4819.60836204	7666	0.982809462864	0.0	447075	457.500949682	6.996
4820.03426104	7133	1.05691046156	0.0	421103	425.899001304	4.468
4820.51464035	8000	1.07653115328	0.0	476265	480.379308284	3.665
4820.95925666	7733	1.13191484227	0.0	454837	444.616311009	6.398
4821.41381273	8000	1.17735877624	0.0	462300	454.556066022	6.665
4821.89297349	8000	1.19819801115	0.0	462300	479.160765098	8.0
4822.38063264	8000	1.21053886176	0.0	468906	487.659149387	8.0
4822.87692808	8000	1.21424342512	0.0	467438	496.295436635	8.0
4823.37082449	7933	1.2203470174	0.0	465132	493.896407722	7.598
4823.86607637	7533	1.22509513425	0.0	455338	495.25188315	5.533
4824.46856532	8866	1.12260618384	0.0	543071	602.488950415	2.201
4825.07972988	9000	1.01144162354	0.0	551023	611.164560296	8.33
4825.63034756	8000	0.960823938714	0.0	487050	550.617684827	3.0
4826.1910889	8000	0.900082606022	0.0	487050	560.741332692	8.0
4826.75183023	8000	0.839341273331	0.0	487050	560.741332692	8.0
4827.26138388	7253	0.8297876188	0.0	441782	509.553654531	3.518
4827.76762778	7200	0.823543726882	0.0	438855	506.243891917	6.935
4828.27387167	7200	0.817299834965	0.0	438855	506.243891917	7.2
4828.775074	7200	0.816097504039	0.0	438855	501.202330926	7.2
4829.27356465	7200	0.817606852306	0.0	438855	498.490651733	7.2
4829.74544658	6826	0.845724918782	0.0	414950	471.881933524	4.956
4830.29783367	8000	0.793337838031	0.0	487275	552.387080751	2.13
4830.84840856	8000	0.742762943061	0.0	487275	550.57489497	8.0
4831.39705535	8000	0.694116153334	0.0	487275	548.646789727	8.0
4831.88525962	7133	0.705911884092	0.0	432597	488.204269243	2.798
4832.43001752	7933	0.661153985456	0.0	483757	544.757898636	3.933
4832.95944632	8000	0.631725181784	0.0	488565	529.428803672	7.665
4833.48314023	8000	0.608031270922	0.0	488565	523.693910861	8.0
4834.00452108	8000	0.586650425053	0.0	488565	521.38084587	8.0
4834.4422985	6933	0.648873001252	0.0	419059	437.777423801	1.598
4834.87161958	6866	0.719551924121	0.0	410775	429.321077132	6.531
4835.30935772	6866	0.781813781295	0.0	413769	437.738142826	6.866

