229.07672933	3066	0.5	0.207740857786	181435	207.740857786	-7.32104288932
229.287733264	3120	0.788996066577	0.0	184429	211.003933423	2.85
229.503310298	3146	1.07341903183	0.0	188625	215.577034751	3.016
229.723039744	3200	1.35368958619	0.0	192435	219.729445631	2.93
230.050519348	4800	1.52620998263	0.0	291300	327.479603567	-3.2
230.376861125	4800	1.69986820503	0.0	290256	326.341777593	4.8
230.718093819	5000	1.85863551147	0.0	303919	341.232693568	4.0
231.158963666	6453	1.91776566432	0.0	395340	440.869847148	-0.812
231.619158202	6773	1.95757112847	0.0	413791	460.194535846	5.173
232.103542238	7200	1.97318709262	0.0	438675	484.384035855	5.065
232.594207056	7413	1.98252227377	0.0	444483	490.66481885	6.348
233.184887505	9000	1.8918418253	0.0	536970	590.680448471	1.065
233.760953836	9000	1.81577549373	0.0	536970	576.066331564	9.0
234.333827947	9000	1.74290138333	0.0	536970	572.8741104	9.0
234.906702057	9000	1.67002727293	0.0	536970	572.8741104	9.0
235.480245581	9000	1.59648374914	0.0	536970	573.543523794	9.0
236.071099361	9400	1.50562996896	0.0	553424	590.853780176	7.4
236.633041542	9000	1.44368778864	0.0	522960	561.94218032	7.0
237.197157826	9000	1.37957150446	0.0	522960	564.116284184	9.0
237.771170557	9000	1.30555877295	0.0	532300	574.012731511	9.0
238.314021203	8400	1.26270812693	0.0	503004	542.850646018	5.4
238.822547697	8000	1.25418163314	0.0	481782	508.52649379	6.0
239.331074191	8000	1.24565513935	0.0	481782	508.52649379	8.0
239.88010654	8533	1.19662279051	0.0	510552	549.032348839	5.868
240.45766048	9000	1.11906885003	0.0	536970	577.553940483	6.665
241.029700185	9000	1.04702914515	0.0	536970	572.039704878	9.0
241.598468612	9000	0.978260718009	0.0	536970	568.768427139	9.0
242.167237039	9000	0.90949229087	0.0	536970	568.768427139	9.0
242.746729213	9000	0.830000117306	0.0	536970	579.492173564	9.0
243.365519586	9533	0.711209744054	0.0	573990	618.790373252	6.868
243.993733643	9666	0.582995687359	0.0	586715	628.214056695	9.001
244.569935237	9000	0.506794093537	0.0	551265	576.201593822	5.67
245.03049619	7200	0.546233139786	0.0	438675	460.560953751	-1.8
245.498923107	7200	0.577806223046	0.0	438675	468.42691674	7.2
245.972048717	7200	0.604680613445	0.0	438675	473.125609601	7.2
246.445174326	7200	0.631555003844	0.0	438675	473.125609601	7.2
246.919844438	7200	0.656884892481	0.0	438675	474.670111363	7.2
247.375236679	6773	0.701492651486	0.0	420167	455.392240995	4.638
247.805745629	6400	0.770983700862	0.0	396693	430.508950624	4.535
248.275719932	7066	0.801009398545	0.0	434595	469.974302317	3.736
248.743125135	7200	0.833604195247	0.0	442995	467.405203298	6.53
249.237989416	7600	0.838739914586	0.0	469589	494.864280661	5.6
249.762227726	8000	0.814501604432	0.0	496259	524.238310154	6.0
250.302121943	8133	0.774607386782	0.0	508563	539.89421765	7.468
250.871584451	8733	0.705144879444	0.0	536941	569.462507338	5.733
251.443867449	8733	0.632861880719	0.0	525223	572.282998724	8.733
252.035498371	9000	0.541230959105	0.0	536970	591.630921615	7.665
252.617354748	9000	0.5	0.0406254174951	527946	581.8563766	6.96872912525
253.076991921	7146	0.540362827077	0.0	413019	459.637172923	-2.124
253.547587763	7146	0.569766984963	0.0	422679	470.595842115	7.146
254.023420732	7200	0.593934015815	0.0	427485	475.832969148	6.93
254.47876069	6880	0.638594057692	0.0	408679	455.339958123	5.28
254.942690826	7000	0.67466392132	0.0	418197	463.930136372	6.4
255.404032596	6880	0.713322151207	0.0	418435	461.341770113	6.28
255.887400246	7200	0.729954501457	0.0	438855	483.36764975	5.6
256.398493323	7626	0.718861425157	0.0	464559	511.093076301	5.496
256.936074451	8000	0.681280296636	0.0	487050	537.58112852	6.13
257.473945564	8000	0.643409183634	0.0	487050	537.871113002	8.0
258.011816677	8000	0.605538070633	0.0	487050	537.871113002	8.0
258.548643604	8000	0.568711143338	0.0	487050	536.826927295	8.0
259.083624325	8000	0.533730422296	0.0	487050	534.980721042	8.0
259.614409943	7893	0.502944804357	0.0	483158	530.785617939	7.358
260.154658534	8000	0.5	0.0373037867302	493365	540.248591087	5.59981066349
260.694574218	8000	0.5	0.039915683846	493365	539.915683846	6.0042158077
261.234489902	8000	0.5	0.039915683846	493365	539.915683846	6.0042158077
261.708675985	6960	0.525813917388	0.0	432864	474.186082612	1.76
262.192332411	7200	0.542157491452	0.0	449280	483.656425935	6.0
262.683893653	7360	0.550596249185	0.0	456778	491.561242267	6.56
263.110020858	6600	0.62446904398	0.0	402915	426.127205205	2.8
263.503559645	6120	0.730930256834	0.0	371455	393.538787146	3.72
263.884952998	6000	0.84953690418	0.0	362580	381.393352654	5.4
264.256777989	6000	0.977711912881	0.0	362580	371.824991299	6.0
264.628602981	6000	1.10588692158	0.0	362580	371.824991299	6.0
265.104482446	7680	1.13000745627	0.0	467772	475.879465309	-0.72
265.641099222	8666	1.09339068051	0.0	530195	536.616775763	3.736
266.164149528	8533	1.07034037392	0.0	515343	523.050306588	7.868
266.718614637	9000	1.01587526486	0.0	539520	554.465109063	6.665
267.274464695	9000	0.960025206626	0.0	539520	555.850058232	9.0
267.846032038	9000	0.888457863825	0.0	539520	571.567342801	9.0
268.417599381	9000	0.816890521024	0.0	539520	571.567342801	9.0
268.985750091	9000	0.748739811095	0.0	539520	568.15070993	9.0
269.554560145	9000	0.679929757225	0.0	540862	568.81005387	9.0
270.125757773	9000	0.608732129204	0.0	539793	571.197628021	9.0
270.631620462	7946	0.602869439831	0.0	476950	505.862689373	2.676
271.114837181	7626	0.619652721335	0.0	456045	483.216718497	6.026
271.56595666	7200	0.668533242439	0.0	427635	451.119478895	5.07
272.052753759	7800	0.681736142637	0.0	462222	486.797099802	4.8
272.534074775	7800	0.700415126858	0.0	456146	481.321015779	7.8
273.008747158	7666	0.725742744518	0.0	447075	474.67238234	6.996
273.456425252	7133	0.778064649745	0.0	421103	447.678094773	4.468
273.957126464	8000	0.77736343763	0.0	476265	500.701212115	3.665
274.432387633	7733	0.802102269214	0.0	454837	475.261168416	6.398
274.918440764	8000	0.816049137594	0.0	462300	486.053131621	6.665
275.410890808	8000	0.823599093964	0.0	462300	492.45004363	8.0
275.910234784	8000	0.824255117848	0.0	468906	499.343976116	8.0
276.410304103	8000	0.824185798939	0.0	467438	500.069318909	8.0
276.910950801	7933	0.823539101317	0.0	465132	500.646697622	7.598
277.401266251	7533	0.833223651075	0.0	455338	490.315450242	5.533
277.867096415	7093	0.867393486907	0.0	432025	465.830164168	4.893
278.33967009	7200	0.894819811625	0.0	438283	472.573675282	6.665
278.863713548	8000	0.870776354437	0.0	487050	524.043457187	4.0
279.387757005	8000	0.84673289725	0.0	487050	524.043457187	8.0
279.904267587	8000	0.830222314782	0.0	487050	516.510582469	8.0
280.490475284	9066	0.744014618025	0.0	555398	586.207696756	3.736
281.068674689	9000	0.665815212677	0.0	551655	578.199405348	8.67
281.643228308	9000	0.591261593815	0.0	551655	574.553618862	9.0
282.223064593	9000	0.51142530888	0.0	551655	579.836284936	9.0
282.809142259	9000	0.5	0.0746523573419	551655	586.077666221	5.2673821329
283.363845829	8533	0.5	0.0547035693603	521611	554.70356936	3.46282153198
283.889697718	8000	0.5	0.0258518892099	487275	525.85188921	4.0424055395
284.415764444	8000	0.5	0.0260667263818	487275	526.066726382	6.69666368091
284.941966713	8000	0.5	0.0262022683787	487275	526.202268379	6.68988658107
285.412843253	7133	0.5291234594	0.0	432597	470.8765406	2.798
285.938224203	7933	0.503742509806	0.0	483757	525.380949593	3.933
286.468727459	8000	0.5	0.0267607462459	488565	530.503256052	6.32696268771
286.998178269	8000	0.5	0.0294508102083	488565	529.450810208	6.52745948958
287.52724086	8000	0.5	0.0290625910052	488565	529.062591005	6.54687044974
287.982458693	6933	0.544782167523	0.0	419059	455.217832477	1.598
288.424726325	6866	0.602514535066	0.0	410775	442.267632457	6.531
288.869874104	6866	0.657366756134	0.0	413769	445.147778932	6.866

