1906.57822575	3066	0.5	0.203094775064	181435	203.094775064	-7.08873875319
1906.78450693	3120	0.793718817922	0.0	184429	206.281182078	2.85
1906.99525376	3146	1.08297198326	0.0	188625	210.746834659	3.016
1907.21005544	3200	1.368170302	0.0	192435	214.80168126	2.93
1907.5300756	4800	1.54815014064	0.0	291300	320.020161358	-3.2
1907.85882626	4800	1.71939948935	0.0	290256	328.750651297	4.8
1908.20275266	5000	1.87547308773	0.0	303919	343.926401614	4.0
1908.66507041	6453	1.91315533066	0.0	395340	462.317757077	-0.812
1909.15429005	6773	1.92393569769	0.0	413791	489.219632962	5.173
1909.67232834	7200	1.90589740665	0.0	438675	518.038291045	5.065
1910.19814961	7413	1.880076133	0.0	444483	525.821273652	6.348
1910.83144769	9000	1.74677805268	0.0	536970	633.298080316	1.065
1911.44864268	9000	1.62958306265	0.0	536970	617.194990033	9.0
1912.06185123	9000	1.51637451125	0.0	536970	613.208551398	9.0
1912.68135738	9000	1.39686836075	0.0	536970	619.506150504	9.0
1913.31356653	9000	1.26465921388	0.0	536970	632.209146865	9.0
1913.92620404	9400	1.15202170367	0.0	553424	612.637510213	7.4
1914.48182123	9000	1.09640451678	0.0	522960	555.617186886	7.0
1915.02236374	9000	1.05586200885	0.0	522960	540.542507933	9.0
1915.55840923	9000	1.01981651796	0.0	532300	536.045490888	9.0
1916.08973136	8400	0.98849438343	0.0	503004	531.322134529	5.4
1916.60974745	8000	0.968478300373	0.0	481782	520.016083057	6.0
1917.13016761	8000	0.948058131602	0.0	481782	520.420168771	8.0
1917.68205894	8533	0.896166807408	0.0	510552	551.891324193	5.868
1918.26262581	9000	0.815599939173	0.0	536970	580.566868235	6.665
1918.84639871	9000	0.73182703125	0.0	536970	583.772907924	9.0
1919.42882899	9000	0.649396755864	0.0	536970	582.430275386	9.0
1920.00982683	9000	0.568398911819	0.0	536970	580.997844045	9.0
1920.57092777	9000	0.507297980282	0.0	536970	561.100931537	9.0
1921.03857812	7626	0.539647621967	0.0	456993	467.650358315	0.756
1921.51306263	7733	0.565163111003	0.0	467045	474.484510964	7.198
1921.9652031	7200	0.613022644848	0.0	438675	452.140466155	4.535
1922.4310173	7200	0.647208440666	0.0	438675	465.814204182	7.2
1922.90192088	7200	0.676304864476	0.0	438675	470.90357619	7.2
1923.3808485	7200	0.697377247568	0.0	438675	478.927616908	7.2
1923.85783991	7200	0.720385837914	0.0	438675	476.991409655	7.2
1924.33329549	7200	0.744930252504	0.0	438675	475.455585409	7.2
1924.79322423	6773	0.785001512287	0.0	420167	459.928740218	4.638
1925.23389926	6400	0.844326481925	0.0	396693	440.675030362	4.535
1925.72977407	7066	0.848451677993	0.0	434595	495.874803932	3.736
1926.23049803	7200	0.847727716385	0.0	442995	500.723961608	6.53
1926.75413607	7600	0.82408967854	0.0	469589	523.638037845	5.6
1927.29853003	8000	0.779695713109	0.0	496259	544.393965431	6.0
1927.84978442	8133	0.728441323146	0.0	508563	551.254389963	7.468
1928.29209368	6986	0.786132060497	0.0	427291	442.309262649	1.251
1928.71754485	6986	0.860680895642	0.0	418081	425.451164855	6.986
1929.14423544	7200	0.933990301276	0.0	427485	426.690594366	6.13
1929.55374447	7200	1.0244812755	0.0	419991	409.509025774	7.2
1930.00191259	7146	1.0763131512	0.0	413019	448.168124301	6.876
1930.48675374	7146	1.09147200862	0.0	422679	484.841142578	7.146
1930.98178884	7200	1.09643690051	0.0	427485	495.035108114	6.93
1931.47779337	6880	1.1004323741	0.0	408679	496.004526413	5.28
1931.98511678	7000	1.09310896151	0.0	418197	507.323412586	6.4
1932.49269776	6880	1.0855279863	0.0	418435	507.580975206	6.28
1933.02283712	7200	1.05538862276	0.0	438855	530.13936354	5.6
1933.58344136	7626	0.994784385402	0.0	464559	560.604237361	5.496
1934.147381	8000	0.930844741282	0.0	487050	563.939644121	6.13
1934.69841978	8000	0.879805962295	0.0	487050	551.038778986	8.0
1935.24121454	8000	0.837011206155	0.0	487050	542.79475614	8.0
1935.7809213	8000	0.797304450101	0.0	487050	539.706756054	8.0
1936.31186922	8000	0.76635652702	0.0	487050	530.94792308	8.0
1936.82953941	7893	0.74868633132	0.0	483158	517.670195701	7.358
1937.3532401	8000	0.724985648127	0.0	493365	523.700683193	7.465
1937.87013451	8000	0.708091238136	0.0	493365	516.89440999	8.0
1938.38278764	8000	0.695438108269	0.0	493365	512.653129867	8.0
1938.83034416	6960	0.747881582722	0.0	432864	447.556525547	1.76
1939.29719462	7200	0.781031127281	0.0	449280	466.850455441	6.0
1939.773268	7360	0.804957743598	0.0	456778	476.073383683	6.56
1940.33915555	8800	0.739070198763	0.0	541560	565.887544835	1.6
1940.88561629	8160	0.692609451875	0.0	499088	546.460746888	4.96
1941.41847332	8000	0.659752421607	0.0	487050	532.857030269	7.2
1941.94999605	8000	0.628229693618	0.0	487050	531.522727988	8.0
1942.47069946	8000	0.607526288783	0.0	487050	520.703404835	8.0
1942.97011387	7680	0.60811187493	0.0	467772	499.414413853	6.08
1943.4262464	6933	0.651979346838	0.0	421780	456.132528092	3.198
1943.87280272	6826	0.705423027222	0.0	409638	446.556319616	6.291
1944.35047606	7200	0.727749684926	0.0	428730	477.673342295	5.33
1944.82866257	7200	0.74956317497	0.0	428730	478.186509956	7.2
1945.30845941	7200	0.769766332035	0.0	428730	479.796842936	7.2
1945.78340028	7200	0.794825460737	0.0	428730	474.940871297	7.2
1946.24606048	7200	0.832165260596	0.0	428730	462.660200141	7.2
1946.7211057	7200	0.857120043717	0.0	429824	475.045216879	7.2
1947.20492683	7200	0.873298920269	0.0	429084	483.821123447	7.2
1947.73232907	7946	0.845896677658	0.0	476950	527.402242611	4.216
1948.22434419	7626	0.853881552728	0.0	456045	492.015124931	6.026
1948.67008867	7200	0.908137076593	0.0	427635	445.744476134	5.07
1949.14465331	7800	0.933572436526	0.0	462222	474.564640067	4.8
1949.61025898	7800	0.967966764761	0.0	456146	465.605671765	7.8
1950.06297371	7666	1.01525203087	0.0	447075	452.714733888	6.996
1950.49335758	7133	1.08486816784	0.0	421103	430.383863033	4.468
1950.99522427	8000	1.08300147156	0.0	476265	501.866696281	3.665
1951.47708797	7733	1.10113777547	0.0	454837	481.863696089	6.398
1951.96896602	8000	1.1092597237	0.0	462300	491.878051772	6.665
1952.46824833	8000	1.10997741569	0.0	462300	499.282308003	8.0
1952.99267625	8000	1.08554949513	0.0	468906	524.427920568	8.0
1953.53073521	8000	1.04749053895	0.0	467438	538.058956177	8.0
1954.07238515	7933	1.0058405964	0.0	465132	541.649942548	7.598
1954.60611986	7533	0.972105881395	0.0	455338	533.734715007	5.533
1955.10993554	7093	0.968290209093	0.0	432025	503.815672301	4.893
1955.59138979	7200	0.986835951682	0.0	438283	481.454257411	6.665
1956.13095555	8000	0.947270190975	0.0	487050	539.565760707	4.0
1956.68227366	8000	0.895952086909	0.0	487050	551.318104066	8.0
1957.18269278	8000	0.895532969578	0.0	487050	500.419117331	8.0
1957.63347164	7253	0.944754103871	0.0	441782	450.778865707	3.518
1958.08363296	7200	0.9945927899	0.0	438855	450.161313971	6.935
1958.5379467	7200	1.04027904908	0.0	438855	454.313740822	7.2
1958.9813347	7200	1.09689104824	0.0	438855	443.388000841	7.2
1959.42172831	7200	1.15649743911	0.0	438855	440.393609129	7.2
1959.9512145	8533	1.12701124588	0.0	521611	529.48619323	1.868
1960.41753178	8000	1.16069396874	0.0	487275	466.317277136	5.335
1960.84905035	8000	1.22917539639	0.0	487275	431.518572349	8.0
1961.28056892	8000	1.29765682404	0.0	487275	431.518572349	8.0
1961.6660019	7133	1.41222384413	0.0	432597	385.432979914	2.798
1962.1470725	7933	1.43115324852	0.0	483757	481.070595609	3.933
1962.63326412	8000	1.44496162425	0.0	488565	486.191624276	7.665
1963.12139187	8000	1.45683387304	0.0	488565	488.127751206	8.0
1963.61179473	8000	1.46643101584	0.0	488565	490.402857194	8.0
1964.04587362	6933	1.53235212342	0.0	419059	434.078892425	1.598
1964.47800688	6866	1.60021886807	0.0	410775	432.133255354	6.531
1964.92770135	6866	1.65052439049	0.0	413769	449.694477578	6.866

