5742.94081893	3066	0.5	0.205348252727	181435	205.348252727	-7.20141263637
5743.14939078	3120	0.791428153872	0.0	184429	208.571846128	2.85
5743.36248039	3146	1.07833853957	0.0	188625	213.089614301	3.016
5743.57967217	3200	1.36114675731	0.0	192435	217.191782256	2.93
5743.90331037	4800	1.53750856171	0.0	291300	323.638195605	-3.2
5744.33309781	6400	1.60772111768	0.0	389889	429.78744403	-1.6
5744.78273609	6666	1.65808284148	0.0	408326	449.638276205	5.336
5745.21839254	6453	1.72242639022	0.0	395340	435.656451254	5.388
5745.6739149	6773	1.76690403321	0.0	413791	455.522357011	5.173
5746.15388989	7200	1.78692904459	0.0	438675	479.974988618	5.065
5746.63389512	7413	1.80692380861	0.0	444483	480.005235978	6.348
5747.21169797	9000	1.72912096449	0.0	536970	577.802844121	1.065
5747.79380326	9000	1.64701567044	0.0	536970	582.105294055	9.0
5748.37698668	9000	1.56383225069	0.0	536970	583.183419746	9.0
5748.9601701	9000	1.48064883095	0.0	536970	583.183419746	9.0
5749.54270415	9000	1.39811478501	0.0	536970	582.53404594	9.0
5750.14045149	9400	1.30036744524	0.0	553424	597.747339768	7.4
5750.70584545	9000	1.23497348183	0.0	522960	565.393963408	7.0
5751.2675916	9000	1.1732273284	0.0	522960	561.746153434	9.0
5751.8337709	9000	1.10704803093	0.0	532300	566.179297465	9.0
5752.36933996	8400	1.07147896961	0.0	503004	535.569061322	5.4
5752.88273499	8000	1.05808393994	0.0	481782	513.395029666	6.0
5753.3937019	8000	1.04711703559	0.0	481782	510.966904358	8.0
5753.93366299	8533	1.00715594183	0.0	510552	539.961093756	5.868
5754.48420347	9000	0.956615460861	0.0	536970	550.54048097	6.665
5755.0227519	9000	0.918067027128	0.0	536970	538.548433732	9.0
5755.56814643	9000	0.872672497156	0.0	536970	545.394529972	9.0
5756.11429947	9000	0.826519466289	0.0	536970	546.153030868	9.0
5756.67915332	9000	0.761665612907	0.0	536970	564.853853382	9.0
5757.29426505	9533	0.646553878841	0.0	573990	615.111734065	6.868
5757.92279174	9666	0.518027195359	0.0	586715	628.526683482	9.001
5758.39947086	7200	0.541348075491	0.0	438675	476.679119868	-5.13
5758.87843954	7200	0.562379387916	0.0	438675	478.968687575	7.2
5759.35740823	7200	0.583410700342	0.0	438675	478.968687575	7.2
5759.83637692	7200	0.604442012767	0.0	438675	478.968687575	7.2
5760.30967815	7200	0.631140777062	0.0	438675	473.301235704	7.2
5760.77801009	7200	0.662808842026	0.0	438675	468.331935036	7.2
5761.22700469	6773	0.7138142466	0.0	420167	448.994595426	4.638
5761.66160155	6400	0.779217377434	0.0	396693	434.596869166	4.535
5762.14436507	7066	0.796453862779	0.0	434595	482.763514655	3.736
5762.63626632	7200	0.804552614089	0.0	442995	491.90124869	6.53
5763.1570972	7600	0.783721734573	0.0	469589	520.830879516	5.6
5763.70694038	8000	0.733878549495	0.0	496259	549.843185078	6.0
5764.27576999	8133	0.665048940222	0.0	508563	568.829609273	7.468
5764.75644331	6986	0.684375625215	0.0	427291	480.673315007	1.251
5765.22697154	6986	0.713847389865	0.0	418081	470.528235351	6.986
5765.70785855	7200	0.732960378283	0.0	427485	480.887011581	6.13
5766.18049071	7200	0.760328223048	0.0	419991	472.632155236	7.2
5766.64549232	7146	0.795326607212	0.0	413019	465.001615835	6.876
5767.12116458	7146	0.819654353911	0.0	422679	475.672253302	7.146
5767.60213168	7200	0.838687253102	0.0	427485	480.967100809	6.93
5768.06237991	6880	0.878439024997	0.0	408679	460.248228105	5.28
5768.53311427	7000	0.907704663191	0.0	418197	470.734361807	6.4
5769.00411084	6880	0.936708092956	0.0	418435	470.996570235	6.28
5769.49645186	7200	0.94436707099	0.0	438855	492.341021965	5.6
5770.01679703	7626	0.924021897256	0.0	464559	520.345173734	5.496
5770.56184988	8000	0.87896904742	0.0	487050	545.052849836	6.13
5771.10690273	8000	0.833916197583	0.0	487050	545.052849836	8.0
5771.64767506	8000	0.793143870193	0.0	487050	540.77232739	8.0
5772.18695138	8000	0.753867548267	0.0	487050	539.276321926	8.0
5772.72622771	8000	0.71459122634	0.0	487050	539.276321926	8.0
5773.2612746	7893	0.679544333518	0.0	483158	535.046892823	7.358
5773.78813049	8000	0.652688443483	0.0	493365	526.855890035	7.465
5774.29885712	8000	0.641961810332	0.0	493365	510.726633151	8.0
5774.80949588	8000	0.631323047084	0.0	493365	510.638763248	8.0
5775.25850773	6960	0.682311198639	0.0	432864	449.011848445	1.76
5775.72416873	7200	0.716650198257	0.0	449280	465.661000382	6.0
5776.19092524	7360	0.749893689695	0.0	456778	466.756508562	6.56
5776.73540163	8800	0.705417301574	0.0	541560	544.476388121	1.6
5777.24359807	8160	0.697220863368	0.0	499088	508.196438206	4.96
5777.7402651	8000	0.700553832008	0.0	487050	496.66703136	7.2
5778.24312575	8000	0.697693185643	0.0	487050	502.860646366	8.0
5778.75640364	8000	0.684415295223	0.0	487050	513.27789042	8.0
5779.26414739	7680	0.676671542383	0.0	467772	507.743752839	6.08
5779.73564662	6933	0.705172310569	0.0	421780	471.499231815	3.198
5780.19386043	6826	0.746958496916	0.0	409638	458.213813652	6.291
5780.67296415	7200	0.767854780154	0.0	428730	479.103716762	5.33
5781.14877511	7200	0.79204381842	0.0	428730	475.810961734	7.2
5781.6186071	7200	0.822211830032	0.0	428730	469.831988389	7.2
5782.08843909	7200	0.852379841643	0.0	428730	469.831988389	7.2
5782.55827108	7200	0.882547853254	0.0	428730	469.831988389	7.2
5783.02927489	7200	0.911544037548	0.0	429824	471.003815706	7.2
5783.49947903	7200	0.941339905659	0.0	429084	470.204131889	7.2
5784.02102073	7946	0.919798201227	0.0	476950	521.541704432	4.216
5784.52014126	7626	0.920677671616	0.0	456045	499.120529611	6.026
5784.9887913	7200	0.952027631203	0.0	427635	468.650040413	5.07
5785.49276963	7800	0.94804930085	0.0	462222	503.978330353	4.8
5785.98988498	7800	0.950933953219	0.0	456146	497.115347631	7.8
5786.47731346	7666	0.96350546751	0.0	447075	487.428485709	6.996
5786.93678804	7133	1.0040308908	0.0	421103	459.474576713	4.468
5787.45022631	8000	0.990592626378	0.0	476265	513.438264418	3.665
5787.941014	7733	0.999804934918	0.0	454837	490.78769146	6.398
5788.43969049	8000	1.00112844254	0.0	462300	498.676492374	6.665
5788.93734316	8000	1.00347577108	0.0	462300	497.652671461	8.0
5789.44152262	8000	0.999296315662	0.0	468906	504.179455421	8.0
5789.93995009	8000	1.00086884168	0.0	467438	498.427473983	8.0
5790.4332511	7933	1.00756783431	0.0	465132	493.301007366	7.598
5790.91637553	7533	1.02444340062	0.0	455338	483.124433692	5.533
5791.49509993	8866	0.945719004476	0.0	543071	578.724396146	2.201
5792.09215742	9000	0.848661508485	0.0	551023	597.057495991	8.33
5792.62105836	8000	0.819760567104	0.0	487050	528.900941381	3.0
5793.14995931	8000	0.790859625724	0.0	487050	528.900941381	8.0
5793.6764305	8000	0.764388431819	0.0	487050	526.471193905	8.0
5794.1541202	7253	0.786698727001	0.0	441782	477.689704817	3.518
5794.62871126	7200	0.81210767212	0.0	438855	474.591054882	6.935
5795.1048826	7200	0.835936329623	0.0	438855	476.171342497	7.2
5795.5824361	7200	0.858382830825	0.0	438855	477.553498798	7.2
5796.0599896	7200	0.880829332027	0.0	438855	477.553498798	7.2
5796.62680671	8533	0.814012217648	0.0	521611	566.817114379	1.868
5797.15852972	8000	0.782289214139	0.0	487275	531.723003509	5.335
5797.69025272	8000	0.750566210631	0.0	487275	531.723003509	8.0
5798.22197572	8000	0.718843207122	0.0	487275	531.723003509	8.0
5798.68973727	7133	0.751081659244	0.0	432597	467.761547878	2.798
5799.2096684	7933	0.731150533303	0.0	483757	519.931125942	3.933
5799.73466767	8000	0.706151266014	0.0	488565	524.999267288	7.665
5800.2636492	8000	0.677169730084	0.0	488565	528.981535931	8.0
5800.79517581	8000	0.64564312488	0.0	488565	531.526605204	8.0
5801.25250711	6933	0.688311822699	0.0	419059	457.331302181	1.598
5801.70099552	6866	0.7398234102	0.0	410775	448.488412499	6.531
5802.15298133	6866	0.787837599459	0.0	413769	451.985810741	6.866

