5394.65083391	3066	0.5	0.203960014181	181435	203.960014181	-7.13200070905
5394.85799461	3120	0.792839300822	0.0	184429	207.160699178	2.85
5395.06964097	3146	1.0811929389	0.0	188625	211.64636192	3.016
5395.28536034	3200	1.365473561	0.0	192435	215.719377898	2.93
5395.60676968	4800	1.54406422912	0.0	291300	321.409331887	-3.2
5396.03357391	6400	1.61725999637	0.0	389889	426.80423275	-1.6
5396.4800879	6666	1.67074600099	0.0	408326	446.513995373	5.336
5396.91271944	6453	1.73811446901	0.0	395340	432.631531988	5.388
5397.3650757	6773	1.78575820793	0.0	413791	452.356261074	5.173
5397.84403378	7200	1.80680012806	0.0	438675	478.958079868	5.065
5398.3292008	7413	1.82163310415	0.0	444483	485.167023911	6.348
5398.91323949	9000	1.73759441914	0.0	536970	584.03868501	1.065
5399.47903935	9000	1.67179455445	0.0	536970	565.799864696	9.0
5400.04405604	9000	1.60677787048	0.0	536970	565.01668397	9.0
5400.60975799	9000	1.54107591244	0.0	536970	565.701958039	9.0
5401.18206103	9000	1.46877288055	0.0	536970	572.303031891	9.0
5401.77159432	9400	1.3792395861	0.0	553424	589.533294451	7.4
5402.32922639	9000	1.32160751436	0.0	522960	557.632071732	7.0
5402.88331443	9000	1.26751947639	0.0	522960	554.088037978	9.0
5403.44523943	9000	1.20559447207	0.0	532300	561.925004315	9.0
5403.97678834	8400	1.17404556193	0.0	503004	531.548910146	5.4
5404.49365936	8000	1.15717454439	0.0	481782	516.871017533	6.0
5405.01068135	8000	1.14015255761	0.0	481782	517.02198678	8.0
5405.55798056	8533	1.0928533447	0.0	510552	547.299212911	5.868
5406.13308178	9000	1.01775212415	0.0	536970	575.101220555	6.665
5406.69747342	9000	0.953360485235	0.0	536970	564.391638912	9.0
5407.25786065	9000	0.892973258967	0.0	536970	560.387226268	9.0
5407.82425961	9000	0.826574294173	0.0	536970	566.398964795	9.0
5408.3933228	9000	0.757511110488	0.0	536970	569.063183685	9.0
5409.0011934	9533	0.649640510448	0.0	573990	607.870600039	6.868
5409.62303226	9666	0.527801647577	0.0	586715	621.838862872	9.001
5410.09049187	7200	0.560342040834	0.0	438675	467.459606743	-5.13
5410.55795147	7200	0.592882434091	0.0	438675	467.459606743	7.2
5411.02146088	7200	0.629373030132	0.0	438675	463.509403959	7.2
5411.48426955	7200	0.666564352409	0.0	438675	462.808677722	7.2
5411.94707823	7200	0.703755674687	0.0	438675	462.808677722	7.2
5412.40947917	7200	0.7413547357	0.0	438675	462.400938987	7.2
5412.85161878	6773	0.799215126252	0.0	420167	442.139609448	4.638
5413.2696155	6400	0.881218405685	0.0	396693	417.996720567	4.535
5413.72659423	7066	0.924239672067	0.0	434595	456.978733618	3.736
5414.19663325	7200	0.954200660056	0.0	442995	470.039012012	6.53
5414.69683271	7600	0.954001200635	0.0	469589	500.199459421	5.6
5415.22487272	8000	0.925961183657	0.0	496259	528.040016978	6.0
5415.76490834	8133	0.885925567582	0.0	508563	540.035616074	7.468
5416.33425286	8733	0.8165810492	0.0	536941	569.344518382	5.733
5416.89139045	8733	0.759443456842	0.0	525223	557.137592358	8.733
5417.45489429	9000	0.695939614979	0.0	536970	563.503841863	7.665
5418.00424353	9000	0.646590378751	0.0	527946	549.349236228	9.0
5418.54485196	8933	0.605981945683	0.0	519390	540.608433068	8.598
5419.09979176	8933	0.551042141427	0.0	530998	554.939804256	8.933
5419.66096617	9000	0.5	0.010132266751	536970	561.174408178	8.15838666245
5420.19852628	8600	0.5	0.0375601078328	513386	537.560107833	4.72199460836
5420.64195872	7000	0.556567561104	0.0	418197	443.432438896	-1.0
5421.08563783	6880	0.612888451571	0.0	418435	443.679109533	6.28
5421.55061928	7200	0.647906998259	0.0	438855	464.981453311	5.6
5422.04700065	7626	0.651525630479	0.0	464559	496.381367781	5.496
5422.56692952	8000	0.631596762073	0.0	487050	519.928868405	6.13
5423.08685839	8000	0.611667893668	0.0	487050	519.928868405	8.0
5423.61115501	8000	0.587371267956	0.0	487050	524.296625712	8.0
5424.13904079	8000	0.559485490278	0.0	487050	527.885777678	8.0
5424.66692657	8000	0.5315997126	0.0	487050	527.885777678	8.0
5425.19086893	7893	0.507657355161	0.0	483158	523.942357438	7.358
5425.72976745	8000	0.5	0.0312411716226	493365	538.898526784	5.90294141887
5426.26866598	8000	0.5	0.038898526784	493365	538.898526784	6.0550736608
5426.80756451	8000	0.5	0.038898526784	493365	538.898526784	6.0550736608
5427.28160458	6960	0.525959924401	0.0	432864	474.040075599	1.76
5427.78384182	7200	0.523722681532	0.0	449280	502.237242869	6.0
5428.29541186	7360	0.512152644655	0.0	456778	511.570036877	6.56
5428.74783705	6600	0.559727459097	0.0	402915	452.425185557	2.8
5429.16571724	6120	0.641847267739	0.0	371455	417.880191358	3.72
5429.57047854	6000	0.737085970079	0.0	362580	404.76129766	5.4
5429.95855988	6000	0.849004627794	0.0	362580	388.081342285	6.0
5430.34664122	6000	0.960923285509	0.0	362580	388.081342285	6.0
5430.84441182	7680	0.963152681385	0.0	467772	497.770604124	-0.72
5431.40768546	8666	0.89987904649	0.0	530195	563.273634894	3.736
5431.95944586	8533	0.848118645803	0.0	515343	551.760400687	7.868
5432.53662262	9000	0.770941889005	0.0	539520	577.176756798	6.665
5433.09659333	9000	0.710971178135	0.0	539520	559.97071087	9.0
5433.65624732	9000	0.651317182437	0.0	539520	559.653995698	9.0
5434.22602569	9000	0.58153881633	0.0	539520	569.778366107	9.0
5434.79705921	9000	0.51050529352	0.0	539520	571.03352281	9.0
5435.36948825	9000	0.5	0.0619237419458	540862	572.429035465	5.90381290271
5435.93511708	9000	0.5	0.0656288330087	539793	565.628833009	5.71855834957
5436.43589864	7946	0.5	0.000781559908316	476950	500.781559908	2.63692200458
5436.91516895	7626	0.520729685526	0.0	456045	479.270314474	6.026
5437.37320381	7200	0.562694825879	0.0	427635	458.034859647	5.07
5437.87158208	7800	0.564316564838	0.0	462222	498.378261041	4.8
5438.36354051	7800	0.572358133044	0.0	456146	491.958431794	7.8
5438.84591463	7666	0.589984011833	0.0	447075	482.374121212	6.996
5439.30007601	7133	0.635822633574	0.0	421103	454.161378259	4.468
5439.81222593	8000	0.623672713915	0.0	476265	512.149919659	3.665
5440.30178324	7733	0.634115402317	0.0	454837	489.557311598	6.398
5440.79944368	8000	0.636454963103	0.0	462300	497.660439214	6.665
5441.29905377	8000	0.636844873178	0.0	462300	499.610089925	8.0
5441.8056601	8000	0.63023853784	0.0	468906	506.606335338	8.0
5442.29929629	8000	0.63660234706	0.0	467438	493.63619078	8.0
5442.78555104	7933	0.650347598278	0.0	465132	486.254748782	7.598
5443.26177759	7533	0.674121054414	0.0	455338	476.226543865	5.533
5443.71601517	7093	0.719883471034	0.0	432025	454.237583379	4.893
5444.18346038	7200	0.752438260323	0.0	438283	467.445210712	6.665
5444.70180474	8000	0.73409390319	0.0	487050	518.344357133	4.0
5445.22014909	8000	0.715749546057	0.0	487050	518.344357133	8.0
5445.74700125	8000	0.688897385774	0.0	487050	526.852160283	8.0
5446.23254116	7253	0.703357478576	0.0	441782	485.539907198	3.518
5446.71493041	7200	0.720968232356	0.0	438855	482.38924622	6.935
5447.19731965	7200	0.738578986136	0.0	438855	482.38924622	7.2
5447.68171053	7200	0.754188107757	0.0	438855	484.390878379	7.2
5448.17028651	7200	0.765612128178	0.0	438855	488.575979579	7.2
5448.74910878	8533	0.686789862773	0.0	521611	578.822265405	1.868
5449.29048728	8000	0.645411365435	0.0	487275	541.378497338	5.335
5449.83112016	8000	0.604778482685	0.0	487275	540.63288275	8.0
5450.36529389	8000	0.570604753767	0.0	487275	534.173728918	8.0
5450.84064914	7133	0.595249497271	0.0	432597	475.355256495	2.798
5451.37103847	7933	0.564860167672	0.0	483757	530.389329599	3.933
5451.90659989	8000	0.529298753955	0.0	488565	535.561413717	7.665
5452.44024223	8000	0.5	0.00434358735811	488565	533.642341314	7.78282063209
5452.97311613	8000	0.5	0.0328738988025	488565	532.873898803	6.35630505987
5453.43160305	6933	0.541513077772	0.0	419059	458.486922228	1.598
5453.88122424	6866	0.591891889638	0.0	410775	449.621188134	6.531
5454.33830903	6866	0.634807095649	0.0	413769	457.084793989	6.866

