1560.75006806	3066	0.5	0.220849682096	181435	220.849682096	-7.97648410482
1560.97439714	3120	0.775670923364	0.0	184429	224.329076636	2.85
1561.20360248	3146	1.04646558104	0.0	188625	229.205342329	3.016
1561.43723551	3200	1.31283255227	0.0	192435	233.633028766	2.93
1561.78576177	4800	1.46430629	0.0	291300	348.526262269	-3.2
1562.13307478	4800	1.61699328354	0.0	290256	347.313006457	4.8
1562.49626586	5000	1.7538021984	0.0	303919	363.191085144	4.0
1562.96569934	6453	1.78436871908	0.0	395340	469.433479318	-0.812
1563.45657514	6773	1.79349291891	0.0	413791	490.875800173	5.173
1563.97042938	7200	1.77963867823	0.0	438675	513.854240683	5.065
1564.48664774	7413	1.76342032128	0.0	444483	516.218356944	6.348
1565.10819885	9000	1.6418692133	0.0	536970	621.55110798	1.065
1565.7264777	9000	1.52359035798	0.0	536970	618.278855325	9.0
1566.34137011	9000	1.40869795	0.0	536970	614.892407981	9.0
1566.95626252	9000	1.29380554201	0.0	536970	614.892407981	9.0
1567.57208186	9000	1.17798620325	0.0	536970	615.81933876	9.0
1568.20931296	9400	1.04075510295	0.0	553424	637.231100307	7.4
1568.81201724	9000	0.938050817956	0.0	522960	602.704284991	7.0
1569.40459736	9000	0.845470699106	0.0	522960	592.58011885	9.0
1569.99852834	9000	0.751539724664	0.0	532300	593.930974442	9.0
1570.56032171	8400	0.689746345239	0.0	503004	561.793379425	5.4
1571.10315904	8000	0.646909020811	0.0	481782	542.837324428	6.0
1571.65439631	8000	0.595671746181	0.0	481782	551.23727463	8.0
1572.23803628	8533	0.512031783051	0.0	510552	583.63996313	5.868
1572.73279866	7200	0.517269400945	0.0	427485	494.762382106	0.535
1573.22756104	7200	0.522507018839	0.0	427485	494.762382106	7.2
1573.72232342	7200	0.527744636733	0.0	427485	494.762382106	7.2
1574.20601058	7200	0.544057481849	0.0	427485	483.687154884	7.2
1574.68822502	7200	0.561843037318	0.0	427485	482.214444531	7.2
1575.20303501	7626	0.547033054162	0.0	456993	514.809983156	5.496
1575.73629529	7733	0.51377277483	0.0	467045	533.260279332	7.198
1576.2416671	7200	0.508400960473	0.0	438675	505.371814358	4.535
1576.74703891	7200	0.503029146115	0.0	438675	505.371814358	7.2
1577.25241073	7200	0.5	0.00234266824325	438675	505.371814358	7.08286658784
1577.75913848	7200	0.5	0.00672775192662	438675	506.727751927	6.86361240367
1578.26594381	7200	0.5	0.00680532854266	438675	506.805328543	6.85973357287
1578.77274914	7200	0.5	0.00680532854266	438675	506.805328543	6.85973357287
1579.25622229	6773	0.516526844963	0.0	420167	483.473155037	4.638
1579.70012441	6400	0.572624727961	0.0	396693	443.902117002	4.535
1580.18548367	7066	0.587265468941	0.0	434595	485.35925902	3.736
1580.674029	7200	0.598720137373	0.0	442995	488.545331568	6.53
1581.18628128	7600	0.586467861425	0.0	469589	512.252275948	5.6
1581.72705864	8000	0.54569049609	0.0	496259	540.777365334	6.0
1582.29144778	8133	0.5	0.0186986418376	508563	564.389137928	6.53306790812
1582.76727658	6986	0.524171199478	0.0	427291	475.828800522	1.251
1583.24113866	6986	0.550309115239	0.0	418081	473.86208424	6.986
1583.74333729	7200	0.548110487052	0.0	427485	502.198628187	6.13
1584.23690746	7200	0.554540317219	0.0	419991	493.570169833	7.2
1584.72245019	7146	0.568997584222	0.0	413019	485.542732997	6.876
1585.21911528	7146	0.572332498983	0.0	422679	496.665085239	7.146
1585.68363015	7200	0.607817627233	0.0	427485	464.51487175	6.93
1586.12007709	6880	0.671370691085	0.0	408679	436.446936148	5.28
1586.56016956	7000	0.731278215249	0.0	418197	440.092475836	6.4
1586.99756244	6880	0.793885342175	0.0	418435	437.392873074	6.28
1587.45332612	7200	0.838121661103	0.0	438855	455.763681072	5.6
1587.93114966	7626	0.860298115787	0.0	464559	477.823545316	5.496
1588.43129854	8000	0.860149242737	0.0	487050	500.148873051	6.13
1588.93124608	8000	0.860201695634	0.0	487050	499.947547103	8.0
1589.45794473	8000	0.833503045148	0.0	487050	526.698650486	8.0
1589.99084546	8000	0.800602323805	0.0	487050	532.900721343	8.0
1590.50330426	8000	0.788143522516	0.0	487050	512.458801289	8.0
1591.01174793	7893	0.779699852434	0.0	483158	508.443670082	7.358
1591.56089076	8000	0.730557019521	0.0	493365	549.142832913	7.465
1592.11530852	8000	0.676139262134	0.0	493365	554.417757387	8.0
1592.63922533	8000	0.652222452468	0.0	493365	523.916809666	8.0
1593.09749726	6960	0.693950520644	0.0	432864	458.271931824	1.76
1593.56332404	7200	0.728123743444	0.0	449280	465.826777201	6.0
1594.03746832	7360	0.75397946356	0.0	456778	474.144279884	6.56
1594.60195261	8800	0.689495172525	0.0	541560	564.484291034	1.6
1595.12276507	8160	0.668682707632	0.0	499088	520.812464893	4.96
1595.63017894	8000	0.661268843672	0.0	487050	507.41386396	7.2
1596.1399752	8000	0.651472575989	0.0	487050	509.796267684	8.0
1596.65740002	8000	0.634047761725	0.0	487050	517.424814263	8.0
1597.15642482	7680	0.635022958074	0.0	467772	499.024803652	6.08
1597.61450412	6933	0.676943658236	0.0	421780	458.079299838	3.198
1598.06079443	6826	0.730653347607	0.0	409638	446.290310629	6.291
1598.52855046	7200	0.76289732322	0.0	428730	467.756024386	5.33
1598.99630648	7200	0.795141298834	0.0	428730	467.756024386	7.2
1599.45048293	7200	0.840964845477	0.0	428730	454.176453357	7.2
1599.89384706	7200	0.897600723251	0.0	428730	443.364122225	7.2
1600.35350917	7200	0.93793860524	0.0	428730	459.662118011	7.2
1600.86354827	7200	0.927899506777	0.0	429824	510.039098463	7.2
1601.37272649	7200	0.918721293078	0.0	429084	509.178213699	7.2
1601.93758998	7946	0.853857795432	0.0	476950	564.863497646	4.216
1602.46315054	7626	0.828297243945	0.0	456045	525.560551487	6.026
1602.92058829	7200	0.870859485704	0.0	427635	457.437758241	5.07
1603.40955695	7800	0.881890827371	0.0	462222	488.968658333	4.8
1603.8814946	7800	0.909953175557	0.0	456146	471.937651814	7.8
1604.34480221	7666	0.946645572415	0.0	447075	463.307603141	6.996
1604.78331368	7133	1.00813410096	0.0	421103	438.511471451	4.468
1605.28123389	8000	1.0102138873	0.0	476265	497.920213667	3.665
1605.76585161	7733	1.02559617175	0.0	454837	484.617715547	6.398
1606.25825689	8000	1.03319089272	0.0	462300	492.405279028	6.665
1606.73215576	8000	1.05929201615	0.0	462300	473.898876573	8.0
1607.20493413	8000	1.0865136451	0.0	468906	472.778371047	8.0
1607.69943898	8000	1.0920087966	0.0	467438	494.504848507	8.0
1608.19229049	7933	1.09915728612	0.0	465132	492.85151048	7.598
1608.6664626	7533	1.12498518029	0.0	455338	474.17210583	5.533
1609.22807702	8866	1.0633707623	0.0	543071	561.61441799	2.201
1609.78303585	9000	1.00841192674	0.0	551023	554.958835557	8.33
1610.40851132	10000	0.88293646021	0.0	612540	625.47546653	5.0
1611.04278549	10000	0.748662288589	0.0	612540	634.274171621	10.0
1611.70635451	10000	0.585093264554	0.0	612540	663.569024035	10.0
1612.30908639	9066	0.5	0.0176386143275	555398	602.731878881	3.51406928362
1612.7875848	7200	0.521501594616	0.0	438855	478.498405384	-2.13
1613.2660832	7200	0.543003189232	0.0	438855	478.498405384	7.2
1613.75234514	7200	0.556741253437	0.0	438855	486.261935796	7.2
1614.24275461	7200	0.566331785361	0.0	438855	490.409468075	7.2
1614.70699555	6826	0.602090842959	0.0	414950	464.240942402	4.956
1615.10848347	6400	0.700602925545	0.0	387630	401.487917414	4.27
1615.49816121	6400	0.810925184527	0.0	387630	389.677741018	6.4
1615.90344848	6400	0.905637913875	0.0	387630	405.287270652	6.4
1616.3648888	7133	0.94419759114	0.0	432597	461.440322735	3.468
1616.87372652	7933	0.935359875781	0.0	483757	508.837715358	3.933
1617.3766501	8000	0.932436297142	0.0	488565	502.923578639	7.665
1617.86300021	8000	0.946086185276	0.0	488565	486.350111866	8.0
1618.33678414	8000	0.972302256003	0.0	488565	473.783929274	8.0
1618.76564032	6933	1.04344607548	0.0	419059	428.856180526	1.598
1619.18804845	6866	1.12103794773	0.0	410775	422.40812775	6.531
1619.63132226	6866	1.17776413189	0.0	413769	443.27381584	6.866

