2851.30097974	3066	0.5	0.170557907748	181435	170.557907748	-5.46189538738
2851.47418713	3120	0.826792601383	0.0	184429	173.207398617	2.85
2851.65110771	3146	1.14987202184	0.0	188625	176.92057954	3.016
2851.83139989	3200	1.46957984571	0.0	192435	180.292176137	2.93
2852.13790294	4800	1.66307679649	0.0	291300	306.503049213	-3.2
2852.54663555	6400	1.75434418187	0.0	389889	408.732614621	-1.6
2852.97422336	6666	1.82675637201	0.0	408326	427.587809858	5.336
2853.38853062	6453	1.91244911568	0.0	395340	414.307256332	5.388
2853.81926377	6773	1.98171596282	0.0	413791	430.733152868	5.173
2854.24284835	7200	2.05813138589	0.0	438675	423.584576923	5.065
2854.61332901	6400	2.18765072353	0.0	383025	370.480662362	2.4
2854.98131938	6400	2.31966035311	0.0	383025	367.990370418	6.4
2855.34787556	6400	2.45310417107	0.0	383025	366.556182046	6.4
2855.69809295	6400	2.60288678395	0.0	383025	350.217387111	6.4
2856.04831034	6400	2.75266939684	0.0	383025	350.217387111	6.4
2856.41289985	6400	2.88807988647	0.0	383025	364.589510371	6.4
2856.78069919	6400	3.02028054617	0.0	383025	367.799340304	6.4
2857.15026456	6400	3.15071517559	0.0	383025	369.565370577	6.4
2857.53120715	6400	3.26977258834	0.0	383025	380.942587256	6.4
2857.91214973	6400	3.38883000108	0.0	383025	380.942587256	6.4
2858.30088567	6400	3.50009406155	0.0	383025	388.735939526	6.4
2858.73671437	6400	3.56426536658	0.0	383025	435.828694975	6.4
2859.17254306	6400	3.6284366716	0.0	383025	435.828694975	6.4
2859.60837176	6400	3.69260797663	0.0	383025	435.828694975	6.4
2860.04420045	6400	3.75677928165	0.0	383025	435.828694975	6.4
2860.48002915	6400	3.82095058668	0.0	383025	435.828694975	6.4
2860.91585784	6400	3.88512189171	0.0	383025	435.828694975	6.4
2861.35168654	6400	3.94929319673	0.0	383025	435.828694975	6.4
2861.78751523	6400	4.01346450176	0.0	383025	435.828694975	6.4
2862.20437545	6400	4.09660428472	0.0	383025	416.860217038	6.4
2862.62064278	6400	4.18033695437	0.0	383025	416.267330347	6.4
2863.03691011	6400	4.26406962402	0.0	383025	416.267330347	6.4
2863.45317744	6400	4.34780229368	0.0	383025	416.267330347	6.4
2863.86944477	6400	4.43153496333	0.0	383025	416.267330347	6.4
2864.29199887	6400	4.5089808701	0.0	383025	422.554093231	6.4
2864.72283691	6400	4.57814282514	0.0	383025	430.838044952	6.4
2865.15367496	6400	4.64730478019	0.0	383025	430.838044952	6.4
2865.584513	6400	4.71646673524	0.0	383025	430.838044952	6.4
2866.01535105	6400	4.78562869029	0.0	383025	430.838044952	6.4
2866.44618909	6400	4.85479064534	0.0	383025	430.838044952	6.4
2866.87702714	6400	4.92395260038	0.0	383025	430.838044952	6.4
2867.30786518	6400	4.99311455543	0.0	383025	430.838044952	6.4
2867.73767832	6400	5.06330141678	0.0	383025	429.813138655	6.4
2868.16720249	6400	5.13377724291	0.0	383025	429.524173863	6.4
2868.59672667	6400	5.20425306905	0.0	383025	429.524173863	6.4
2869.02625084	6400	5.27472889519	0.0	383025	429.524173863	6.4
2869.45577501	6400	5.34520472132	0.0	383025	429.524173863	6.4
2869.88529919	6400	5.41568054746	0.0	383025	429.524173863	6.4
2870.31482336	6400	5.4861563736	0.0	383025	429.524173863	6.4
2870.74434754	6400	5.55663219973	0.0	383025	429.524173863	6.4
2871.17694905	6400	5.62403069047	0.0	383025	432.601509257	6.4
2871.60984006	6400	5.69113967216	0.0	383025	432.891018314	6.4
2872.04273108	6400	5.75824865385	0.0	383025	432.891018314	6.4
2872.4756221	6400	5.82535763553	0.0	383025	432.891018314	6.4
2872.90851312	6400	5.89246661722	0.0	383025	432.891018314	6.4
2873.34140414	6400	5.9595755989	0.0	383025	432.891018314	6.4
2873.77429516	6400	6.02668458059	0.0	383025	432.891018314	6.4
2874.20117548	6400	6.09980425967	0.0	383025	426.880320923	6.4
2874.62416687	6400	6.17681286363	0.0	383025	422.991396036	6.4
2875.04715827	6400	6.25382146759	0.0	383025	422.991396036	6.4
2875.47014966	6400	6.33083007156	0.0	383025	422.991396036	6.4
2875.89314106	6400	6.40783867552	0.0	383025	422.991396036	6.4
2876.31613246	6400	6.48484727949	0.0	383025	422.991396036	6.4
2876.74206096	6400	6.5589187746	0.0	383025	425.928504885	6.4
2877.17320961	6400	6.62777012486	0.0	383025	431.148649742	6.4
2877.60435826	6400	6.69662147512	0.0	383025	431.148649742	6.4
2878.03550691	6400	6.76547282538	0.0	383025	431.148649742	6.4
2878.46665556	6400	6.83432417563	0.0	383025	431.148649742	6.4
2878.89780421	6400	6.90317552589	0.0	383025	431.148649742	6.4
2879.32895286	6400	6.97202687615	0.0	383025	431.148649742	6.4
2879.76144801	6400	7.03953172687	0.0	383025	432.495149278	6.4
2880.20401129	6400	7.09696844764	0.0	383025	442.563279228	6.4
2880.64657457	6400	7.15440516842	0.0	383025	442.563279228	6.4
2881.08913785	6400	7.21184188919	0.0	383025	442.563279228	6.4
2881.53170113	6400	7.26927860996	0.0	383025	442.563279228	6.4
2881.97426441	6400	7.32671533073	0.0	383025	442.563279228	6.4
2882.41682768	6400	7.3841520515	0.0	383025	442.563279228	6.4
2882.85939096	6400	7.44158877227	0.0	383025	442.563279228	6.4
2883.30195424	6400	7.49902549304	0.0	383025	442.563279228	6.4
2883.74451752	6400	7.55646221382	0.0	383025	442.563279228	6.4
2884.1870808	6400	7.61389893459	0.0	383025	442.563279228	6.4
2884.62964408	6400	7.67133565536	0.0	383025	442.563279228	6.4
2885.07220736	6400	7.72877237613	0.0	383025	442.563279228	6.4
2885.51477064	6400	7.7862090969	0.0	383025	442.563279228	6.4
2885.95613292	6400	7.84484681944	0.0	383025	441.362277465	6.4
2886.39460274	6400	7.90637699474	0.0	383025	438.469824692	6.4
2886.83307257	6400	7.96790717005	0.0	383025	438.469824692	6.4
2887.27154239	6400	8.02943734536	0.0	383025	438.469824692	6.4
2887.71001222	6400	8.09096752067	0.0	383025	438.469824692	6.4
2888.14848204	6400	8.15249769598	0.0	383025	438.469824692	6.4
2888.58695186	6400	8.21402787128	0.0	383025	438.469824692	6.4
2889.02542169	6400	8.27555804659	0.0	383025	438.469824692	6.4
2889.46389151	6400	8.3370882219	0.0	383025	438.469824692	6.4
2889.89897213	6400	8.40200761057	0.0	383025	435.080611326	6.4
2890.33382903	6400	8.46715070738	0.0	383025	434.856903195	6.4
2890.76868593	6400	8.53229380418	0.0	383025	434.856903195	6.4
2891.20354283	6400	8.59743690099	0.0	383025	434.856903195	6.4
2891.63839974	6400	8.66257999779	0.0	383025	434.856903195	6.4
2892.07325664	6400	8.7277230946	0.0	383025	434.856903195	6.4
2892.50811354	6400	8.7928661914	0.0	383025	434.856903195	6.4
2892.94297045	6400	8.85800928821	0.0	383025	434.856903195	6.4
2893.37782735	6400	8.92315238501	0.0	383025	434.856903195	6.4
2893.81268425	6400	8.98829548182	0.0	383025	434.856903195	6.4
2894.24484285	6400	9.056136881	0.0	383025	432.158600819	6.4
2894.67657709	6400	9.12440264779	0.0	383025	431.734233209	6.4
2895.10831132	6400	9.19266841458	0.0	383025	431.734233209	6.4
2895.54004555	6400	9.26093418137	0.0	383025	431.734233209	6.4
2895.97177979	6400	9.32919994816	0.0	383025	431.734233209	6.4
2896.40052878	6400	9.40045095157	0.0	383025	428.748996591	6.4
2896.82747771	6400	9.47350202076	0.0	383025	426.948930814	6.4
2897.25442665	6400	9.54655308995	0.0	383025	426.948930814	6.4
2897.68137558	6400	9.61960415913	0.0	383025	426.948930814	6.4
2898.10832451	6400	9.69265522832	0.0	383025	426.948930814	6.4
2898.53527344	6400	9.7657062975	0.0	383025	426.948930814	6.4
2898.96564943	6400	9.83533030654	0.0	383025	430.37599096	6.4
2899.39634091	6400	9.9046388224	0.0	383025	430.691484141	6.4
2899.8270324	6400	9.97394733826	0.0	383025	430.691484141	6.4
2900.75772388	6400	9.54325585412	0.0	383025	430.691484141	6.4
2901.18841537	6400	9.61256436998	0.0	383025	430.691484141	6.4
2901.61910685	6400	9.68187288584	0.0	383025	430.691484141	6.4

