2961.56439579	3066	0.5	0.236990991497	181435	236.990991497	-8.78354957485
2961.80513254	3120	0.759263253668	0.0	184429	240.736746332	2.85
2962.05111885	3146	1.01327694578	0.0	188625	245.986307885	3.016
2962.3018718	3200	1.26252399597	0.0	192435	250.75294981	2.93
2962.55262475	3200	1.51177104616	0.0	192435	250.75294981	3.2
2962.92576029	4800	1.63863550325	0.0	290256	373.13554291	-3.2
2963.31598944	5000	1.74840635703	0.0	303919	390.229146222	4.0
2963.81933441	6453	1.74506137921	0.0	395340	503.344977823	-0.812
2964.3424683	6773	1.72192749741	0.0	413791	523.133881799	5.173
2964.89646032	7200	1.66793546859	0.0	438675	553.992028822	5.065
2965.44323578	7413	1.62116000953	0.0	444483	546.775459054	6.348
2966.09680566	9000	1.46759013457	0.0	536970	653.569874962	1.065
2966.75037553	9000	1.31402025961	0.0	536970	653.569874962	9.0
2967.43509146	9000	1.12930433043	0.0	536970	684.715929176	9.0
2968.12065393	9000	0.943741859674	0.0	536970	685.562470759	9.0
2968.8062164	9000	0.758179388914	0.0	536970	685.562470759	9.0
2969.37376843	7520	0.690627359817	0.0	440393	567.552029097	0.12
2969.91021099	7200	0.654184798312	0.0	415815	536.442561505	5.6
2970.44665356	7200	0.617742236808	0.0	415815	536.442561505	7.2
2970.99294599	7200	0.571449806663	0.0	423595	546.292430145	7.2
2971.50388513	6720	0.560510667057	0.0	400413	510.939139606	4.32
2971.97557184	6400	0.588823953925	0.0	383463	471.686713132	4.8
2972.44725855	6400	0.617137240793	0.0	383463	471.686713132	6.4
2972.95651251	6826	0.607883279186	0.0	406429	509.253961607	4.696
2973.49256367	7200	0.57183211897	0.0	427485	536.051160216	5.33
2974.02303167	7200	0.541364118242	0.0	427485	530.468000729	7.2
2974.53965934	7200	0.524736449526	0.0	427485	516.627668715	7.2
2975.05628701	7200	0.508108780811	0.0	427485	516.627668715	7.2
2975.57558479	7200	0.5	0.0111889971577	427485	519.297777968	6.64055014212
2975.99280793	5720	0.582776864544	0.0	340532	417.223135456	-1.68
2976.41884204	5800	0.656742750789	0.0	347900	426.034113755	5.4
2976.95172214	7200	0.623862645099	0.0	438675	532.88010569	0.2
2977.48196322	7200	0.59362157319	0.0	438675	530.241071909	7.2
2978.01220429	7200	0.56338050128	0.0	438675	530.241071909	7.2
2978.52096029	7200	0.554624501825	0.0	438675	508.755999455	7.2
2979.02203633	7200	0.553548464474	0.0	438675	501.076037351	7.2
2979.47446972	7200	0.601115068008	0.0	438675	452.433396466	7.2
2979.9273077	6773	0.648277093085	0.0	420167	452.837974923	4.638
2980.38206445	6400	0.693520341889	0.0	396693	454.756751197	4.535
2980.7772461	5653	0.798338694508	0.0	345821	395.181647381	1.918
2981.16342699	5760	0.912157804256	0.0	352623	386.180890252	5.225
2981.57206418	6080	1.00352061439	0.0	373673	408.637189869	4.48
2982.01044688	6400	1.06513790655	0.0	394883	438.38270784	4.8
2982.45966244	6506	1.11592235204	0.0	404859	449.215554505	5.976
2982.93078172	6986	1.14480306502	0.0	427291	471.119287026	4.586
2983.38655125	6986	1.18903353949	0.0	418081	455.769525527	6.986
2983.83784032	7200	1.23774447371	0.0	427485	451.289065775	6.13
2984.27010323	7200	1.30548155919	0.0	419991	432.262914519	7.2
2984.69224931	7146	1.38333547987	0.0	413019	422.146079326	6.876
2985.13028589	7146	1.44529890197	0.0	422679	438.036577894	7.146
2985.58890284	7200	1.48668195248	0.0	427485	458.616949492	6.93
2986.02935969	6880	1.54622509726	0.0	408679	440.456855223	5.28
2986.50134614	7000	1.5742386538	0.0	418197	471.986443457	6.4
2986.96985414	6880	1.60573065429	0.0	418435	468.507999513	6.28
2987.45909809	7200	1.6164866957	0.0	438855	489.243958592	5.6
2987.97834108	7626	1.59724371047	0.0	464559	519.242985231	5.496
2988.53062246	8000	1.54496232692	0.0	487050	552.281383544	6.13
2989.10012263	8000	1.47546216104	0.0	487050	569.50016588	8.0
2989.66916427	8000	1.40642052226	0.0	487050	569.041638778	8.0
2990.23615464	8000	1.33943015159	0.0	487050	566.99037068	8.0
2990.79673373	8000	1.27885105952	0.0	487050	560.579092067	8.0
2991.33652709	7893	1.23905769971	0.0	483158	539.793359809	7.358
2991.87647774	8000	1.1991070507	0.0	493365	539.950649013	7.465
2992.40629441	8000	1.16929037583	0.0	493365	529.816674868	8.0
2992.93433699	8000	1.1412478006	0.0	493365	528.042575224	8.0
2993.58664925	9280	0.988935538446	0.0	581337	652.312262158	2.88
2994.24859854	9600	0.826986248209	0.0	603330	661.949290238	8.0
2994.8992817	9813	0.676303090254	0.0	613526	650.683157955	8.748
2995.47342833	8800	0.602156455644	0.0	541560	574.146634609	3.735
2996.01370579	8160	0.561879000958	0.0	499088	540.277454687	4.96
2996.54960757	8000	0.525977216935	0.0	487050	535.901784022	7.2
2997.0830043	8000	0.5	0.00741951072554	487050	533.396727661	7.62902446372
2997.59454019	8000	0.5	0.0115358939547	487050	511.535893955	7.42320530226
2998.08977456	7680	0.504765637065	0.0	467772	495.234362935	6.08
2998.54029556	6933	0.554244634982	0.0	421780	450.521002083	3.198
2998.99832327	6826	0.596216921768	0.0	409638	458.027713213	6.291
2999.47906787	7200	0.615472322547	0.0	428730	480.744599221	5.33
2999.96551968	7200	0.629020519202	0.0	428730	486.451803345	7.2
3000.45084888	7200	0.643691311555	0.0	428730	485.329207647	7.2
3000.92529929	7200	0.669240902924	0.0	428730	474.450408631	7.2
3001.3976605	7200	0.696879695416	0.0	428730	472.361207508	7.2
3001.8664619	7200	0.728078293726	0.0	429824	468.801401689	7.2
3002.32369293	7200	0.77084726101	0.0	429084	457.231032717	7.2
3002.81627615	7946	0.778264040318	0.0	476950	492.583220692	4.216
3003.28253897	7626	0.812001227432	0.0	456045	466.262812886	6.026
3003.74201624	7200	0.852523955367	0.0	427635	459.477272064	5.07
3004.25933586	7800	0.835204330181	0.0	462222	517.319625186	4.8
3004.76080443	7800	0.833735764074	0.0	456146	501.468566107	7.8
3005.24877158	7666	0.845768616171	0.0	447075	487.967147903	6.996
3005.70063155	7133	0.893908646842	0.0	421103	451.859969329	4.468
3006.2042253	8000	0.890314897291	0.0	476265	503.593749551	3.665
3006.67882948	7733	0.915710717173	0.0	454837	474.604180118	6.398
3007.1422282	8000	0.9523119964	0.0	462300	463.398720773	6.665
3007.6205214	8000	0.97401879629	0.0	462300	478.29320011	8.0
3008.11580054	8000	0.97873965591	0.0	468906	495.27914038	8.0
3008.59967062	8000	0.994869574347	0.0	467438	483.870081563	8.0
3009.06218852	7933	1.03235167728	0.0	465132	462.517897066	7.598
3009.51820492	7533	1.07633527732	0.0	455338	456.016399964	5.533
3010.0737618	8866	1.02077839036	0.0	543071	555.55688696	2.201
3010.64277297	9000	0.951767220397	0.0	551023	569.011169961	8.33
3011.26996074	10000	0.824579453666	0.0	612540	627.18776673	5.0
3011.91491727	10000	0.67962292007	0.0	612540	644.956533596	10.0
3012.59986861	10000	0.5	0.00532841119152	612540	684.951331262	9.73357944042
3013.10835857	7253	0.5	0.0084899618039	441782	508.489961804	-6.9064980902
3013.62407123	7200	0.5	0.0157126641912	438855	515.712664191	6.14936679044
3014.1397839	7200	0.5	0.0157126641912	438855	515.712664191	6.41436679044
3014.62105261	7200	0.518731285702	0.0	438855	481.268714298	7.2
3015.09508728	7200	0.544696617542	0.0	438855	474.03466816	7.2
3015.53281502	6826	0.606968872589	0.0	414950	437.727744953	4.956
3015.93642886	6400	0.70335503629	0.0	387630	403.613836299	4.27
3016.33849315	6400	0.801290747807	0.0	387630	402.064288482	6.4
3016.74055744	6400	0.899226459325	0.0	387630	402.064288482	6.4
3017.17597214	7133	0.963811760471	0.0	432597	435.414698854	3.468
3017.68050409	7933	0.959279806717	0.0	483757	504.531953754	3.933
3018.20512872	8000	0.934655173898	0.0	488565	524.624632819	7.665
3018.74715924	8000	0.892624654027	0.0	488565	542.03051987	8.0
3019.29026423	8000	0.849519669051	0.0	488565	543.104984977	8.0
3019.74417329	6933	0.895610608697	0.0	419059	453.909060354	1.598
3020.18881969	6866	0.950964210166	0.0	410775	444.646398531	6.531
3020.63663407	6866	1.00314982109	0.0	413769	447.814389078	6.866

