5683.11685976	3066	0.5	0.211662485721	181435	211.662485721	-7.51712428607
5683.33185003	3120	0.78500972481	0.0	184429	214.99027519	2.85
5683.5515041	3146	1.06535565382	0.0	188625	219.654070985	3.016
5683.77539293	3200	1.34146682069	0.0	192435	223.888833135	2.93
5684.10916884	4800	1.50769091146	0.0	291300	333.775909227	-3.2
5684.44178436	4800	1.67507539375	0.0	290256	332.615517709	4.8
5684.78958611	5000	1.82727364107	0.0	303919	347.801752683	4.0
5685.23900104	6453	1.87785871504	0.0	395340	449.414926035	-0.812
5685.708924	6773	1.90793575845	0.0	413791	469.922956591	5.173
5686.20650517	7200	1.91035458103	0.0	438675	497.581177412	5.065
5686.71054186	7413	1.90631789219	0.0	444483	504.036688847	6.348
5687.27231692	9000	1.84454283385	0.0	536970	561.775058338	1.065
5687.83215034	9000	1.78470941388	0.0	536970	559.833419968	9.0
5688.397048	9000	1.71981175906	0.0	536970	564.897654822	9.0
5688.96272152	9000	1.65413823047	0.0	536970	565.673528588	9.0
5689.52839505	9000	1.58846470188	0.0	536970	565.673528588	9.0
5690.10930771	9400	1.50755204206	0.0	553424	580.912659826	7.4
5690.65760257	9000	1.4592571832	0.0	522960	548.294858851	7.0
5691.20589743	9000	1.41096232435	0.0	522960	548.294858851	9.0
5691.7577429	9000	1.35911685955	0.0	532300	551.845464803	9.0
5692.27833922	8400	1.33852053487	0.0	503004	520.59632468	5.4
5692.77739322	8000	1.33946653431	0.0	481782	499.054000558	6.0
5693.27504598	8000	1.34181377812	0.0	481782	497.652756193	8.0
5693.79311186	8533	1.32374789285	0.0	510552	518.065885272	5.868
5694.34190928	9000	1.27495047477	0.0	536970	548.797418078	6.665
5694.8964841	9000	1.22037565338	0.0	536970	554.57482139	9.0
5695.46334034	9000	1.15351941691	0.0	536970	566.856236468	9.0
5696.04307166	9000	1.07378809367	0.0	536970	579.731323238	9.0
5696.62280298	9000	0.994056770435	0.0	536970	579.731323238	9.0
5697.23494474	9533	0.881915015378	0.0	573990	612.141755057	6.868
5697.84015653	9666	0.776703221011	0.0	586715	605.211794367	9.001
5698.40940494	9000	0.707454812802	0.0	551265	569.248408208	5.67
5698.97343783	9000	0.643421924962	0.0	551265	564.032887841	9.0
5699.53700557	9000	0.579854180941	0.0	551265	563.56774402	9.0
5700.09682613	9000	0.520033628662	0.0	551265	559.820552279	9.0
5700.65486788	9000	0.5	0.0380081244404	551265	558.041753102	7.09959377798
5701.23413512	9000	0.5	0.0792672358657	551265	579.267235866	5.03663820671
5701.79081122	8466	0.5	0.0566761019516	527825	556.676101952	2.96219490242
5702.31691292	8000	0.5	0.0261016991512	498375	526.101699151	4.36491504244
5702.77552941	7066	0.541383509586	0.0	434595	458.616490414	2.396
5703.24281691	7200	0.574096007036	0.0	442995	467.28750255	6.53
5703.73792443	7600	0.578988484248	0.0	469589	495.107522788	5.6
5704.2686258	8000	0.548287119178	0.0	496259	530.70136507	6.0
5704.81223717	8133	0.504675742207	0.0	508563	543.611376971	7.468
5705.27057364	6986	0.546339274794	0.0	427291	458.336467414	1.251
5705.71716732	6986	0.599745599211	0.0	418081	446.593675582	6.986
5706.17242414	7200	0.64448877705	0.0	427485	455.256822161	6.13
5706.61987541	7200	0.697037502746	0.0	419991	447.451274305	7.2
5707.05170066	7146	0.765212254783	0.0	413019	431.825247962	6.876
5707.48946358	7146	0.827449337272	0.0	422679	437.762917511	7.146
5707.9320903	7200	0.884822613938	0.0	427485	442.626723334	6.93
5708.36007792	6880	0.956834994911	0.0	408679	427.987619027	5.28
5708.79993366	7000	1.01697925894	0.0	418197	439.855735973	6.4
5709.24003403	6880	1.07687888786	0.0	418435	440.100371074	6.28
5709.69388347	7200	1.12302945174	0.0	438855	453.849436127	5.6
5710.17110194	7626	1.14581098095	0.0	464559	477.218470782	5.496
5710.67408317	8000	1.1428297467	0.0	487050	502.981234252	6.13
5711.19000159	8000	1.12691132691	0.0	487050	515.918419797	8.0
5711.7059621	8000	1.11095081944	0.0	487050	515.960507468	8.0
5712.25134346	8000	1.06556945347	0.0	487050	545.38136597	8.0
5712.79672483	8000	1.0201880875	0.0	487050	545.38136597	8.0
5713.33782798	7893	0.979084935831	0.0	483158	541.103151667	7.358
5713.890151	8000	0.92676191433	0.0	493365	552.323021501	7.465
5714.44247402	8000	0.87443889283	0.0	493365	552.323021501	8.0
5714.98694321	8000	0.829969702865	0.0	493365	544.469189964	8.0
5715.46496964	6960	0.851943276824	0.0	432864	478.026426041	1.76
5715.96158451	7200	0.855328411067	0.0	449280	496.614865757	6.0
5716.47178858	7360	0.845124336755	0.0	456778	510.204074312	6.56
5717.07483491	8800	0.742078002464	0.0	541560	603.046334291	1.6
5717.63137142	8160	0.685541498866	0.0	499088	556.536503598	4.96
5718.17705724	8000	0.63985568157	0.0	487050	545.685817296	7.2
5718.72539532	8000	0.591517592014	0.0	487050	548.338089557	8.0
5719.27373341	8000	0.543179502457	0.0	487050	548.338089557	8.0
5719.80076346	7680	0.516149454561	0.0	467772	527.030047897	6.08
5720.27695839	6933	0.539954527113	0.0	421780	476.194927447	3.198
5720.73951261	6826	0.577400302419	0.0	409638	462.554224694	6.291
5721.22036921	7200	0.596543703405	0.0	428730	480.856599014	5.33
5721.70122581	7200	0.615687104391	0.0	428730	480.856599014	7.2
5722.18208241	7200	0.634830505377	0.0	428730	480.856599014	7.2
5722.66293901	7200	0.653973906363	0.0	428730	480.856599014	7.2
5723.14379561	7200	0.673117307348	0.0	428730	480.856599014	7.2
5723.62779306	7200	0.689119857082	0.0	429824	483.997450266	7.2
5724.11811796	7200	0.698794954823	0.0	429084	490.324902259	7.2
5724.66202499	7946	0.654887929317	0.0	476950	543.907025506	4.216
5725.18253055	7626	0.634382363855	0.0	456045	520.505565462	6.026
5725.67123342	7200	0.645679500132	0.0	427635	488.702863723	5.07
5726.19865363	7800	0.618259281779	0.0	462222	527.420218353	4.8
5726.71927226	7800	0.59764065497	0.0	456146	520.618626809	7.8
5727.2052693	7666	0.611643614525	0.0	447075	485.997040445	6.996
5727.66071489	7133	0.656198029188	0.0	421103	455.445585336	4.468
5728.17451121	8000	0.642401709286	0.0	476265	513.796319903	3.665
5728.66405811	7733	0.652854807192	0.0	454837	489.546902093	6.398
5729.15854109	8000	0.658371826842	0.0	462300	494.48298035	6.665
5729.65105075	8000	0.66586216288	0.0	462300	492.509663963	8.0
5730.14542107	8000	0.671491842174	0.0	468906	494.370320706	8.0
5730.63827498	8000	0.678637935485	0.0	467438	492.853906689	8.0
5731.12874684	7933	0.688166079696	0.0	465132	490.471855789	7.598
5731.61844363	7533	0.698469290136	0.0	455338	489.696789559	5.533
5732.08370351	7093	0.733209408622	0.0	432025	465.259881515	4.893
5732.55555795	7200	0.761354963509	0.0	438283	471.854445113	6.665
5733.08453822	8000	0.732374701384	0.0	487050	528.980262125	4.0
5733.63369679	8000	0.683216126105	0.0	487050	549.158575279	8.0
5734.18285537	8000	0.634057550827	0.0	487050	549.158575279	8.0
5734.6819028	7253	0.635010114827	0.0	441782	499.047436	3.518
5735.17771008	7200	0.639202833123	0.0	438855	495.807281704	6.935
5735.67080906	7200	0.646103856883	0.0	438855	493.09897624	7.2
5736.15923796	7200	0.657674960096	0.0	438855	488.428896787	7.2
5736.64766685	7200	0.669246063308	0.0	438855	488.428896787	7.2
5737.11003511	6826	0.706877807912	0.0	414950	462.368255396	4.956
5737.64799429	8000	0.668918622716	0.0	487275	537.959185196	2.13
5738.17938495	8000	0.637527962789	0.0	487275	531.390659927	8.0
5738.71077561	8000	0.606137302862	0.0	487275	531.390659927	8.0
5739.18366009	7133	0.633252822204	0.0	432597	472.884480658	2.798
5739.71255877	7933	0.604354143541	0.0	483757	528.898678662	3.933
5740.24765467	8000	0.569258247174	0.0	488565	535.095896368	7.665
5740.78275057	8000	0.534162350806	0.0	488565	535.095896368	8.0
5741.31784646	8000	0.5	0.000933545562462	488565	535.095896368	7.95332272188
5741.7949915	6933	0.522854962774	0.0	419059	477.145037226	1.598
5742.26355991	6866	0.554286548112	0.0	410775	468.568414662	6.531
5742.73547068	6866	0.58237578342	0.0	413769	471.910764692	6.866

