7989.69207185	3066	0.5	0.209580914132	181435	209.580914132	-7.41304570658
7989.90494621	3120	0.787125646031	0.0	184429	212.874353969	2.85
7990.12243622	3146	1.06963563623	0.0	188625	217.4900098	3.016
7990.34411728	3200	1.34795457574	0.0	192435	221.681060495	2.93
7990.67455115	4800	1.51752069977	0.0	291300	330.433875969	-3.2
7991.00383661	4800	1.68823523769	0.0	290256	329.285462078	4.8
7991.34815156	5000	1.84392029381	0.0	303919	344.314943875	4.0
7991.77554388	6453	1.9165279768	0.0	395340	427.392317012	-0.812
7992.2166388	6773	1.97543305544	0.0	413791	441.094921364	5.173
7992.69559017	7200	1.99648168363	0.0	438675	478.951371803	5.065
7993.18439462	7413	2.0076772284	0.0	444483	488.80445523	6.348
7993.6069955	6400	2.08507634949	0.0	383025	422.600878919	1.335
7994.03051234	6400	2.16155951283	0.0	383025	423.516836657	6.4
7994.45503059	6400	2.23704126137	0.0	383025	424.518251461	6.4
7994.87954884	6400	2.31252300991	0.0	383025	424.518251461	6.4
7995.306675	6400	2.38539685009	0.0	383025	427.126159814	6.4
7995.73630264	6400	2.45576921079	0.0	383025	429.627639296	6.4
7996.16593028	6400	2.5261415715	0.0	383025	429.627639296	6.4
7996.59555792	6400	2.5965139322	0.0	383025	429.627639296	6.4
7997.02477772	6400	2.6672941341	0.0	383025	429.219798101	6.4
7997.45115756	6400	2.74091428955	0.0	383025	426.37984455	6.4
7997.87753741	6400	2.814534445	0.0	383025	426.37984455	6.4
7998.29697666	6400	2.89509519619	0.0	383025	419.439248807	6.4
7998.7103051	6400	2.98176674845	0.0	383025	413.328447744	6.4
7999.12483246	6400	3.06723939618	0.0	383025	414.527352272	6.4
7999.54761587	6400	3.14445598597	0.0	383025	422.783410212	6.4
7999.97039928	6400	3.22167257576	0.0	383025	422.783410212	6.4
8000.39318269	6400	3.29888916554	0.0	383025	422.783410212	6.4
8000.823825	6400	3.36824685146	0.0	383025	430.642314085	6.4
8001.257298	6400	3.43477385052	0.0	383025	433.473000937	6.4
8001.690771	6400	3.50130084958	0.0	383025	433.473000937	6.4
8002.124244	6400	3.56782784865	0.0	383025	433.473000937	6.4
8002.54387247	6400	3.64819938533	0.0	383025	419.628463315	6.4
8002.95985642	6400	3.73221543376	0.0	383025	415.983951571	6.4
8003.37584037	6400	3.81623148219	0.0	383025	415.983951571	6.4
8003.79365405	6400	3.89841780189	0.0	383025	417.813680296	6.4
8004.21211965	6400	3.97995220215	0.0	383025	418.46559974	6.4
8004.62680985	6400	4.06526200553	0.0	383025	414.690196618	6.4
8005.01873039	6400	4.17334146568	0.0	383025	391.920539856	6.4
8005.41065093	6400	4.28142092582	0.0	383025	391.920539856	6.4
8005.8041298	6400	4.3879420541	0.0	383025	393.478871722	6.4
8006.19852933	6400	4.49354251876	0.0	383025	394.399535343	6.4
8006.59417086	6400	4.59790099313	0.0	383025	395.641525623	6.4
8006.99289337	6400	4.69917848474	0.0	383025	398.722508391	6.4
8007.39161588	6400	4.80045597635	0.0	383025	398.722508391	6.4
8007.79451702	6400	4.89755483011	0.0	383025	402.901146242	6.4
8008.19908565	6400	4.99298619926	0.0	383025	404.568630855	6.4
8008.60926955	6400	5.0828022975	0.0	383025	410.183901761	6.4
8009.02678259	6400	5.16528926533	0.0	383025	417.51303217	6.4
8009.44429562	6400	5.24777623316	0.0	383025	417.51303217	6.4
8009.85927049	6400	5.33280135826	0.0	383025	414.974874899	6.4
8010.26985648	6400	5.42221537239	0.0	383025	410.58598587	6.4
8010.68044247	6400	5.51162938652	0.0	383025	410.58598587	6.4
8011.06846935	6400	5.62360249734	0.0	383025	388.026889181	6.4
8011.45236152	6400	5.73971032866	0.0	383025	383.892168679	6.4
8011.83512064	6400	5.85695120907	0.0	383025	382.759119586	6.4
8012.21718089	6400	5.97489096069	0.0	383025	382.060248384	6.4
8012.59202225	6400	6.10004960588	0.0	383025	374.841354805	6.4
8012.9668636	6400	6.22520825108	0.0	383025	374.841354805	6.4
8013.35050023	6400	6.34157161829	0.0	383025	383.636632793	6.4
8013.73926073	6400	6.45281112403	0.0	383025	388.760494254	6.4
8014.13453592	6400	6.55753592742	0.0	383025	395.275196608	6.4
8014.52802339	6400	6.66404846205	0.0	383025	393.48746537	6.4
8014.91742775	6400	6.77464410714	0.0	383025	389.40435491	6.4
8015.30681622	6400	6.88525562979	0.0	383025	389.388477351	6.4
8015.69483298	6400	6.99723887348	0.0	383025	388.016756314	6.4
8016.08284974	6400	7.10922211717	0.0	383025	388.016756314	6.4
8016.47008064	6400	7.2219912158	0.0	383025	387.230901365	6.4
8016.8565999	6400	7.33547195339	0.0	383025	386.519262411	6.4
8017.24235657	6400	7.44971527967	0.0	383025	385.756673725	6.4
8017.62667777	6400	7.5653940794	0.0	383025	384.321200267	6.4
8018.01107425	6400	7.6809976058	0.0	383025	384.396473602	6.4
8018.39580673	6400	7.79626511934	0.0	383025	384.73248646	6.4
8018.78370136	6400	7.90837049436	0.0	383025	387.894624975	6.4
8019.17254759	6400	8.01952426716	0.0	383025	388.8462272	6.4
8019.55722884	6400	8.13484300859	0.0	383025	384.681258572	6.4
8019.92832668	6400	8.26374517259	0.0	383025	371.097835996	6.4
8020.29904783	6400	8.393024023	0.0	383025	370.721149592	6.4
8020.66509544	6400	8.52697641092	0.0	383025	366.04761208	6.4
8021.03908194	6400	8.65298990758	0.0	383025	373.986503347	6.4
8021.42895231	6400	8.76311954006	0.0	383025	389.870367513	6.4
8021.81987087	6400	8.87220097891	0.0	383025	390.918561158	6.4
8022.21266189	6400	8.97940996108	0.0	383025	392.79101782	6.4
8022.60546999	6400	9.08660185868	0.0	383025	392.808102408	6.4
8023.00046892	6400	9.19160293142	0.0	383025	394.998927253	6.4
8023.39546785	6400	9.29660400417	0.0	383025	394.998927253	6.4
8023.78895009	6400	9.40312176381	0.0	383025	393.482240361	6.4
8024.18177	6400	9.51030184822	0.0	383025	392.819915596	6.4
8024.57458992	6400	9.61748193262	0.0	383025	392.819915596	6.4
8024.9693441	6400	9.72272775135	0.0	383025	394.754181269	6.4
8025.36413904	6400	9.82793280854	0.0	383025	394.794942814	6.4
8025.77051726	6400	9.92155458882	0.0	383025	406.378219715	6.4
8026.31038029	6400	9.51063630643	0.0	383025	410.918282388	6.4
8026.73813559	6400	9.58288100707	0.0	383025	427.755299368	6.4
8027.16589089	6400	9.6551257077	0.0	383025	427.755299368	6.4
8027.59364619	6400	9.72737040833	0.0	383025	427.755299368	6.4
8028.01259597	6400	9.80842062082	0.0	383025	418.949787508	6.4
8028.43091827	6400	9.89009832492	0.0	383025	418.322295899	6.4
8028.84924056	6400	9.97177602902	0.0	383025	418.322295899	6.4
8029.76299213	6400	9.5580244669	0.0	383025	413.751562126	6.4
8030.17988985	6400	9.64112674033	0.0	383025	416.897726568	6.4
8030.60383486	6400	9.71718173526	0.0	383025	423.945005071	6.4
8031.02777986	6400	9.79323673019	0.0	383025	423.945005071	6.4
8031.46083488	6400	9.86018171022	0.0	383025	433.055019967	6.4
8031.90271254	6400	9.91830404945	0.0	383025	441.877660769	6.4
8032.3445902	6400	9.97642638868	0.0	383025	441.877660769	6.4
8033.28646787	6400	9.53454872792	0.0	383025	441.877660769	6.4
8033.73391085	6400	9.58710574175	0.0	383025	447.442986164	6.4
8034.18200065	6400	9.63901593921	0.0	383025	448.089802545	6.4
8034.63009046	6400	9.69092613666	0.0	383025	448.089802545	6.4
8035.07818026	6400	9.74283633412	0.0	383025	448.089802545	6.4
8035.52702073	6400	9.79399586302	0.0	383025	448.840471103	6.4
8035.97797431	6400	9.84304228621	0.0	383025	450.953576802	6.4
8036.42892788	6400	9.89208870941	0.0	383025	450.953576802	6.4
8036.87988146	6400	9.94113513261	0.0	383025	450.953576802	6.4
8037.33083504	6400	9.99018155581	0.0	383025	450.953576802	6.4
8038.28355068	6400	9.53746591351	0.0	383025	452.715642299	6.4
8038.74004022	6400	9.58097637479	0.0	383025	456.489538712	6.4
8039.19652976	6400	9.62448683608	0.0	383025	456.489538712	6.4
8039.6530193	6400	9.66799729737	0.0	383025	456.489538712	6.4

