3252.59105925	3066	0.5	0.201557331768	181435	201.557331768	-7.01186658839
3252.79577762	3120	0.795281631766	0.0	184429	204.718368234	2.85
3253.00492608	3146	1.086133167	0.0	188625	209.148464765	3.016
3253.21809711	3200	1.3729621408	0.0	192435	213.171026201	2.93
3253.53564885	4800	1.55541039641	0.0	291300	317.551744393	-3.2
3253.85209835	4800	1.73896089719	0.0	290256	316.449499212	4.8
3254.18299591	5000	1.90806333521	0.0	303919	330.897561987	4.0
3254.50568249	4840	2.08537675722	0.0	294231	322.686577985	4.04
3254.92273265	6400	2.16832659414	0.0	383025	417.050163079	-1.4
3255.33978282	6400	2.25127643106	0.0	383025	417.050163079	6.4
3255.76297056	6400	2.32808868339	0.0	383025	423.187747678	6.4
3256.18721359	6400	2.40384565537	0.0	383025	424.243028013	6.4
3256.61145662	6400	2.47960262736	0.0	383025	424.243028013	6.4
3257.03569965	6400	2.55535959935	0.0	383025	424.243028013	6.4
3257.45994268	6400	2.63111657133	0.0	383025	424.243028013	6.4
3257.88514134	6400	2.70591790796	0.0	383025	425.198663372	6.4
3258.31053286	6400	2.78052639166	0.0	383025	425.391516306	6.4
3258.73592437	6400	2.85513487535	0.0	383025	425.391516306	6.4
3259.15993674	6400	2.93112251268	0.0	383025	424.01236267	6.4
3259.57908858	6400	3.01197066516	0.0	383025	419.151847523	6.4
3259.99824043	6400	3.09281881764	0.0	383025	419.151847523	6.4
3260.41739228	6400	3.17366697011	0.0	383025	419.151847523	6.4
3260.83654413	6400	3.25451512259	0.0	383025	419.151847523	6.4
3261.26865989	6400	3.32239936121	0.0	383025	432.11576138	6.4
3261.70634534	6400	3.38471390829	0.0	383025	437.685452923	6.4
3262.14403079	6400	3.44702845536	0.0	383025	437.685452923	6.4
3262.58171625	6400	3.50934300244	0.0	383025	437.685452923	6.4
3263.01629462	6400	3.57476462607	0.0	383025	434.578376371	6.4
3263.45048217	6400	3.64057707339	0.0	383025	434.187552675	6.4
3263.88466973	6400	3.70638952072	0.0	383025	434.187552675	6.4
3264.31885728	6400	3.77220196805	0.0	383025	434.187552675	6.4
3264.74039364	6400	3.8506656117	0.0	383025	421.536356348	6.4
3265.16191074	6400	3.92914850717	0.0	383025	421.517104531	6.4
3265.58342785	6400	4.00763140264	0.0	383025	421.517104531	6.4
3266.00520949	6400	4.08584975595	0.0	383025	421.781646682	6.4
3266.4467271	6400	4.14433214497	0.0	383025	441.517610987	6.4
3266.88824471	6400	4.20281453398	0.0	383025	441.517610987	6.4
3267.32976233	6400	4.26129692299	0.0	383025	441.517610987	6.4
3267.77127994	6400	4.31977931201	0.0	383025	441.517610987	6.4
3268.21279755	6400	4.37826170102	0.0	383025	441.517610987	6.4
3268.65068587	6400	4.44037337612	0.0	383025	437.888324895	6.4
3269.07568574	6400	4.51537350758	0.0	383025	424.999868543	6.4
3269.50068561	6400	4.59037363904	0.0	383025	424.999868543	6.4
3269.92568548	6400	4.6653737705	0.0	383025	424.999868543	6.4
3270.35076871	6400	4.7402905345	0.0	383025	425.083235996	6.4
3270.77660867	6400	4.8144505828	0.0	383025	425.839951705	6.4
3271.20244862	6400	4.88861063109	0.0	383025	425.839951705	6.4
3271.62828857	6400	4.96277067939	0.0	383025	425.839951705	6.4
3272.05550592	6400	5.03555332602	0.0	383025	427.217353361	6.4
3272.48343154	6400	5.10762771026	0.0	383025	427.925615762	6.4
3272.91135715	6400	5.1797020945	0.0	383025	427.925615762	6.4
3273.33928277	6400	5.25177647874	0.0	383025	427.925615762	6.4
3273.76816914	6400	5.32289011037	0.0	383025	428.886368365	6.4
3274.20020424	6400	5.39085501109	0.0	383025	432.03509928	6.4
3274.63223934	6400	5.45881991181	0.0	383025	432.03509928	6.4
3275.06427444	6400	5.52678481253	0.0	383025	432.03509928	6.4
3275.49630953	6400	5.59474971325	0.0	383025	432.03509928	6.4
3275.94291712	6400	5.64814212536	0.0	383025	446.607587894	6.4
3276.39162627	6400	5.69943298061	0.0	383025	448.709144752	6.4
3276.84033541	6400	5.75072383586	0.0	383025	448.709144752	6.4
3277.28904456	6400	5.80201469111	0.0	383025	448.709144752	6.4
3277.7377537	6400	5.85330554635	0.0	383025	448.709144752	6.4
3278.18646285	6400	5.9045964016	0.0	383025	448.709144752	6.4
3278.63517199	6400	5.95588725685	0.0	383025	448.709144752	6.4
3279.02955408	6400	6.06150516487	0.0	383025	394.382091983	6.4
3279.42074643	6400	6.17031282259	0.0	383025	391.192342282	6.4
3279.82415468	6400	6.26690456675	0.0	383025	403.408255838	6.4
3280.23309077	6400	6.35796847833	0.0	383025	408.936088422	6.4
3280.64202686	6400	6.4490323899	0.0	383025	408.936088422	6.4
3281.05495418	6400	6.53610506897	0.0	383025	412.927320932	6.4
3281.47220656	6400	6.61885268493	0.0	383025	417.252384037	6.4
3281.88945895	6400	6.7016003009	0.0	383025	417.252384037	6.4
3282.30473953	6400	6.78631971968	0.0	383025	415.280581221	6.4
3282.71514075	6400	6.87591849978	0.0	383025	410.401219897	6.4
3283.12554197	6400	6.96551727988	0.0	383025	410.401219897	6.4
3283.53599639	6400	7.05506285414	0.0	383025	410.454425742	6.4
3283.94685634	6400	7.14420291197	0.0	383025	410.85994217	6.4
3284.35771628	6400	7.2333429698	0.0	383025	410.85994217	6.4
3284.77453615	6400	7.3165231027	0.0	383025	416.819867103	6.4
3285.19395687	6400	7.39710237711	0.0	383025	419.420725585	6.4
3285.6133776	6400	7.47768165153	0.0	383025	419.420725585	6.4
3286.03279832	6400	7.55826092594	0.0	383025	419.420725585	6.4
3286.45785573	6400	7.63320351463	0.0	383025	425.057411313	6.4
3286.88465622	6400	7.70640303178	0.0	383025	426.800482854	6.4
3287.31096066	6400	7.78009858642	0.0	383025	426.304445361	6.4
3287.73283326	6400	7.85822599286	0.0	383025	421.872593551	6.4
3288.15470585	6400	7.93635339931	0.0	383025	421.872593551	6.4
3288.57657844	6400	8.01448080576	0.0	383025	421.872593551	6.4
3288.99575897	6400	8.09530027812	0.0	383025	419.180527645	6.4
3289.41485229	6400	8.17620695623	0.0	383025	419.093321892	6.4
3289.83394561	6400	8.25711363433	0.0	383025	419.093321892	6.4
3290.25813191	6400	8.33292733983	0.0	383025	424.186294502	6.4
3290.69174065	6400	8.39931859606	0.0	383025	433.608743772	6.4
3291.1253494	6400	8.46570985229	0.0	383025	433.608743772	6.4
3291.55895814	6400	8.53210110852	0.0	383025	433.608743772	6.4
3291.99256688	6400	8.59849236474	0.0	383025	433.608743772	6.4
3292.42537084	6400	8.66568840869	0.0	383025	432.803956051	6.4
3292.8562883	6400	8.73477095159	0.0	383025	430.9174571	6.4
3293.28720575	6400	8.80385349449	0.0	383025	430.9174571	6.4
3293.71812321	6400	8.87293603739	0.0	383025	430.9174571	6.4
3294.14904067	6400	8.94201858029	0.0	383025	430.9174571	6.4
3294.57714387	6400	9.01391537658	0.0	383025	428.103203712	6.4
3295.00517535	6400	9.08588389934	0.0	383025	428.031477237	6.4
3295.43320683	6400	9.15785242211	0.0	383025	428.031477237	6.4
3295.8612383	6400	9.22982094487	0.0	383025	428.031477237	6.4
3296.28873376	6400	9.30232548882	0.0	383025	427.495456052	6.4
3296.71619035	6400	9.37486890186	0.0	383025	427.45658696	6.4
3297.14520588	6400	9.44585337054	0.0	383025	429.015531317	6.4
3297.5771773	6400	9.51388194515	0.0	383025	431.97142539	6.4
3298.00914873	6400	9.58191051976	0.0	383025	431.97142539	6.4
3298.44112015	6400	9.64993909437	0.0	383025	431.97142539	6.4
3298.87309158	6400	9.71796766898	0.0	383025	431.97142539	6.4
3299.29839319	6400	9.79266605327	0.0	383025	425.301615713	6.4
3299.71336505	6400	9.87769419694	0.0	383025	414.971856332	6.4
3300.12833691	6400	9.9627223406	0.0	383025	414.971856332	6.4
3300.92711572	6400	9.54775048427	0.0	383025	414.971856332	6.4
3301.33647237	6400	9.63839383279	0.0	383025	409.356651478	6.4
3301.74593916	6400	9.72892703894	0.0	383025	409.466793853	6.4
3302.15613332	6400	9.81873287848	0.0	383025	410.194160464	6.4
3302.56632748	6400	9.90853871801	0.0	383025	410.194160464	6.4

