3302.76492875	3066	0.5	0.198601269876	181435	198.601269876	-6.86406349378
3302.96664228	3120	0.798286473933	0.0	184429	201.713526067	2.85
3303.17271754	3146	1.09221121541	0.0	188625	206.075258524	3.016
3303.38275328	3200	1.38217547055	0.0	192435	210.035744859	2.93
3303.69571001	4800	1.56921874029	0.0	291300	312.956730263	-3.2
3304.11309292	6400	1.6518358374	0.0	389889	417.382902888	-1.6
3304.55614465	6666	1.70878410594	0.0	408326	443.051731456	5.336
3304.99106486	6453	1.7738638899	0.0	395340	434.920216041	5.388
3305.45027273	6773	1.81465602626	0.0	413791	459.207863641	5.173
3305.97422477	7200	1.79070398001	0.0	438675	523.95204625	5.065
3306.50498148	7413	1.75994727545	0.0	444483	530.756704561	6.348
3307.15172086	9000	1.61320789546	0.0	536970	646.739379987	1.065
3307.80593094	9000	1.45899781168	0.0	536970	654.210083785	9.0
3308.46014102	9000	1.30478772789	0.0	536970	654.210083785	9.0
3309.12814962	9000	1.13677913615	0.0	536970	668.00859174	9.0
3309.83861157	9000	0.926317178334	0.0	536970	710.461957819	9.0
3310.42309161	7520	0.841837145949	0.0	440393	584.480032385	0.12
3310.97551034	7200	0.789418409352	0.0	415815	552.418736597	5.6
3311.52792908	7200	0.736999672755	0.0	415815	552.418736597	7.2
3312.0904966	7200	0.674432149388	0.0	423595	562.567523367	7.2
3312.54838121	6720	0.716547544088	0.0	400413	457.8846053	4.32
3312.98205562	6400	0.782873130664	0.0	383463	433.674413424	4.8
3313.43291339	6400	0.832015362808	0.0	383463	450.857767856	6.4
3313.91229976	6826	0.852628989777	0.0	406429	479.386373031	4.696
3314.41600379	7200	0.84892496355	0.0	427485	503.704026227	5.33
3314.93106851	7200	0.833860241248	0.0	427485	515.064722302	7.2
3315.44662098	7200	0.818307771705	0.0	427485	515.552469544	7.2
3315.96217345	7200	0.802755302161	0.0	427485	515.552469544	7.2
3316.451055	7200	0.813873752526	0.0	427485	488.881549634	7.2
3316.96467662	7626	0.800252133841	0.0	456993	513.621618685	5.496
3317.47384278	7733	0.791085974857	0.0	467045	509.166158984	7.198
3317.94457533	7200	0.820353418364	0.0	438675	470.732556493	4.535
3318.43000075	7200	0.834928005378	0.0	438675	485.425412985	7.2
3318.91542616	7200	0.849502592393	0.0	438675	485.425412985	7.2
3319.3810798	7200	0.883848951434	0.0	438675	465.653640959	7.2
3319.84752635	7200	0.917402400728	0.0	438675	466.446550706	7.2
3320.32286436	7200	0.942064394314	0.0	438675	475.338006414	7.2
3320.77808274	6773	0.986846008842	0.0	420167	455.218385472	4.638
3321.20639682	6400	1.05853193123	0.0	396693	428.314077609	4.535
3321.66969863	7066	1.09523011915	0.0	434595	463.301812086	3.736
3322.13567266	7200	1.12925609051	0.0	442995	465.974028636	6.53
3322.61553272	7600	1.14939602821	0.0	469589	479.860062305	5.6
3323.12104308	8000	1.14388567138	0.0	496259	505.510356827	6.0
3323.64736337	8133	1.11756537834	0.0	508563	526.320293043	7.468
3324.205937	8733	1.05899175217	0.0	536941	558.573626163	5.733
3324.75497818	8733	1.0099505725	0.0	525223	549.041179675	8.733
3325.31544863	9000	0.949480119382	0.0	536970	560.470453116	7.665
3325.86900138	9000	0.895927368032	0.0	527946	553.55275135	9.0
3326.42290984	8933	0.842018910885	0.0	519390	553.908457147	8.598
3327.00647241	8933	0.75845634591	0.0	530998	583.562564975	8.933
3327.58760315	9000	0.677325598534	0.0	536970	581.130747376	8.665
3328.13320844	8600	0.631720312355	0.0	513386	545.605286179	6.6
3328.57279316	7000	0.692135592449	0.0	418197	439.584719906	-1.0
3329.01027176	6880	0.754656997349	0.0	418435	437.478595099	6.28
3329.47664682	7200	0.78828193401	0.0	438855	466.375063339	5.6
3329.96982627	7626	0.795102485466	0.0	464559	493.179448544	5.496
3330.48521682	8000	0.779711931796	0.0	487050	515.39055367	6.13
3330.99717448	8000	0.767754272003	0.0	487050	511.957659794	8.0
3331.50629805	8000	0.758630704221	0.0	487050	509.123567782	8.0
3332.0123967	8000	0.752532048917	0.0	487050	506.098655304	8.0
3332.53542621	8000	0.729502544213	0.0	487050	523.029504704	8.0
3333.05679959	7893	0.708129158363	0.0	483158	521.37338585	7.358
3333.58786801	8000	0.677060740965	0.0	493365	531.068417398	7.465
3334.10859009	8000	0.656338663137	0.0	493365	520.722077828	8.0
3334.62084079	8000	0.64408796674	0.0	493365	512.250696397	8.0
3335.0587284	6960	0.70620034953	0.0	432864	437.887617211	1.76
3335.53076172	7200	0.734167031501	0.0	449280	472.033318028	6.0
3336.01377661	7360	0.751152146327	0.0	456778	483.014885174	6.56
3336.58411653	8800	0.680812221856	0.0	541560	570.339924471	1.6
3337.10906802	8160	0.655860733355	0.0	499088	524.951488501	4.96
3337.62032969	8000	0.644599059031	0.0	487050	511.261674325	7.2
3338.13247316	8000	0.632455592288	0.0	487050	512.143466742	8.0
3338.65223915	8000	0.61268960239	0.0	487050	519.765989898	8.0
3339.15993425	7680	0.604994505737	0.0	467772	507.695096653	6.08
3339.60674145	6933	0.658187306285	0.0	421780	446.807199452	3.198
3340.03690841	6826	0.728020339646	0.0	409638	430.166966639	6.291
3340.4865865	7200	0.778342250057	0.0	428730	449.678089589	5.33
3340.93816463	7200	0.826764121703	0.0	428730	451.578128353	7.2
3341.39307853	7200	0.871850222373	0.0	428730	454.913899331	7.2
3341.84870776	7200	0.916220994197	0.0	428730	455.629228175	7.2
3342.3057201	7200	0.959208656221	0.0	428730	457.012337976	7.2
3342.76384698	7200	1.00108177169	0.0	429824	458.126884529	7.2
3343.22118124	7200	1.04374751664	0.0	429084	457.334255054	7.2
3343.711639	7946	1.05328975291	0.0	476950	490.457763724	4.216
3344.17398421	7626	1.09094453875	0.0	456045	462.345214162	6.026
3344.60463803	7200	1.16029072495	0.0	427635	430.6538138	5.07
3345.08495423	7800	1.17997451862	0.0	462222	480.31620633	4.8
3345.56376872	7800	1.20116002871	0.0	456146	478.814489913	7.8
3346.03698548	7666	1.22794327096	0.0	447075	473.216757746	6.996
3346.48061243	7133	1.28431631851	0.0	421103	443.626952457	4.468
3346.97564758	8000	1.28928117444	0.0	476265	495.035144066	3.665
3347.44456177	7733	1.32036697993	0.0	454837	468.91419451	6.398
3347.92448397	8000	1.34044478123	0.0	462300	479.9221987	6.665
3348.41336842	8000	1.35156033685	0.0	462300	488.884444383	8.0
3348.90884895	8000	1.35607980614	0.0	468906	495.480530706	8.0
3349.40216354	8000	1.3627652151	0.0	467438	493.314591042	8.0
3349.88733691	7933	1.37759184726	0.0	465132	485.173367844	7.598
3350.3615273	7533	1.40340145331	0.0	455338	474.190393949	5.533
3350.92704783	8866	1.33788092541	0.0	543071	565.520527903	2.201
3351.52195276	9000	1.24297598972	0.0	551023	594.90493569	8.33
3352.15887823	10000	1.10605051854	0.0	612540	636.925471172	5.0
3352.78462585	10000	0.980302904614	0.0	612540	625.74761393	10.0
3353.40232508	10000	0.86260367294	0.0	612540	617.699231674	10.0
3353.97131568	9066	0.793613069888	0.0	555398	568.990603052	4.396
3354.55618199	9000	0.708746763844	0.0	551655	584.866306044	8.67
3355.14081945	9000	0.624109304587	0.0	551655	584.637459257	9.0
3355.72301539	9000	0.541913357902	0.0	551655	582.195946685	9.0
3356.29129959	9000	0.5	0.0263708399327	551655	568.284197835	7.68145800336
3356.82592444	8533	0.5	0.0346248488835	521611	534.624848884	4.46675755582
3357.3502704	8000	0.5	0.0243459552558	487275	524.345955256	4.11770223721
3357.87234146	8000	0.5	0.0220710586657	487275	522.071058666	6.89644706672
3358.37354108	8000	0.5	0.00119962867686	487275	501.199628677	7.94001856616
3358.81962232	7133	0.553918760932	0.0	432597	446.081239068	2.798
3359.31727562	7933	0.556265467064	0.0	483757	497.653293869	3.933
3359.82006856	8000	0.553472524901	0.0	488565	502.792942163	7.665
3360.32364963	8000	0.549891452612	0.0	488565	503.581072289	8.0
3360.8311235	8000	0.54241758791	0.0	488565	507.473864702	8.0
3361.2734638	6933	0.600077286212	0.0	419059	442.340301698	1.598
3361.71718175	6866	0.656359333541	0.0	410775	443.71795267	6.531
3362.16406093	6866	0.709480157451	0.0	413769	446.87917609	6.866

