813.923524055	3066	0.5	0.223711471276	181435	223.711471276	-8.1195735638
814.150762146	3120	0.772761909577	0.0	184429	227.238090423	2.85
814.382942686	3146	1.04058136961	0.0	188625	232.18053997	3.016
814.619611008	3200	1.30391304776	0.0	192435	236.668321851	2.93
814.972731969	4800	1.45079208663	0.0	291300	353.120961131	-3.2
815.324623207	4800	1.5989008484	0.0	290256	351.891238221	4.8
815.677854092	5000	1.74566996328	0.0	303919	353.230885125	4.0
816.122685825	6453	1.80083823033	0.0	395340	444.831732945	-0.812
816.565287059	6773	1.858236996	0.0	413791	442.601234331	5.173
817.018688892	7200	1.90483516342	0.0	438675	453.401832579	5.065
817.475771549	7413	1.94775250593	0.0	444483	457.082657489	6.348
818.023423468	9000	1.90010058695	0.0	536970	547.651918981	1.065
818.56902088	9000	1.85450317578	0.0	536970	545.597411177	9.0
819.107263403	9000	1.81626065264	0.0	536970	538.242523136	9.0
819.617472239	9000	1.80605181591	0.0	536970	510.208836729	9.0
820.139503719	9000	1.78402033629	0.0	536970	522.031479619	9.0
820.700704661	9400	1.72281939413	0.0	553424	561.200942164	7.4
821.246248015	9000	1.67727604015	0.0	522960	545.54335398	7.0
821.80384287	9000	1.61968118587	0.0	522960	557.594854276	9.0
822.360827876	9000	1.56269617923	0.0	532300	556.985006645	9.0
822.885564369	8400	1.53795968663	0.0	503004	524.7364926	5.4
823.38905801	8000	1.5344660454	0.0	481782	503.493641229	6.0
823.903636845	8000	1.51988721068	0.0	481782	514.578834713	8.0
824.453645597	8533	1.46987845802	0.0	510552	550.008752667	5.868
825.03752896	9000	1.3859950953	0.0	536970	583.883362713	6.665
825.62699334	9000	1.2965307152	0.0	536970	589.464380104	9.0
826.205583351	9000	1.21794070425	0.0	536970	578.59001095	9.0
826.773871842	9000	1.14965221369	0.0	536970	568.288490557	9.0
827.341813862	9000	1.08171019337	0.0	536970	567.942020325	9.0
827.968479231	9533	0.955044824369	0.0	573990	626.665369	6.868
828.604962307	9666	0.818561748219	0.0	586715	636.48307615	9.001
829.19623943	9000	0.727284625791	0.0	551265	591.277122427	5.67
829.79218352	9000	0.631340535295	0.0	551265	595.944090496	9.0
830.374565723	9000	0.548958332786	0.0	551265	582.38220251	9.0
830.81042335	7200	0.613100704963	0.0	438675	435.857627823	-1.8
831.266818613	7200	0.656705442253	0.0	438675	456.39526271	7.2
831.734812019	7200	0.688712036562	0.0	438675	467.993405691	7.2
832.198730564	6773	0.724793491003	0.0	420167	463.918545559	4.638
832.638159519	6400	0.785364536507	0.0	396693	439.428954496	4.535
833.130492019	7066	0.793032036819	0.0	434595	492.332499688	3.736
833.636850292	7200	0.786673763022	0.0	442995	506.358273797	6.53
834.192137049	7600	0.731387006498	0.0	469589	555.286756524	5.6
834.789171282	8000	0.634352773491	0.0	496259	597.034233007	6.0
835.397424281	8133	0.52609977469	0.0	508563	608.252998801	7.468
835.904881887	6986	0.518642168555	0.0	427291	507.457606135	1.251
836.415460018	6986	0.508064037673	0.0	418081	510.578130881	6.986
836.940727231	7200	0.5	0.0172031756207	427485	525.267213294	5.26984121896
837.456961583	7200	0.5	0.0162343525002	419991	516.2343525	6.38828237499
837.973595774	7146	0.5	0.0166341904485	413019	516.634190448	6.04429047758
838.514951093	7146	0.5	0.0413553195178	422679	541.355319518	5.07823402411
839.062348099	7200	0.5	0.0473970052075	427485	547.397005207	4.56014973963
839.586103834	6880	0.5	0.0237557357362	408679	523.755735736	4.09221321319
840.014394399	5600	0.571709435148	0.0	332739	428.290564852	-0.8
840.414569057	5160	0.671534777176	0.0	311634	400.174657972	2.96
840.833201495	5400	0.752902338921	0.0	326865	418.632438255	4.2
841.275646917	5720	0.810456917679	0.0	345913	442.445421242	4.12
841.738928698	6000	0.847175136325	0.0	362580	463.281781355	4.6
842.209261597	6000	0.876842237562	0.0	362580	470.332898763	6.0
842.687591268	6000	0.898512566773	0.0	362580	478.329670789	6.0
843.165920938	6000	0.920182895984	0.0	362580	478.329670789	6.0
843.644250609	6000	0.941853225196	0.0	362580	478.329670789	6.0
844.118803469	5920	0.967300364924	0.0	359656	474.552860271	5.52
844.602878427	6000	0.983225407182	0.0	367200	484.074957742	5.6
845.086600632	6000	0.999503202893	0.0	367200	483.722204289	6.0
845.570322836	6000	1.0157809986	0.0	367200	483.722204289	6.0
846.138757717	6960	0.947346117782	0.0	432864	568.434880821	2.16
846.728370767	7200	0.857733067828	0.0	449280	589.613049954	6.0
847.327948349	7360	0.758155485626	0.0	456778	599.577582202	6.56
847.860912243	6600	0.72519159163	0.0	402915	532.963893996	2.8
848.353042601	6120	0.733061233504	0.0	371455	492.130358126	3.72
848.833653645	6000	0.752450189773	0.0	362580	480.611043732	5.4
849.314264688	6000	0.771839146041	0.0	362580	480.611043732	6.0
849.794875732	6000	0.791228102309	0.0	362580	480.611043732	6.0
850.255854244	5760	0.830249590122	0.0	348294	460.978512187	4.56
850.800643225	6933	0.785460609238	0.0	421780	544.788980885	1.068
851.330036958	6826	0.7560668766	0.0	409638	529.393732637	6.291
851.883638076	7200	0.702465758068	0.0	428730	553.601118533	5.33
852.437239195	7200	0.648864639535	0.0	428730	553.601118533	7.2
852.988536288	7200	0.597567546574	0.0	428730	551.297092961	7.2
853.5017715	7200	0.584332334196	0.0	428730	513.235212377	7.2
854.015006713	7200	0.571097121819	0.0	428730	513.235212377	7.2
854.531361741	7200	0.554742093569	0.0	429824	516.35502825	7.2
855.04820373	7200	0.537900103933	0.0	429084	516.841989636	7.2
855.477304805	5960	0.608799029806	0.0	354804	429.101074127	-0.24
855.880987928	5720	0.705115906881	0.0	339328	403.683122926	4.52
856.258608577	5400	0.827495257482	0.0	318360	377.620649398	3.8
856.692883869	6240	0.893219965787	0.0	367423	434.275291695	2.04
857.124922385	6240	0.961181449816	0.0	362567	432.038515972	6.24
857.549408254	6133	1.03669558068	0.0	355335	424.485869133	5.598
858.050539528	7133	1.03556430687	0.0	421103	501.131273812	2.133
858.566874918	8000	1.0192289161	0.0	476265	516.335390767	3.665
859.067333133	7733	1.01877070122	0.0	454837	500.458214882	6.398
859.594799397	8000	0.99130443721	0.0	462300	527.466264012	6.665
860.105172323	8000	0.980931511738	0.0	462300	510.372925472	8.0
860.607103862	8000	0.978999972883	0.0	468906	501.931538855	8.0
861.123021636	8000	0.963082198549	0.0	467438	515.917774334	8.0
861.643430331	7933	0.942673503405	0.0	465132	520.408695145	7.598
862.187278126	7533	0.898825708847	0.0	455338	543.847794558	5.533
862.708762776	7093	0.877341058021	0.0	432025	521.484650826	4.893
863.244035329	7200	0.842068505138	0.0	438283	535.272552883	6.665
863.85734968	8000	0.728754154217	0.0	487050	613.314350921	4.0
864.470664031	8000	0.615439803297	0.0	487050	613.314350921	8.0
865.068398612	8000	0.517705222588	0.0	487050	597.734580708	8.0
865.438623437	5440	0.647480397234	0.0	329012	370.224825354	-7.36
865.80649758	5400	0.779606254225	0.0	326865	367.874143008	5.2
866.169383733	5400	0.916720101097	0.0	326865	362.886153129	5.4
866.530984763	5400	1.05511907176	0.0	326865	361.601029337	5.4
866.895313094	5400	1.1907907402	0.0	326865	364.328331558	5.4
867.371057699	6826	1.21504613553	0.0	414950	475.744604673	-0.304
867.9216158	8000	1.16448803398	0.0	487275	550.55810155	2.13
868.427472257	8000	1.15863157724	0.0	487275	505.856456739	8.0
868.925333648	8000	1.16077018618	0.0	487275	497.861391059	8.0
869.371568603	7133	1.21453523142	0.0	432597	446.234954766	2.798
869.882722119	7933	1.20338171578	0.0	483757	511.153515632	3.933
870.406628544	8000	1.17947529073	0.0	488565	523.90642505	7.665
870.928169586	8000	1.15793424824	0.0	488565	521.541042494	8.0
871.432101253	8000	1.15400258149	0.0	488565	503.931666746	8.0
871.854349917	6933	1.23175391727	0.0	419059	422.248664222	1.598
872.284338584	6866	1.30176524995	0.0	410775	429.988667318	6.531
872.761855942	6866	1.32424789192	0.0	413769	477.517358032	6.866

