7164.35285712	3066	0.5	0.220259055518	181435	220.259055518	-7.94695277592
7164.57658582	3120	0.776271296331	0.0	184429	223.728703669	2.85
7164.80517713	3146	1.04767998624	0.0	188625	228.591310095	3.016
7165.03818373	3200	1.31467339242	0.0	192435	233.006593814	2.93
7165.38576172	4800	1.46709540101	0.0	291300	347.577991416	-3.2
7165.73212985	4800	1.62072726686	0.0	290256	346.368134145	4.8
7166.09433159	5000	1.75852553129	0.0	303919	362.201735575	4.0
7166.56279707	6453	1.79006004602	0.0	395340	468.465485262	-0.812
7167.05287234	6773	1.79998477858	0.0	413791	490.075267443	5.173
7167.57181772	7200	1.78103939807	0.0	438675	518.945380507	5.065
7168.08571117	7413	1.76714595235	0.0	444483	513.893445723	6.348
7168.69676493	9000	1.65609219256	0.0	536970	611.053759787	1.065
7169.30781869	9000	1.54503843278	0.0	536970	611.053759787	9.0
7169.91326062	9000	1.43959649578	0.0	536970	605.441936992	9.0
7170.51723232	9000	1.3356248008	0.0	536970	603.971694982	9.0
7171.12528978	9000	1.22756733957	0.0	536970	608.057461228	9.0
7171.75210597	9400	1.10075115387	0.0	553424	626.816185704	7.4
7172.33730255	9000	1.01555457373	0.0	522960	585.196580134	7.0
7172.89878039	9000	0.954076725877	0.0	522960	561.477847858	9.0
7173.47100946	9000	0.881847662709	0.0	532300	572.229063168	9.0
7174.01292166	8400	0.839935460056	0.0	503004	541.912202653	5.4
7174.53315124	8000	0.819705875872	0.0	481782	520.229584184	6.0
7175.05390519	8000	0.798951928468	0.0	481782	520.753947403	8.0
7175.60617185	8533	0.746685269985	0.0	510552	552.266658483	5.868
7176.18195763	9000	0.670899487031	0.0	536970	575.785782954	6.665
7176.75166736	9000	0.601189763807	0.0	536970	569.709723224	9.0
7177.32026997	9000	0.532587144179	0.0	536970	568.602619628	9.0
7177.89130497	9000	0.5	0.0384478548706	536970	571.03499905	7.07760725647
7178.46860055	9000	0.5	0.0772955780146	536970	577.295578015	5.13522109927
7178.96078546	7626	0.507815087343	0.0	456993	492.184912657	0.756
7179.4625947	7733	0.506005847266	0.0	467045	501.809240077	7.198
7179.93458547	7200	0.534015082009	0.0	438675	471.990765257	4.535
7180.40664808	7200	0.561952476745	0.0	438675	472.062605264	7.2
7180.8790341	7200	0.58956644904	0.0	438675	472.386027705	7.2
7181.35238375	7200	0.616216805633	0.0	438675	473.349643407	7.2
7181.8260511	7200	0.642549447742	0.0	438675	473.667357891	7.2
7182.30016297	7200	0.668437578212	0.0	438675	474.111869531	7.2
7182.75390195	6773	0.714698598991	0.0	420167	453.73897922	4.638
7183.18034298	6400	0.788257572464	0.0	396693	426.441026527	4.535
7183.64820326	7066	0.820397295028	0.0	434595	467.860277437	3.736
7184.13054369	7200	0.838056866231	0.0	442995	482.340428796	6.53
7184.64034139	7600	0.828259158404	0.0	469589	509.797707827	5.6
7185.17342945	8000	0.795171100502	0.0	496259	533.088057903	6.0
7185.70707566	8133	0.761524887127	0.0	508563	533.646213374	7.468
7186.26422968	8733	0.704370868256	0.0	536941	557.154018872	5.733
7186.77530465	8733	0.69329590673	0.0	525223	511.074961525	8.733
7187.29965044	9000	0.668950108349	0.0	536970	524.345798381	7.665
7187.8215478	9000	0.647052756758	0.0	527946	521.897351591	9.0
7188.34979473	8933	0.618805823433	0.0	519390	528.246933324	8.598
7188.89802845	8933	0.570572101376	0.0	530998	548.233722057	8.933
7189.45482055	9000	0.513780001989	0.0	536970	556.792099387	8.665
7189.981943	8600	0.5	0.0133424455767	513386	527.122447566	5.93287772117
7190.40584461	7000	0.576098385159	0.0	418197	423.901614841	-1.0
7190.85770194	6880	0.624241054963	0.0	418435	451.857330196	6.28
7191.34759571	7200	0.634347290219	0.0	438855	489.893764744	5.6
7191.88337308	7626	0.598569921288	0.0	464559	535.777368931	5.496
7192.44460525	8000	0.537337747253	0.0	487050	561.232174035	6.13
7192.99575915	8000	0.5	0.0138161514412	487050	551.153898694	7.30919242794
7193.39471695	6000	0.601042201492	0.0	362580	398.957798508	-4.0
7193.79367475	6000	0.702084402983	0.0	362580	398.957798508	6.0
7194.20236056	6000	0.7933985932	0.0	362580	408.685809783	6.0
7194.61523929	5920	0.880519862228	0.0	359656	412.878730972	5.52
7195.03656864	6000	0.959190508588	0.0	367200	421.329353641	5.6
7195.44775695	6000	1.04800219732	0.0	367200	411.188311272	6.0
7195.85393444	6000	1.14182470399	0.0	367200	406.177493328	6.0
7196.32975036	6960	1.16600879337	0.0	432864	475.815910616	2.16
7196.82153453	7200	1.17422461779	0.0	449280	491.784175581	6.0
7197.32215068	7360	1.17360846592	0.0	456778	500.616151871	6.56
7197.91676157	8800	1.07899758327	0.0	541560	594.610882647	1.6
7198.4579385	8160	1.03782065226	0.0	499088	541.176931017	4.96
7198.97497524	8000	1.02078390445	0.0	487050	517.036747805	7.2
7199.49039711	8000	1.0053620356	0.0	487050	515.421868852	8.0
7200.00229753	8000	0.993461621091	0.0	487050	511.900414508	8.0
7200.50173111	7680	0.994028040688	0.0	467772	499.433580403	6.08
7201.07105983	8666	0.924699318525	0.0	530195	569.328722163	3.736
7201.60088813	8533	0.894871023042	0.0	515343	529.828295483	7.868
7202.16488511	9000	0.830874043718	0.0	539520	563.996979323	6.665
7202.74374573	9000	0.752013417015	0.0	539520	578.860626703	9.0
7203.31840628	9000	0.677352866758	0.0	539520	574.660550257	9.0
7203.89064966	9000	0.605109488103	0.0	539520	572.243378655	9.0
7204.45357427	9000	0.54218487752	0.0	539520	562.924610583	9.0
7205.01139925	9000	0.5	0.015640100275	540862	557.824977795	8.21799498625
7205.56430468	9000	0.5	0.0529054268581	539793	552.905426858	6.3547286571
7206.04020641	7946	0.524098270625	0.0	476950	475.901729375	2.676
7206.50630423	7626	0.558000447283	0.0	456045	466.097823342	6.026
7206.95089057	7200	0.613414110435	0.0	427635	444.586336848	5.07
7207.45220141	7800	0.612103261175	0.0	462222	501.310849261	4.8
7207.95369705	7800	0.610607628947	0.0	456146	501.495632228	7.8
7208.42248737	7666	0.64181730849	0.0	447075	468.790320457	6.996
7208.85399342	7133	0.710311260808	0.0	421103	431.506047682	4.468
7209.35569468	8000	0.70860999317	0.0	476265	501.701267638	3.665
7209.83616494	7733	0.72813974062	0.0	454837	480.470252551	6.398
7210.32148101	8000	0.742823667891	0.0	462300	485.316072729	6.665
7210.80562956	8000	0.758675115453	0.0	462300	484.148552438	8.0
7211.29320562	8000	0.771099054797	0.0	468906	487.576060656	8.0
7211.77578607	8000	0.788518603964	0.0	467438	482.580450833	8.0
7212.25428203	7933	0.810022648258	0.0	465132	478.495955706	7.598
7212.71634936	7533	0.847955317293	0.0	455338	462.067330965	5.533
7213.15576273	7093	0.908541950698	0.0	432025	439.413366595	4.893
7213.6059043	7200	0.958400371448	0.0	438283	450.14157925	6.665
7214.12962583	8000	0.934678846344	0.0	487050	523.721525104	4.0
7214.67291992	8000	0.891384755731	0.0	487050	543.294090613	8.0
7215.20474511	8000	0.859559567849	0.0	487050	531.825187881	8.0
7215.67742801	7253	0.886876670506	0.0	441782	472.682897343	3.518
7216.14280708	7200	0.921497596667	0.0	438855	465.379073839	6.935
7216.60532654	7200	0.958978136631	0.0	438855	462.519460036	7.2
7217.06787247	7200	0.996432202451	0.0	438855	462.54593418	7.2
7217.53042386	7200	1.03388081668	0.0	438855	462.551385769	7.2
7218.08345035	8533	0.980854327824	0.0	521611	553.026488858	1.868
7218.60245505	8000	0.9618496306	0.0	487275	519.004697225	5.335
7219.1320711	8000	0.932233576314	0.0	487275	529.616054285	8.0
7219.65007441	8000	0.914230269022	0.0	487275	518.003307292	8.0
7220.10507376	7133	0.959230911366	0.0	432597	454.999357657	2.798
7220.61404292	7933	0.950261756098	0.0	483757	508.969155267	3.933
7221.1378408	8000	0.926463871864	0.0	488565	523.797884234	7.665
7221.67124472	8000	0.893059957911	0.0	488565	533.403913953	8.0
7222.19827347	8000	0.866031207615	0.0	488565	527.028750296	8.0
7222.64832797	6933	0.915976709415	0.0	419059	450.054498201	1.598
7223.09501562	6866	0.969289055244	0.0	410775	446.687654171	6.531
7223.55109319	6866	1.01321148678	0.0	413769	456.077568466	6.866

