7632.17449072	3066	0.5	0.214091417067	181435	214.091417067	-7.63857085334
7632.39195001	3120	0.78254071178	0.0	184429	217.45928822	2.85
7632.61412927	3146	1.0603614545	0.0	188625	222.179257278	3.016
7632.8405943	3200	1.33389642932	0.0	192435	226.465025178	2.93
7633.17826994	4800	1.49622078906	0.0	291300	337.675640265	-3.2
7633.51477121	4800	1.65971951669	0.0	290256	336.501272368	4.8
7633.86664163	5000	1.80784909817	0.0	303919	351.870418516	4.0
7634.3213491	6453	1.85314162264	0.0	395340	454.707475532	-0.812
7634.79681162	6773	1.87767910681	0.0	413791	475.462515829	5.173
7635.30026548	7200	1.87422523969	0.0	438675	503.453867125	5.065
7635.80182464	7413	1.87266608858	0.0	444483	501.559151112	6.348
7636.40342716	9000	1.7710635672	0.0	536970	601.602521376	1.065
7637.00420491	9000	1.67028581507	0.0	536970	600.777752125	9.0
7637.60415134	9000	1.57033938832	0.0	536970	599.946426752	9.0
7638.20409776	9000	1.47039296157	0.0	536970	599.946426752	9.0
7638.80234707	9000	1.37214365215	0.0	536970	598.249309422	9.0
7639.41504206	9400	1.25944866845	0.0	553424	612.694983701	7.4
7639.99456085	9000	1.17992987512	0.0	522960	579.518793323	7.0
7640.55590038	9000	1.11859034121	0.0	522960	561.33953391	9.0
7641.12507534	9000	1.04941538459	0.0	532300	569.174956627	9.0
7641.66343568	8400	1.01105504096	0.0	503004	538.360343631	5.4
7642.17893757	8000	0.99555315008	0.0	481782	515.501890875	6.0
7642.6932751	8000	0.981215629214	0.0	481782	514.337520867	8.0
7643.23296825	8533	0.941522471141	0.0	510552	539.693158073	5.868
7643.79148186	9000	0.883008861339	0.0	536970	558.513609801	6.665
7644.33680364	9000	0.837687082255	0.0	536970	545.321779084	9.0
7644.90146565	9000	0.773025072295	0.0	536970	564.66200996	9.0
7645.48353678	9000	0.690953943944	0.0	536970	582.071128351	9.0
7646.06455897	9000	0.609931750963	0.0	536970	581.022192981	9.0
7646.54116633	7626	0.633324395438	0.0	456993	476.607355525	0.756
7647.02803716	7733	0.646453562928	0.0	467045	486.87083251	7.198
7647.48592626	7200	0.688564461837	0.0	438675	457.889101091	4.535
7647.94380912	7200	0.730681600399	0.0	438675	457.882861438	7.2
7648.40547894	7200	0.769011784822	0.0	438675	461.669815577	7.2
7648.86881041	7200	0.805680311622	0.0	438675	463.3314732	7.2
7649.33261848	7200	0.841872248278	0.0	438675	463.808063344	7.2
7649.80588683	7200	0.868603894546	0.0	438675	473.268353732	7.2
7650.25960957	6773	0.914881151326	0.0	420167	453.722743221	4.638
7650.69216215	6400	0.982328579366	0.0	396693	432.55257196	4.535
7651.17648442	7066	0.998006302171	0.0	434595	484.322277195	3.736
7651.66997456	7200	1.00451616265	0.0	442995	493.490139523	6.53
7652.19248972	7600	0.98200100756	0.0	469589	522.515155088	5.6
7652.71898397	8000	0.955506752411	0.0	496259	526.494255149	6.0
7653.25395729	8133	0.920533437134	0.0	508563	534.973315277	7.468
7653.81058423	8733	0.863906489644	0.0	536941	556.62694749	5.733
7654.35472202	8733	0.819768707606	0.0	525223	544.137782038	8.733
7654.89385484	9000	0.780635881551	0.0	536970	539.132826055	7.665
7655.42002738	9000	0.754463345829	0.0	527946	526.172535722	9.0
7655.9332932	8933	0.741197526718	0.0	519390	513.265819111	8.598
7656.46718191	8933	0.707308817805	0.0	530998	533.888708913	8.933
7657.00781241	9000	0.66667831926	0.0	536970	540.630498544	8.665
7657.52426487	8600	0.650225858385	0.0	513386	516.452460875	6.6
7657.95488591	7000	0.719604812123	0.0	418197	430.621046262	-1.0
7658.39238608	6880	0.782104645025	0.0	418435	437.500167098	6.28
7658.85521648	7200	0.819274244502	0.0	438855	462.830400523	5.6
7659.34500756	7626	0.829483169621	0.0	464559	489.79107488	5.496
7659.85485214	8000	0.819638584169	0.0	487050	509.844585453	6.13
7660.36445643	8000	0.810034289814	0.0	487050	509.604294355	8.0
7660.90680118	8000	0.767689546923	0.0	487050	542.344742891	8.0
7661.46018112	8000	0.714309604803	0.0	487050	553.37994212	8.0
7662.01356106	8000	0.660929662683	0.0	487050	553.37994212	8.0
7662.56259887	7893	0.611891851216	0.0	483158	549.037811467	7.358
7663.1029977	8000	0.571493023699	0.0	493365	540.398827517	7.465
7663.64149197	8000	0.53299875564	0.0	493365	538.494268059	8.0
7664.18015863	8000	0.5	0.00566790497338	493365	538.666660613	7.71660475133
7664.65431538	6960	0.525843252357	0.0	432864	474.156747643	1.76
7665.14607488	7200	0.534083753806	0.0	449280	491.759498551	6.0
7665.64641625	7360	0.53374238078	0.0	456778	500.341373026	6.56
7666.08945304	6600	0.590705588119	0.0	402915	443.036792662	2.8
7666.49576395	6120	0.684394681489	0.0	371455	406.31090663	3.72
7666.88908092	6000	0.791077710246	0.0	362580	393.316971243	5.4
7667.28239789	6000	0.897760739004	0.0	362580	393.316971243	6.0
7667.67571486	6000	1.00444376776	0.0	362580	393.316971243	6.0
7668.18418651	7680	0.995972117802	0.0	467772	508.471649959	-0.72
7668.76037912	8666	0.919779508004	0.0	530195	576.192609797	3.736
7669.31983786	8533	0.860320765856	0.0	515343	559.458742148	7.868
7669.89350437	9000	0.786654255222	0.0	539520	573.666510634	6.665
7670.46656253	9000	0.713596097087	0.0	539520	573.058158135	9.0
7671.03668556	9000	0.643473068377	0.0	539520	570.12302871	9.0
7671.61379459	9000	0.566364043562	0.0	539520	577.109024815	9.0
7672.2004695	9000	0.5	0.0203108712132	539520	586.674914775	7.98445643934
7672.78957417	9000	0.5	0.0891046655065	540862	589.104665506	4.54476672468
7673.40812991	9000	0.5	0.118555743098	539793	618.555743098	3.0722128451
7673.95583726	7946	0.5	0.0477073464654	476950	547.707346465	0.290632676729
7674.47997657	7626	0.5	0.0241393161103	456045	524.13931611	4.81903419448
7674.95593761	7200	0.524038963692	0.0	427635	475.961036308	5.07
7675.43802497	7800	0.541951600948	0.0	462222	482.087362744	4.8
7675.91390665	7800	0.566069920357	0.0	456146	475.881680591	7.8
7676.39040401	7666	0.589572563993	0.0	447075	476.497356364	6.996
7676.84298847	7133	0.636988101167	0.0	421103	452.584462827	4.468
7677.36096953	8000	0.619007044161	0.0	476265	517.981057006	3.665
7677.87781419	7733	0.602162382681	0.0	454837	516.84466148	6.398
7678.4029752	8000	0.577001375546	0.0	462300	525.161007135	6.665
7678.9281362	8000	0.551840368411	0.0	462300	525.161007135	8.0
7679.46174139	8000	0.518235179548	0.0	468906	533.605188862	8.0
7679.99400271	8000	0.5	0.0140261402959	467438	532.261319844	7.29869298521
7680.52368757	7933	0.5	0.0296848613542	465132	529.684861354	6.11375693229
7681.03889903	7533	0.5	0.0152114574659	455338	515.211457466	4.77242712671
7681.51081795	7093	0.528081077642	0.0	432025	471.918922358	4.893
7681.9894279	7200	0.549471133663	0.0	438283	478.609943979	6.665
7682.51921107	8000	0.519687964197	0.0	487050	529.783169466	4.0
7683.04730572	8000	0.5	0.00840668431181	487050	528.094648509	7.57966578441
7683.57540036	8000	0.5	0.028094648509	487050	528.094648509	6.59526757455
7684.05498988	7253	0.520410480868	0.0	441782	479.589519132	3.518
7684.53134155	7200	0.544058816414	0.0	438855	476.351664454	6.935
7685.00661769	7200	0.568782675142	0.0	438855	475.276141272	7.2
7685.47931608	7200	0.596084286854	0.0	438855	472.698388287	7.2
7685.95201447	7200	0.623385898567	0.0	438855	472.698388287	7.2
7686.39840859	6826	0.676991770179	0.0	414950	446.394128388	4.956
7686.91501101	8000	0.660389357256	0.0	487275	516.602412923	2.13
7687.43161342	8000	0.643786944333	0.0	487275	516.602412923	8.0
7687.93073423	8000	0.644666131153	0.0	487275	499.12081318	8.0
7688.37368319	7133	0.701717177251	0.0	432597	442.948953903	2.798
7688.88188856	7933	0.693511801567	0.0	483757	508.205375684	3.933
7689.39731417	8000	0.678086197249	0.0	488565	515.425604319	7.665
7689.9309863	8000	0.644414066338	0.0	488565	533.67213091	8.0
7690.47186383	8000	0.603536533902	0.0	488565	540.877532436	8.0
7690.93721574	6933	0.638184619899	0.0	419059	465.351914004	1.598
7691.3843481	6866	0.691052261021	0.0	410775	447.132358878	6.531
7691.83187466	6866	0.743525703624	0.0	413769	447.526557398	6.866

