3709.90196001	3066	0.5	0.197322225862	181435	197.322225862	-6.80011129309
3710.10237338	3120	0.799586624447	0.0	184429	200.413375553	2.85
3710.30711891	3146	1.09484109655	0.0	188625	204.745527893	3.016
3710.51579806	3200	1.3861619413	0.0	192435	208.679155255	2.93
3710.8265502	4800	1.575409802	0.0	291300	310.752139298	-3.2
3711.23909037	6400	1.66286963434	0.0	389889	412.540167658	-1.6
3711.6720929	6666	1.72986710756	0.0	408326	433.002526784	5.336
3712.0937694	6453	1.80819060892	0.0	395340	421.676498643	5.388
3712.53465934	6773	1.86730066596	0.0	413791	440.889942961	5.173
3712.99761838	7200	1.90434162033	0.0	438675	462.959045627	5.065
3713.46485408	7413	1.93710592061	0.0	444483	467.235699721	6.348
3714.02723034	9000	1.87472966847	0.0	536970	562.376252138	1.065
3714.58147965	9000	1.82048035743	0.0	536970	554.24931104	9.0
3715.11059538	9000	1.79136462973	0.0	536970	529.115727694	9.0
3715.64021837	9000	1.76174163406	0.0	536970	529.622995676	9.0
3716.17061818	9000	1.73134182421	0.0	536970	530.39980985	9.0
3716.71855191	9400	1.68340809637	0.0	553424	547.93372784	7.4
3717.25075182	9000	1.65120818973	0.0	522960	532.199906634	7.0
3717.78641719	9000	1.61554281132	0.0	522960	535.665378411	9.0
3718.33567278	9000	1.56628722065	0.0	532300	549.255590674	9.0
3718.85178382	8400	1.55017618521	0.0	503004	516.111035441	5.4
3719.34361045	8000	1.55834955783	0.0	481782	491.826627382	6.0
3719.83512802	8000	1.56683198591	0.0	481782	491.517571916	8.0
3720.34814031	8533	1.55381969915	0.0	510552	513.012286757	5.868
3720.88718046	9000	1.51477954728	0.0	536970	539.040151875	6.665
3721.43680549	9000	1.46515451726	0.0	536970	549.625030016	9.0
3721.98772017	9000	1.41423983288	0.0	536970	550.914684386	9.0
3722.55028886	9000	1.35167114073	0.0	536970	562.568692149	9.0
3723.12007744	9000	1.28188256523	0.0	536970	569.788575499	9.0
3723.7356163	9533	1.16634370379	0.0	573990	615.538861438	6.868
3724.3745107	9666	1.02744930424	0.0	586715	638.894399546	9.001
3724.97540657	9000	0.926553432882	0.0	551265	600.895871362	5.67
3725.57309664	9000	0.828863362399	0.0	551265	597.690070483	9.0
3726.15535973	9000	0.746600273449	0.0	551265	582.263088951	9.0
3726.73762282	9000	0.664337184498	0.0	551265	582.263088951	9.0
3727.33015803	9000	0.571801972512	0.0	551265	592.535211987	9.0
3727.92624448	9000	0.5	0.0242844790368	551265	596.086451548	7.78577604816
3728.49741031	8466	0.5	0.0711658300247	527825	571.165830025	2.23770849876
3729.0476532	8000	0.5	0.0502428879777	498375	550.242887978	3.15785560111
3729.53505189	7066	0.512601310728	0.0	434595	487.398689272	2.396
3730.0316779	7200	0.51597529719	0.0	442995	496.626013539	6.53
3730.45215433	6080	0.595498875657	0.0	373673	420.476421533	0.48
3730.89702629	6400	0.650626916551	0.0	394883	444.871959106	4.8
3731.35657475	6506	0.691078449988	0.0	404859	459.548466563	5.976
3731.84103133	6986	0.706621876648	0.0	427291	484.456573341	4.586
3732.31526127	6986	0.732391928816	0.0	418081	474.229947831	6.986
3732.79993326	7200	0.747719941214	0.0	427485	484.671987602	6.13
3733.27628404	7200	0.771369162252	0.0	419991	476.350778963	7.2
3733.74653329	7146	0.801119914526	0.0	413019	470.249247726	6.876
3734.23099164	7146	0.816661566108	0.0	422679	484.458348418	7.146
3734.72084473	7200	0.826808469376	0.0	427485	489.853096732	6.93
3735.18958804	6880	0.858065159741	0.0	408679	468.743309635	5.28
3735.66901533	7000	0.878637868739	0.0	418197	479.427291002	6.4
3736.14870978	6880	0.898943422078	0.0	418435	479.694446661	6.28
3736.6500331	7200	0.897620098693	0.0	438855	501.323323385	5.6
3737.17657045	7626	0.871082756677	0.0	464559	526.537342016	5.496
3737.72811525	8000	0.819537953048	0.0	487050	551.544803629	6.13
3738.27966005	8000	0.767993149419	0.0	487050	551.544803629	8.0
3738.83120486	8000	0.71644834579	0.0	487050	551.544803629	8.0
3739.38170587	8000	0.665947336951	0.0	487050	550.501008839	8.0
3739.92846485	8000	0.619188350156	0.0	487050	546.758986795	8.0
3740.47093462	7893	0.576718586185	0.0	483158	542.469763971	7.358
3741.02465312	8000	0.523000081884	0.0	493365	553.718504302	7.465
3741.57566461	8000	0.5	0.0280114097938	493365	551.011491677	6.59942951031
3742.1262762	8000	0.5	0.0506115850045	493365	550.611585004	5.46942074978
3742.61059297	6960	0.515683230202	0.0	432864	484.316769798	1.76
3743.1128978	7200	0.513378399274	0.0	449280	502.304830928	6.0
3743.62341867	7360	0.502857530191	0.0	456778	510.520869083	6.56
3744.08694922	6600	0.53932697208	0.0	402915	463.530558111	2.8
3744.51535687	6120	0.610919328899	0.0	371455	428.407643181	3.72
3744.93376769	6000	0.692508503187	0.0	362580	418.410825712	5.4
3745.35217852	6000	0.774097677475	0.0	362580	418.410825712	6.0
3745.77058935	6000	0.855686851763	0.0	362580	418.410825712	6.0
3746.17742706	5760	0.948849133278	0.0	348294	406.837718485	4.56
3746.66868504	6933	0.957591157526	0.0	421780	491.257975752	1.068
3747.14608879	6826	0.980187405165	0.0	409638	477.403752361	6.291
3747.64527683	7200	0.980999364139	0.0	428730	499.188041026	5.33
3748.14446487	7200	0.981811323113	0.0	428730	499.188041026	7.2
3748.64365291	7200	0.982623282087	0.0	428730	499.188041026	7.2
3749.14284096	7200	0.98343524106	0.0	428730	499.188041026	7.2
3749.63063629	7200	0.995639904246	0.0	428730	487.795336815	7.2
3750.11543877	7200	1.0108374267	0.0	429824	484.802477543	7.2
3750.59942381	7200	1.02685238568	0.0	429084	483.985041027	7.2
3751.13628374	7946	0.989992457742	0.0	476950	536.859927934	4.216
3751.65005109	7626	0.976225111407	0.0	456045	513.767346335	6.026
3752.13674615	7200	0.989530046166	0.0	427635	486.695065241	5.07
3752.66525984	7800	0.961016357426	0.0	462222	528.513688739	4.8
3753.18695756	7800	0.939318634116	0.0	456146	521.69772331	7.8
3753.69847957	7666	0.927796622198	0.0	447075	511.522011919	6.996
3754.18086659	7133	0.945409609314	0.0	421103	482.387012884	4.468
3754.7251335	8000	0.901142694352	0.0	476265	544.266914962	3.665
3755.24536281	7733	0.880913387557	0.0	454837	520.229306795	6.398
3755.72985503	8000	0.896421170941	0.0	462300	484.492216616	6.665
3756.20517513	8000	0.921101068564	0.0	462300	475.320102378	8.0
3756.6858302	8000	0.940445995882	0.0	468906	480.655072682	8.0
3757.16273758	8000	0.963538617899	0.0	467438	476.907377983	8.0
3757.63732916	7933	0.988947041665	0.0	465132	474.591576234	7.598
3758.10006109	7533	1.02621510574	0.0	455338	462.731935927	5.533
3758.54267294	7093	1.08360325595	0.0	432025	442.611849786	4.893
3758.99565517	7200	1.13062102333	0.0	438283	452.982232627	6.665
3759.49792728	8000	1.12834891512	0.0	487050	502.272108206	4.0
3759.99882657	8000	1.12744962598	0.0	487050	500.89928914	8.0
3760.49864623	8000	1.12762996583	0.0	487050	499.819660153	8.0
3761.06944643	9066	1.05682977025	0.0	555398	570.800195579	3.736
3761.65413592	9000	0.972140276398	0.0	551655	584.689493848	8.67
3762.23882541	9000	0.887450782551	0.0	551655	584.689493848	9.0
3762.86484752	9000	0.761428680431	0.0	551655	626.02210212	9.0
3763.49913932	9000	0.627136875311	0.0	551655	634.29180512	9.0
3764.09943121	8533	0.52684498498	0.0	521611	600.291890331	6.198
3764.54810073	6400	0.578175467948	0.0	387630	448.669517033	-4.265
3764.99677025	6400	0.629505950915	0.0	387630	448.669517033	6.4
3765.44442308	6400	0.681853116704	0.0	387630	447.652834211	6.4
3765.93579445	7133	0.690481747166	0.0	432597	491.371369538	3.468
3766.37402989	6346	0.752246311622	0.0	384845	438.235435544	2.411
3766.81653271	6400	0.809743488181	0.0	388680	442.502823441	6.13
3767.25903553	6400	0.86724066474	0.0	388680	442.502823441	6.4
3767.70153836	6400	0.9247378413	0.0	388680	442.502823441	6.4
3768.17784535	6933	0.948430851775	0.0	419059	476.306989524	4.268
3768.64009877	6866	0.98617742302	0.0	410775	462.253428756	6.531
3769.10522214	6866	1.02105406035	0.0	413769	465.12336267	6.866

