4538.49808076	3066	0.5	0.225070293318	181435	225.070293318	-8.18751466592
4538.7267001	3120	0.771380664555	0.0	184429	228.619335445	2.85
4538.96029331	3146	1.03778745444	0.0	188625	233.593210115	3.016
4539.19840283	3200	1.29967792819	0.0	192435	238.109526247	2.93
4539.43651236	3200	1.56156840195	0.0	192435	238.109526247	3.2
4539.79057741	4800	1.70750334803	0.0	290256	354.065053917	-3.2
4540.16083838	5000	1.83724238143	0.0	303919	370.2609666	4.0
4540.6364199	6453	1.86166086696	0.0	395340	475.581514468	-0.812
4541.12287551	6773	1.87520525366	0.0	413791	486.455613298	5.173
4541.63798356	7200	1.86009720114	0.0	438675	515.108052528	5.065
4542.15788174	7413	1.84019902728	0.0	444483	519.898173852	6.348
4542.78365723	9000	1.71442353737	0.0	536970	625.775489916	1.065
4543.39632792	9000	1.60175283831	0.0	536970	612.670699055	9.0
4543.98797123	9000	1.51010953563	0.0	536970	591.643302685	9.0
4544.58426844	9000	1.41381232652	0.0	536970	596.297209112	9.0
4545.18159133	9000	1.31648943755	0.0	536970	597.322888968	9.0
4545.79731199	9400	1.20076877099	0.0	553424	615.72066656	7.4
4546.37548328	9000	1.12259748359	0.0	522960	578.171287395	7.0
4546.94293383	9000	1.05514693443	0.0	522960	567.450549159	9.0
4547.51834555	9000	0.979735215953	0.0	532300	575.41171848	9.0
4548.06428455	8400	0.933796209689	0.0	503004	545.939006263	5.4
4548.59651483	8000	0.901565931445	0.0	481782	532.230278245	6.0
4549.13056497	8000	0.867515788085	0.0	481782	534.05014336	8.0
4549.70572785	8533	0.792352914435	0.0	510552	575.16287365	5.868
4550.31083145	9000	0.687249309441	0.0	536970	605.103604994	6.665
4550.9184969	9000	0.579583865528	0.0	536970	607.665443913	9.0
4551.40509717	7200	0.592983595716	0.0	427485	486.600269812	-1.8
4551.89247036	7200	0.605610398513	0.0	427485	487.373197203	7.2
4552.37984356	7200	0.618237201311	0.0	427485	487.373197203	7.2
4552.89351477	7626	0.60456598876	0.0	456993	513.67121255	5.496
4553.41794135	7733	0.580139416942	0.0	467045	524.426571818	7.198
4553.90200731	7200	0.596073455599	0.0	438675	484.065961343	4.535
4554.38536013	7200	0.612720636437	0.0	438675	483.352819162	7.2
4554.89847507	7200	0.599605692943	0.0	438675	513.114943494	7.2
4555.42035098	7200	0.577729783507	0.0	438675	521.875909436	7.2
4555.9374742	7200	0.560606565653	0.0	438675	517.123217854	7.2
4556.44577551	7200	0.552305248818	0.0	438675	508.301316834	7.2
4556.93305316	6773	0.565027607306	0.0	420167	487.277641512	4.638
4557.38612849	6400	0.611952276919	0.0	396693	453.075330387	4.535
4557.78026273	5653	0.717818029749	0.0	345821	394.13424717	1.918
4558.18425531	5760	0.813825456259	0.0	352623	403.992573489	5.225
4558.61898748	6080	0.879093283252	0.0	373673	434.732173007	4.48
4559.07782781	6400	0.920252947788	0.0	394883	458.840335463	4.8
4559.54256997	6506	0.955510794947	0.0	404859	464.742152841	5.976
4560.02536453	6986	0.972716235867	0.0	427291	482.79455908	4.586
4560.4994475	6986	0.998633260887	0.0	418081	474.08297498	6.986
4560.98454559	7200	1.0135351709	0.0	427485	485.098089986	6.13
4561.46146304	7200	1.0366177202	0.0	419991	476.917450697	7.2
4561.93135172	7146	1.06672904093	0.0	413019	469.888679277	6.876
4562.40312616	7146	1.09495460083	0.0	422679	471.7744401	7.146
4562.87281923	7200	1.12526153342	0.0	427485	469.693067409	6.93
4563.33126598	6880	1.16681478694	0.0	408679	458.446746477	5.28
4563.80220714	7000	1.19587361983	0.0	418197	470.941167111	6.4
4564.26900889	6880	1.22907187661	0.0	418435	466.801743223	6.28
4564.75305903	7200	1.24502173185	0.0	438855	484.050144758	5.6
4565.25894075	7626	1.23914001722	0.0	464559	505.881714629	5.496
4565.76943356	8000	1.2286471979	0.0	487050	510.492819325	6.13
4566.30329765	8000	1.19478311709	0.0	487050	533.864080806	8.0
4566.84850876	8000	1.14957200439	0.0	487050	545.2111127	8.0
4567.4173896	8000	1.08069115911	0.0	487050	568.880845278	8.0
4567.98843236	8000	1.00964840342	0.0	487050	571.042755692	8.0
4568.53447389	7893	0.96360687065	0.0	483158	546.04153277	7.358
4569.09183962	8000	0.906241141809	0.0	493365	557.36572884	7.465
4569.6372188	8000	0.860861959881	0.0	493365	545.379181928	8.0
4570.18187417	8000	0.81620659606	0.0	493365	544.655363821	8.0
4570.64312968	6960	0.854951080461	0.0	432864	461.2555156	1.76
4571.12143916	7200	0.876641598323	0.0	449280	478.309482137	6.0
4571.60935748	7360	0.888723281086	0.0	456778	487.918317237	6.56
4572.20145478	8800	0.796625987318	0.0	541560	592.097293768	1.6
4572.75090126	8160	0.747179497904	0.0	499088	549.446489413	4.96
4573.28486607	8000	0.713214697579	0.0	487050	533.964800325	7.2
4573.80937491	8000	0.688705850664	0.0	487050	524.508846915	8.0
4574.31346046	8000	0.684620301758	0.0	487050	504.085548907	8.0
4574.78350924	7680	0.714571524584	0.0	467772	470.048777174	6.08
4575.1992278	6933	0.798852962539	0.0	421780	415.718562045	3.198
4575.62585663	6826	0.872224133448	0.0	409638	426.628829091	6.291
4576.07671414	7200	0.921366619581	0.0	428730	450.857513867	5.33
4576.53684987	7200	0.961230891126	0.0	428730	460.135728455	7.2
4577.00636452	7200	0.991716247167	0.0	428730	469.514643959	7.2
4577.48719779	7200	1.01088296924	0.0	428730	480.833277929	7.2
4577.96558008	7200	1.03250068201	0.0	428730	478.382287228	7.2
4578.43904608	7200	1.0590346805	0.0	429824	473.466001504	7.2
4578.907853	7200	1.09022775804	0.0	429084	468.806922466	7.2
4579.4069032	7946	1.09117756412	0.0	476950	499.050193923	4.216
4579.86896332	7626	1.12911743943	0.0	456045	462.060124685	6.026
4580.29804385	7200	1.20003691407	0.0	427635	429.080525357	5.07
4580.78525325	7800	1.21282751007	0.0	462222	487.209404001	4.8
4581.26819897	7800	1.2298817939	0.0	456146	482.945716173	7.8
4581.74439915	7666	1.25368161714	0.0	447075	476.200176758	6.996
4582.19120902	7133	1.30687174174	0.0	421103	446.809875407	4.468
4582.69240447	8000	1.30567629552	0.0	476265	501.195446211	3.665
4583.16195763	7733	1.33612313669	0.0	454837	469.553158833	6.398
4583.63798609	8000	1.36009467078	0.0	462300	476.028465916	6.665
4584.11562506	8000	1.38245570128	0.0	462300	477.638969494	8.0
4584.6038922	8000	1.39418856136	0.0	468906	488.267139924	8.0
4585.09293003	8000	1.40515073227	0.0	467438	489.037829088	8.0
4585.5777354	7933	1.42034536629	0.0	465132	484.805365976	7.598
4586.04858429	7533	1.44949647588	0.0	455338	470.848890418	5.533
4586.60232238	8866	1.39575838687	0.0	543071	553.738089004	2.201
4587.14604973	9000	1.3520310323	0.0	551023	543.727354576	8.33
4587.7645016	10000	1.2335791669	0.0	612540	618.451865399	5.0
4588.40192494	10000	1.09615581853	0.0	612540	637.423348366	10.0
4589.03648909	10000	0.961591675364	0.0	612540	634.564143167	10.0
4589.61320353	9066	0.884877236176	0.0	555398	576.714439188	4.396
4590.20088928	9000	0.797191478415	0.0	551655	587.685757761	8.67
4590.77903655	9000	0.719044209977	0.0	551655	578.147268439	9.0
4591.35023677	9000	0.647843990987	0.0	551655	571.200218989	9.0
4591.91449688	9000	0.583583881083	0.0	551655	564.260109904	9.0
4592.46638198	8533	0.531698786971	0.0	521611	551.885094113	6.198
4592.98583971	8000	0.512241053107	0.0	487275	519.457733863	5.335
4593.50905454	8000	0.5	0.010973780642	487275	523.214833749	7.4513109679
4594.02428741	8000	0.5	0.0152328636966	487275	515.232863697	7.23835681517
4594.43740341	7133	0.586883993085	0.0	432597	413.116006915	2.798
4594.81995218	6346	0.704335228409	0.0	384845	382.548764676	2.411
4595.21132775	6400	0.812959652995	0.0	388680	391.375575414	6.13
4595.61213525	6400	0.912152157356	0.0	388680	400.80749564	6.4
4596.01456989	6400	1.00971751929	0.0	388680	402.434638062	6.4
4596.42646746	6933	1.09781994924	0.0	419059	411.897570058	4.268
4596.81191631	6866	1.21237109501	0.0	410775	385.44885423	6.531
4597.20010169	6866	1.3241857211	0.0	413769	388.185373905	6.866

