7104.25852199	3066	0.5	0.199598080912	181435	199.598080912	-6.91390404562
7104.46124878	3120	0.797273213743	0.0	184429	202.726786257	2.85
7104.66836035	3146	1.09016164204	0.0	188625	207.111571704	3.016
7104.87945334	3200	1.37906865171	0.0	192435	211.092990329	2.93
7105.19385944	4800	1.56466255052	0.0	291300	314.406101192	-3.2
7105.61129024	6400	1.64723175619	0.0	389889	417.430794328	-1.6
7106.04798754	6666	1.71053444869	0.0	408326	436.697307502	5.336
7106.48877948	6453	1.76974250852	0.0	395340	440.791940164	5.388
7106.95171061	6773	1.80681138264	0.0	413791	462.931125886	5.173
7107.44187949	7200	1.81664250113	0.0	438675	490.168881508	5.065
7107.93840575	7413	1.82011624602	0.0	444483	496.526255107	6.348
7108.52263252	9000	1.73588947441	0.0	536970	584.226771614	1.065
7109.0987321	9000	1.65978989642	0.0	536970	576.09957799	9.0
7109.67483167	9000	1.58369031843	0.0	536970	576.09957799	9.0
7110.25188654	9000	1.5066354517	0.0	536970	577.054866729	9.0
7110.83241855	9000	1.42610344458	0.0	536970	580.532007122	9.0
7111.43043297	9400	1.3280890201	0.0	553424	598.014424474	7.4
7112.0092175	9000	1.24930449387	0.0	522960	578.784526232	7.0
7112.60848119	9000	1.1500408014	0.0	522960	599.263692476	9.0
7113.21826906	9000	1.04025293329	0.0	532300	609.787868106	9.0
7113.79504662	8400	0.963475370246	0.0	503004	576.777563045	5.4
7114.34791155	8000	0.910610446947	0.0	481782	552.864923299	6.0
7114.90077647	8000	0.857745523648	0.0	481782	552.864923299	8.0
7115.48605901	8533	0.772462984408	0.0	510552	585.28253924	5.868
7115.97774286	7200	0.780779127942	0.0	427485	491.683856467	0.535
7116.46993155	7200	0.788590439855	0.0	427485	492.188688086	7.2
7116.96958747	7200	0.788934523295	0.0	427485	499.655916561	7.2
7117.46924339	7200	0.789278606734	0.0	427485	499.655916561	7.2
7117.9688993	7200	0.789622690173	0.0	427485	499.655916561	7.2
7118.50235469	7626	0.756167302787	0.0	456993	533.455387386	5.496
7119.04732398	7733	0.71119801135	0.0	467045	544.969291437	7.198
7119.55979731	7200	0.698724686678	0.0	438675	512.473324672	4.535
7120.07227063	7200	0.686251362007	0.0	438675	512.473324672	7.2
7120.57958294	7200	0.67893904853	0.0	438675	507.312313476	7.2
7121.07881314	7200	0.679708855319	0.0	438675	499.230193211	7.2
7121.57804333	7200	0.680478662108	0.0	438675	499.230193211	7.2
7122.07727352	7200	0.681248468897	0.0	438675	499.230193211	7.2
7122.55586276	6773	0.702659234063	0.0	420167	478.589234834	4.638
7123.0083372	6400	0.750184797042	0.0	396693	452.474437021	4.535
7123.50635955	7066	0.752162442397	0.0	434595	498.022354645	3.736
7124.01381457	7200	0.744707425667	0.0	442995	507.455016731	6.53
7124.55113294	7600	0.707389049948	0.0	469589	537.318375719	5.6
7125.11840002	8000	0.640121972108	0.0	496259	567.26707784	6.0
7125.6994837	8133	0.559038290185	0.0	508563	581.083681923	7.468
7126.18930413	6986	0.56921785981	0.0	427291	489.820430375	1.251
7126.66878232	6986	0.589739669651	0.0	418081	479.47819016	6.986
7127.1584436	7200	0.60007839676	0.0	427485	489.661272891	6.13
7127.63967138	7200	0.618850612369	0.0	419991	481.227784391	7.2
7128.11307662	7146	0.645445376825	0.0	413019	473.405235544	6.876
7128.59732032	7146	0.661201669987	0.0	422679	484.243706838	7.146
7129.08695634	7200	0.67156565538	0.0	427485	489.636014606	6.93
7129.55549211	6880	0.703029877954	0.0	408679	468.535777427	5.28
7130.03470704	7000	0.723814952517	0.0	418197	479.214925437	6.4
7130.51381474	6880	0.744707253233	0.0	418435	479.107699284	6.28
7131.01484545	7200	0.743676545892	0.0	438855	501.030707342	5.6
7131.54463612	7626	0.713885876144	0.0	464559	529.790669748	5.496
7132.09959175	8000	0.658930239291	0.0	487050	554.955636852	6.13
7132.65454739	8000	0.603974602439	0.0	487050	554.955636852	8.0
7133.20950303	8000	0.549018965586	0.0	487050	554.955636852	8.0
7133.76445866	8000	0.5	0.00593667126605	487050	554.955636852	7.7031664367
7134.32835059	8000	0.5	0.0638919303196	487050	563.89193032	4.80540348402
7134.8884149	7893	0.5	0.0600643044333	483158	560.064304433	4.35478477834
7135.46009964	8000	0.5	0.071684739892	493365	571.684739892	3.8807630054
7136.03178438	8000	0.5	0.071684739892	493365	571.684739892	4.4157630054
7136.60346912	8000	0.5	0.071684739892	493365	571.684739892	4.4157630054
7137.10627486	6960	0.5	0.00280573864906	432864	502.805738649	1.61971306755
7137.62788607	7200	0.5	0.0216112138114	449280	521.611213811	4.91943930943
7138.16475065	7360	0.5	0.0368645794755	456778	536.864579475	4.71677102623
7138.63948766	6600	0.525262989813	0.0	402915	474.737010187	2.8
7139.07793755	6120	0.586813103064	0.0	371455	438.449886748	3.72
7139.50615068	6000	0.658599968399	0.0	362580	428.213134665	5.4
7139.93436382	6000	0.730386833734	0.0	362580	428.213134665	6.0
7140.36257695	6000	0.802173699068	0.0	362580	428.213134665	6.0
7140.77431209	5760	0.890438563305	0.0	348294	411.735135764	4.56
7141.27080868	6933	0.893941966859	0.0	421780	496.496596445	1.068
7141.75330025	6826	0.9114504007	0.0	409638	482.491566159	6.291
7142.25781323	7200	0.906937418116	0.0	428730	504.512982583	5.33
7142.76232621	7200	0.902424435533	0.0	428730	504.512982583	7.2
7143.2668392	7200	0.897911452949	0.0	428730	504.512982583	7.2
7143.77135218	7200	0.893398470366	0.0	428730	504.512982583	7.2
7144.27586516	7200	0.888885487782	0.0	428730	504.512982583	7.2
7144.77072849	7200	0.894022159485	0.0	429824	494.863328298	7.2
7145.26223999	7200	0.902510656578	0.0	429084	491.511502907	7.2
7145.80746599	7946	0.857284660476	0.0	476950	545.225996102	4.216
7146.32923271	7626	0.835517935678	0.0	456045	521.766724798	6.026
7146.81911817	7200	0.845632478412	0.0	427635	489.885457266	5.07
7147.34781663	7800	0.816934018678	0.0	462222	528.698459734	4.8
7147.86970322	7800	0.795047432742	0.0	456146	521.886585936	7.8
7148.38563748	7666	0.779113169624	0.0	447075	515.934263118	6.996
7148.87218042	7133	0.792570227161	0.0	421103	486.542942463	4.468
7149.42114767	8000	0.743602980449	0.0	476265	548.967246712	3.665
7149.94586583	7733	0.718884818096	0.0	454837	524.718162352	6.398
7150.47902953	8000	0.68572112109	0.0	462300	533.163697007	6.665
7151.01219323	8000	0.652557424083	0.0	462300	533.163697007	8.0
7151.55283263	8000	0.611918019997	0.0	468906	540.639404085	8.0
7152.09184645	8000	0.572904201527	0.0	467438	539.013818471	8.0
7152.63472149	7933	0.530029156507	0.0	465132	542.87504502	7.598
7153.16637611	7533	0.5	0.00162546465325	455338	531.65462116	5.45172676734
7153.67132237	7093	0.5	0.00494625466482	432025	504.946254665	4.64568726676
7154.18343806	7200	0.5	0.0121156862063	438283	512.115686206	6.05921568969
7154.60882516	6000	0.574612897364	0.0	362580	425.387102636	0.0
7155.03421226	6000	0.649225794728	0.0	362580	425.387102636	6.0
7155.45959936	6000	0.723838692092	0.0	362580	425.387102636	6.0
7155.97572365	7253	0.707714402344	0.0	441782	516.124289748	0.988
7156.48849465	7200	0.694943408557	0.0	438855	512.770993787	6.935
7157.00405891	7200	0.679379140408	0.0	438855	515.564268148	7.2
7157.52015512	7200	0.663282930674	0.0	438855	516.096209734	7.2
7158.03625133	7200	0.64718672094	0.0	438855	516.096209734	7.2
7158.52477983	6826	0.658658226952	0.0	414950	488.528493988	4.956
7158.98180236	6400	0.701635693817	0.0	387630	457.022533135	4.27
7159.43882489	6400	0.744613160681	0.0	387630	457.022533135	6.4
7159.89584743	6400	0.787590627546	0.0	387630	457.022533135	6.4
7160.40472679	7133	0.778711266385	0.0	432597	508.879361161	3.468
7160.97260487	7933	0.710833187903	0.0	483757	567.878078482	3.933
7161.54602763	8000	0.637410429341	0.0	488565	573.422758562	7.665
7162.11945038	8000	0.56398767078	0.0	488565	573.422758562	8.0
7162.69287314	8000	0.5	0.00943508778228	488565	573.422758562	7.52824561089
7163.18142992	6933	0.511443226663	0.0	419059	488.556773337	1.598
7163.65532341	6866	0.537549734445	0.0	410775	473.893492218	6.531
7164.13259806	6866	0.560275079509	0.0	413769	477.274654936	6.866

