3650.727616	3066	0.5	0.199577665095	181435	199.577665095	-6.91288325477
3650.93032203	3120	0.797293966457	0.0	184429	202.706033543	2.85
3651.13741238	3146	1.09020361962	0.0	188625	207.090346838	3.016
3651.34848372	3200	1.37913228287	0.0	192435	211.071336747	2.93
3651.66285704	4800	1.56475895996	0.0	291300	314.373322911	-3.2
3652.08024396	6400	1.64737203756	0.0	389889	417.386922404	-1.6
3652.51689532	6666	1.71072067659	0.0	408326	436.651360971	5.336
3652.93997788	6453	1.78763811744	0.0	395340	423.082559147	5.388
3653.36978292	6773	1.85783307585	0.0	413791	429.805041585	5.173
3653.82425334	7200	1.90336265781	0.0	438675	454.470418043	5.065
3654.28545623	7413	1.94215977084	0.0	444483	461.202886967	6.348
3654.84767336	9000	1.87994263986	0.0	536970	562.217130985	1.065
3655.40989049	9000	1.81772550887	0.0	536970	562.217130985	9.0
3655.97210762	9000	1.75550837789	0.0	536970	562.217130985	9.0
3656.54449819	9000	1.68311780831	0.0	536970	572.390569577	9.0
3657.11699921	9000	1.61061679273	0.0	536970	572.501015584	9.0
3657.70445755	9400	1.52315844811	0.0	553424	587.458344622	7.4
3658.24101273	9000	1.48660326808	0.0	522960	536.555180029	7.0
3658.77756791	9000	1.45004808805	0.0	522960	536.555180029	9.0
3659.3235273	9000	1.40408869856	0.0	532300	545.959389493	9.0
3659.837984	8400	1.38963199685	0.0	503004	514.456701706	5.4
3660.33110076	8000	1.39651523918	0.0	481782	493.116757667	6.0
3660.83429055	8000	1.39332545213	0.0	481782	503.189787058	8.0
3661.36731939	8533	1.36029660639	0.0	510552	533.028845738	5.868
3661.95550937	9000	1.27210662695	0.0	536970	588.18997944	6.665
3662.56723042	9000	1.1603855789	0.0	536970	611.721048048	9.0
3663.17895147	9000	1.04866453085	0.0	536970	611.721048048	9.0
3663.79067252	9000	0.936943482804	0.0	536970	611.721048048	9.0
3664.40239357	9000	0.825222434756	0.0	536970	611.721048048	9.0
3664.92449351	7626	0.803122490791	0.0	456993	522.099943965	0.756
3665.45785758	7733	0.769758416661	0.0	467045	533.36407413	7.198
3665.95943063	7200	0.768185366486	0.0	438675	501.573050175	4.535
3666.46099926	7200	0.766616742221	0.0	438675	501.568624265	7.2
3666.96183864	7200	0.765777362254	0.0	438675	500.839379967	7.2
3667.46267802	7200	0.764937982288	0.0	438675	500.839379967	7.2
3667.9635174	7200	0.764098602321	0.0	438675	500.839379967	7.2
3668.46435678	7200	0.763259222355	0.0	438675	500.839379967	7.2
3668.94448731	6773	0.783128693461	0.0	420167	480.130528894	4.638
3669.39835246	6400	0.829263540085	0.0	396693	453.865153376	4.535
3669.89462667	7066	0.832989327202	0.0	434595	496.274212883	3.736
3670.40029976	7200	0.827316240912	0.0	442995	505.67308629	6.53
3670.93572923	7600	0.791886768981	0.0	469589	535.429471931	5.6
3671.49870355	8000	0.728912452978	0.0	496259	562.974316003	6.0
3672.0739311	8133	0.653684902558	0.0	508563	575.22755042	7.468
3672.55883125	6986	0.668784752043	0.0	427291	484.900150515	1.251
3673.03349521	6986	0.694120788075	0.0	418081	474.663963967	6.986
3673.51861098	7200	0.709005021904	0.0	427485	485.115766171	6.13
3673.99539776	7200	0.732218244006	0.0	419991	476.786777899	7.2
3674.46443571	7146	0.763180292667	0.0	413019	469.037951339	6.876
3674.94420999	7146	0.783406015372	0.0	422679	479.774277295	7.146
3675.42298671	7200	0.804629293492	0.0	427485	478.776721879	6.93
3675.87618148	6880	0.85143452249	0.0	408679	453.194771002	5.28
3676.33969811	7000	0.887917890491	0.0	418197	463.516631999	6.4
3676.80347284	6880	0.924143157744	0.0	418435	463.774732747	6.28
3677.28939219	7200	0.938223814621	0.0	438855	485.919343123	5.6
3677.79868	7626	0.92893600328	0.0	464559	509.287811341	5.496
3678.33052	8000	0.897096000917	0.0	487050	531.840002363	6.13
3678.86236	8000	0.865255998554	0.0	487050	531.840002363	8.0
3679.3942	8000	0.833415996191	0.0	487050	531.840002363	8.0
3679.92667641	8000	0.800939590443	0.0	487050	532.476405748	8.0
3680.46424212	8000	0.763373877232	0.0	487050	537.565713211	8.0
3680.99759208	7893	0.730023923708	0.0	483158	533.349953524	7.358
3681.54199811	8000	0.68561789127	0.0	493365	544.406032437	7.465
3682.08640414	8000	0.641211858833	0.0	493365	544.406032437	8.0
3682.62986464	8000	0.59775136273	0.0	493365	543.460496103	8.0
3683.10674675	6960	0.620869251781	0.0	432864	476.882110949	1.76
3683.60133497	7200	0.626281032832	0.0	449280	494.588218949	6.0
3684.10401044	7360	0.623605557682	0.0	456778	502.67547515	6.56
3684.54858991	6600	0.679026092231	0.0	402915	444.579465451	2.8
3685.09535819	8160	0.632257814927	0.0	499088	546.768277304	0.36
3685.62248946	8000	0.605126540376	0.0	487050	527.131274551	7.2
3686.14962073	8000	0.577995265826	0.0	487050	527.131274551	8.0
3686.67675201	8000	0.550863991275	0.0	487050	527.131274551	8.0
3687.18335613	7680	0.544259872062	0.0	467772	506.604119213	6.08
3687.6411182	6933	0.586497800562	0.0	421780	457.7620715	3.198
3688.08599031	6826	0.641625688453	0.0	409638	444.872112109	6.291
3688.55113051	7200	0.676485489974	0.0	428730	465.140198479	5.33
3689.01823024	7200	0.709385761223	0.0	428730	467.099728751	7.2
3689.49244952	7200	0.735166477998	0.0	428730	474.219283225	7.2
3689.96666881	7200	0.760947194772	0.0	428730	474.219283225	7.2
3690.44088809	7200	0.786727911547	0.0	428730	474.219283225	7.2
3690.91629193	7200	0.811324069519	0.0	429824	475.403842029	7.2
3691.38901726	7200	0.838598744912	0.0	429084	472.725324607	7.2
3691.90602253	7946	0.821593475519	0.0	476950	517.005269393	4.216
3692.40080545	7626	0.826810546322	0.0	456045	494.782929197	6.026
3692.86538811	7200	0.862227889069	0.0	427635	464.582657253	5.07
3693.3664525	7800	0.861163497706	0.0	462222	501.064391363	4.8
3693.84546847	7800	0.882147535056	0.0	456146	479.01596265	7.8
3694.31515749	7666	0.912458506759	0.0	447075	469.689028297	6.996
3694.75604697	7133	0.971569025707	0.0	421103	440.889481052	4.468
3695.25108901	8000	0.976526988284	0.0	476265	495.042037423	3.665
3695.72430816	7733	1.00330784521	0.0	454837	473.219143073	6.398
3696.21001305	8000	1.01760294777	0.0	462300	485.704897442	6.665
3696.71724303	8000	1.01037297	0.0	462300	507.229977774	8.0
3697.23157814	8000	0.996037863013	0.0	468906	514.335106982	8.0
3697.74315099	8000	0.984465008454	0.0	467438	511.572854559	8.0
3698.24566777	7933	0.981948235302	0.0	465132	502.516773152	7.598
3698.73781391	7533	0.989802086566	0.0	455338	492.146148735	5.533
3699.2052745	7093	1.02234149705	0.0	432025	467.460589512	4.893
3699.66632667	7200	1.06128933194	0.0	438283	461.052165118	6.665
3700.17176229	8000	1.05585370727	0.0	487050	505.43562467	4.0
3700.67719792	8000	1.0504180826	0.0	487050	505.43562467	8.0
3701.18208309	8000	1.04553291333	0.0	487050	504.885169262	8.0
3701.75623487	9066	0.971381133982	0.0	555398	574.151779352	3.736
3702.32658465	9000	0.901031349073	0.0	551655	570.349784908	8.67
3702.90614495	9000	0.821471052896	0.0	551655	579.560296177	9.0
3703.486253	9000	0.741363004087	0.0	551655	580.108048809	9.0
3704.06948394	9000	0.658132061102	0.0	551655	583.230942985	9.0
3704.63408382	8533	0.593532181756	0.0	521611	564.599879346	6.198
3705.16217614	8000	0.56543985585	0.0	487275	528.092325906	5.335
3705.69026847	8000	0.537347529944	0.0	487275	528.092325906	8.0
3706.2175594	8000	0.510056600413	0.0	487275	527.290929532	8.0
3706.68567559	7133	0.541940412586	0.0	432597	468.116187826	2.798
3707.10322285	6346	0.624393147339	0.0	384845	417.547265247	2.411
3707.52352433	6400	0.704091667954	0.0	388680	420.301479385	6.13
3707.94295295	6400	0.784663050051	0.0	388680	419.428617903	6.4
3708.36238157	6400	0.865234432149	0.0	388680	419.428617903	6.4
3708.81381089	6933	0.913805114484	0.0	419059	451.429317664	4.268
3709.25651399	6866	0.971102015485	0.0	410775	442.703098999	6.531
3709.70463778	6866	1.02297822138	0.0	413769	448.123794108	6.866

