5972.15018798	3066	0.5	0.213039816341	181435	213.039816341	-7.58599081704
5972.36657831	3120	0.783609665787	0.0	184429	216.390334213	2.85
5972.5876643	3146	1.06252368261	0.0	188625	221.085983175	3.016
5972.81301397	3200	1.33717401437	0.0	192435	225.349668242	2.93
5973.14900123	4800	1.50118675447	0.0	291300	335.987259901	-3.2
5973.48382017	4800	1.66636781142	0.0	290256	334.818943047	4.8
5973.83392907	5000	1.81625891324	0.0	303919	350.108898187	4.0
5974.28634514	6453	1.8638428359	0.0	395340	452.41607734	-0.812
5974.75940932	6773	1.89077866061	0.0	413791	473.064175289	5.173
5975.24520781	7200	1.90498016819	0.0	438675	485.798492415	5.065
5975.73349918	7413	1.91668879912	0.0	444483	488.291369076	6.348
5976.32203835	9000	1.8281496295	0.0	536970	588.539169618	1.065
5976.915508	9000	1.73467998227	0.0	536970	593.469647233	9.0
5977.50897764	9000	1.64121033503	0.0	536970	593.469647233	9.0
5978.10244729	9000	1.5477406878	0.0	536970	593.469647233	9.0
5978.6990738	9000	1.45111417505	0.0	536970	596.626512749	9.0
5979.31637765	9400	1.33381033212	0.0	553424	617.303842928	7.4
5979.9002516	9000	1.24993638069	0.0	522960	583.873951432	7.0
5980.4558989	9000	1.19428908007	0.0	522960	555.647300619	9.0
5981.02041981	9000	1.12976816645	0.0	532300	564.520913626	9.0
5981.5565999	8400	1.09358807745	0.0	503004	536.180088998	5.4
5982.07708327	8000	1.07310471164	0.0	481782	520.483365807	6.0
5982.59203844	8000	1.05814954419	0.0	481782	514.955167451	8.0
5983.12170815	8533	1.0284798337	0.0	510552	529.669710487	5.868
5983.68926153	9000	0.960926444568	0.0	536970	567.553389136	6.665
5984.26453311	9000	0.885654868589	0.0	536970	575.271575978	9.0
5984.83890022	9000	0.811287762529	0.0	536970	574.36710606	9.0
5985.4103177	9000	0.739870283746	0.0	536970	571.417478783	9.0
5985.98173517	9000	0.668452804963	0.0	536970	571.417478783	9.0
5986.46386434	7626	0.686323639528	0.0	456993	482.129165435	0.756
5986.95618528	7733	0.694002700546	0.0	467045	492.320938982	7.198
5987.41656911	7200	0.733618873115	0.0	438675	460.383827431	4.535
5987.87420793	7200	0.77598004671	0.0	438675	457.638826405	7.2
5988.33841078	7200	0.81177719997	0.0	438675	464.20284674	7.2
5988.80973535	7200	0.840452633466	0.0	438675	471.324566504	7.2
5989.28105991	7200	0.869128066962	0.0	438675	471.324566504	7.2
5989.76072273	7200	0.889465247531	0.0	438675	479.662819432	7.2
5990.2264745	6773	0.923713476202	0.0	420167	465.751771328	4.638
5990.66676422	6400	0.983423764199	0.0	396693	440.289712004	4.535
5991.14138407	7066	1.00880390458	0.0	434595	474.619859614	3.736
5991.60878831	7200	1.04139966823	0.0	442995	467.404236357	6.53
5992.10365157	7600	1.04653641256	0.0	469589	494.863255672	5.6
5992.63708073	8000	1.01310725251	0.0	496259	533.429160043	6.0
5993.18634811	8133	0.963839873354	0.0	508563	549.267379159	7.468
5993.76753548	8733	0.882652495001	0.0	536941	581.187378353	5.733
5994.33702405	8733	0.813163927188	0.0	525223	569.488567813	8.733
5994.91532722	9000	0.734860756411	0.0	536970	578.303170777	7.665
5995.47402025	9000	0.676167731745	0.0	527946	558.693024666	9.0
5996.02467305	8933	0.625514930476	0.0	519390	550.652801269	8.598
5996.58919938	8933	0.560988596447	0.0	530998	564.526334029	8.933
5997.04562609	7200	0.604561886925	0.0	427485	456.426709521	-1.465
5997.49503905	6880	0.655148933975	0.0	408679	449.41295295	5.28
5997.95473202	7000	0.695455959686	0.0	418197	459.692974289	6.4
5998.40714822	6880	0.743039754543	0.0	418435	452.416205143	6.28
5998.87576796	7200	0.774420022544	0.0	438855	468.619732	5.6
5999.37124932	7626	0.778938658362	0.0	464559	495.481364182	5.496
5999.88819785	8000	0.761990132718	0.0	487050	516.948525644	6.13
6000.40513972	8000	0.745048257913	0.0	487050	516.941874804	8.0
6000.92365268	8000	0.726535295622	0.0	487050	518.512962292	8.0
6001.43868842	8000	0.711499559704	0.0	487050	515.035735918	8.0
6001.94579483	8000	0.704393147497	0.0	487050	507.106412207	8.0
6002.44734452	7893	0.70284346313	0.0	483158	501.549684367	7.358
6002.94978177	8000	0.700406210011	0.0	493365	502.437253119	7.465
6003.45230353	8000	0.69788444571	0.0	493365	502.521764301	8.0
6003.95750215	8000	0.6926858262	0.0	493365	505.19861951	8.0
6004.40197492	6960	0.74821306215	0.0	432864	444.47276405	1.76
6004.87091238	7200	0.779275602743	0.0	449280	468.937459407	6.0
6005.34779177	7360	0.802396208321	0.0	456778	476.879394422	6.56
6005.92021022	8800	0.7299777552	0.0	541560	572.418453121	1.6
6006.45133346	8160	0.698854522331	0.0	499088	531.123232868	4.96
6006.97040786	8000	0.679780123474	0.0	487050	519.074398857	7.2
6007.48948225	8000	0.660705724617	0.0	487050	519.074398857	8.0
6008.00692905	8000	0.643258926114	0.0	487050	517.446798503	8.0
6008.5038206	7680	0.646367380734	0.0	467772	496.89154538	6.08
6008.95366722	6933	0.69652075466	0.0	421780	449.846626074	3.198
6009.39776533	6826	0.752422653234	0.0	409638	444.098101426	6.291
6009.86209544	7200	0.788092539757	0.0	428730	464.330113477	5.33
6010.32582033	7200	0.824367647295	0.0	428730	463.724892462	7.2
6010.78889646	7200	0.861291516115	0.0	428730	463.076131181	7.2
6011.2510208	7200	0.899167180596	0.0	428730	462.124335518	7.2
6011.70171378	7200	0.948474198697	0.0	428730	450.692981899	7.2
6012.15353129	7200	0.996656690588	0.0	429824	451.817508109	7.2
6012.60425593	7200	1.04593204708	0.0	429084	450.724643505	7.2
6013.10385618	7946	1.04633179527	0.0	476950	499.600251813	4.216
6013.58417472	7626	1.06601326129	0.0	456045	480.318533982	6.026
6014.03895112	7200	1.11123685752	0.0	427635	454.776403765	5.07
6014.52970092	7800	1.12048706178	0.0	462222	490.749795739	4.8
6015.01936067	7800	1.13082731135	0.0	456146	489.659750433	7.8
6015.50556317	7666	1.14462481211	0.0	447075	486.202499238	6.996
6015.96410156	7133	1.18608642138	0.0	421103	458.538390732	4.468
6016.47887249	8000	1.17131549292	0.0	476265	514.770928457	3.665
6016.97007619	7733	1.18011179258	0.0	454837	491.203700338	6.398
6017.46603854	8000	1.18414944117	0.0	462300	495.962351413	6.665
6017.95256451	8000	1.19762346707	0.0	462300	486.525974098	8.0
6018.44589977	8000	1.20428821202	0.0	468906	493.335255052	8.0
6018.93144625	8000	1.2187417283	0.0	467438	485.546483719	8.0
6019.41435864	7933	1.23582933895	0.0	465132	482.912389349	7.598
6019.91307091	7533	1.23711707065	0.0	455338	498.712268305	5.533
6020.51167788	8866	1.13851010328	0.0	543071	598.606967364	2.201
6021.11668582	9000	1.03350216089	0.0	551023	605.007942391	8.33
6021.63825871	8000	1.01192927367	0.0	487050	521.572887225	3.0
6022.16018898	8000	0.989999002304	0.0	487050	521.930271364	8.0
6022.68982179	8000	0.960366194125	0.0	487050	529.632808179	8.0
6023.29237496	9066	0.857813022177	0.0	555398	602.553171948	3.736
6023.89685148	9000	0.753336495476	0.0	551655	604.476526701	8.67
6024.51338136	9000	0.636806620169	0.0	551655	616.529875307	9.0
6025.12991123	9000	0.520276744863	0.0	551655	616.529875307	9.0
6025.61638584	7200	0.533802144258	0.0	438855	486.474600605	-1.8
6026.07182693	6826	0.578361047397	0.0	414950	455.441096861	4.956
6026.49794052	6400	0.652247461721	0.0	387630	426.113585676	4.27
6026.92338707	6400	0.726800905356	0.0	387630	425.446556365	6.4
6027.34747328	6400	0.802714696847	0.0	387630	424.086208509	6.4
6027.81959554	7133	0.830592437108	0.0	432597	472.122259738	3.468
6028.33675405	7933	0.81343392932	0.0	483757	517.158507788	3.933
6028.84347404	8000	0.806713937632	0.0	488565	506.719991688	7.665
6029.3586403	8000	0.791547681096	0.0	488565	515.166256536	8.0
6029.88709309	8000	0.763094889045	0.0	488565	528.45279205	8.0
6030.34178788	6933	0.8084001021	0.0	419059	454.694786945	1.598
6030.78794641	6866	0.8622415684	0.0	410775	446.158533701	6.531
6031.23751232	6866	0.912675655301	0.0	413769	449.565913099	6.866

