6686.848379	3066	0.5	0.211076505137	181435	211.076505137	-7.48782525683
6687.06277362	3120	0.785605375116	0.0	184429	214.394624884	2.85
6687.28181849	3146	1.06656050626	0.0	188625	219.044868859	3.016
6687.50508582	3200	1.3432931804	0.0	192435	223.267325852	2.93
6687.83792091	4800	1.51045808273	0.0	291300	332.835097673	-3.2
6688.16959899	4800	1.67878000477	0.0	290256	331.678077962	4.8
6688.51641918	5000	1.83195981922	0.0	303919	346.820185547	4.0
6688.96455727	6453	1.88382172271	0.0	395340	448.138096512	-0.812
6689.43314381	6773	1.91523518683	0.0	413791	468.586535878	5.173
6689.9293082	7200	1.91907079798	0.0	438675	496.164388849	5.065
6690.43334919	7413	1.91502980755	0.0	444483	504.040990436	6.348
6691.04664083	9000	1.80173817122	0.0	536970	613.291636329	1.065
6691.65993246	9000	1.68844653489	0.0	536970	613.291636329	9.0
6692.2732241	9000	1.57515489856	0.0	536970	613.291636329	9.0
6692.88651573	9000	1.46186326223	0.0	536970	613.291636329	9.0
6693.49353127	9000	1.35484772401	0.0	536970	607.015538224	9.0
6694.07148751	9400	1.276891491	0.0	553424	577.956233005	7.4
6694.61817979	9000	1.23019920514	0.0	522960	546.692285864	7.0
6695.1594471	9000	1.18893189831	0.0	522960	541.267306833	9.0
6695.70270206	9000	1.14567693427	0.0	532300	543.254964035	9.0
6696.22453129	8400	1.12384770485	0.0	503004	521.829229425	5.4
6696.7338537	8000	1.11452529793	0.0	481782	509.322406916	6.0
6697.24317611	8000	1.10520289101	0.0	481782	509.322406916	8.0
6697.78201009	8533	1.06636890982	0.0	510552	538.833981191	5.868
6698.3436682	9000	1.00471079756	0.0	536970	561.658112259	6.665
6698.90465562	9000	0.943723379502	0.0	536970	560.987418063	9.0
6699.46342369	9000	0.884955303929	0.0	536970	558.768075573	9.0
6700.02228607	9000	0.82609292728	0.0	536970	558.862376649	9.0
6700.58138825	9000	0.766990745712	0.0	536970	559.102181568	9.0
6701.17834685	9533	0.670032142442	0.0	573990	596.95860327	6.868
6701.78779605	9666	0.560582943924	0.0	586715	609.449198518	9.001
6702.36098227	9000	0.5	0.0126032715412	551265	573.186215465	5.03983642294
6702.93629614	9000	0.5	0.0753138687437	551265	575.313868744	5.23430656281
6703.5129369	9000	0.5	0.0766407616869	551265	576.640761687	5.16796191565
6704.090494	9000	0.5	0.0775571036522	551265	577.557103652	5.12214481739
6704.67175944	9000	0.5	0.0812654419137	551265	581.265441914	4.93672790431
6705.25149591	9000	0.5	0.0797364660105	551265	579.73646601	5.01317669948
6705.79742647	8466	0.5	0.0459305619904	527825	545.93056199	3.49947190048
6706.31345478	8000	0.5	0.0160283120958	498375	516.028312096	4.86858439521
6706.76912458	7066	0.544330204373	0.0	434595	455.669795627	2.396
6707.23692308	7200	0.576531703731	0.0	442995	467.798500641	6.53
6707.73220427	7600	0.581250515191	0.0	469589	495.281188541	5.6
6708.2526867	8000	0.560768084108	0.0	496259	520.482431083	6.0
6708.78496082	8133	0.52849396666	0.0	508563	532.274117447	7.468
6709.2337718	6986	0.579682983718	0.0	427291	448.810982943	1.251
6709.69195044	6986	0.621504340014	0.0	418081	458.178643703	6.986
6710.16132622	7200	0.65212856337	0.0	427485	469.375776645	6.13
6710.62264894	7200	0.690805846061	0.0	419991	461.322717309	7.2
6711.07411107	7146	0.73934371317	0.0	413019	451.462132891	6.876
6711.53317938	7146	0.780275405165	0.0	422679	459.068308005	7.146
6711.99735374	7200	0.816101042003	0.0	427485	464.174363163	6.93
6712.44154798	6880	0.871906802291	0.0	408679	444.194239711	5.28
6712.89123885	7000	0.922215931608	0.0	418197	449.690870683	6.4
6713.33868712	6880	0.97476766096	0.0	418435	447.448270648	6.28
6713.80748326	7200	1.0059715258	0.0	438855	468.796135159	5.6
6714.30342757	7626	1.01002721155	0.0	464559	495.944314255	5.496
6714.82304026	8000	0.990414521984	0.0	487050	519.612689562	6.13
6715.34265295	8000	0.970801832423	0.0	487050	519.612689562	8.0
6715.85491679	8000	0.958537998531	0.0	487050	512.263833892	8.0
6716.3650474	8000	0.948407383928	0.0	487050	510.130614603	8.0
6716.8755171	8000	0.937937681705	0.0	487050	510.469702223	8.0
6717.38205378	7893	0.931401002806	0.0	483158	506.536678899	7.358
6717.89911641	8000	0.914338372419	0.0	493365	517.062630387	7.465
6718.42650127	8000	0.886953509704	0.0	493365	527.384862715	8.0
6718.95439978	8000	0.859055008713	0.0	493365	527.898500991	8.0
6719.42334328	6960	0.890111504866	0.0	432864	468.943503847	1.76
6719.90969183	7200	0.90376295796	0.0	449280	486.348546907	6.0
6720.40082043	7360	0.912634354168	0.0	456778	491.128603791	6.56
6720.9706427	8800	0.842812085708	0.0	541560	569.82226846	1.6
6721.49656074	8160	0.816894040946	0.0	499088	525.918044762	4.96
6722.00581772	8000	0.807637061039	0.0	487050	509.256979907	7.2
6722.51309687	8000	0.800357914566	0.0	487050	507.279146474	8.0
6723.02037602	8000	0.793078768092	0.0	487050	507.279146474	8.0
6723.52081953	7680	0.792635254863	0.0	467772	500.443513229	6.08
6724.08829817	8666	0.725156618993	0.0	530195	567.47863587	3.736
6724.64014385	8533	0.673310929368	0.0	515343	551.845689624	7.868
6725.21720673	9000	0.596248054681	0.0	539520	577.062874687	6.665
6725.7942696	9000	0.519185179994	0.0	539520	577.062874687	9.0
6726.2528092	7200	0.560645586339	0.0	428730	458.539593655	-1.8
6726.70662232	7200	0.606832460288	0.0	428730	453.813126051	7.2
6727.16098083	7200	0.65247395638	0.0	428730	454.358503908	7.2
6727.61741396	7200	0.696040823137	0.0	429824	456.433133243	7.2
6728.0730785	7200	0.740376284757	0.0	429084	455.66453838	7.2
6728.57845866	7946	0.734996122411	0.0	476950	505.380162346	4.216
6729.0835122	7626	0.729942588965	0.0	456045	505.053533447	6.026
6729.55810718	7200	0.755347605055	0.0	427635	474.59498391	5.07
6730.07027848	7800	0.743176307914	0.0	462222	512.171297141	4.8
6730.57584863	7800	0.73760615222	0.0	456146	505.570155695	7.8
6731.06644562	7666	0.747009160471	0.0	447075	490.596991749	6.996
6731.52435779	7133	0.789096994194	0.0	421103	457.912166277	4.468
6732.0409438	8000	0.77251098585	0.0	476265	516.586008344	3.665
6732.53812823	7733	0.775326555738	0.0	454837	497.184430112	6.398
6733.0498179	8000	0.763636884237	0.0	462300	511.689671501	6.665
6733.56150757	8000	0.751947212736	0.0	462300	511.689671501	8.0
6734.0803661	8000	0.733088685579	0.0	468906	518.858527157	8.0
6734.6186228	8000	0.694831981833	0.0	467438	538.256703746	8.0
6735.15456305	7933	0.658891733443	0.0	465132	535.94024839	7.598
6735.6794289	7533	0.634025887143	0.0	455338	524.8658463	5.533
6736.17793396	7093	0.635520826621	0.0	432025	498.505060522	4.893
6736.68351515	7200	0.629939637013	0.0	438283	505.581189609	6.665
6737.24423881	8000	0.569215975819	0.0	487050	560.723661193	4.0
6737.79464326	8000	0.518811519444	0.0	487050	550.404456375	8.0
6738.33689514	8000	0.5	0.023440357711	487050	542.251877155	6.82798211445
6738.82967781	7253	0.507217331294	0.0	441782	492.782668706	3.518
6739.31926183	7200	0.517633310045	0.0	438855	489.584021248	6.935
6739.80441114	7200	0.532484001418	0.0	438855	485.149308627	7.2
6740.28439515	7200	0.552499989408	0.0	438855	479.98401201	7.2
6740.76437916	7200	0.572515977398	0.0	438855	479.98401201	7.2
6741.21876254	6826	0.618132602973	0.0	414950	454.383374425	4.956
6741.64388804	6400	0.693007100073	0.0	387630	425.1255029	4.27
6742.06246034	6400	0.774434797898	0.0	387630	418.572302175	6.4
6742.48064093	6400	0.856254213166	0.0	387630	418.180584732	6.4
6742.94617248	7133	0.890722658814	0.0	432597	465.531554352	3.468
6743.46667326	7933	0.87022188617	0.0	483757	520.500772644	3.933
6743.99309762	8000	0.843797517635	0.0	488565	526.424368535	7.665
6744.51952199	8000	0.8173731491	0.0	488565	526.424368535	8.0
6745.04230087	8000	0.794594269401	0.0	488565	522.778879699	8.0
6745.49048742	6933	0.846407726058	0.0	419059	448.186543343	1.598
6745.93001184	6866	0.906883297894	0.0	410775	439.524428164	6.531
6746.37967225	6866	0.957222895128	0.0	413769	449.660402766	6.866

