3947.50548222	3066	0.5	0.190945439199	181435	190.945439199	-6.48127195996
3947.69941358	3120	0.806068639424	0.0	184429	193.931360576	2.85
3947.89752962	3146	1.10795260079	0.0	188625	198.116038631	3.016
3948.09944537	3200	1.40603684258	0.0	192435	201.915758218	2.93
3948.39995937	4800	1.60552284892	0.0	291300	300.513993654	-3.2
3948.80243522	6400	1.70304699352	0.0	389889	402.475855398	-1.6
3949.23158481	6666	1.77389740667	0.0	408326	429.149586853	5.336
3949.64740417	6453	1.85807804257	0.0	395340	415.819364102	5.388
3950.05781464	6773	1.94766757775	0.0	413791	410.410464823	5.173
3950.59989029	9000	1.90559192573	0.0	551265	542.075652012	-2.135
3951.15308803	9266	1.85239418539	0.0	558332	553.197740343	7.936
3951.6882411	9000	1.81724111547	0.0	536970	535.153069919	7.67
3952.22095076	9000	1.78453145806	0.0	536970	532.709657407	9.0
3952.75363077	9000	1.75185144832	0.0	536970	532.680009741	9.0
3953.30030834	9000	1.70517387641	0.0	536970	546.67757191	9.0
3953.85472864	9000	1.65075357716	0.0	536970	554.420299254	9.0
3954.43699956	9400	1.56848265726	0.0	553424	582.270919899	7.4
3954.9906269	9000	1.5148553188	0.0	522960	553.627338462	7.0
3955.54831943	9000	1.45716279198	0.0	522960	557.692526819	9.0
3956.11579367	9000	1.38968854533	0.0	532300	567.474246645	9.0
3956.64167575	8400	1.36380647043	0.0	503004	525.882074909	5.4
3957.14367539	8000	1.36180682455	0.0	481782	501.999645871	6.0
3957.65069603	8000	1.3547861904	0.0	481782	507.020634153	8.0
3958.19652799	8533	1.30895422735	0.0	510552	545.831963053	5.868
3958.77008604	9000	1.23539617802	0.0	536970	573.558049328	6.665
3959.36897982	9000	1.13650239824	0.0	536970	598.893779784	9.0
3959.97581195	9000	1.02967026658	0.0	536970	606.83213166	9.0
3960.58264408	9000	0.922838134918	0.0	536970	606.83213166	9.0
3961.18249527	9000	0.822986945087	0.0	536970	599.851189831	9.0
3961.69167786	7626	0.813804355453	0.0	456993	509.182589634	0.756
3962.21184045	7733	0.79364176527	0.0	467045	520.162590183	7.198
3962.70101392	7200	0.804468293231	0.0	438675	489.173472039	4.535
3963.1672031	7200	0.838279118392	0.0	438675	466.189174838	7.2
3963.62854024	7200	0.876941977215	0.0	438675	461.337141177	7.2
3964.08997888	7200	0.915503337853	0.0	438675	461.438639362	7.2
3964.55175089	7200	0.953731322844	0.0	438675	461.772015009	7.2
3965.01352291	7200	0.991959307835	0.0	438675	461.772015009	7.2
3965.46042368	6773	1.04505853397	0.0	420167	446.900773866	4.638
3965.88892836	6400	1.1165538529	0.0	396693	428.504681068	4.535
3966.35741904	7066	1.14806317656	0.0	434595	468.490676338	3.736
3966.84063132	7200	1.16485089629	0.0	442995	483.212280276	6.53
3967.35570909	7600	1.14977313129	0.0	469589	515.077764998	5.6
3967.89947241	8000	1.1060098051	0.0	496259	543.763326186	6.0
3968.46665955	8133	1.03882267133	0.0	508563	567.187133768	7.468
3969.07753834	8733	0.927943873894	0.0	536941	610.87879744	5.733
3969.67530379	8733	0.830178431084	0.0	525223	597.76544281	8.733
3970.28621504	9000	0.719267180386	0.0	536970	610.911250699	7.665
3970.88111185	9000	0.624370369793	0.0	527946	594.896810593	9.0
3971.46564026	8933	0.539841960751	0.0	519390	584.528409042	8.598
3971.94319083	7146	0.562291385257	0.0	422679	477.550575493	-1.789
3972.42605761	7200	0.579424605113	0.0	427485	482.866780145	6.93
3972.85627922	6880	0.649203000557	0.0	408679	430.221604556	5.28
3973.29489893	7000	0.710583290483	0.0	418197	438.619710074	6.4
3973.738593	6880	0.766889220982	0.0	418435	443.6940695	6.28
3974.20396765	7200	0.801514569523	0.0	438855	465.374651459	5.6
3974.69601387	7626	0.80946835219	0.0	464559	492.046217332	5.496
3975.2217278	8000	0.783754415571	0.0	487050	525.71393662	6.13
3975.74817938	8000	0.757302837702	0.0	487050	526.451577869	8.0
3976.26724957	8000	0.738232643942	0.0	487050	519.07019376	8.0
3976.78631977	8000	0.719162450182	0.0	487050	519.07019376	8.0
3977.31707936	8000	0.688402853947	0.0	487050	530.759596234	8.0
3977.84517493	7893	0.660307287088	0.0	483158	528.095566859	7.358
3978.38421557	8000	0.621266643358	0.0	493365	539.04064373	7.465
3978.92498012	8000	0.580502097717	0.0	493365	540.764545641	8.0
3979.46600894	8000	0.539473279781	0.0	493365	541.028817937	8.0
3979.94191807	6960	0.563564149122	0.0	432864	475.909130659	1.76
3980.429884	7200	0.57559821687	0.0	449280	487.965932252	6.0
3980.91438973	7360	0.591092482963	0.0	456778	484.505733907	6.56
3981.34294202	6600	0.66254019328	0.0	402915	428.552289683	2.8
3981.86800154	8160	0.637480680601	0.0	499088	525.059512678	0.36
3982.37852791	8000	0.626954312153	0.0	487050	510.526368449	7.2
3982.88984398	8000	0.615638238515	0.0	487050	511.316073638	8.0
3983.40310543	8000	0.602376784453	0.0	487050	513.261454061	8.0
3983.90786781	7680	0.597614409401	0.0	467772	504.762375052	6.08
3984.36743962	6933	0.63804259999	0.0	421780	459.571809411	3.198
3984.81406937	6826	0.691412847837	0.0	409638	446.629752154	6.291
3985.28130236	7200	0.724179855007	0.0	428730	467.23299283	5.33
3985.75264699	7200	0.75283522624	0.0	428730	471.344628767	7.2
3986.22399162	7200	0.781490597472	0.0	428730	471.344628767	7.2
3986.69533625	7200	0.810145968705	0.0	428730	471.344628767	7.2
3987.17547475	7200	0.830007471958	0.0	428730	480.138496747	7.2
3987.68129621	7200	0.824186011021	0.0	429824	505.821460937	7.2
3988.18626404	7200	0.819218173616	0.0	429084	504.967837405	7.2
3988.74644748	7946	0.759034736224	0.0	476950	560.183437392	4.216
3989.28251605	7626	0.722966163615	0.0	456045	536.068572609	6.026
3989.7858124	7200	0.71966981337	0.0	427635	503.296350245	5.07
3990.33028794	7800	0.675194275727	0.0	462222	544.475537644	4.8
3990.87361091	7800	0.631871303865	0.0	456146	543.322971861	7.8
3991.40632813	7666	0.599154086911	0.0	447075	532.717216955	6.996
3991.90867905	7133	0.596803165452	0.0	421103	502.350921459	4.468
3992.36109021	6400	0.644392009106	0.0	378390	452.411156346	2.735
3992.79363209	6186	0.711850128351	0.0	361396	432.541880755	5.116
3993.23324058	6400	0.772241641637	0.0	367440	439.608486714	5.33
3993.67284906	6400	0.832633154923	0.0	367440	439.608486714	6.4
3994.11888982	6400	0.886592394929	0.0	372984	446.040759993	6.4
3994.55862997	6400	0.94685225228	0.0	371752	439.740142649	6.4
3994.99631708	6346	1.00916514093	0.0	369976	437.687111345	6.076
3995.53268147	7533	0.972800744581	0.0	455338	536.364396354	1.598
3996.04209637	7093	0.96338585205	0.0	432025	509.41489253	4.893
3996.55874542	7200	0.94673679854	0.0	438283	516.649053511	6.665
3997.13176845	8000	0.873713771152	0.0	487050	573.023027387	4.0
3997.70479147	8000	0.800690743765	0.0	487050	573.023027387	8.0
3998.26063133	8000	0.744850886917	0.0	487050	555.839856848	8.0
3998.7610718	7253	0.744410420674	0.0	441782	500.440466243	3.518
3999.25826288	7200	0.747219338165	0.0	438855	497.191082509	6.935
3999.75545396	7200	0.750028255656	0.0	438855	497.191082509	7.2
4000.24745327	7200	0.758028944795	0.0	438855	491.999310862	7.2
4000.73693536	7200	0.768546855984	0.0	438855	489.482088811	7.2
4001.20029944	6826	0.805182777297	0.0	414950	463.364078687	4.956
4001.74268402	8000	0.762798197367	0.0	487275	542.38457993	2.13
4002.28476993	8000	0.720712283843	0.0	487275	542.085913524	8.0
4002.82631998	8000	0.679162237757	0.0	487275	541.550046085	8.0
4003.30822384	7133	0.697258373848	0.0	432597	481.903863909	2.798
4003.84591205	7933	0.65957017013	0.0	483757	537.688203718	3.933
4004.37965866	8000	0.625823560444	0.0	488565	533.746609686	7.665
4004.91340527	8000	0.592076950758	0.0	488565	533.746609686	8.0
4005.45044169	8000	0.555040529121	0.0	488565	537.036421637	8.0
4005.93002965	6933	0.575452570148	0.0	419059	479.587958974	1.598
4006.40033474	6866	0.605147472662	0.0	410775	470.305097486	6.531
4006.87399485	6866	0.631487367052	0.0	413769	473.660105609	6.866

