7513.14338942	3066	0.5	0.210794731255	181435	210.794731255	-7.47373656274
7513.35749762	3120	0.785891798768	0.0	184429	214.108201232	2.85
7513.57624955	3146	1.06713987007	0.0	188625	218.751928696	3.016
7513.79921801	3200	1.34417140142	0.0	192435	222.968468647	2.93
7514.13160071	4800	1.5117887012	0.0	291300	332.382700221	-3.2
7514.46282802	4800	1.68056139933	0.0	290256	331.227301872	4.8
7514.80917621	5000	1.83421320892	0.0	303919	346.348190417	4.0
7515.25670033	6453	1.88668908703	0.0	395340	447.524121886	-0.812
7515.72464423	6773	1.91874518072	0.0	413791	467.943906306	5.173
7516.22866918	7200	1.91472023677	0.0	438675	504.024943949	5.065
7516.73937905	7413	1.9040103701	0.0	444483	510.709866678	6.348
7517.35427547	9000	1.78911394636	0.0	536970	614.896423733	1.065
7517.96917189	9000	1.67421752263	0.0	536970	614.896423733	9.0
7518.56666649	9000	1.57672292772	0.0	536970	597.494594907	9.0
7519.1634601	9000	1.47992931149	0.0	536970	596.793616235	9.0
7519.76025372	9000	1.38313569526	0.0	536970	596.793616235	9.0
7520.37502805	9400	1.26836136844	0.0	553424	614.774326817	7.4
7520.94474054	9000	1.19864887801	0.0	522960	569.712490427	7.0
7521.50607837	9000	1.13731104498	0.0	522960	561.337833031	9.0
7522.07729855	9000	1.06609086992	0.0	532300	571.220175055	9.0
7522.61779645	8400	1.02559296984	0.0	503004	540.497900088	5.4
7523.13591236	8000	1.00747705167	0.0	481782	518.115918164	6.0
7523.65402828	8000	0.989361133508	0.0	481782	518.115918164	8.0
7524.19905436	8533	0.944335058382	0.0	510552	545.026075126	5.868
7524.76997366	9000	0.873415759175	0.0	536970	570.919299206	6.665
7525.34101383	9000	0.80237558234	0.0	536970	571.040176836	9.0
7525.91209144	9000	0.731297976168	0.0	536970	571.077606172	9.0
7526.47609079	9000	0.667298624295	0.0	536970	563.999351873	9.0
7527.03749548	9000	0.605893934028	0.0	536970	561.404690267	9.0
7527.51670955	7626	0.626679864467	0.0	456993	479.214069561	0.756
7528.00606352	7733	0.637325899044	0.0	467045	489.353965423	7.198
7528.46629979	7200	0.677089624633	0.0	438675	460.236274411	4.535
7528.92690951	7200	0.716479902996	0.0	438675	460.609721637	7.2
7529.3879317	7200	0.75545771459	0.0	438675	461.022188406	7.2
7529.84895389	7200	0.794435526185	0.0	438675	461.022188406	7.2
7530.31434075	7200	0.829048670158	0.0	438675	465.386856026	7.2
7530.78221293	7200	0.861176483397	0.0	438675	467.872186762	7.2
7531.22962308	6773	0.913766337808	0.0	420167	447.410145589	4.638
7531.6368611	6400	1.00652831324	0.0	396693	407.238024564	4.535
7532.0820532	7066	1.06133621435	0.0	434595	445.192098891	3.736
7532.5401099	7200	1.10327951847	0.0	442995	458.056695881	6.53
7533.03318567	7600	1.11020374186	0.0	469589	493.075776608	5.6
7533.55369742	8000	1.0896919926	0.0	496259	520.511749261	6.0
7534.07137894	8133	1.07201047486	0.0	508563	517.681517744	7.468
7534.61607587	8733	1.02731354154	0.0	536941	544.696933325	5.733
7535.1618563	8733	0.9815331163	0.0	525223	545.780425235	8.733
7535.72220401	9000	0.92118540837	0.0	536970	560.34770793	7.665
7536.26092905	9000	0.882460364627	0.0	527946	538.725043744	9.0
7536.79010348	8933	0.853285935554	0.0	519390	529.174429073	8.598
7537.32259174	8933	0.820797675508	0.0	530998	532.488260046	8.933
7537.86485246	9000	0.778536957107	0.0	536970	542.260718402	8.665
7538.40586084	8600	0.737528573874	0.0	513386	541.008383232	6.6
7538.84841279	7000	0.794976628861	0.0	418197	442.551945013	-1.0
7539.28959989	6880	0.853789524642	0.0	418435	441.187104219	6.28
7539.75032026	7200	0.893069151396	0.0	438855	460.720373246	5.6
7540.23664609	7626	0.906743325828	0.0	464559	486.325825568	5.496
7540.74530699	8000	0.898082427174	0.0	487050	508.660898654	6.13
7541.25396789	8000	0.88942152852	0.0	487050	508.660898654	8.0
7541.76209842	8000	0.881290991609	0.0	487050	508.130536911	8.0
7542.26684181	8000	0.876547610235	0.0	487050	504.743381374	8.0
7542.76370777	8000	0.879681648603	0.0	487050	496.865961632	8.0
7543.25846144	7893	0.884927972413	0.0	483158	494.753676189	7.358
7543.76538643	8000	0.878002985478	0.0	493365	506.924986935	7.465
7544.27133576	8000	0.872053654865	0.0	493365	505.949330613	8.0
7544.77452316	8000	0.868866256328	0.0	493365	503.187398537	8.0
7545.36487476	9280	0.778514653188	0.0	581337	590.35160314	2.88
7545.969165	9600	0.674224418416	0.0	603330	604.290234771	8.0
7546.57876291	9813	0.564626502454	0.0	613526	609.597915962	8.748
7547.11352482	8800	0.529864594161	0.0	541560	534.761908293	3.735
7547.63084994	8160	0.512539479074	0.0	499088	517.325115087	4.96
7548.13836421	8000	0.505025202197	0.0	487050	507.514276877	7.2
7548.64133648	8000	0.502052936268	0.0	487050	502.97226593	8.0
7549.14430875	8000	0.5	0.000919329662371	487050	502.97226593	7.95403351688
7549.65387466	7680	0.5	0.00956591864887	467772	509.565918649	5.60170406756
7550.12130273	6933	0.532571930062	0.0	421780	467.428069938	3.198
7550.57556258	6826	0.578312079634	0.0	409638	454.259850428	6.291
7551.05052806	7200	0.603346608477	0.0	428730	474.965471157	5.33
7551.5248681	7200	0.629006564737	0.0	428730	474.34004374	7.2
7551.99880563	7200	0.655069030357	0.0	428730	473.937534379	7.2
7552.47274317	7200	0.681131495978	0.0	428730	473.937534379	7.2
7552.94975241	7200	0.70412225549	0.0	428730	477.009240487	7.2
7553.44186493	7200	0.712009729719	0.0	429824	492.112525771	7.2
7553.93314744	7200	0.720727225699	0.0	429084	491.28250402	7.2
7554.47811889	7946	0.675755774205	0.0	476950	544.971451493	4.216
7554.99964223	7626	0.654232437176	0.0	456045	521.52333703	6.026
7555.49343733	7200	0.660437330577	0.0	427635	493.795106599	5.07
7556.02669158	7800	0.627183080055	0.0	462222	533.254250522	4.8
7556.55306755	7800	0.600807110589	0.0	456146	526.375969466	7.8
7557.06917478	7666	0.584699884944	0.0	447075	516.107225645	6.996
7557.55588064	7133	0.597994027893	0.0	421103	486.70585705	4.468
7558.10440827	8000	0.549466393543	0.0	476265	548.52763435	3.665
7558.6266788	7733	0.527195859493	0.0	454837	522.27053405	6.398
7559.15735471	8000	0.5	0.00348004834024	462300	530.675907834	6.49099758299
7559.68803062	8000	0.5	0.0306759078336	462300	530.675907834	6.46620460832
7560.22614669	8000	0.5	0.0381160658417	468906	538.116065842	6.09419670791
7560.75848039	8000	0.5	0.0323337009163	467438	532.333700916	6.38331495419
7561.28032999	7933	0.5	0.021849607235	465132	521.849607235	6.50551963825
7561.7914019	7533	0.5	0.0110719031569	455338	511.071903157	4.97940484215
7562.27681926	7093	0.51458264199	0.0	432025	485.41735801	4.893
7562.76912316	7200	0.522278733836	0.0	438283	492.303908155	6.665
7563.31965959	8000	0.5	0.0282576957508	487050	550.536429587	2.58711521246
7563.87429413	8000	0.5	0.0546345352367	487050	554.634535237	5.26827323817
7564.42892866	8000	0.5	0.0546345352367	487050	554.634535237	5.26827323817
7564.93294311	7253	0.5	0.00401444255403	441782	504.014442554	3.3172778723
7565.43469529	7200	0.5	0.00175218536688	438855	501.752185367	6.84739073166
7565.94750889	7200	0.5	0.0128136021803	438855	512.81360218	6.55931989098
7566.4603225	7200	0.5	0.0128136021803	438855	512.81360218	6.55931989098
7566.9731361	7200	0.5	0.0128136021803	438855	512.81360218	6.55931989098
7567.45856079	6826	0.514575305682	0.0	414950	485.424694318	4.956
7567.91268388	6400	0.560452220351	0.0	387630	454.123085332	4.27
7568.36680696	6400	0.606329135019	0.0	387630	454.123085332	6.4
7568.82204011	6400	0.651095983298	0.0	387630	455.233151722	6.4
7569.33233316	7133	0.640802941966	0.0	432597	510.293041332	3.468
7569.7874016	6346	0.685734493754	0.0	384845	455.068448212	2.411
7570.24690518	6400	0.726230915817	0.0	388680	459.503577937	6.13
7570.70640876	6400	0.76672733788	0.0	388680	459.503577937	6.4
7571.16591234	6400	0.807223759943	0.0	388680	459.503577937	6.4
7571.66054885	6933	0.812587246958	0.0	419059	494.636512984	4.268
7572.14560502	6866	0.827531076775	0.0	410775	485.056170184	6.531
7572.63412371	6866	0.839012382889	0.0	413769	488.518693886	6.866

