1965.14957489	3066	0.5	0.221873530079	181435	221.873530079	-8.02767650393
1965.3749447	3120	0.774630180071	0.0	184429	225.369819929	2.85
1965.60521447	3146	1.04436041618	0.0	188625	230.269763888	3.016
1965.83993342	3200	1.30964146581	0.0	192435	234.718950372	2.93
1966.07465237	3200	1.57492251544	0.0	192435	234.718950372	3.2
1966.42360331	4800	1.72597157793	0.0	290256	348.950937506	-3.2
1966.78776988	5000	1.86180500716	0.0	303919	364.166570776	4.0
1967.25461248	6453	1.89496240301	0.0	395340	466.842604145	-0.812
1967.74277649	6773	1.90679839732	0.0	413791	488.164005696	5.173
1968.24902435	7200	1.90055053126	0.0	438675	506.247866054	5.065
1968.75563268	7413	1.89394220882	0.0	444483	506.608322445	6.348
1969.36536793	9000	1.78420695369	0.0	536970	609.735255125	1.065
1969.9740455	9000	1.67552938621	0.0	536970	608.677567486	9.0
1970.55056867	9000	1.5990062197	0.0	536970	576.5231665	9.0
1971.09613557	9000	1.55343931043	0.0	536970	545.566909271	9.0
1971.6389893	9000	1.51058558778	0.0	536970	542.853722654	9.0
1972.20796986	9400	1.4416050229	0.0	553424	568.980564882	7.4
1972.75305709	9000	1.39651779893	0.0	522960	545.087223972	7.0
1973.30075861	9000	1.34881627082	0.0	522960	547.70152811	9.0
1973.86053266	9000	1.28904222125	0.0	532300	559.774049564	9.0
1974.36740878	8400	1.28216610707	0.0	503004	506.876114178	5.4
1974.83992693	8000	1.30964795075	0.0	481782	472.518156322	6.0
1975.30492822	8000	1.34464666703	0.0	481782	465.001283719	8.0
1975.78315715	8533	1.36641773903	0.0	510552	478.228928002	5.868
1976.34098599	9000	1.30858889139	0.0	536970	557.828847636	6.665
1976.9035408	9000	1.24603408373	0.0	536970	562.554807668	9.0
1977.45923263	9000	1.19034225127	0.0	536970	555.691832455	9.0
1977.98359024	9000	1.16598464838	0.0	536970	524.357602893	9.0
1978.53790232	9000	1.11167256156	0.0	536970	554.312086814	9.0
1979.14521383	9533	1.00436105517	0.0	573990	607.311506398	6.868
1979.78117487	9666	0.868400016476	0.0	586715	635.961038691	9.001
1980.39089481	9000	0.758680075296	0.0	551265	609.71994118	5.67
1980.99623708	9000	0.653337801362	0.0	551265	605.342273933	9.0
1981.57824779	9000	0.571327097213	0.0	551265	582.01070415	9.0
1982.02809889	7200	0.621475995638	0.0	438675	449.851101575	-1.8
1982.50838456	7200	0.641190327739	0.0	438675	480.285667898	7.2
1982.99293854	7200	0.65663634346	0.0	438675	484.553984279	7.2
1983.45827339	6773	0.691301499225	0.0	420167	465.334844235	4.638
1983.89267953	6400	0.75689535245	0.0	396693	434.406146775	4.535
1984.36685417	7066	0.782720716953	0.0	434595	474.174635497	3.736
1984.84285835	7200	0.806716533959	0.0	442995	476.004182994	6.53
1985.34592625	7600	0.803648638996	0.0	469589	503.067894963	5.6
1985.90998594	8000	0.739588949716	0.0	496259	564.05968928	6.0
1986.48247061	8133	0.667104274772	0.0	508563	572.484674944	7.468
1986.91295282	6986	0.73662206592	0.0	427291	430.482208853	1.251
1987.32886519	6986	0.820709699198	0.0	418081	415.912366722	6.986
1987.7453651	7200	0.904209781436	0.0	427485	416.499917762	6.13
1988.15170708	7200	0.997867808619	0.0	419991	406.341972817	7.2
1988.5697509	7146	1.07982398222	0.0	413019	418.043826396	6.876
1989.00117797	7146	1.14839691009	0.0	422679	431.427072128	7.146
1989.44060081	7200	1.20897407623	0.0	427485	439.42283386	6.93
1989.86165218	6880	1.28792270731	0.0	408679	421.051368927	5.28
1990.29287377	7000	1.35670111066	0.0	418197	431.221596643	6.4
1990.76648654	6880	1.38308834179	0.0	418435	473.612768874	6.28
1991.26323627	7200	1.38633861837	0.0	438855	496.749723423	5.6
1991.72181306	7626	1.4277618231	0.0	464559	458.576795272	5.496
1992.19249779	8000	1.45707709593	0.0	487050	470.684727166	6.13
1992.67014948	8000	1.47942540504	0.0	487050	477.651690887	8.0
1993.17760037	8000	1.47197451485	0.0	487050	507.450890191	8.0
1993.70561701	8000	1.44395787913	0.0	487050	528.016635717	8.0
1994.24995434	8000	1.39962054175	0.0	487050	544.337337381	8.0
1994.8299044	7893	1.31967048101	0.0	483158	579.950060744	7.358
1995.43228523	8000	1.21728965189	0.0	493365	602.380829115	7.465
1996.0346267	8000	1.11494818755	0.0	493365	602.341464347	8.0
1996.63614273	8000	1.01343215488	0.0	493365	601.516032664	8.0
1997.16512157	6960	0.984453313736	0.0	432864	528.978841148	1.76
1997.70509803	7200	0.94447685399	0.0	449280	539.976459747	6.0
1998.21791549	7360	0.931659396663	0.0	456778	512.817457326	6.56
1998.67027716	6600	0.979297721293	0.0	402915	452.36167537	2.8
1999.20273522	8160	0.946839660649	0.0	499088	532.458060645	0.36
1999.70979406	8000	0.939780821837	0.0	487050	507.058838811	7.2
2000.21023061	8000	0.939344275637	0.0	487050	500.436546201	8.0
2000.72330981	8000	0.926265077611	0.0	487050	513.079198025	8.0
2001.22092868	7680	0.928646207999	0.0	467772	497.618869612	6.08
2001.78971749	8666	0.859857393585	0.0	530195	568.788814414	3.736
2002.33723168	8533	0.812343208781	0.0	515343	547.514184804	7.868
2002.89571426	9000	0.753860628721	0.0	539520	558.48258006	6.665
2003.44333689	9000	0.706237999716	0.0	539520	547.622629005	9.0
2004.00697269	9000	0.642602196397	0.0	539520	563.635803319	9.0
2004.58079029	9000	0.568784597787	0.0	539520	573.81759861	9.0
2005.15761986	9000	0.5	0.00804497512056	539520	576.829572908	8.59775124397
2005.73551215	9000	0.5	0.0778922908044	540862	577.892290804	5.10538545978
2006.29319756	9000	0.5	0.0576854114406	539793	557.685411441	6.11572942797
2006.7971679	7946	0.5	0.0039703371673	476950	503.970337167	2.47748314163
2007.28490496	7626	0.512262936003	0.0	456045	487.737063997	6.026
2007.73280687	7200	0.564361026034	0.0	427635	447.901909969	5.07
2008.20907662	7800	0.588091282354	0.0	462222	476.26974368	4.8
2008.66875407	7800	0.628413826831	0.0	456146	459.677455523	7.8
2009.13020876	7666	0.666959141336	0.0	447075	461.454685495	6.996
2009.56660985	7133	0.730558044926	0.0	421103	436.401096411	4.468
2010.05863589	8000	0.738532009515	0.0	476265	492.02603541	3.665
2010.52592562	7733	0.771242281185	0.0	454837	467.28972833	6.398
2010.99798212	8000	0.799185778905	0.0	462300	472.05650228	6.665
2011.45539429	8000	0.841773611761	0.0	462300	457.412167143	8.0
2011.94150782	8000	0.855660082932	0.0	468906	486.113528829	8.0
2012.44011531	8000	0.857052592862	0.0	467438	498.60749007	8.0
2012.94478126	7933	0.852386639684	0.0	465132	504.665953178	7.598
2013.43941421	7533	0.857753690128	0.0	455338	494.632949556	5.533
2013.90470436	7093	0.892463539885	0.0	432025	465.290150243	4.893
2014.37164642	7200	0.92552147524	0.0	438283	466.942064645	6.665
2014.88484294	8000	0.91232496427	0.0	487050	513.19651097	4.0
2015.39570527	8000	0.901462627854	0.0	487050	510.862336416	8.0
2015.90476459	8000	0.892403314427	0.0	487050	509.059313427	8.0
2016.51832562	9066	0.778842277246	0.0	555398	613.561037181	3.736
2017.11629703	9000	0.680870868641	0.0	551655	597.971408605	8.67
2017.71426844	9000	0.582899460036	0.0	551655	597.971408605	9.0
2018.31223985	9000	0.5	0.0150719485683	551655	597.971408605	8.24640257158
2018.79362088	7200	0.518618963485	0.0	438855	481.381036515	-1.8
2019.25201791	6826	0.560221942622	0.0	414950	458.397020864	4.956
2019.68385511	6400	0.628384741564	0.0	387630	431.837201058	4.27
2020.16623431	6400	0.646005537137	0.0	387630	482.379204427	6.4
2020.64861352	6400	0.66362633271	0.0	387630	482.379204427	6.4
2021.17387705	7133	0.638362798061	0.0	432597	525.263534649	3.468
2021.60924066	6346	0.702999186532	0.0	384845	435.363611529	2.411
2022.04884304	6400	0.763396804979	0.0	388680	439.602381554	6.13
2022.51759534	6400	0.794644506973	0.0	388680	468.752298005	6.4
2023.00714059	6400	0.805099256157	0.0	388680	489.545250816	6.4
2023.53416682	6933	0.778073030826	0.0	419059	527.026225331	4.268
2024.05097242	6866	0.76126743135	0.0	410775	516.805599475	6.531
2024.53033522	6866	0.781904631654	0.0	413769	479.362799697	6.866

