4300.23779399	3066	0.5	0.185578079125	181435	185.578079125	-6.21290395625
4300.42626942	3120	0.81152457048	0.0	184429	188.47542952	2.85
4300.6188054	3146	1.11898859244	0.0	188625	192.535978036	3.016
4300.81502839	3200	1.42276560539	0.0	192435	196.222987055	2.93
4301.10039437	4800	1.6373996201	0.0	291300	285.365985284	-3.2
4301.47164985	6400	1.76614413997	0.0	389889	371.255480135	-1.6
4301.85432789	6666	1.8834661026	0.0	408326	382.678037368	5.336
4302.31517572	8066	1.92261826809	0.0	497055	460.847834508	1.066
4302.82252464	8466	1.91526935169	0.0	520019	507.348916399	6.466
4303.3558001	9000	1.88199389519	0.0	551265	533.275456501	6.33
4303.94446557	9266	1.79332842147	0.0	558332	588.665473722	7.936
4304.57268084	9000	1.66511315001	0.0	536970	628.215271465	7.67
4305.20920804	9000	1.52858595544	0.0	536970	636.527194565	9.0
4305.82057064	9000	1.41722335171	0.0	536970	611.362603737	9.0
4306.42604081	9000	1.31175318623	0.0	536970	605.470165476	9.0
4307.02632759	9000	1.21146640025	0.0	536970	600.286785979	9.0
4307.64056101	9400	1.09723298187	0.0	553424	614.233418383	7.4
4308.20846625	9000	1.0293277379	0.0	522960	567.905243972	7.0
4308.77151707	9000	0.9662769246	0.0	522960	563.050813296	9.0
4309.34042318	9000	0.897370808792	0.0	532300	568.906115808	9.0
4309.87687013	8400	0.860923858344	0.0	503004	536.446950448	5.4
4310.39043418	8000	0.84735981063	0.0	481782	513.564047714	6.0
4310.90741948	8000	0.830374508431	0.0	481782	516.985302198	8.0
4311.45445357	8533	0.783340417736	0.0	510552	547.034090696	5.868
4312.01718106	9000	0.72061293354	0.0	536970	562.727484195	6.665
4312.56254804	9000	0.675245953062	0.0	536970	545.366980479	9.0
4313.12391973	9000	0.613874263454	0.0	536970	561.371689608	9.0
4313.70231682	9000	0.535477176179	0.0	536970	578.397087275	9.0
4314.29415949	9000	0.5	0.0563655015051	536970	591.842677684	6.18172492475
4314.80114009	7626	0.5	0.00698059991919	456993	506.980599919	0.40697000404
4315.3059875	7733	0.5	0.00484740236466	467045	504.847402365	6.95562988177
4315.77868558	7200	0.527301917547	0.0	438675	472.698082453	4.535
4316.2508249	7200	0.555162596082	0.0	438675	472.139321465	7.2
4316.72231559	7200	0.583671901612	0.0	438675	471.49069447	7.2
4317.19486201	7200	0.61112549077	0.0	438675	472.546410842	7.2
4317.66989614	7200	0.63609135767	0.0	438675	475.034133099	7.2
4318.1311571	7200	0.674830391748	0.0	438675	461.260965922	7.2
4318.5603368	6773	0.74565070054	0.0	420167	429.179691208	4.638
4318.96915592	6400	0.836831580892	0.0	396693	408.819119648	4.535
4319.42606324	7066	0.879924258786	0.0	434595	456.907322106	3.736
4319.89481894	7200	0.911168556395	0.0	442995	468.755702392	6.53
4320.39733423	7600	0.908653267374	0.0	469589	502.51528902	5.6
4320.93259254	8000	0.873394960178	0.0	496259	535.258307196	6.0
4321.47659972	8133	0.829387774281	0.0	508563	544.007185897	7.468
4322.04828198	8733	0.757705520865	0.0	536941	571.682253416	5.733
4322.62435465	8733	0.68163285039	0.0	525223	576.072670475	8.733
4323.2232053	9000	0.582782194876	0.0	536970	598.850655515	7.665
4323.82624468	9000	0.5	0.0202571817501	527946	603.039376626	7.9871409125
4324.27918819	7146	0.547056492466	0.0	413019	452.943507534	-2.124
4324.737253	7146	0.588991679818	0.0	422679	458.064812648	7.146
4325.19458059	7200	0.631664087982	0.0	427485	457.327591836	6.93
4325.65820326	6880	0.668041418741	0.0	408679	463.62266924	5.28
4326.13443795	7000	0.691806727799	0.0	418197	476.234690942	6.4
4326.59090241	6880	0.735342265092	0.0	418435	456.464462707	6.28
4327.06945798	7200	0.756786699319	0.0	438855	478.555565772	5.6
4327.57707985	7626	0.749164828985	0.0	464559	507.621870335	5.496
4328.11457523	8000	0.711669449819	0.0	487050	537.495379165	6.13
4328.62154807	8000	0.70469660845	0.0	487050	506.972841369	8.0
4329.13939711	8000	0.68684757051	0.0	487050	517.84903794	8.0
4329.69994067	8000	0.626304005912	0.0	487050	560.543564598	8.0
4330.2882075	8000	0.538037181977	0.0	487050	588.266823935	8.0
4330.72831511	5920	0.597929565297	0.0	359656	440.10761668	-4.48
4331.15139	6000	0.67485468127	0.0	367200	423.074884027	5.6
4331.56534013	6000	0.760904551292	0.0	367200	413.950129978	6.0
4331.96559052	6000	0.860654158195	0.0	367200	400.250393098	6.0
4332.43709769	6960	0.889146990679	0.0	432864	471.507167515	2.16
4332.95400097	7200	0.872243711069	0.0	449280	516.903279611	6.0
4333.47486938	7360	0.851375297704	0.0	456778	520.868413365	6.56
4334.08280166	8800	0.743443021403	0.0	541560	607.932276301	1.6
4334.63272417	8160	0.693520510206	0.0	499088	549.922511196	4.96
4335.15562779	8000	0.670616885191	0.0	487050	522.903625016	7.2
4335.69202939	8000	0.634215292162	0.0	487050	536.401593029	8.0
4336.24961389	8000	0.576630790588	0.0	487050	557.584501574	8.0
4336.76238121	7680	0.563863466457	0.0	467772	512.767324132	6.08
4337.2221047	6933	0.604139973599	0.0	421780	459.723492857	3.198
4337.66686773	6826	0.659376951249	0.0	409638	444.76302235	6.291
4338.15563542	7200	0.670609256046	0.0	428730	488.767695203	5.33
4338.63913841	7200	0.687106270301	0.0	428730	483.502985745	7.2
4339.11602709	7200	0.710217587912	0.0	428730	476.888682389	7.2
4339.5840363	7200	0.742208373048	0.0	428730	468.009214864	7.2
4340.04546332	7200	0.780781353063	0.0	428730	461.427019985	7.2
4340.49800312	7200	0.828241558524	0.0	429824	452.539794539	7.2
4340.94624811	7200	0.879996571386	0.0	429084	448.244987138	7.2
4341.44096782	7946	0.885276859533	0.0	476950	494.719711853	4.216
4341.93379203	7626	0.892452650536	0.0	456045	492.824208998	6.026
4342.40328302	7200	0.92296165922	0.0	427635	469.490991316	5.07
4342.90832236	7800	0.917922316074	0.0	462222	505.039343146	4.8
4343.4016329	7800	0.924611777886	0.0	456146	493.310538188	7.8
4343.90180559	7666	0.924439087625	0.0	447075	500.172690261	6.996
4344.37722134	7133	0.949023335401	0.0	421103	475.415752224	4.468
4344.9104033	8000	0.915841375007	0.0	476265	533.181960393	3.665
4345.42004639	7733	0.906198291179	0.0	454837	509.643083828	6.398
4345.93788765	8000	0.888357025729	0.0	462300	517.841265451	6.665
4346.37607995	8000	0.950164732162	0.0	462300	438.192293566	8.0
4346.82703114	8000	0.999213535675	0.0	468906	450.951196487	8.0
4347.33098988	8000	0.995254797859	0.0	467438	503.958737817	8.0
4347.86063983	7933	0.965604851437	0.0	465132	529.649946422	7.598
4348.37245476	7533	0.953789914495	0.0	455338	511.814936942	5.533
4348.85061456	7093	0.975630113599	0.0	432025	478.159800896	4.893
4349.31931055	7200	1.00693412709	0.0	438283	468.695986511	6.665
4349.83789854	8000	0.988346135454	0.0	487050	518.587991634	4.0
4350.35630977	8000	0.96993490459	0.0	487050	518.411230864	8.0
4350.87968323	8000	0.946561442831	0.0	487050	523.373461759	8.0
4351.48384105	9066	0.842403629589	0.0	555398	604.157813242	3.736
4352.07198016	9000	0.754264518091	0.0	551655	588.139111498	8.67
4352.63450256	9000	0.691742115433	0.0	551655	562.522402658	9.0
4353.20013905	9000	0.626105629358	0.0	551655	565.636486075	9.0
4353.77798101	9000	0.548263667203	0.0	551655	577.841962155	9.0
4354.32549805	8533	0.500746625637	0.0	521611	547.517041565	6.198
4354.83764574	8000	0.5	0.0114010631376	487275	512.147688775	4.76494684312
4355.36863384	8000	0.5	0.0309880981544	487275	530.988098154	6.45059509228
4355.90892884	8000	0.5	0.0402950029953	487275	540.295002995	5.98524985023
4356.39667308	7133	0.512255763629	0.0	432597	487.744236371	2.798
4356.83704222	6346	0.571886624829	0.0	384845	440.369138801	2.411
4357.277526	6400	0.631402843792	0.0	388680	440.483781037	6.13
4357.71080794	6400	0.698120897658	0.0	388680	433.281946134	6.4
4358.15712504	6400	0.751803803997	0.0	388680	446.317093661	6.4
4358.64319666	6933	0.765732176985	0.0	419059	486.071627012	4.268
4359.12706308	6866	0.781865763562	0.0	410775	483.866413423	6.531
4359.61453416	6866	0.794394684728	0.0	413769	487.471078834	6.866

