6507.24432825	3066	0.5	0.210161337398	181435	210.161337398	-7.44206686992
6507.4577926	3120	0.786535644749	0.0	184429	213.464355251	2.85
6507.67588604	3146	1.06844221037	0.0	188625	218.09343438	3.016
6507.89818271	3200	1.34614553684	0.0	192435	222.296673532	2.93
6508.22954848	4800	1.51477977177	0.0	291300	331.365765063	-3.2
6508.55976249	4800	1.68456576043	0.0	290256	330.214011342	4.8
6508.90504969	5000	1.8392785584	0.0	303919	345.287202033	4.0
6509.35119367	6453	1.89313457776	0.0	395340	446.143980638	-0.812
6509.81360646	6773	1.93072179291	0.0	413791	462.41278485	5.173
6510.28066024	7200	1.96366800508	0.0	438675	467.053787833	5.065
6510.75376536	7413	1.99056288448	0.0	444483	473.105120596	6.348
6511.32539726	9000	1.91893098909	0.0	536970	571.631895392	1.065
6511.91018323	9000	1.83414501391	0.0	536970	584.785975184	9.0
6512.49496921	9000	1.74935903872	0.0	536970	584.785975184	9.0
6513.07975519	9000	1.66457306354	0.0	536970	584.785975184	9.0
6513.66354091	9000	1.58078734352	0.0	536970	583.785720024	9.0
6514.263123	9400	1.48120524599	0.0	553424	599.582097523	7.4
6514.83025073	9000	1.41407752164	0.0	522960	567.12772435	7.0
6515.40012826	9000	1.34419999295	0.0	522960	569.877528696	9.0
6515.98013067	9000	1.26419758255	0.0	532300	580.0024104	9.0
6516.52876206	8400	1.21556618589	0.0	503004	548.631396657	5.4
6517.04836252	8000	1.19596572775	0.0	481782	519.600458136	6.0
6517.55624565	8000	1.18808259573	0.0	481782	507.883132025	8.0
6518.09400596	8533	1.15032229121	0.0	510552	537.760304519	5.868
6518.65925874	9000	1.08506951328	0.0	536970	565.252777931	6.665
6519.22100391	9000	1.02332433652	0.0	536970	561.745176758	9.0
6519.77977212	9000	0.96455612491	0.0	536970	558.768211609	9.0
6520.3396942	9000	0.904634044587	0.0	536970	559.922080324	9.0
6520.9025642	9000	0.841764051823	0.0	536970	562.869992763	9.0
6521.50395652	9533	0.740371732187	0.0	573990	601.392319636	6.868
6522.14419073	9666	0.600137521254	0.0	586715	640.234210934	9.001
6522.74634546	9000	0.5	0.0020172085392	551265	602.154729793	5.56913957304
6523.22722385	7200	0.519121608292	0.0	438675	480.878391708	-1.8
6523.70168806	7200	0.544657400752	0.0	438675	474.46420754	7.2
6524.17615226	7200	0.570193193212	0.0	438675	474.46420754	7.2
6524.65075145	7200	0.595594010998	0.0	438675	474.599182214	7.2
6525.12559229	7200	0.620753167603	0.0	438675	474.840843395	7.2
6525.58082118	6773	0.665524279139	0.0	420167	455.228888464	4.638
6526.0111759	6400	0.735169554824	0.0	396693	430.354724315	4.535
6526.46848556	7066	0.777859897152	0.0	434595	457.309657672	3.736
6526.93230765	7200	0.814037809875	0.0	442995	463.822087277	6.53
6527.42625338	7600	0.820092082122	0.0	469589	493.945727753	5.6
6527.95383677	8000	0.792508684343	0.0	496259	527.583397779	6.0
6528.49425288	8133	0.752092580001	0.0	508563	540.416104342	7.468
6529.06242363	8733	0.68392182309	0.0	536941	568.170756912	5.733
6529.61755988	8733	0.628785580107	0.0	525223	555.136242983	8.733
6530.19907512	9000	0.5472703354	0.0	536970	581.515244707	7.665
6530.77745604	9000	0.5	0.0311105812099	527946	578.38091661	7.44447093951
6531.2321078	7146	0.545348240545	0.0	413019	454.651759455	-2.124
6531.69117203	7146	0.586284003748	0.0	422679	459.064236797	7.146
6532.14546905	7200	0.631986992946	0.0	427485	454.297010802	6.93
6532.58022046	6880	0.697235579265	0.0	408679	434.751413681	5.28
6533.04546741	7000	0.731988626148	0.0	418197	465.246953117	6.4
6533.52118147	6880	0.756274569846	0.0	418435	475.714056303	6.28
6534.01962278	7200	0.757833253563	0.0	438855	498.441316282	5.6
6534.5466724	7626	0.730783637059	0.0	464559	527.049616504	5.496
6535.09380841	8000	0.683647630438	0.0	487050	547.136006621	6.13
6535.62437073	8000	0.653085311803	0.0	487050	530.562318635	8.0
6536.15493052	8000	0.622525518529	0.0	487050	530.559793274	8.0
6536.683777	8000	0.593679034115	0.0	487050	528.846484414	8.0
6537.21262349	8000	0.564832549701	0.0	487050	528.846484414	8.0
6537.73732389	7893	0.540132149914	0.0	483158	524.700399787	7.358
6538.27351027	8000	0.503945772097	0.0	493365	536.186377817	7.465
6538.80985296	8000	0.5	0.032396922605	493365	536.342694702	6.38015386975
6539.31912724	8000	0.5	0.00927427991552	493365	509.274279916	7.53628600422
6539.76387004	6960	0.555257202113	0.0	432864	444.742797887	1.76
6540.26715823	7200	0.551969008387	0.0	449280	503.288193726	6.0
6540.77967742	7360	0.539449820661	0.0	456778	512.519187727	6.56
6541.23293983	6600	0.586187407578	0.0	402915	453.262413082	2.8
6541.65159188	6120	0.667535360245	0.0	371455	418.652047334	3.72
6542.05321599	6000	0.7659112481	0.0	362580	401.624112145	5.4
6542.45034041	6000	0.86878683356	0.0	362580	397.12441454	6.0
6542.84746482	6000	0.97166241902	0.0	362580	397.12441454	6.0
6543.35690208	7680	0.962225159276	0.0	467772	509.437259744	-0.72
6543.92751051	8666	0.891616726422	0.0	530195	570.608432854	3.736
6544.47978313	8533	0.839344107862	0.0	515343	552.272618559	7.868
6545.05734582	9000	0.761781421914	0.0	539520	577.562685948	6.665
6545.63430581	9000	0.684821426604	0.0	539520	576.95999531	9.0
6546.21126581	9000	0.607861431295	0.0	539520	576.95999531	9.0
6546.80076426	9000	0.518362980288	0.0	539520	589.498451007	9.0
6547.27347253	7200	0.545654707803	0.0	428730	472.708272484	-1.8
6547.74167846	7200	0.577448780797	0.0	429824	468.205927006	7.2
6548.20731747	7200	0.611809768648	0.0	429084	465.639012149	7.2
6548.7237848	7946	0.595342440934	0.0	476950	516.467327714	4.216
6549.21739831	7626	0.601728928796	0.0	456045	493.613512138	6.026
6549.67927692	7200	0.63985032279	0.0	427635	461.878606005	5.07
6550.17770334	7800	0.641423900667	0.0	462222	498.426422124	4.8
6550.66977435	7800	0.649352891961	0.0	456146	492.071008706	7.8
6551.15417226	7666	0.664954983895	0.0	447075	484.397908066	6.996
6551.61101089	7133	0.70811634993	0.0	421103	456.838633966	4.468
6552.12648687	8000	0.692640374137	0.0	476265	515.475975793	3.665
6552.61956899	7733	0.699558252159	0.0	454837	493.082121978	6.398
6553.12057756	8000	0.698549682077	0.0	462300	501.008570082	6.665
6553.61416693	8000	0.704960308057	0.0	462300	493.58937402	8.0
6554.11090668	8000	0.708220561017	0.0	468906	496.73974704	8.0
6554.60605907	8000	0.713068172663	0.0	467438	495.152388354	8.0
6555.08319855	7933	0.735928695899	0.0	465132	477.139476764	7.598
6555.55050175	7533	0.768625489344	0.0	455338	467.303206554	5.533
6555.99521696	7093	0.82391028427	0.0	432025	444.715205075	4.893
6556.44642922	7200	0.872698022767	0.0	438283	451.212261503	6.665
6556.9457148	8000	0.873412441248	0.0	487050	499.285581519	4.0
6557.43650992	8000	0.882617324571	0.0	487050	490.795116677	8.0
6557.93132399	8000	0.887803251262	0.0	487050	494.814073309	8.0
6558.51609289	9066	0.803034352705	0.0	555398	584.768898557	3.736
6559.09644406	9000	0.722683184352	0.0	551655	580.351168353	8.67
6559.67145784	9000	0.647669398886	0.0	551655	575.013785466	9.0
6560.24690461	9000	0.57222263493	0.0	551655	575.446763956	9.0
6560.8417999	9000	0.5	0.022672661461	551655	594.895296391	7.86636692695
6561.40484088	8533	0.5	0.0630409775057	521611	563.040977506	3.04595112472
6561.93118317	8000	0.5	0.0263422854912	487275	526.342285491	4.01788572544
6562.45720554	8000	0.5	0.0260223787172	487275	526.022378717	6.69888106414
6562.98322792	8000	0.5	0.0260223787172	487275	526.022378717	6.69888106414
6563.44705396	7133	0.536173958147	0.0	432597	463.826041853	2.798
6563.96080013	7933	0.522427788703	0.0	483757	513.746169444	3.933
6564.48218218	8000	0.501045746196	0.0	488565	521.382042506	7.665
6565.01081501	8000	0.5	0.0275870842384	488565	528.632830435	6.62064578808
6565.53944784	8000	0.5	0.0286328304348	488565	528.632830435	6.56835847826
6565.99429705	6933	0.545150787942	0.0	419059	454.849212058	1.598
6566.44339915	6866	0.596048683889	0.0	410775	449.102104053	6.531
6566.89609803	6866	0.643349810246	0.0	413769	452.698873643	6.866

