3531.35058241	3066	0.5	0.197624786482	181435	197.624786482	-6.81523932411
3531.55130334	3120	0.799279071038	0.0	184429	200.720928962	2.85
3531.75636342	3146	1.0942189925	0.0	188625	205.060078542	3.016
3531.96536348	3200	1.38521893304	0.0	192435	209.000059452	2.93
3532.27660139	4800	1.57398102249	0.0	291300	311.237910559	-3.2
3532.68979173	6400	1.66079067676	0.0	389889	413.190345726	-1.6
3533.12929333	6666	1.72128907748	0.0	408326	439.501599283	5.336
3533.55685595	6453	1.79372645611	0.0	395340	427.562621371	5.388
3534.00390673	6773	1.84667567789	0.0	413791	447.050778215	5.173
3534.47724028	7200	1.87334213479	0.0	438675	473.333543101	5.065
3534.95670829	7413	1.89387411578	0.0	444483	479.468019008	6.348
3535.53386214	9000	1.8167202715	0.0	536970	577.153844279	1.065
3536.12742647	9000	1.72315594011	0.0	536970	593.564331388	9.0
3536.72220577	9000	1.62837663864	0.0	536970	594.779301479	9.0
3537.31698507	9000	1.53359733716	0.0	536970	594.779301479	9.0
3537.91176437	9000	1.43881803568	0.0	536970	594.779301479	9.0
3538.52446266	9400	1.32611974687	0.0	553424	612.698288809	7.4
3539.10398458	9000	1.24659783037	0.0	522960	579.521916497	7.0
3539.67943897	9000	1.17114343843	0.0	522960	575.454391942	9.0
3540.26412149	9000	1.08646092472	0.0	532300	584.682513715	9.0
3540.81717541	8400	1.03340700187	0.0	503004	553.053922842	5.4
3541.3473176	8000	1.00326480608	0.0	481782	530.142195797	6.0
3541.8774598	8000	0.97312261028	0.0	481782	530.142195797	8.0
3542.43866271	8533	0.911919704509	0.0	510552	561.202905771	5.868
3543.02838705	9000	0.822195358483	0.0	536970	589.724346026	6.665
3543.61889066	9000	0.731691746044	0.0	536970	590.503612439	9.0
3544.21336269	9000	0.63721972481	0.0	536970	594.472021234	9.0
3544.80783471	9000	0.542747703576	0.0	536970	594.472021234	9.0
3545.40230673	9000	0.5	0.0517243176585	536970	594.472021234	6.41378411707
3545.90972674	7626	0.5	0.00742000931123	456993	507.420009311	0.384999534439
3546.42808798	7733	0.5	0.0183612402132	467045	518.361240213	6.27993798934
3546.91779712	7200	0.510290860333	0.0	438675	489.709139667	4.535
3547.4080586	7200	0.520029382404	0.0	438675	490.261477929	7.2
3547.89832007	7200	0.529767904475	0.0	438675	490.261477929	7.2
3548.38858155	7200	0.539506426547	0.0	438675	490.261477929	7.2
3548.87884303	7200	0.549244948618	0.0	438675	490.261477929	7.2
3549.36910451	7200	0.558983470689	0.0	438675	490.261477929	7.2
3549.83910342	6773	0.588984554871	0.0	420167	469.998915819	4.638
3550.28243549	6400	0.645652483966	0.0	396693	443.332070905	4.535
3550.74571486	7066	0.682373122536	0.0	434595	463.27936143	3.736
3551.21775535	7200	0.710332623411	0.0	442995	472.040499124	6.53
3551.7175332	7600	0.710554779546	0.0	469589	499.777843866	5.6
3552.24512765	8000	0.682960323502	0.0	496259	527.594456043	6.0
3552.78931428	8133	0.638773699563	0.0	508563	544.18662394	7.468
3553.25285589	6986	0.67523209014	0.0	427291	463.541609423	1.251
3553.70662168	6986	0.721466296783	0.0	418081	453.765793357	6.986
3554.17036921	7200	0.757718768976	0.0	427485	463.747527807	6.13
3554.62616234	7200	0.801925634829	0.0	419991	455.793134148	7.2
3555.07455515	7146	0.853532825286	0.0	413019	448.392809542	6.876
3555.53304974	7146	0.895038236877	0.0	422679	458.494588409	7.146
3555.99626883	7200	0.931819146948	0.0	427485	463.219089929	6.93
3556.43954982	6880	0.988538155911	0.0	408679	443.280991036	5.28
3556.89292179	7000	1.03516619256	0.0	418197	453.371963346	6.4
3557.34654608	6880	1.0815419019	0.0	418435	453.624290664	6.28
3557.82181963	7200	1.10626835146	0.0	438855	475.273550443	5.6
3558.32623135	7626	1.10185662499	0.0	464559	504.411726463	5.496
3558.85769192	8000	1.07039605637	0.0	487050	531.460568625	6.13
3559.38915249	8000	1.03893548775	0.0	487050	531.460568625	8.0
3559.92061306	8000	1.00747491912	0.0	487050	531.460568625	8.0
3560.45207363	8000	0.976014350495	0.0	487050	531.460568625	8.0
3560.9859777	8000	0.942110273797	0.0	487050	533.904076698	8.0
3561.51747659	7893	0.910611389707	0.0	483158	531.498884091	7.358
3562.05999245	8000	0.868095531645	0.0	493365	542.515858062	7.465
3562.6025083	8000	0.825579673583	0.0	493365	542.515858062	8.0
3563.14502416	8000	0.783063815521	0.0	493365	542.515858062	8.0
3563.62223798	6960	0.805849999413	0.0	432864	477.213816108	1.76
3564.11717048	7200	0.810917495668	0.0	449280	494.932503745	6.0
3564.61952027	7360	0.808567706204	0.0	456778	502.349789464	6.56
3565.21263094	8800	0.715457040437	0.0	541560	593.110665768	1.6
3565.76001098	8160	0.668076997677	0.0	499088	547.380042759	4.96
3566.29442942	8000	0.633658558793	0.0	487050	534.418438884	7.2
3566.82884786	8000	0.599240119909	0.0	487050	534.418438884	8.0
3567.3632663	8000	0.564821681024	0.0	487050	534.418438884	8.0
3567.86728694	7680	0.560801041777	0.0	467772	504.020639247	6.08
3568.31869905	6933	0.609388926751	0.0	421780	451.412115027	3.198
3568.75740401	6826	0.670683971619	0.0	409638	438.704955131	6.291
3569.21608961	7200	0.71199836283	0.0	428730	458.68560879	5.33
3569.67477522	7200	0.75331275404	0.0	428730	458.68560879	7.2
3570.13531352	7200	0.792774457877	0.0	428730	460.538296163	7.2
3570.59745552	7200	0.830632453089	0.0	428730	462.142004787	7.2
3571.05959753	7200	0.868490448302	0.0	428730	462.142004787	7.2
3571.52289328	7200	0.905194702575	0.0	429824	463.295745727	7.2
3571.98540861	7200	0.942679366624	0.0	429084	462.515335951	7.2
3572.49835641	7946	0.929731569449	0.0	476950	512.947797175	4.216
3572.98925902	7626	0.938828961579	0.0	456045	490.90260787	6.026
3573.45020308	7200	0.977884895277	0.0	427635	460.944066302	5.07
3573.94761938	7800	0.980468598168	0.0	462222	497.416297109	4.8
3574.43862849	7800	0.989459485099	0.0	456146	491.009113069	7.8
3574.91367302	7666	1.01441495983	0.0	447075	475.04452527	6.996
3575.36091657	7133	1.06717141109	0.0	421103	447.24354874	4.468
3575.86543643	8000	1.06265154602	0.0	476265	504.519865071	3.665
3576.34770698	7733	1.08038099943	0.0	454837	482.270546585	6.398
3576.83597665	8000	1.09211132437	0.0	462300	488.26967506	6.665
3577.32414917	8000	1.10393881202	0.0	462300	488.172512348	8.0
3577.81915449	8000	1.10893349064	0.0	468906	495.005321383	8.0
3578.31264141	8000	1.11544657127	0.0	467438	493.486919375	8.0
3578.80334524	7933	1.12474273288	0.0	465132	490.70383839	7.598
3579.28391002	7533	1.14417795567	0.0	455338	480.56477721	5.533
3579.85541454	8866	1.07267343461	0.0	543071	571.504521053	2.201
3580.43736315	9000	0.990724825212	0.0	551023	581.948609402	8.33
3581.08316493	10000	0.84492305069	0.0	612540	645.801774523	5.0
3581.7289667	10000	0.699121276167	0.0	612540	645.801774523	10.0
3582.37939321	10000	0.548694769053	0.0	612540	650.426507114	10.0
3582.97325176	9066	0.5	0.0451637811214	555398	593.858550174	2.13781094393
3583.44459523	7200	0.528656523724	0.0	438855	471.343476276	-2.13
3583.91101197	7200	0.562239785253	0.0	438855	466.416738471	7.2
3584.37626153	7200	0.596990231586	0.0	438855	465.249553667	7.2
3584.84151108	7200	0.631740677918	0.0	438855	465.249553667	7.2
3585.28238034	6826	0.690871421274	0.0	414950	440.869256645	4.956
3585.80091876	8000	0.672332997694	0.0	487275	518.538423579	2.13
3586.31945718	8000	0.653794574115	0.0	487275	518.538423579	8.0
3586.83799561	8000	0.635256150535	0.0	487275	518.538423579	8.0
3587.29947002	7133	0.673781733778	0.0	432597	461.474416757	2.798
3587.81243032	7933	0.660821443214	0.0	483757	512.960290564	3.933
3588.33000795	8000	0.643243804173	0.0	488565	517.577639041	7.665
3588.84758559	8000	0.625666165132	0.0	488565	517.577639041	8.0
3589.36516323	8000	0.608088526091	0.0	488565	517.577639041	8.0
3589.81137241	6933	0.661879350144	0.0	419059	446.209175947	1.598
3590.25056889	6866	0.722682871689	0.0	410775	439.196478455	6.531
3590.69289363	6866	0.78035812531	0.0	413769	442.324746379	6.866

