695.484186085	3066	0.5	0.220971427055	181435	220.971427055	-7.98257135275
695.708638915	3120	0.775547169398	0.0	184429	224.452830602	2.85
695.937970827	3146	1.04621525754	0.0	188625	229.33191186	3.016
696.171732982	3200	1.31245310269	0.0	192435	233.762154851	2.93
696.52045471	4800	1.46373137479	0.0	291300	348.721727898	-3.2
696.867962481	4800	1.61622360324	0.0	290256	347.507771551	4.8
697.2313575	5000	1.75282858497	0.0	303919	363.395018266	4.0
697.708720386	6453	1.77546569872	0.0	395340	477.362886253	-0.812
698.216058879	6773	1.76812720547	0.0	413791	507.338493252	5.173
698.753305638	7200	1.73088044677	0.0	438675	537.246758695	5.065
699.297533075	7413	1.6866530095	0.0	444483	544.227437272	6.348
699.943004749	9000	1.54118133522	0.0	536970	645.471674282	1.065
700.580600605	9000	1.40358548003	0.0	536970	637.595855192	9.0
701.21819646	9000	1.26598962484	0.0	536970	637.595855192	9.0
701.855792315	9000	1.12839376964	0.0	536970	637.595855192	9.0
702.475437792	9000	1.0087482925	0.0	536970	619.645477144	9.0
703.113235968	9400	0.87095011644	0.0	553424	637.798176059	7.4
703.713812202	9000	0.770373882235	0.0	522960	600.576234206	7.0
704.313848491	9000	0.670337593409	0.0	522960	600.036288825	9.0
704.924422754	9000	0.55976333048	0.0	532300	610.57426293	9.0
705.39039414	6720	0.593791944335	0.0	400413	465.971386145	-4.68
705.837550705	6400	0.646635379461	0.0	383463	447.156564873	4.8
706.285020388	6400	0.699165696528	0.0	383463	447.469682934	6.4
706.759384068	6826	0.724802016173	0.0	406429	474.363680355	4.696
707.25780519	7200	0.726380894903	0.0	427485	498.42112127	5.33
707.750986088	7200	0.73319999671	0.0	427485	493.180898193	7.2
708.241721483	7200	0.742464601564	0.0	427485	490.735395146	7.2
708.732456878	7200	0.751729206418	0.0	427485	490.735395146	7.2
709.223355054	7200	0.760831030612	0.0	427485	490.898175805	7.2
709.747527684	7626	0.736658400704	0.0	456993	524.172629909	5.496
710.283010035	7733	0.701176049911	0.0	467045	535.482350792	7.198
710.780017191	7200	0.704168893755	0.0	438675	497.007156156	4.535
711.275752372	7200	0.708433712444	0.0	438675	495.735181311	7.2
711.776698454	7200	0.707487630371	0.0	438675	500.946082073	7.2
712.301107471	7200	0.68307861381	0.0	438675	524.409016561	7.2
712.825516487	7200	0.658669597249	0.0	438675	524.409016561	7.2
713.348164917	7200	0.636021167314	0.0	438675	522.648429935	7.2
713.840866698	6773	0.643319386231	0.0	420167	492.701781083	4.638
714.30660077	6400	0.677585314677	0.0	396693	465.734071555	4.535
714.713891401	5653	0.770294683485	0.0	345821	407.290631191	1.918
715.122570677	5760	0.861615407838	0.0	352623	408.679275648	5.225
715.544151253	6080	0.940034831228	0.0	373673	421.58057661	4.48
715.989093497	6400	0.995092588055	0.0	394883	444.942243173	4.8
716.448422057	6506	1.03576402724	0.0	404859	459.328560812	5.976
716.93494411	6986	1.04924197508	0.0	427291	486.522052161	4.586
717.411195016	6986	1.07299106858	0.0	418081	476.250906501	6.986
717.889859407	7200	1.09432667807	0.0	427485	478.664390507	6.13
718.356942187	7200	1.12724389777	0.0	419991	467.082780303	7.2
718.815244403	7146	1.16894168166	0.0	413019	458.302216113	6.876
719.283085667	7146	1.20110041778	0.0	422679	467.841263877	7.146
719.759151208	7200	1.22503487632	0.0	427485	476.065541457	6.93
720.23707833	6880	1.24710775437	0.0	408679	477.927121955	5.28
720.725903322	7000	1.25828276307	0.0	418197	488.824991302	6.4
721.21648323	6880	1.26770285484	0.0	418435	490.579908227	6.28
721.737076484	7200	1.24710960013	0.0	438855	520.593254715	5.6
722.287575492	7626	1.1966105929	0.0	464559	550.499007229	5.496
722.863305454	8000	1.12088063092	0.0	487050	575.729961976	6.13
723.414732155	8000	1.06945393009	0.0	487050	551.426700834	8.0
723.970530432	8000	1.01365565251	0.0	487050	555.798277574	8.0
724.536482898	8000	0.94770318705	0.0	487050	565.952465462	8.0
725.102435363	8000	0.881750721588	0.0	487050	565.952465462	8.0
725.654866654	7893	0.829319430536	0.0	483158	552.431291052	7.358
726.20255702	8000	0.781629064591	0.0	493365	547.690365945	7.465
726.746103055	8000	0.738083029128	0.0	493365	543.546035463	8.0
727.284827722	8000	0.699358362739	0.0	493365	538.724666389	8.0
727.746811282	6960	0.737374802212	0.0	432864	461.983560527	1.76
728.224950865	7200	0.759235219125	0.0	449280	478.139583087	6.0
728.707736606	7360	0.776449478674	0.0	456778	482.785740451	6.56
729.278684955	8800	0.705501130095	0.0	541560	570.948348579	1.6
729.806627448	8160	0.677558636993	0.0	499088	527.942493102	4.96
730.331742338	8000	0.652443746184	0.0	487050	525.114890809	7.2
730.86471057	8000	0.619475514838	0.0	487050	532.968231346	8.0
731.38773789	8000	0.596448194622	0.0	487050	523.027320216	8.0
731.879590551	7680	0.604595533972	0.0	467772	491.85266065	6.08
732.318907434	6933	0.665278650751	0.0	421780	439.31688322	3.198
732.742770588	6826	0.741415496352	0.0	409638	423.863154399	6.291
733.177173032	7200	0.807013052587	0.0	428730	434.402443765	5.33
733.609338715	7200	0.874847369853	0.0	428730	432.165682734	7.2
734.036345699	7200	0.947840385886	0.0	428730	427.006983967	7.2
734.476982341	7200	1.00720374386	0.0	428730	440.636642027	7.2
734.922450333	7200	1.06173575166	0.0	428730	445.467992198	7.2
735.373587207	7200	1.11059887746	0.0	429824	451.1368742	7.2
735.822976804	7200	1.16120928081	0.0	429084	449.389596656	7.2
736.31564564	7946	1.16854044458	0.0	476950	492.668836225	4.216
736.779928301	7626	1.20425778388	0.0	456045	464.282660696	6.026
737.208718163	7200	1.27546792146	0.0	427635	428.789862426	5.07
737.672488587	7800	1.31169749793	0.0	462222	463.770423526	4.8
738.131195911	7800	1.35299017355	0.0	456146	458.707324384	7.8
738.595798582	7666	1.38838750236	0.0	447075	464.602671186	6.996
739.034234531	7133	1.4499515535	0.0	421103	438.435948862	4.468
739.527943476	8000	1.45624260848	0.0	476265	493.708945016	3.665
740.000621004	7733	1.48356508074	0.0	454837	472.677527739	6.398
740.481893001	8000	1.50229308382	0.0	462300	481.271996925	6.665
740.971509174	8000	1.51267691107	0.0	462300	489.616172748	8.0
741.472383786	8000	1.51180229837	0.0	468906	500.874612699	8.0
741.963038295	8000	1.5211477901	0.0	467438	490.654508276	8.0
742.449089744	7933	1.53509634066	0.0	465132	486.051449436	7.598
742.931731285	7533	1.55245479919	0.0	455338	482.641541467	5.533
743.502050703	8866	1.48213538139	0.0	543071	570.319417807	2.201
744.06299478	9000	1.421191305	0.0	551023	560.944076387	8.33
744.703658101	10000	1.28052798347	0.0	612540	640.663321533	5.0
745.356751768	10000	1.12743431654	0.0	612540	653.093666923	10.0
746.022563424	10000	0.96162266032	0.0	612540	665.811656223	10.0
746.615205807	9066	0.868980277159	0.0	555398	592.642383161	4.396
747.192759831	9000	0.791426253386	0.0	551655	577.554023773	8.67
747.748482164	9000	0.735703920703	0.0	551655	555.722332682	9.0
748.279514361	9000	0.704671723657	0.0	551655	531.032197046	9.0
748.814234087	9000	0.669951997657	0.0	551655	534.719726001	9.0
749.325725508	8533	0.658460576492	0.0	521611	511.491421165	6.198
749.805487171	8000	0.678698913571	0.0	487275	479.761662921	5.335
750.288208871	8000	0.695977213478	0.0	487275	482.721700094	8.0
750.763496774	8000	0.720689310287	0.0	487275	475.28790319	8.0
751.178714675	7133	0.805471409599	0.0	432597	415.217900689	2.798
751.652343778	7933	0.831842307016	0.0	483757	473.629102583	3.933
752.150380203	8000	0.83380588115	0.0	488565	498.036425865	7.665
752.657573509	8000	0.826612575866	0.0	488565	507.193305284	8.0
753.127360627	8000	0.856825458053	0.0	488565	469.787117813	8.0
753.5311513	6933	0.953034784793	0.0	419059	403.79067326	1.598
753.926919137	6866	1.05726694716	0.0	410775	395.767837632	6.531
754.32415165	6866	1.16003443496	0.0	413769	397.232512205	6.866

