2144.50478842	3066	0.5	0.202942496114	181435	202.942496114	-7.0811248057
2144.71091481	3120	0.793873609746	0.0	184429	206.126390254	2.85
2144.92150333	3146	1.08328508863	0.0	188625	210.58852112	3.016
2145.1361435	3200	1.36864491865	0.0	192435	214.640169977	2.93
2145.45591917	4800	1.54886924627	0.0	291300	319.775672379	-3.2
2145.88053684	6400	1.62425157676	0.0	389889	424.617669509	-1.6
2146.32476088	6666	1.68002754243	0.0	408326	444.224034328	5.336
2146.75517528	6453	1.74961314381	0.0	395340	430.41439862	5.388
2147.19587433	6773	1.80891409107	0.0	413791	440.699052742	5.173
2147.66208442	7200	1.84270399914	0.0	438675	466.210091927	5.065
2148.13569527	7413	1.86909315099	0.0	444483	473.610848153	6.348
2148.72201195	9000	1.78277646755	0.0	536970	586.316683438	1.065
2149.30832864	9000	1.69645978411	0.0	536970	586.316683438	9.0
2149.89464532	9000	1.61014310068	0.0	536970	586.316683438	9.0
2150.47405558	9000	1.53073283594	0.0	536970	579.410264737	9.0
2151.04660519	9000	1.45818323342	0.0	536970	572.549602523	9.0
2151.63498332	9400	1.36980509716	0.0	553424	588.378136262	7.4
2152.17552293	9000	1.3292654884	0.0	522960	540.53960875	7.0
2152.71606254	9000	1.28872587965	0.0	522960	540.53960875	9.0
2153.26286657	9000	1.24192185015	0.0	532300	546.804029507	9.0
2153.76744084	8400	1.2373475771	0.0	503004	504.574273043	5.4
2154.25576191	8000	1.24902650761	0.0	481782	488.321069499	6.0
2154.74758443	8000	1.25720398996	0.0	481782	491.822517644	8.0
2155.2811104	8533	1.22367802506	0.0	510552	533.525964903	5.868
2155.85007758	9000	1.15471084072	0.0	536970	568.967184341	6.665
2156.41904476	9000	1.08574365638	0.0	536970	568.967184341	9.0
2157.00714348	9000	0.997644942147	0.0	536970	588.09871423	9.0
2157.59905077	9000	0.905737650771	0.0	536970	591.907291376	9.0
2158.19095806	9000	0.813830359395	0.0	536970	591.907291376	9.0
2158.69619986	7626	0.808588560365	0.0	456993	505.24179903	0.756
2159.21285696	7733	0.791931464675	0.0	467045	516.65709569	7.198
2159.69873787	7200	0.806050550734	0.0	438675	485.880913941	4.535
2160.18461878	7200	0.820169636793	0.0	438675	485.880913941	7.2
2160.6704997	7200	0.834288722851	0.0	438675	485.880913941	7.2
2161.14618265	7200	0.858605765651	0.0	438675	475.682957201	7.2
2161.61558669	7200	0.889201734782	0.0	438675	469.404030869	7.2
2162.08499072	7200	0.919797703913	0.0	438675	469.404030869	7.2
2162.54976646	6773	0.955021961899	0.0	420167	464.775742014	4.638
2162.99256051	6400	1.01222790774	0.0	396693	442.794054161	4.535
2163.47670584	7066	1.02808258133	0.0	434595	484.145326406	3.736
2163.97001561	7200	1.03477281276	0.0	442995	493.309768569	6.53
2164.49233956	7600	1.01244885671	0.0	469589	522.323956055	5.6
2165.04887611	8000	0.955912307557	0.0	496259	556.536549152	6.0
2165.61961053	8133	0.885177886054	0.0	508563	570.734421503	7.468
2166.22163414	8733	0.783154280294	0.0	536941	602.02360576	5.733
2166.81073764	8733	0.694050776766	0.0	525223	589.103503528	8.733
2167.41151265	9000	0.593275768584	0.0	536970	600.775008182	7.665
2168.00192798	9000	0.502860440388	0.0	527946	590.415328195	9.0
2168.46599442	7146	0.538794004738	0.0	413019	464.06643565	-2.124
2168.9406809	7146	0.564107520692	0.0	422679	474.686484046	7.146
2169.42065102	7200	0.584137397661	0.0	427485	479.970123031	6.93
2169.87816248	6880	0.62662594297	0.0	408679	457.511454691	5.28
2170.34586161	7000	0.658926810132	0.0	418197	467.699132838	6.4
2170.81382122	6880	0.690967196244	0.0	418435	467.959613888	6.28
2171.30412967	7200	0.70065874606	0.0	438855	490.308450184	5.6
2171.81247164	7626	0.692316779186	0.0	464559	508.341966874	5.496
2172.34138858	8000	0.663399840229	0.0	487050	528.916938957	6.13
2172.87030552	8000	0.634482901272	0.0	487050	528.916938957	8.0
2173.38890274	8000	0.615885676022	0.0	487050	518.59722525	8.0
2173.88379256	8000	0.620995862154	0.0	487050	494.889813868	8.0
2174.37885565	8000	0.625932767286	0.0	487050	495.063094868	8.0
2174.8706509	7893	0.634137520506	0.0	483158	491.79524678	7.358
2175.37262436	8000	0.632164062698	0.0	493365	501.973457808	7.465
2175.8720361	8000	0.632752318295	0.0	493365	499.411744403	8.0
2176.37759253	8000	0.627195888563	0.0	493365	505.556429732	8.0
2176.83361198	6960	0.671176437765	0.0	432864	456.019450798	1.76
2177.30654634	7200	0.698242077655	0.0	449280	472.93436011	6.0
2177.7886049	7360	0.716183520376	0.0	456778	482.058557278	6.56
2178.36576489	8800	0.639023527176	0.0	541560	577.1599932	1.6
2178.89444544	8160	0.61034297597	0.0	499088	528.680551205	4.96
2179.40296617	8000	0.601822246144	0.0	487050	508.520729827	7.2
2179.91152419	8000	0.593264234022	0.0	487050	508.558012122	8.0
2180.42023145	8000	0.584556974617	0.0	487050	508.707259405	8.0
2180.9091993	7680	0.595589122967	0.0	467772	488.96785165	6.08
2181.3557355	6933	0.649052924247	0.0	421780	446.53619872	3.198
2181.79452217	6826	0.710266245609	0.0	409638	438.786678638	6.291
2182.25329332	7200	0.751495104424	0.0	428730	458.771141185	5.33
2182.71206446	7200	0.792723963239	0.0	428730	458.771141185	7.2
2183.19141657	7200	0.813371848179	0.0	428730	479.35211506	7.2
2183.67826199	7200	0.82652643032	0.0	428730	486.845417859	7.2
2184.16510741	7200	0.839681012461	0.0	428730	486.845417859	7.2
2184.6531696	7200	0.851618817406	0.0	429824	488.062195055	7.2
2185.14040875	7200	0.864379670912	0.0	429084	487.239146495	7.2
2185.67402828	7946	0.830760144544	0.0	476950	533.619526367	4.216
2186.16203447	7626	0.84275394583	0.0	456045	488.006198714	6.026
2186.62026257	7200	0.884525852578	0.0	427635	458.228093252	5.07
2187.11419577	7800	0.890592650205	0.0	462222	493.933202374	4.8
2187.59620616	7800	0.908582258454	0.0	456146	482.010391751	7.8
2188.06584707	7666	0.938941350426	0.0	447075	469.640908028	6.996
2188.49819311	7133	1.00659531308	0.0	421103	432.346037351	4.468
2188.98586397	8000	1.01892444519	0.0	476265	487.670867885	3.665
2189.45204086	7733	1.05274755744	0.0	454837	466.17688775	6.398
2189.92569849	8000	1.07908993081	0.0	462300	473.657626626	6.665
2190.39935612	8000	1.10543230419	0.0	462300	473.657626626	8.0
2190.88476744	8000	1.12002097898	0.0	468906	485.411325211	8.0
2191.37069553	8000	1.13409288813	0.0	467438	485.928090845	8.0
2191.85876503	7933	1.14602338676	0.0	465132	488.069501376	7.598
2192.34444363	7533	1.1603447935	0.0	455338	485.678593261	5.533
2192.92177438	8866	1.08301404289	0.0	543071	577.330750609	2.201
2193.54508413	9000	0.959704290327	0.0	551023	623.30975256	8.33
2194.09902487	8000	0.905763548541	0.0	487050	553.940741786	3.0
2194.65296561	8000	0.851822806755	0.0	487050	553.940741786	8.0
2195.20690636	8000	0.797882064969	0.0	487050	553.940741786	8.0
2195.71029149	7253	0.794496932462	0.0	441782	503.385132507	3.518
2196.20493473	7200	0.799853685136	0.0	438855	494.643247326	6.935
2196.69663062	7200	0.808157795856	0.0	438855	491.695889281	7.2
2197.18832651	7200	0.816461906575	0.0	438855	491.695889281	7.2
2197.6800224	7200	0.824766017294	0.0	438855	491.695889281	7.2
2198.26369264	8533	0.741095775723	0.0	521611	583.670241571	1.868
2198.81319899	8000	0.691589426307	0.0	487275	549.506349416	5.335
2199.36270534	8000	0.642083076891	0.0	487275	549.506349416	8.0
2199.91221169	8000	0.592576727475	0.0	487275	549.506349416	8.0
2200.40117907	7133	0.603609351274	0.0	432597	488.967376201	2.798
2200.94679032	7933	0.557998098748	0.0	483757	545.611252526	3.933
2201.50179549	8000	0.502992927846	0.0	488565	555.005170902	7.665
2202.05909621	8000	0.5	0.0543077942557	488565	557.300722101	5.28461028721
2202.61639694	8000	0.5	0.0573007221013	488565	557.300722101	5.13496389494
2203.09583558	6933	0.520561351503	0.0	419059	479.438648497	1.598
2203.56599432	6866	0.550402612909	0.0	410775	470.158738594	6.531
2204.039507	6866	0.576889932952	0.0	413769	473.512679957	6.866

