7692.03653802	3066	0.5	0.204663356926	181435	204.663356926	-7.16716784632
7692.24441367	3120	0.792124351671	0.0	184429	207.875648329	2.85
7692.45679124	3146	1.07974677458	0.0	188625	212.377577095	3.016
7692.67325661	3200	1.36328141183	0.0	192435	216.465362748	2.93
7692.99579518	4800	1.54074283949	0.0	291300	322.538572341	-3.2
7693.42411084	6400	1.61242718061	0.0	389889	428.315658879	-1.6
7693.87297492	6666	1.66356310022	0.0	408326	448.864080392	5.336
7694.31118981	6453	1.72534820682	0.0	395340	438.2148934	5.388
7694.76939002	6773	1.76714800204	0.0	413791	458.200204773	5.173
7695.25454347	7200	1.78199454334	0.0	438675	485.153458699	5.065
7695.74520121	7413	1.79133680998	0.0	444483	490.657733365	6.348
7696.33545401	9000	1.70108400678	0.0	536970	590.252803198	1.065
7696.92570681	9000	1.61083120358	0.0	536970	590.252803198	9.0
7697.51595962	9000	1.52057840038	0.0	536970	590.252803198	9.0
7698.09385152	9000	1.44268649308	0.0	536970	577.891907302	9.0
7698.67116556	9000	1.36537245617	0.0	536970	577.314036916	9.0
7699.25710177	9400	1.27943624532	0.0	553424	585.936210848	7.4
7699.80871087	9000	1.22782714702	0.0	522960	551.609098297	7.0
7700.36034577	9000	1.17619225052	0.0	522960	551.634896502	9.0
7700.92239898	9000	1.11413903342	0.0	532300	562.053217099	9.0
7701.44448001	8400	1.09205800674	0.0	503004	522.081026685	5.4
7701.92265933	8000	1.11387868736	0.0	481782	478.179319379	6.0
7702.42252673	8000	1.11401129028	0.0	481782	499.867397077	8.0
7702.9604083	8533	1.07612971876	0.0	510552	537.881571515	5.868
7703.52427964	9000	1.01225837622	0.0	536970	563.87134254	6.665
7704.08524177	9000	0.951296246273	0.0	536970	560.962129951	9.0
7704.64896614	9000	0.887571878786	0.0	536970	563.724367488	9.0
7705.23358607	9000	0.8029519423	0.0	536970	584.619936485	9.0
7705.81820601	9000	0.718332005815	0.0	536970	584.619936485	9.0
7706.32083391	7626	0.715704109452	0.0	456993	502.627896363	0.756
7706.84148401	7733	0.695054006433	0.0	467045	520.65010302	7.198
7707.33111538	7200	0.705422634847	0.0	438675	489.631371585	4.535
7707.82058224	7200	0.715955776107	0.0	438675	489.46685874	7.2
7708.30964542	7200	0.726892593885	0.0	438675	489.063182223	7.2
7708.79870861	7200	0.737829411662	0.0	438675	489.063182223	7.2
7709.28777179	7200	0.74876622944	0.0	438675	489.063182223	7.2
7709.77669337	7200	0.759844646302	0.0	438675	488.921583137	7.2
7710.24521129	6773	0.791326731692	0.0	420167	468.51791461	4.638
7710.6881126	6400	0.848425416023	0.0	396693	442.901315669	4.535
7711.17237544	7066	0.864162579818	0.0	434595	484.262836206	3.736
7711.6711003	7200	0.865437720567	0.0	442995	498.724859251	6.53
7712.20100756	7600	0.835530454298	0.0	469589	529.907266269	5.6
7712.76044262	8000	0.77609539502	0.0	496259	559.435059278	6.0
7713.3335001	8133	0.70303791485	0.0	508563	573.05748017	7.468
7713.81320219	6986	0.723335827137	0.0	427291	479.702087713	1.251
7714.28248863	6986	0.754049383161	0.0	418081	469.286443976	6.986
7714.76210592	7200	0.774432094877	0.0	427485	479.617288284	6.13
7715.24408157	7200	0.792456443862	0.0	419991	481.975651014	7.2
7715.72690523	7146	0.809632787194	0.0	413019	482.823656668	6.876
7716.22078764	7146	0.815750374093	0.0	422679	493.882413101	7.146
7716.72017196	7200	0.816366057946	0.0	427485	499.384316147	6.93
7717.19802719	6880	0.838510828081	0.0	408679	477.855229865	5.28
7717.68677861	7000	0.849759403213	0.0	418197	488.751424868	6.4
7718.16000208	6880	0.876535938024	0.0	418435	473.223465189	6.28
7718.63985974	7200	0.896678279199	0.0	438855	479.857658825	5.6
7719.14723724	7626	0.889300776092	0.0	464559	507.377503107	5.496
7719.66039635	8000	0.876141671349	0.0	487050	513.159104744	6.13
7720.16434155	8000	0.872196463122	0.0	487050	503.945208227	8.0
7720.67374256	8000	0.862795459846	0.0	487050	509.401003276	8.0
7721.18862418	8000	0.847913841438	0.0	487050	514.881618408	8.0
7721.69365627	8000	0.84288174916	0.0	487050	505.032092278	8.0
7722.19047418	7893	0.846063835576	0.0	483158	496.817913583	7.358
7722.69702239	8000	0.83951563187	0.0	493365	506.548203706	7.465
7723.20288485	8000	0.833653162694	0.0	493365	505.862469176	8.0
7723.7162386	8000	0.820299420634	0.0	493365	513.353742061	8.0
7724.16811079	6960	0.868427230755	0.0	432864	451.872189878	1.76
7724.63959906	7200	0.896938961467	0.0	449280	471.488269288	6.0
7725.11878907	7360	0.917748949295	0.0	456778	479.190012172	6.56
7725.67702058	8800	0.859517435615	0.0	541560	558.23151368	1.6
7726.18831563	8160	0.848222387091	0.0	499088	511.295048524	4.96
7726.69084713	8000	0.845690892084	0.0	487050	502.531495007	7.2
7727.19726544	8000	0.8392725765	0.0	487050	506.418315584	8.0
7727.70455449	8000	0.831983524422	0.0	487050	507.289052077	8.0
7728.19425146	7680	0.842286556485	0.0	467772	489.696967937	6.08
7728.74684061	8666	0.789697403226	0.0	530195	552.589153259	3.736
7729.27474782	8533	0.761790197112	0.0	515343	527.907206114	7.868
7729.82195823	9000	0.714579788688	0.0	539520	547.210408423	6.665
7730.36821249	9000	0.668325527159	0.0	539520	546.254261529	9.0
7730.92058074	9000	0.615957272635	0.0	539520	552.368254525	9.0
7731.47424286	9000	0.562295161026	0.0	539520	553.662111609	9.0
7732.02909108	9000	0.50744693322	0.0	539520	554.848227805	9.0
7732.58567264	9000	0.5	0.0491346243199	540862	556.58155754	6.543268784
7733.14168649	9000	0.5	0.0560138498004	539793	556.0138498	6.19930750998
7733.63605388	7946	0.505632610019	0.0	476950	494.367389981	2.676
7734.11358307	7626	0.528103420767	0.0	456045	477.529189252	6.026
7734.56198684	7200	0.579699656125	0.0	427635	448.403764641	5.07
7735.04628548	7800	0.59540101275	0.0	462222	484.298643375	4.8
7735.52446453	7800	0.617221956846	0.0	456146	478.179055904	7.8
7735.99305199	7666	0.648634499663	0.0	447075	468.587457183	6.996
7736.43468864	7133	0.706997851715	0.0	421103	441.636647948	4.468
7736.93286713	8000	0.708819358247	0.0	476265	498.178493468	3.665
7737.41429887	7733	0.727387619832	0.0	454837	481.431738416	6.398
7737.90677102	8000	0.734915476132	0.0	462300	492.472143699	6.665
7738.39945206	8000	0.74223443432	0.0	462300	492.681041812	8.0
7738.9006004	8000	0.741086088405	0.0	468906	501.148345915	8.0
7739.40021111	8000	0.741475376412	0.0	467438	499.610711993	8.0
7739.90400745	7933	0.737679037304	0.0	465132	503.796339108	7.598
7740.40124843	7533	0.740438062701	0.0	455338	497.240974603	5.533
7740.87354299	7093	0.768143498986	0.0	432025	472.294563715	4.893
7741.35413673	7200	0.787549756987	0.0	438283	480.593741999	6.665
7741.88839774	8000	0.753288752301	0.0	487050	534.261004686	4.0
7742.42265874	8000	0.719027747615	0.0	487050	534.261004686	8.0
7742.96115269	8000	0.68053379727	0.0	487050	538.493950345	8.0
7743.45269507	7253	0.688991420763	0.0	441782	491.542376507	3.518
7743.94104702	7200	0.700639474232	0.0	438855	488.35194653	6.935
7744.42927434	7200	0.712412155764	0.0	438855	488.227318468	7.2
7744.91603755	7200	0.725648941618	0.0	438855	486.763214146	7.2
7745.40280076	7200	0.738885727472	0.0	438855	486.763214146	7.2
7745.98598598	8533	0.655700515575	0.0	521611	583.185211897	1.868
7746.55042674	8000	0.591259749625	0.0	487275	564.44076595	5.335
7747.11486751	8000	0.526818983675	0.0	487275	564.44076595	8.0
7747.67930827	8000	0.5	0.0376217822748	487275	564.44076595	6.11891088626
7748.18153425	7133	0.5	0.00222597512214	432597	502.225975122	2.68670124389
7748.62942611	6346	0.552108138993	0.0	384845	447.891861007	2.411
7749.08518089	6400	0.596353356579	0.0	388680	455.754782414	6.13
7749.54417067	6400	0.637363582533	0.0	388680	458.989774046	6.4
7750.00316044	6400	0.678373808487	0.0	388680	458.989774046	6.4
7750.49724299	6933	0.684291258004	0.0	419059	494.082550484	4.268
7750.98175615	6866	0.699778099534	0.0	410775	484.513158469	6.531
7751.46972787	6866	0.711806375192	0.0	413769	487.971724342	6.866

