6925.32912917	3066	0.5	0.207295030791	181435	207.295030791	-7.29875153953
6925.53967992	3120	0.78944925051	0.0	184429	210.55074949	2.85
6925.75479346	3146	1.07433571022	0.0	188625	215.113540292	3.016
6925.97405005	3200	1.35507912108	0.0	192435	219.256589138	2.93
6926.30081387	4800	1.52831530776	0.0	291300	326.763813318	-3.2
6926.62644242	4800	1.70268675507	0.0	290256	325.628552689	4.8
6926.96692831	5000	1.8622008595	0.0	303919	340.485895571	4.0
6927.40682672	6453	1.92230245251	0.0	395340	439.898406993	-0.812
6927.86678901	6773	1.96234016251	0.0	413791	459.962289998	5.173
6928.35381052	7200	1.9753186527	0.0	438675	487.021509808	5.065
6928.84714773	7413	1.98198144009	0.0	444483	493.337212615	6.348
6929.44105664	9000	1.88807253231	0.0	536970	593.908907783	1.065
6930.03496555	9000	1.79416362452	0.0	536970	593.908907783	9.0
6930.62887446	9000	1.70025471674	0.0	536970	593.908907783	9.0
6931.22278337	9000	1.60634580896	0.0	536970	593.908907783	9.0
6931.81669227	9000	1.51243690117	0.0	536970	593.908907783	9.0
6932.4284935	9400	1.40063567693	0.0	553424	611.801224241	7.4
6932.99144511	9000	1.337684067	0.0	522960	562.951609933	7.0
6933.55004214	9000	1.27908703136	0.0	522960	558.597035637	9.0
6934.11843705	9000	1.21069212148	0.0	532300	568.394909878	9.0
6934.65609979	8400	1.1730293876	0.0	503004	537.662733887	5.4
6935.17150016	8000	1.1576290185	0.0	481782	515.400369098	6.0
6935.68554708	8000	1.143582093	0.0	481782	514.046925505	8.0
6936.20220956	8533	1.12691961625	0.0	510552	516.662476741	5.868
6936.74508878	9000	1.08404039899	0.0	536970	542.879217269	6.665
6937.29457142	9000	1.03455775278	0.0	536970	549.482646208	9.0
6937.8553916	9000	0.973737569458	0.0	536970	560.820183319	9.0
6938.41621179	9000	0.912917386139	0.0	536970	560.820183319	9.0
6938.97703197	9000	0.85209720282	0.0	536970	560.820183319	9.0
6939.57582702	9533	0.753302154635	0.0	573990	598.795048184	6.868
6940.20116852	9666	0.627960655261	0.0	586715	625.341499374	9.001
6940.79415926	9000	0.534969910152	0.0	551265	592.990745109	5.67
6941.26808036	7200	0.561048810298	0.0	438675	473.921099854	-1.8
6941.74200146	7200	0.587127710445	0.0	438675	473.921099854	7.2
6942.2126151	7200	0.616514069169	0.0	438675	470.613641276	7.2
6942.66582586	7200	0.663303310549	0.0	438675	453.21075862	7.2
6943.11903662	7200	0.710092551929	0.0	438675	453.21075862	7.2
6943.55354801	6773	0.775581160085	0.0	420167	434.511391844	4.638
6943.97250147	6400	0.856627708157	0.0	396693	418.953451928	4.535
6944.43383728	7066	0.895291895318	0.0	434595	461.335812839	3.736
6944.90389666	7200	0.925232510353	0.0	442995	470.059384965	6.53
6945.40157446	7600	0.927554711448	0.0	469589	497.677798906	5.6
6945.9269496	8000	0.902179571044	0.0	496259	525.375140404	6.0
6946.4640088	8133	0.865120373253	0.0	508563	537.059197792	7.468
6947.02863215	8733	0.80049702242	0.0	536941	564.623350832	5.733
6947.58115161	8733	0.747977564614	0.0	525223	552.519457807	8.733
6948.14580492	9000	0.683324258764	0.0	536970	564.65330585	7.665
6948.70102424	9000	0.62810493203	0.0	527946	555.219326734	9.0
6949.24438341	8933	0.584745763512	0.0	519390	543.359168518	8.598
6949.79966278	8933	0.529466393935	0.0	530998	555.279369577	8.933
6950.36107477	9000	0.5	0.0319455945883	536970	561.411988523	7.06772027059
6950.89826846	8600	0.5	0.037193688921	513386	537.193688921	4.74031555395
6951.35365079	7000	0.544617666342	0.0	418197	455.382333658	-1.0
6951.80942011	6880	0.588848346001	0.0	418435	455.769320342	6.28
6952.28694337	7200	0.611325086525	0.0	438855	477.523259475	5.6
6952.79184975	7626	0.606418709935	0.0	464559	504.906376591	5.496
6953.32071635	8000	0.577552105868	0.0	487050	528.866604066	6.13
6953.84958296	8000	0.548685501802	0.0	487050	528.866604066	8.0
6954.37078094	8000	0.527487516898	0.0	487050	521.197984904	8.0
6954.89093345	8000	0.507335009138	0.0	487050	520.15250776	8.0
6955.41108596	8000	0.5	0.0128174986225	487050	520.15250776	7.35912506887
6955.92716185	7893	0.5	0.0160758964059	483158	516.075896406	6.5542051797
6956.4539289	8000	0.5	0.0267670505928	493365	526.767050593	6.12664747036
6956.98453061	8000	0.5	0.0306017053664	493365	530.601705366	6.46991473168
6957.52667554	8000	0.5	0.0421449341572	493365	542.144934157	5.89275329214
6958.00356392	6960	0.523111621661	0.0	432864	476.888378339	1.76
6958.49815865	7200	0.528516897637	0.0	449280	494.594724024	6.0
6959.00084073	7360	0.52583480885	0.0	456778	502.682088787	6.56
6959.44542603	6600	0.581249509638	0.0	402915	444.585299212	2.8
6959.85607848	6120	0.670597058577	0.0	371455	410.65245106	3.72
6960.25715833	6000	0.769517208513	0.0	362580	401.079850064	5.4
6960.65823818	6000	0.86843735845	0.0	362580	401.079850064	6.0
6961.05931803	6000	0.967357508386	0.0	362580	401.079850064	6.0
6961.57353465	7680	0.953140897397	0.0	467772	514.216610989	-0.72
6962.15469818	8666	0.871977361007	0.0	530195	581.16353639	3.736
6962.71986209	8533	0.806813448986	0.0	515343	565.163912021	7.868
6963.31107118	9000	0.71560436336	0.0	539520	591.209085625	6.665
6963.90228027	9000	0.624395277735	0.0	539520	591.209085625	9.0
6964.49348935	9000	0.53318619211	0.0	539520	591.209085625	9.0
6964.96534762	7200	0.561327926836	0.0	428730	471.858265273	-1.8
6965.43720588	7200	0.589469661563	0.0	428730	471.858265273	7.2
6965.91024268	7200	0.616432862149	0.0	429824	473.036799414	7.2
6966.38524314	7200	0.641432407517	0.0	429084	475.000454633	7.2
6966.91267861	7946	0.613996930546	0.0	476950	527.435476971	4.216
6967.41743459	7626	0.609240955925	0.0	456045	504.755974621	6.026
6967.891369	7200	0.635306538912	0.0	427635	473.934417013	5.07
6968.40282631	7800	0.623849235134	0.0	462222	511.457303777	4.8
6968.90769186	7800	0.618983687218	0.0	456146	504.865547916	7.8
6969.40271642	7666	0.623959123078	0.0	447075	495.024564141	6.996
6969.86956437	7133	0.657111169081	0.0	421103	466.847953997	4.468
6970.39625671	8000	0.630418837726	0.0	476265	526.692331355	3.665
6970.88988374	7733	0.636791805206	0.0	454837	493.62703252	6.398
6971.38964122	8000	0.637034321969	0.0	462300	499.757483237	6.665
6971.8893987	8000	0.637276838732	0.0	462300	499.757483237	8.0
6972.39615454	8000	0.630521003918	0.0	468906	506.755834814	8.0
6972.90135518	8000	0.625320358343	0.0	467438	505.200645575	8.0
6973.40411287	7933	0.622562673522	0.0	465132	502.757684821	7.598
6973.89576148	7533	0.630914058168	0.0	455338	491.648615354	5.533
6974.36051848	7093	0.666157064911	0.0	432025	464.756993257	4.893
6974.83186275	7200	0.69481279253	0.0	438283	471.344272381	6.665
6975.35454001	8000	0.672135531802	0.0	487050	522.677260727	4.0
6975.87721727	8000	0.649458271075	0.0	487050	522.677260727	8.0
6976.39989453	8000	0.626781010347	0.0	487050	522.677260727	8.0
6976.8787334	7253	0.64794214531	0.0	441782	478.838865037	3.518
6977.35465347	7200	0.672022067773	0.0	438855	475.920077538	6.935
6977.83057355	7200	0.696101990235	0.0	438855	475.920077538	7.2
6978.30649363	7200	0.720181912697	0.0	438855	475.920077538	7.2
6978.78241371	7200	0.74426183516	0.0	438855	475.920077538	7.2
6979.34619352	8533	0.680482027331	0.0	521611	563.779807828	1.868
6979.87375698	8000	0.652918567199	0.0	487275	527.563460132	5.335
6980.40201514	8000	0.624660400772	0.0	487275	528.258166427	8.0
6980.93027331	8000	0.596402234344	0.0	487275	528.258166427	8.0
6981.4003768	7133	0.626298744483	0.0	432597	470.103489861	2.798
6981.92489327	7933	0.601782268538	0.0	483757	524.516475946	3.933
6982.45219463	8000	0.574480914154	0.0	488565	527.301354383	7.665
6982.97520082	8000	0.55147472088	0.0	488565	523.006193275	8.0
6983.49820702	8000	0.528468527605	0.0	488565	523.006193275	8.0
6983.94823007	6933	0.578445475714	0.0	419059	450.023051892	1.598
6984.3895547	6866	0.637120843285	0.0	410775	441.324632428	6.531
6984.83402311	6866	0.692652431539	0.0	413769	444.468411747	6.866

