1101.4442026	3066	0.5	0.21316044178	181435	213.16044178	-7.59202208899
1101.66071555	3120	0.783487049814	0.0	184429	216.512950186	2.85
1101.88192694	3146	1.06227566099	0.0	188625	221.211388821	3.016
1102.10740455	3200	1.33679805406	0.0	192435	225.477606933	2.93
1102.44358548	4800	1.50061712596	0.0	291300	336.180928104	-3.2
1102.78418516	4800	1.66001743793	0.0	290256	340.599688022	4.8
1103.16753537	5000	1.77666722983	0.0	303919	383.350208099	4.0
1103.66319198	6453	1.78101061978	0.0	395340	495.656610051	-0.812
1104.18151478	6773	1.76268782338	0.0	413791	518.322796402	5.173
1104.74063664	7200	1.70356596414	0.0	438675	559.121859241	5.065
1105.31665845	7413	1.62754414636	0.0	444483	576.021817781	6.348
1106.01045679	9000	1.43374581101	0.0	536970	693.798335356	1.065
1106.70425513	9000	1.23994747565	0.0	536970	693.798335356	9.0
1107.39805346	9000	1.04614914029	0.0	536970	693.798335356	9.0
1108.08720928	9000	0.856993321919	0.0	536970	689.155818376	9.0
1108.71852831	9000	0.72567429054	0.0	536970	631.319031379	9.0
1109.23809971	7520	0.706102895144	0.0	440393	519.571395396	0.12
1109.71787542	7200	0.726327179504	0.0	415815	479.775715639	5.6
1110.19653816	7200	0.747664437242	0.0	415815	478.662742262	7.2
1110.6839697	7200	0.760232900841	0.0	423595	487.431536401	7.2
1111.13297418	6720	0.811228418743	0.0	400413	449.004482099	4.32
1111.56139453	6400	0.882808068293	0.0	383463	428.420350449	4.8
1111.99090373	6400	0.953298876108	0.0	383463	429.509192185	6.4
1112.44548306	6826	0.998719542389	0.0	406429	454.579333719	4.696
1112.92257745	7200	1.02162515577	0.0	427485	477.094386615	5.33
1113.39967183	7200	1.04453076916	0.0	427485	477.094386615	7.2
1113.87851262	7200	1.06568998331	0.0	427485	478.840785848	7.2
1114.35766837	7200	1.08653422767	0.0	427485	479.155755639	7.2
1114.84348071	7200	1.1007218919	0.0	427485	485.812335769	7.2
1115.36807317	7626	1.07612943546	0.0	456993	524.592456442	5.496
1115.90747278	7733	1.03672982325	0.0	467045	539.399612215	7.198
1116.5573909	9000	0.886811699706	0.0	551265	649.918123541	2.665
1117.2033419	9000	0.740860696866	0.0	551265	645.95100284	9.0
1117.84251526	9000	0.601687344286	0.0	551265	639.17335258	9.0
1118.35226001	7200	0.591942596062	0.0	438675	509.744748224	-1.8
1118.85192287	7200	0.592279730807	0.0	438675	499.662865255	7.2
1119.35158574	7200	0.592616865552	0.0	438675	499.662865255	7.2
1119.8477351	6773	0.596467503037	0.0	420167	496.149362514	4.638
1120.31863237	6400	0.625570235945	0.0	396693	470.897267092	4.535
1120.83356602	7066	0.610636577444	0.0	434595	514.933658501	3.736
1121.35590867	7200	0.588293935665	0.0	442995	522.342641779	6.53
1121.90892083	7600	0.535281773406	0.0	469589	553.012162259	5.6
1122.3861881	6400	0.558014504012	0.0	394883	477.267269394	0.4
1122.878811	6506	0.565391606133	0.0	404859	492.622897879	5.976
1123.39817455	6986	0.546028048308	0.0	427291	519.363557825	4.586
1123.90158581	6986	0.542616792799	0.0	418081	503.411255509	6.986
1124.4094212	7200	0.534781403946	0.0	427485	507.835388853	6.13
1124.90852931	7200	0.535673288339	0.0	419991	499.108115606	7.2
1125.42247631	7146	0.521726293467	0.0	413019	513.946994872	6.876
1125.95171976	7146	0.5	0.00751715969027	422679	529.243453157	6.77014201549
1126.48686718	7200	0.5	0.0351474229214	427485	535.147422921	5.17262885393
1126.99891222	6880	0.5	0.012045039363	408679	512.045039363	4.67774803185
1127.51119671	7000	0.5	0.0122844834914	418197	512.284483491	5.78577582543
1128.02371934	6880	0.5	0.0125226298898	418435	512.52262989	5.65386850551
1128.43420617	5400	0.589513163038	0.0	326865	410.486836962	-2.0
1128.88401234	5720	0.639706995458	0.0	345913	449.80616758	4.12
1129.35500953	6000	0.668709807607	0.0	362580	470.997187851	4.6
1129.82600672	6000	0.697712619756	0.0	362580	470.997187851	6.0
1130.2970039	6000	0.726715431906	0.0	362580	470.997187851	6.0
1130.76800109	6000	0.755718244055	0.0	362580	470.997187851	6.0
1131.23899828	6000	0.784721056204	0.0	362580	470.997187851	6.0
1131.70797488	5920	0.815744451871	0.0	359656	468.976604333	5.52
1132.18836387	6000	0.835355469805	0.0	367200	480.388982066	5.6
1132.66875285	6000	0.854966487739	0.0	367200	480.388982066	6.0
1133.14914183	6000	0.874577505673	0.0	367200	480.388982066	6.0
1133.71221753	6960	0.811501802124	0.0	432864	563.075703549	2.16
1134.29154623	7200	0.732173101615	0.0	449280	579.328700509	6.0
1134.88037642	7360	0.643342917407	0.0	456778	588.830184208	6.56
1135.40095128	6600	0.622768056818	0.0	402915	520.574860589	2.8
1135.88165995	6120	0.64205938417	0.0	371455	480.708672648	3.72
1136.34275889	6000	0.680960445588	0.0	362580	461.098938582	5.4
1136.80328646	6000	0.720432872168	0.0	362580	460.52757342	6.0
1137.26381404	6000	0.759905298748	0.0	362580	460.52757342	6.0
1137.70659039	5760	0.817128944132	0.0	348294	442.776354616	4.56
1138.23941446	6933	0.784304876886	0.0	421780	532.824067246	1.068
1138.72567198	6826	0.798047356936	0.0	409638	486.25751995	6.291
1139.23412644	7200	0.789592900738	0.0	428730	508.454456198	5.33
1139.74258089	7200	0.78113844454	0.0	428730	508.454456198	7.2
1140.24353957	7200	0.780179768931	0.0	428730	500.958675609	7.2
1140.7443688	7200	0.779350531604	0.0	428730	500.829237327	7.2
1141.24996043	7200	0.773758906785	0.0	428730	505.591624819	7.2
1141.76205035	7200	0.761668987654	0.0	429824	512.08991913	7.2
1142.27327585	7200	0.750443484053	0.0	429084	511.225503602	7.2
1142.84615075	7946	0.677568583858	0.0	476950	572.874900195	4.216
1143.39479847	7626	0.628920866364	0.0	456045	548.647717493	6.026
1143.88689601	7200	0.636823330084	0.0	427635	492.097536281	5.07
1144.41798546	7800	0.605733878999	0.0	462222	531.089451085	4.8
1144.93537234	7800	0.588346991972	0.0	456146	517.386887027	7.8
1145.43616176	7666	0.587557581462	0.0	447075	500.789410511	6.996
1145.91624247	7133	0.607476864937	0.0	421103	480.080716525	4.468
1146.48382615	8000	0.539893181896	0.0	476265	567.583683041	3.665
1147.02632317	7733	0.5	0.00260383057294	454837	542.497012469	6.26780847135
1147.46854858	6400	0.557774585797	0.0	367440	442.225414203	-0.265
1147.91113664	6400	0.615186529379	0.0	367440	442.588056418	6.4
1148.36025166	6400	0.666071507511	0.0	372984	449.115021868	6.4
1148.76369287	6400	0.762630298763	0.0	371752	403.441208748	6.4
1149.16414192	6346	0.862181249194	0.0	369976	400.449049569	6.076
1149.65116618	7533	0.875156988458	0.0	455338	487.024260736	1.598
1150.11300631	7093	0.913316855141	0.0	432025	461.840133317	4.893
1150.58246653	7200	0.943856640856	0.0	438283	469.460214285	6.665
1151.10305135	8000	0.92327181914	0.0	487050	520.584821716	4.0
1151.62365493	8000	0.902668232876	0.0	487050	520.603586264	8.0
1152.13706205	8000	0.889261120369	0.0	487050	513.407112507	8.0
1152.71115807	9066	0.81516509546	0.0	555398	574.09602491	3.736
1153.27317423	9000	0.753148936644	0.0	551655	562.016158816	8.67
1153.83829914	9000	0.688024022548	0.0	551655	565.124914095	9.0
1154.40413826	9000	0.62218490537	0.0	551655	565.839117178	9.0
1154.97128287	9000	0.555040301088	0.0	551655	567.144604282	9.0
1155.51164425	8533	0.514678917785	0.0	521611	540.361383302	6.198
1156.0220206	8000	0.504302563919	0.0	487275	510.376353867	5.335
1156.52760362	8000	0.5	0.00128045780098	487275	505.58302172	7.93597710995
1157.01972051	8000	0.50788311637	0.0	487275	492.11688363	8.0
1157.45907538	7133	0.568528245846	0.0	432597	439.354870523	2.798
1157.94893062	7933	0.578673008555	0.0	483757	489.855237291	3.933
1158.44247484	8000	0.585128789215	0.0	488565	493.54421934	7.665
1158.91293635	8000	0.614667272865	0.0	488565	470.46151635	8.0
1159.42352513	8000	0.604078498153	0.0	488565	510.588774712	8.0
1159.87824476	6933	0.649358866127	0.0	419059	454.719632026	1.598
1160.32572676	6866	0.701876859903	0.0	410775	447.482006224	6.531
1160.77694372	6866	0.750659905199	0.0	413769	451.216954704	6.866

