2263.8072404	3066	0.5	0.194542253563	181435	194.542253563	-6.66111267815
2264.00482793	3120	0.80241247123	0.0	184429	197.58752877	2.85
2264.20668332	3146	1.10055708182	0.0	188625	201.855389414	3.016
2264.41241396	3200	1.39482644239	0.0	192435	205.730639427	2.93
2264.7116743	4800	1.59556610309	0.0	291300	299.260339304	-3.2
2265.10325568	6400	1.70398472387	0.0	389889	391.581379218	-1.6
2265.51287513	6666	1.79436527058	0.0	408326	409.619453285	5.336
2265.89693627	6453	1.91030412881	0.0	395340	384.061141772	5.388
2266.39960077	8466	1.9076396302	0.0	520019	502.664498612	-1.599
2266.93307371	9000	1.87416668911	0.0	551265	533.472941089	6.33
2267.47749452	9266	1.82974588147	0.0	558332	544.420807644	7.936
2268.00577322	9000	1.80146718154	0.0	536970	528.278699923	7.67
2268.53573482	9000	1.77150557894	0.0	536970	529.961602599	9.0
2269.05647624	9000	1.75076415979	0.0	536970	520.741419157	9.0
2269.59377581	9000	1.7134645899	0.0	536970	537.299569889	9.0
2270.15586751	9000	1.65137289172	0.0	536970	562.091698174	9.0
2270.73653811	9400	1.57070228896	0.0	553424	580.670602759	7.4
2271.28843583	9000	1.51880457222	0.0	522960	551.897716741	7.0
2271.83611564	9000	1.47112475825	0.0	522960	547.67981397	9.0
2272.38078827	9000	1.4264521372	0.0	532300	544.672621049	9.0
2272.96070021	8400	1.34654018806	0.0	503004	579.911949148	5.4
2273.54577573	8000	1.26146467652	0.0	481782	585.075511537	6.0
2274.13085124	8000	1.17638916498	0.0	481782	585.075511537	8.0
2274.75026785	8533	1.0569725563	0.0	510552	619.416608687	5.868
2275.27053215	7200	1.03670825616	0.0	427485	520.264300139	0.535
2275.79079645	7200	1.01644395602	0.0	427485	520.264300139	7.2
2276.31106075	7200	0.996179655879	0.0	427485	520.264300139	7.2
2276.83132505	7200	0.97591535574	0.0	427485	520.264300139	7.2
2277.35319577	7200	0.954044633759	0.0	427485	521.870721981	7.2
2277.91548069	7626	0.891759708189	0.0	456993	562.28492557	5.496
2278.48991366	7733	0.817326745184	0.0	467045	574.432963005	7.198
2279.03006092	7200	0.777179478761	0.0	438675	540.147266423	4.535
2279.57020819	7200	0.737032212338	0.0	438675	540.147266423	7.2
2280.11035546	7200	0.696884945916	0.0	438675	540.147266423	7.2
2280.65050272	7200	0.656737679493	0.0	438675	540.147266423	7.2
2281.19064999	7200	0.61659041307	0.0	438675	540.147266423	7.2
2281.73079726	7200	0.576443146647	0.0	438675	540.147266423	7.2
2282.24857724	6773	0.558663158066	0.0	420167	517.779988582	4.638
2282.73798845	6400	0.569251954877	0.0	396693	489.411203189	4.535
2283.16286528	5653	0.644375122071	0.0	345821	424.876832805	1.918
2283.59457769	5760	0.712662710122	0.0	352623	431.712411949	5.225
2284.05146443	6080	0.755775972416	0.0	373673	456.886737707	4.48
2284.53371684	6400	0.773523560157	0.0	394883	482.252412258	4.8
2285.02789985	6506	0.779340550571	0.0	404859	494.183009586	5.976
2285.54890996	6986	0.758330440016	0.0	427291	521.010110555	4.586
2286.05890556	6986	0.748334844436	0.0	418081	509.99559558	6.986
2286.58014768	7200	0.727092723468	0.0	427485	521.242120968	6.13
2287.0924275	7200	0.714812901656	0.0	419991	512.279821812	7.2
2287.5963693	7146	0.710871103558	0.0	413019	503.941798098	6.876
2288.10518435	7146	0.702056057719	0.0	422679	508.815045838	7.146
2288.61572729	7200	0.691513113796	0.0	427485	510.542943924	6.93
2289.10425025	6880	0.702990148593	0.0	408679	488.522965203	5.28
2289.60391786	7000	0.703322540326	0.0	418197	499.667608267	6.4
2290.10386415	6880	0.703376257437	0.0	418435	499.946282889	6.28
2290.62421498	7200	0.683025422547	0.0	438855	520.350834891	5.6
2291.15810207	7626	0.649138328369	0.0	464559	533.887094177	5.496
2291.71735246	8000	0.5898879442	0.0	487050	559.250384169	6.13
2292.27660284	8000	0.530637560032	0.0	487050	559.250384169	8.0
2292.83098379	8000	0.5	0.0237433861959	487050	554.380946228	6.81283069021
2293.37768678	8000	0.5	0.0467029860673	487050	546.702986067	5.66485069663
2293.92438976	8000	0.5	0.0467029860673	487050	546.702986067	5.66485069663
2294.46540743	7893	0.5	0.0410176708423	483158	541.017670842	5.30711645789
2295.01657256	8000	0.5	0.0511651283688	493365	551.165128369	4.90674358156
2295.56773769	8000	0.5	0.0511651283688	493365	551.165128369	5.44174358156
2296.13255985	8000	0.5	0.0648221567552	493365	564.822156755	4.75889216224
2296.63556639	6960	0.5	0.00300654630283	432864	503.006546303	1.60967268486
2297.15726979	7200	0.5	0.0217034013522	449280	521.703401352	4.91482993239
2297.691801	7360	0.5	0.0345312050302	456778	534.53120503	4.83343974849
2298.1681281	6600	0.523672896077	0.0	402915	476.327103923	2.8
2298.60804393	6120	0.583757071679	0.0	371455	439.915824399	3.72
2299.03768797	6000	0.654113024323	0.0	362580	429.644047356	5.4
2299.46733202	6000	0.724468976968	0.0	362580	429.644047356	6.0
2299.89697607	6000	0.794824929612	0.0	362580	429.644047356	6.0
2300.31008574	5760	0.881715260492	0.0	348294	413.10966912	4.56
2300.81138706	6933	0.880413942849	0.0	421780	501.301317642	1.068
2301.29907794	6826	0.89272305546	0.0	409638	487.690887389	6.291
2301.80903257	7200	0.882768426861	0.0	428730	509.954628599	5.33
2302.3189872	7200	0.872813798262	0.0	428730	509.954628599	7.2
2302.82121552	7200	0.870585479994	0.0	428730	502.228318268	7.2
2303.32338606	7200	0.868414940732	0.0	428730	502.170539262	7.2
2303.8255566	7200	0.86624440147	0.0	428730	502.170539262	7.2
2304.32898302	7200	0.862817979554	0.0	429824	503.426421916	7.2
2304.78211197	7200	0.909689030275	0.0	429084	453.128949279	7.2
2305.28189358	7946	0.909907416727	0.0	476950	499.781613549	4.216
2305.76018948	7626	0.931611523006	0.0	456045	478.295893721	6.026
2306.20930321	7200	0.982497791564	0.0	427635	449.113731441	5.07
2306.69202599	7800	0.999775011683	0.0	462222	482.722779881	4.8
2307.15298789	7800	1.03881310654	0.0	456146	460.961905143	7.8
2307.60676439	7666	1.08503661035	0.0	447075	453.776496193	6.996
2308.04334787	7133	1.14845313313	0.0	421103	436.583477214	4.468
2308.53573663	8000	1.15606436647	0.0	476265	492.388766662	3.665
2308.99544891	7733	1.19635208739	0.0	454837	459.712279082	6.398
2309.46037593	8000	1.23142507148	0.0	462300	464.927015907	6.665
2309.92455628	8000	1.26724472178	0.0	462300	464.1803497	8.0
2310.3968185	8000	1.2949825001	0.0	468906	472.262221685	8.0
2310.86863411	8000	1.32316688501	0.0	467438	471.815615084	8.0
2311.34208489	7933	1.34971610751	0.0	465132	473.450777509	7.598
2311.8091179	7533	1.38268310127	0.0	455338	467.03300623	5.533
2312.36670644	8866	1.32509456028	0.0	543071	557.588540991	2.201
2312.93666938	9000	1.25513161332	0.0	551023	569.962946965	8.33
2313.58302395	10000	1.10877704696	0.0	612540	646.354566362	5.0
2314.22509993	10000	0.96670106386	0.0	612540	642.075983098	10.0
2314.86084715	10000	0.830953844036	0.0	612540	635.747219824	10.0
2315.44383306	9066	0.74796793622	0.0	555398	582.985907816	4.396
2316.02432633	9000	0.667474664124	0.0	551655	580.493272096	8.67
2316.6025589	9000	0.58924209663	0.0	551655	578.232567494	9.0
2317.1791689	9000	0.512632094629	0.0	551655	576.610002001	9.0
2317.75238829	9000	0.5	0.0605872899599	551655	573.219384589	5.970635502
2318.29413469	8533	0.5	0.0417464000458	521611	541.746400046	4.11067999771
2318.80231477	8000	0.5	0.00818008486898	487275	508.180084869	4.92599575655
2319.31049486	8000	0.5	0.00818008486898	487275	508.180084869	7.59099575655
2319.84779233	8000	0.5	0.0372974766987	487275	537.297476699	6.13512616507
2320.32712668	7133	0.520665659091	0.0	432597	479.334340909	2.798
2320.75465378	6346	0.593138550889	0.0	384845	427.527108202	2.411
2321.18602249	6400	0.661769844861	0.0	388680	431.368706028	6.13
2321.61735955	6400	0.730432780992	0.0	388680	431.337063869	6.4
2322.04869662	6400	0.799095717123	0.0	388680	431.337063869	6.4
2322.5177535	6933	0.830038834926	0.0	419059	469.056882197	4.268
2322.98368879	6866	0.864103542077	0.0	410775	465.935292849	6.531
2323.45294724	6866	0.894845091132	0.0	413769	469.258450945	6.866

