1219.85126088	3066	0.5	0.227491774228	181435	227.491774228	-8.30858871138
1220.08234165	3120	0.768919224907	0.0	184429	231.080775093	2.85
1220.3184523	3146	1.03280857419	0.0	188625	236.110650722	3.016
1220.55913012	3200	1.29213075803	0.0	192435	240.677816152	2.93
1220.79980794	3200	1.55145294188	0.0	192435	240.677816152	3.2
1221.16158463	4800	1.68967624864	0.0	290256	361.776693244	-3.2
1221.56180468	5000	1.7894561932	0.0	303919	400.220055434	4.0
1222.07940571	6453	1.77185516558	0.0	395340	517.601027627	-0.812
1222.60178646	6773	1.74947441799	0.0	413791	522.380747589	5.173
1223.13512484	7200	1.71613603894	0.0	438675	533.338379044	5.065
1223.67343919	7413	1.67782168371	0.0	444483	538.314355232	6.348
1224.3087159	9000	1.54254498175	0.0	536970	635.276701962	1.065
1224.92574179	9000	1.4255190897	0.0	536970	617.025892048	9.0
1225.53250491	9000	1.31875596903	0.0	536970	606.763120671	9.0
1226.09970995	9000	1.25155092744	0.0	536970	567.205041586	9.0
1226.6555024	9000	1.19575848212	0.0	536970	555.79244532	9.0
1227.2264363	9400	1.12482457799	0.0	553424	570.93390413	7.4
1227.7550795	9000	1.0961813729	0.0	522960	528.643205093	7.0
1228.27473936	9000	1.07652151736	0.0	522960	519.659855542	9.0
1228.77665525	9000	1.07460562496	0.0	532300	501.9158924	9.0
1229.20937157	8400	1.14188931008	0.0	503004	432.716314877	5.4
1229.63275081	8000	1.21851006961	0.0	481782	423.379240473	6.0
1230.08022877	8000	1.27103210979	0.0	481782	447.477959822	8.0
1230.57596438	8533	1.27529650025	0.0	510552	495.735609536	5.868
1231.09157661	9000	1.25968426736	0.0	536970	515.61223289	6.665
1231.60227192	9000	1.24898895637	0.0	536970	510.695310986	9.0
1232.12586368	9000	1.22539719387	0.0	536970	523.591762501	9.0
1232.66586881	9000	1.18539207068	0.0	536970	540.005123194	9.0
1233.18867513	9000	1.16258575129	0.0	536970	522.806319392	9.0
1233.72623094	9533	1.12502994128	0.0	573990	537.555810009	6.868
1234.31413416	9666	1.03712671986	0.0	586715	587.903221415	9.001
1234.90295607	9000	0.948304802706	0.0	551265	588.821917157	5.67
1235.5246041	9000	0.826656777873	0.0	551265	621.648024833	9.0
1236.17724473	9000	0.6740161463	0.0	551265	652.640631573	9.0
1236.70701538	7200	0.644245493306	0.0	438675	529.770652994	-1.8
1237.23983893	7200	0.611421951962	0.0	438675	532.823541344	7.2
1237.7651165	7200	0.586144381474	0.0	438675	525.277570488	7.2
1238.26505105	6773	0.586209828989	0.0	420167	499.934552485	4.638
1238.74672578	6400	0.604535094525	0.0	396693	481.674734464	4.535
1239.17246128	5653	0.678799596128	0.0	345821	425.735498397	1.918
1239.61582931	5760	0.735431567995	0.0	352623	443.368028133	5.225
1240.08506745	6080	0.766193426477	0.0	373673	469.238141518	4.48
1240.57936732	6400	0.771893560324	0.0	394883	494.299866153	4.8
1241.07327075	6506	0.77799012567	0.0	404859	493.903434654	5.976
1241.5939858	6986	0.757275080441	0.0	427291	520.71504523	4.586
1242.11537369	6986	0.735887185406	0.0	418081	521.387895034	6.986
1242.65337684	7200	0.69788404051	0.0	427485	538.003144896	6.13
1243.18021864	7200	0.671042242321	0.0	419991	526.841798189	7.2
1243.69659231	7146	0.65466856906	0.0	413019	516.373673262	6.876
1244.24533461	7146	0.605926271516	0.0	422679	548.742297543	7.146
1244.82600487	7200	0.525256006856	0.0	427485	580.670264661	6.93
1245.3815701	6880	0.5	0.0303092248867	408679	555.565231742	3.76453875566
1245.83575938	5600	0.545810722732	0.0	332739	454.189277268	-0.8
1246.26322344	5160	0.618346663939	0.0	311634	427.464058793	2.96
1246.72047031	5400	0.661099789218	0.0	326865	457.246874722	4.2
1247.20378042	5720	0.677789682061	0.0	345913	483.310107156	4.12
1247.70989586	6000	0.671674246525	0.0	362580	506.115435536	4.6
1248.21601129	6000	0.665558810988	0.0	362580	506.115435536	6.0
1248.72212673	6000	0.659443375452	0.0	362580	506.115435536	6.0
1249.21840921	6000	0.66316088876	0.0	362580	496.282486692	6.0
1249.71036309	6000	0.671207012183	0.0	362580	491.953876577	6.0
1250.19843029	5920	0.683139817539	0.0	359656	488.067194645	5.52
1250.69652523	6000	0.685044877169	0.0	367200	498.094940369	5.6
1251.19462017	6000	0.6869499368	0.0	367200	498.094940369	6.0
1251.69542083	6000	0.686149272206	0.0	367200	500.800664593	6.0
1252.08900255	4640	0.792567556986	0.0	286353	393.58171522	-2.16
1252.49718794	4800	0.884382160787	0.0	297255	408.185396199	4.0
1252.91193441	4906	0.969635690524	0.0	302153	414.746470262	4.376
1253.46165576	6600	0.919914343837	0.0	402915	549.721346688	-1.87
1253.94748438	6120	0.934085723872	0.0	371455	485.828619965	3.72
1254.42047948	6000	0.96109062721	0.0	362580	472.995096661	5.4
1254.89347457	6000	0.988095530549	0.0	362580	472.995096661	6.0
1255.34970115	6000	1.03186895193	0.0	362580	456.226578621	6.0
1255.78330884	5760	1.09826126699	0.0	348294	433.607684941	4.56
1256.31692792	6933	1.06464218211	0.0	421780	533.61908488	1.068
1256.87682579	6826	1.00474431566	0.0	409638	559.897866447	6.291
1257.46235275	7200	0.919217357025	0.0	428730	585.526958636	5.33
1258.0478797	7200	0.833690398389	0.0	428730	585.526958636	7.2
1258.60633759	7200	0.77523251325	0.0	428730	558.457885139	7.2
1259.10971321	7200	0.771856892384	0.0	428730	503.375620866	7.2
1259.59497654	7200	0.7865935663	0.0	428730	485.263326084	7.2
1260.05499008	7200	0.826580018198	0.0	429824	460.013548102	7.2
1260.51864979	7200	0.862920313837	0.0	429084	463.659704361	7.2
1261.03524778	7946	0.846322317989	0.0	476950	516.597995848	4.216
1261.5330558	7626	0.848514297862	0.0	456045	497.808020127	6.026
1262.00777423	7200	0.873795870119	0.0	427635	474.718427743	5.07
1262.5148917	7800	0.866678401306	0.0	462222	507.117468814	4.8
1263.00618449	7800	0.875385614157	0.0	456146	491.292787149	7.8
1263.47760137	7666	0.903968732148	0.0	447075	471.416882009	6.996
1263.917402	7133	0.964168103783	0.0	421103	439.800628365	4.468
1264.40876002	8000	0.972810079451	0.0	476265	491.358024332	3.665
1264.87345776	7733	1.00811233866	0.0	454837	464.69774079	6.398
1265.33132157	8000	1.05024853474	0.0	462300	457.863803919	6.665
1265.79717792	8000	1.08439217843	0.0	462300	465.856356312	8.0
1266.28028687	8000	1.10128322868	0.0	468906	483.108949753	8.0
1266.77119921	8000	1.11037089393	0.0	467438	490.912334752	8.0
1267.26235587	7933	1.11921423638	0.0	465132	491.15665755	7.598
1267.74307059	7533	1.13849951318	0.0	455338	480.714723191	5.533
1268.30996148	8866	1.07160862715	0.0	543071	566.89088603	2.201
1268.88261107	9000	0.998959030552	0.0	551023	572.649596602	8.33
1269.51935968	10000	0.862210426069	0.0	612540	636.748604483	5.0
1270.15115992	10000	0.730410183644	0.0	612540	631.800242425	10.0
1270.77330678	10000	0.608263319368	0.0	612540	622.146864276	10.0
1271.35219896	9066	0.529371146164	0.0	555398	578.892173204	4.396
1271.94248001	9000	0.5	0.0609099053309	551655	590.281051495	5.62450473345
1272.41347574	7200	0.529004267967	0.0	438855	470.995732033	-1.8
1272.88375657	7200	0.558723436537	0.0	438855	470.28083143	7.2
1273.3535353	7200	0.588944710511	0.0	438855	469.778726026	7.2
1273.79646786	6826	0.646012149481	0.0	414950	442.932561029	4.956
1274.31484816	8000	0.627631850995	0.0	487275	518.380298486	2.13
1274.84431631	8000	0.598163697104	0.0	487275	529.468153891	8.0
1275.37848845	8000	0.56399156025	0.0	487275	534.172136854	8.0
1275.85384229	7133	0.588637717171	0.0	432597	475.35384308	2.798
1276.37281709	7933	0.569662914103	0.0	483757	518.974803068	3.933
1276.85407549	8000	0.588404512899	0.0	488565	481.258401203	7.665
1277.329037	8000	0.613443012122	0.0	488565	474.961500778	8.0
1277.80153867	8000	0.640941340651	0.0	488565	472.501671471	8.0
1278.20786116	6933	0.73461885152	0.0	419059	406.322489131	1.598
1278.60430708	6866	0.838172926375	0.0	410775	396.445925145	6.531
1278.99957955	6866	0.94290045563	0.0	413769	395.272470745	6.866

