5124.30865556	3066	0.5	0.206403570821	181435	206.403570821	-7.25417854105
5124.51830013	3120	0.790355421154	0.0	184429	209.644578846	2.85
5124.73248689	3146	1.07616866807	0.0	188625	214.186753086	3.016
5124.95079797	3200	1.35785758613	0.0	192435	218.311081935	2.93
5125.27613051	4800	1.5325250418	0.0	291300	325.332544328	-3.2
5125.60033293	4800	1.70832262853	0.0	290256	324.202413273	4.8
5125.93932555	5000	1.86933000395	0.0	303919	338.992624578	4.0
5126.3772815	6453	1.9313740545	0.0	395340	437.95594945	-0.812
5126.83521068	6773	1.97344487891	0.0	413791	457.929175592	5.173
5127.32007681	7200	1.98857874818	0.0	438675	484.866130735	5.065
5127.80741862	7413	2.00123693249	0.0	444483	487.341815687	6.348
5128.22692885	6400	2.0817267015	0.0	383025	419.510230993	1.335
5128.64643909	6400	2.1622164705	0.0	383025	419.510230993	6.4
5129.06594932	6400	2.24270623951	0.0	383025	419.510230993	6.4
5129.48613937	6400	2.32251618754	0.0	383025	420.190051964	6.4
5129.91088183	6400	2.39777373053	0.0	383025	424.742457017	6.4
5130.33562428	6400	2.47303127351	0.0	383025	424.742457017	6.4
5130.76036674	6400	2.54828881649	0.0	383025	424.742457017	6.4
5131.1851092	6400	2.62354635948	0.0	383025	424.742457017	6.4
5131.60985165	6400	2.69880390246	0.0	383025	424.742457017	6.4
5132.03316032	6400	2.77549523511	0.0	383025	423.30866735	6.4
5132.45423981	6400	2.85441574673	0.0	383025	421.079488383	6.4
5132.8753193	6400	2.93333625834	0.0	383025	421.079488383	6.4
5133.29639879	6400	3.01225676996	0.0	383025	421.079488383	6.4
5133.7178567	6400	3.09079885182	0.0	383025	421.45791814	6.4
5134.14335237	6400	3.16530318931	0.0	383025	425.495662505	6.4
5134.56884803	6400	3.23980752681	0.0	383025	425.495662505	6.4
5134.99434369	6400	3.3143118643	0.0	383025	425.495662505	6.4
5135.41983935	6400	3.3888162018	0.0	383025	425.495662505	6.4
5135.84533502	6400	3.46332053929	0.0	383025	425.495662505	6.4
5136.27083068	6400	3.53782487679	0.0	383025	425.495662505	6.4
5136.69048013	6400	3.61817543064	0.0	383025	419.649446144	6.4
5137.10345956	6400	3.70519599961	0.0	383025	412.979431034	6.4
5137.51643899	6400	3.79221656858	0.0	383025	412.979431034	6.4
5137.9343735	6400	3.87428205962	0.0	383025	417.93450896	6.4
5138.36092122	6400	3.94773433969	0.0	383025	426.547719931	6.4
5138.78746894	6400	4.02118661976	0.0	383025	426.547719931	6.4
5139.21401666	6400	4.09463889982	0.0	383025	426.547719931	6.4
5139.64056438	6400	4.16809117989	0.0	383025	426.547719931	6.4
5140.06654283	6400	4.24211272506	0.0	383025	425.978454834	6.4
5140.49245798	6400	4.31619757741	0.0	383025	425.915147652	6.4
5140.91837313	6400	4.39028242976	0.0	383025	425.915147652	6.4
5141.34428827	6400	4.4643672821	0.0	383025	425.915147652	6.4
5141.77020342	6400	4.53845213445	0.0	383025	425.915147652	6.4
5142.19614981	6400	4.6125057497	0.0	383025	425.946384751	6.4
5142.62217905	6400	4.68647650379	0.0	383025	426.029245914	6.4
5143.0482083	6400	4.76044725787	0.0	383025	426.029245914	6.4
5143.47423754	6400	4.83441801196	0.0	383025	426.029245914	6.4
5143.90026679	6400	4.90838876604	0.0	383025	426.029245914	6.4
5144.32629604	6400	4.98235952013	0.0	383025	426.029245914	6.4
5144.74012573	6400	5.0685298298	0.0	383025	413.829690331	6.4
5145.14803338	6400	5.16062217702	0.0	383025	407.90765278	6.4
5145.55594103	6400	5.25271452424	0.0	383025	407.90765278	6.4
5145.96384868	6400	5.34480687146	0.0	383025	407.90765278	6.4
5146.37602968	6400	5.4326258744	0.0	383025	412.180997062	6.4
5146.78943127	6400	5.51922428639	0.0	383025	413.40158801	6.4
5147.20283286	6400	5.60582269838	0.0	383025	413.40158801	6.4
5147.61572092	6400	5.69293463169	0.0	383025	412.888066687	6.4
5148.02730508	6400	5.78135047795	0.0	383025	411.584153744	6.4
5148.43888923	6400	5.8697663242	0.0	383025	411.584153744	6.4
5148.85047339	6400	5.95818217046	0.0	383025	411.584153744	6.4
5149.26271433	6400	6.04594122414	0.0	383025	412.240946324	6.4
5149.68761582	6400	6.12103973341	0.0	383025	424.901490725	6.4
5150.11251731	6400	6.19613824269	0.0	383025	424.901490725	6.4
5150.5374188	6400	6.27123675196	0.0	383025	424.901490725	6.4
5150.96232029	6400	6.34633526124	0.0	383025	424.901490725	6.4
5151.38714506	6400	6.42151050023	0.0	383025	424.824761007	6.4
5151.80564063	6400	6.50301492673	0.0	383025	418.495573498	6.4
5152.2241362	6400	6.58451935323	0.0	383025	418.495573498	6.4
5152.64263178	6400	6.66602377974	0.0	383025	418.495573498	6.4
5153.06112735	6400	6.74752820624	0.0	383025	418.495573498	6.4
5153.48145564	6400	6.8271999113	0.0	383025	420.32829494	6.4
5153.9063298	6400	6.90232575817	0.0	383025	424.874153124	6.4
5154.33120395	6400	6.97745160505	0.0	383025	424.874153124	6.4
5154.7560781	6400	7.05257745193	0.0	383025	424.874153124	6.4
5155.18095226	6400	7.1277032988	0.0	383025	424.874153124	6.4
5155.59913539	6400	7.20952017029	0.0	383025	418.183128509	6.4
5156.01637442	6400	7.29228113649	0.0	383025	417.239033805	6.4
5156.43361345	6400	7.37504210268	0.0	383025	417.239033805	6.4
5156.85085249	6400	7.45780306888	0.0	383025	417.239033805	6.4
5157.2695466	6400	7.53910895858	0.0	383025	418.694110294	6.4
5157.69084875	6400	7.61780680091	0.0	383025	421.30215767	6.4
5158.11215091	6400	7.69650464324	0.0	383025	421.30215767	6.4
5158.53345307	6400	7.77520248557	0.0	383025	421.30215767	6.4
5158.95516292	6400	7.85349263246	0.0	383025	421.709853116	6.4
5159.38987649	6400	7.91877906263	0.0	383025	434.713569825	6.4
5159.82459006	6400	7.98406549281	0.0	383025	434.713569825	6.4
5160.25930363	6400	8.04935192298	0.0	383025	434.713569825	6.4
5160.6940172	6400	8.11463835316	0.0	383025	434.713569825	6.4
5161.12873077	6400	8.17992478333	0.0	383025	434.713569825	6.4
5161.56344434	6400	8.24521121351	0.0	383025	434.713569825	6.4
5161.99028583	6400	8.31836972714	0.0	383025	426.841486367	6.4
5162.40793315	6400	8.40072241063	0.0	383025	417.647316506	6.4
5162.82558046	6400	8.48307509413	0.0	383025	417.647316506	6.4
5163.24557355	6400	8.56308200286	0.0	383025	419.993091271	6.4
5163.67890333	6400	8.62975222399	0.0	383025	433.32977887	6.4
5164.11223311	6400	8.69642244512	0.0	383025	433.32977887	6.4
5164.54556289	6400	8.76309266625	0.0	383025	433.32977887	6.4
5164.97889267	6400	8.82976288738	0.0	383025	433.32977887	6.4
5165.41222245	6400	8.89643310851	0.0	383025	433.32977887	6.4
5165.84555223	6400	8.96310332964	0.0	383025	433.32977887	6.4
5166.27828032	6400	9.03037523978	0.0	383025	432.72808986	6.4
5166.70866985	6400	9.09998570472	0.0	383025	430.389535059	6.4
5167.13905939	6400	9.16959616966	0.0	383025	430.389535059	6.4
5167.56944892	6400	9.2392066346	0.0	383025	430.389535059	6.4
5167.9911587	6400	9.31749685666	0.0	383025	421.709777945	6.4
5168.39977511	6400	9.4088804438	0.0	383025	408.616412856	6.4
5168.80839152	6400	9.50026403094	0.0	383025	408.616412856	6.4
5169.21659531	6400	9.59206024787	0.0	383025	408.203783072	6.4
5169.62364158	6400	9.68501397131	0.0	383025	407.046276557	6.4
5170.03068786	6400	9.77796769476	0.0	383025	407.046276557	6.4
5170.43773414	6400	9.8709214182	0.0	383025	407.046276557	6.4
5170.84481674	6400	9.96383881551	0.0	383025	407.082602693	6.4
5171.75192783	6400	9.55672772402	0.0	383025	407.111091485	6.4
5172.15903892	6400	9.64961663254	0.0	383025	407.111091485	6.4
5172.56151306	6400	9.74714249286	0.0	383025	402.474139676	6.4
5172.96256493	6400	9.84609062129	0.0	383025	401.05187157	6.4
5173.36361681	6400	9.94503874972	0.0	383025	401.05187157	6.4
5174.25945899	6400	9.54919656694	0.0	383025	395.842182787	6.4
5174.64869495	6400	9.65996060931	0.0	383025	389.23595763	6.4

