2901.80437878	3066	0.5	0.185271933089	181435	185.271933089	-6.19759665444
2901.99254301	3120	0.81183576847	0.0	184429	188.16423153	2.85
2902.18476071	3146	1.11961806858	0.0	188625	192.217699886	3.016
2902.38065899	3200	1.42371978852	0.0	192435	195.898280067	2.93
2902.67206398	4800	1.6323147999	0.0	291300	291.404988612	-3.2
2903.06459527	6400	1.73978351406	0.0	389889	392.531285846	-1.6
2903.48068346	6666	1.8236953227	0.0	408326	416.088191359	5.336
2903.99222863	8066	1.81215014836	0.0	497055	511.54517434	1.066
2904.53159417	8466	1.77278461759	0.0	520019	539.365530765	6.466
2905.10276729	9000	1.70161148869	0.0	551265	571.1731289	6.33
2905.69580703	9266	1.60857175779	0.0	558332	593.039730907	7.936
2906.2669571	9000	1.53742167818	0.0	536970	571.150079604	7.67
2906.831309	9000	1.47306978432	0.0	536970	564.351893863	9.0
2907.38328926	9000	1.42108952129	0.0	536970	551.980263032	9.0
2907.93526952	9000	1.36910925826	0.0	536970	551.980263032	9.0
2908.49258717	9000	1.31179161797	0.0	536970	557.31764029	9.0
2909.06825015	9400	1.2361286307	0.0	553424	575.662987265	7.4
2909.60186777	9000	1.2025110093	0.0	522960	533.617621397	7.0
2910.13640331	9000	1.16797547196	0.0	522960	534.535537346	9.0
2910.68250112	9000	1.12187766281	0.0	532300	546.097809148	9.0
2911.19896251	8400	1.10541627341	0.0	503004	516.461389404	5.4
2911.68779786	8000	1.11658092599	0.0	481782	488.83534742	6.0
2912.1766332	8000	1.12774557857	0.0	481782	488.83534742	8.0
2912.69353889	8533	1.11083988941	0.0	510552	516.90568916	5.868
2913.23645889	9000	1.06791989758	0.0	536970	542.919991829	6.665
2913.80483524	9000	0.999543538273	0.0	536970	568.376359304	9.0
2914.38541069	9000	0.918968095334	0.0	536970	580.575442939	9.0
2914.96460325	9000	0.839775533748	0.0	536970	579.192561585	9.0
2915.5404505	9000	0.763928283915	0.0	536970	575.847249833	9.0
2916.03201973	7626	0.772359048682	0.0	456993	491.569235233	0.756
2916.53874591	7733	0.765632868913	0.0	467045	506.726179769	7.198
2917.03109254	7200	0.7732862453	0.0	438675	492.346623613	4.535
2917.52343916	7200	0.780939621687	0.0	438675	492.346623613	7.2
2918.01578578	7200	0.788592998074	0.0	438675	492.346623613	7.2
2918.50813241	7200	0.796246374461	0.0	438675	492.346623613	7.2
2918.97897266	7200	0.825406120842	0.0	438675	470.840253619	7.2
2919.44727155	7200	0.857107229829	0.0	438675	468.298891013	7.2
2919.8962345	6773	0.908144284276	0.0	420167	448.962945553	4.638
2920.31428094	6400	0.990097842692	0.0	396693	418.046441583	4.535
2920.76630247	7066	1.03807631554	0.0	434595	452.021527153	3.736
2921.22938764	7200	1.07499114562	0.0	442995	463.085169916	6.53
2921.72931319	7600	1.0750655945	0.0	469589	499.925551128	5.6
2922.25706374	8000	1.04731504225	0.0	496259	527.750552243	6.0
2922.79295968	8133	1.01141910541	0.0	508563	535.895936846	7.468
2923.35112842	8733	0.953250362458	0.0	536941	558.168742948	5.733
2923.91633751	8733	0.888041274348	0.0	525223	565.20908811	8.733
2924.52708974	9000	0.777289044724	0.0	536970	610.752229624	7.665
2925.12774608	9000	0.6766327015	0.0	527946	600.656343224	9.0
2925.71883013	8933	0.585548654823	0.0	519390	591.084046677	8.598
2926.20171567	7146	0.602663108768	0.0	422679	482.885546055	-1.789
2926.69364593	7200	0.610732848224	0.0	427485	491.930260544	6.93
2927.16551569	6880	0.638863093358	0.0	408679	471.869754866	5.28
2927.64814224	7000	0.65623654324	0.0	418197	482.626550118	6.4
2928.13103777	6880	0.673341016734	0.0	418435	482.895526507	6.28
2928.63477489	7200	0.669603889004	0.0	438855	503.737127729	5.6
2929.15250835	7626	0.651870435442	0.0	464559	517.733453562	5.496
2929.69482303	8000	0.609555748702	0.0	487050	542.31468674	6.13
2930.23713772	8000	0.567241061962	0.0	487050	542.31468674	8.0
2930.77945241	8000	0.524926375221	0.0	487050	542.31468674	8.0
2931.35616179	8000	0.5	0.0517830043551	487050	576.709379576	5.41084978224
2931.93640957	8000	0.5	0.0802477794437	487050	580.247779444	3.98761102781
2932.36750193	5920	0.568907637073	0.0	359656	431.092362927	-4.48
2932.80742696	6000	0.628982609639	0.0	367200	439.925027434	5.6
2933.24735198	6000	0.689057582205	0.0	367200	439.925027434	6.0
2933.68727701	6000	0.749132554771	0.0	367200	439.925027434	6.0
2934.20408275	6960	0.732326816549	0.0	432864	516.805738222	2.16
2934.74010867	7200	0.696300900629	0.0	449280	536.025915919	6.0
2935.28067585	7360	0.655733712155	0.0	456778	540.567188475	6.56
2935.75812519	6600	0.678284375592	0.0	402915	477.449336563	2.8
2936.19907562	6120	0.737333943582	0.0	371455	440.950432009	3.72
2936.62972956	6000	0.80668000801	0.0	362580	430.653935572	5.4
2937.06038349	6000	0.876026072438	0.0	362580	430.653935572	6.0
2937.49103743	6000	0.945372136866	0.0	362580	430.653935572	6.0
2937.9051172	5760	1.03129237009	0.0	348294	414.079766772	4.56
2938.40445311	6933	1.03195645265	0.0	421780	499.335917441	1.068
2938.88855586	6826	1.04785370828	0.0	409638	484.102744369	6.291
2939.38654464	7200	1.04986492906	0.0	428730	497.988779223	5.33
2939.88453342	7200	1.05187614984	0.0	428730	497.988779223	7.2
2940.3825222	7200	1.05388737062	0.0	428730	497.988779223	7.2
2940.88051098	7200	1.05589859139	0.0	428730	497.988779223	7.2
2941.37849975	7200	1.05790981217	0.0	428730	497.988779223	7.2
2941.87773375	7200	1.05867582099	0.0	429824	499.233991185	7.2
2942.37771999	7200	1.05868957229	0.0	429084	499.986248694	7.2
2942.93648163	7946	0.999927937625	0.0	476950	558.761634667	4.216
2943.47119072	7626	0.965218849289	0.0	456045	534.709088336	6.026
2943.97321227	7200	0.963197292227	0.0	427635	502.021557062	5.07
2944.5150284	7800	0.921381168316	0.0	462222	541.816123911	4.8
2945.04985369	7800	0.886555872988	0.0	456146	534.825295328	7.8
2945.57424222	7666	0.862167346268	0.0	447075	524.388526719	6.996
2946.06874829	7133	0.867661275101	0.0	421103	494.506071167	4.468
2946.62672179	8000	0.809687776967	0.0	476265	557.973498133	3.665
2947.16132205	7733	0.775087514304	0.0	454837	534.600262664	6.398
2947.70492745	8000	0.731482112308	0.0	462300	543.605401995	6.665
2948.24853286	8000	0.687876710313	0.0	462300	543.605401995	8.0
2948.79976317	8000	0.636646395305	0.0	468906	551.230315008	8.0
2949.34929906	8000	0.587110505412	0.0	467438	549.535889894	8.0
2949.89617327	7933	0.540236294205	0.0	465132	546.874211207	7.598
2950.43174285	7533	0.504666714854	0.0	455338	535.569579351	5.533
2950.94040362	7093	0.5	0.00399405476928	432025	508.660769624	4.69329726154
2951.44976688	7200	0.5	0.0093632589628	438283	509.363258963	6.19683705186
2951.87188311	6000	0.577883774508	0.0	362580	422.116225492	0.0
2952.29399933	6000	0.655767549015	0.0	362580	422.116225492	6.0
2952.71611556	6000	0.733651323523	0.0	362580	422.116225492	6.0
2953.22825448	7253	0.721512401546	0.0	441782	512.138921977	0.988
2953.73706651	7200	0.712700370716	0.0	438855	508.81203083	6.935
2954.24587854	7200	0.703888339886	0.0	438855	508.81203083	7.2
2954.70580665	7200	0.743960226069	0.0	438855	459.928113817	7.2
2955.16919321	7200	0.780573667891	0.0	438855	463.386558178	7.2
2955.62723447	6826	0.822532410355	0.0	414950	458.041257536	4.956
2956.16336847	8000	0.786398409233	0.0	487275	536.134001122	2.13
2956.69950247	8000	0.750264408111	0.0	487275	536.134001122	8.0
2957.24099985	8000	0.708767031921	0.0	487275	541.49737619	8.0
2957.73644459	7133	0.713322287902	0.0	432597	495.444744019	2.798
2958.28929924	7933	0.660467637887	0.0	483757	552.854650015	3.933
2958.84754926	8000	0.602217623759	0.0	488565	558.250014128	7.665
2959.40579927	8000	0.543967609631	0.0	488565	558.250014128	8.0
2959.96404929	8000	0.5	0.0142824044974	488565	558.250014128	7.28587977513
2960.42705629	6933	0.536992992421	0.0	419059	463.007007579	1.598
2960.87563223	6866	0.588417053948	0.0	410775	448.575938474	6.531
2961.3274048	6866	0.636644483839	0.0	413769	451.772570108	6.866

