1334.98863396	3066	0.5	0.194684367352	181435	194.684367352	-6.66821836761
1335.18636594	3120	0.802268012311	0.0	184429	197.731987689	2.85
1335.38836908	3146	1.10026487735	0.0	188625	202.003134962	3.016
1335.59351762	3200	1.39511633968	0.0	192435	205.148537668	2.93
1335.89286327	4800	1.59577069037	0.0	291300	299.345649312	-3.2
1336.30824139	6400	1.68039256276	0.0	389889	415.378127613	-1.6
1336.7518376	6666	1.73679635361	0.0	408326	443.596209151	5.336
1337.19436351	6453	1.79427044452	0.0	395340	442.525909085	5.388
1337.65556981	6773	1.83306414935	0.0	413791	461.206295173	5.173
1338.14418141	7200	1.84445254388	0.0	438675	488.611605467	5.065
1338.65491946	7413	1.83371449281	0.0	444483	510.738051074	6.348
1339.26981162	9000	1.71882233331	0.0	536970	614.892159493	1.065
1339.79951607	9000	1.68911788351	0.0	536970	529.704449799	9.0
1340.33234946	9000	1.65628449653	0.0	536970	532.833386982	9.0
1340.90176908	9000	1.58686487176	0.0	536970	569.419624777	9.0
1341.47153801	9000	1.51709594669	0.0	536970	569.76892507	9.0
1342.05105985	9400	1.43757410994	0.0	553424	579.52183675	7.4
1342.70096195	9000	1.28767200872	0.0	522960	649.902101215	7.0
1343.36504286	9000	1.12359109714	0.0	522960	664.080911579	9.0
1344.03205333	9000	0.956580627491	0.0	532300	667.01046965	9.0
1344.71285807	8400	0.775775888096	0.0	503004	680.804739395	5.4
1345.24172067	6400	0.746913288244	0.0	383463	528.862599853	-3.6
1345.68010277	6400	0.808531188547	0.0	383463	438.382099696	6.4
1346.11460222	6826	0.874031737905	0.0	406429	434.499450642	4.696
1346.58026596	7200	0.9083679952	0.0	427485	465.663742705	5.33
1347.06762627	7200	0.921007689242	0.0	427485	487.360305958	7.2
1347.55900034	7200	0.929633615705	0.0	427485	491.374073538	7.2
1348.05570262	7200	0.932931340121	0.0	427485	496.702275584	7.2
1348.55521668	7200	0.93341727716	0.0	427485	499.51406296	7.2
1349.10687222	7626	0.881761738369	0.0	456993	551.655538791	5.496
1349.65346253	7733	0.835171430239	0.0	467045	546.59030813	7.198
1350.15753802	7200	0.831095934082	0.0	438675	504.075496157	4.535
1350.66069091	7200	0.827943043043	0.0	438675	503.152891039	7.2
1351.16882453	7200	0.819809430396	0.0	438675	508.133612647	7.2
1351.66199016	7200	0.826643800156	0.0	438675	493.16563024	7.2
1352.19940823	7200	0.789225726084	0.0	438675	537.418074072	7.2
1352.81635234	7200	0.672281620632	0.0	438675	616.944105453	7.2
1353.40768905	6773	0.580944904485	0.0	420167	591.336716147	4.638
1353.84768606	6400	0.640947899754	0.0	396693	439.997004731	4.535
1354.20269191	5653	0.785942042045	0.0	345821	355.005857709	1.918
1354.57043715	5760	0.918196804818	0.0	352623	367.745237227	5.225
1354.98389057	6080	1.00474338271	0.0	373673	413.453422109	4.48
1355.48378118	6400	1.00485277758	0.0	394883	499.890605132	4.8
1356.05363765	6506	0.934996311048	0.0	404859	569.856466529	5.976
1356.64731215	6986	0.841321802919	0.0	427291	593.67450813	4.586
1357.09922501	6986	0.889408950363	0.0	418081	451.912852555	6.986
1357.55840429	7200	0.930229668652	0.0	427485	459.179281711	6.13
1358.00158461	7200	0.987049346896	0.0	419991	443.180321756	7.2
1358.44349459	7146	1.0451393713	0.0	413019	441.9099756	6.876
1358.92366602	7146	1.06496794108	0.0	422679	480.171430216	7.146
1359.41944267	7200	1.06919128993	0.0	427485	495.776651148	6.93
1359.89507641	6880	1.09355754388	0.0	408679	475.633746055	5.28
1360.35882248	7000	1.12981147205	0.0	418197	463.74607183	6.4
1360.84290367	6880	1.14573028747	0.0	418435	484.081184577	6.28
1361.3540791	7200	1.13455485504	0.0	438855	511.175432431	5.6
1361.89258944	7626	1.09604451817	0.0	464559	538.51033687	5.496
1362.43309468	8000	1.05553927729	0.0	487050	540.505240878	6.13
1363.04456	8000	0.944073952631	0.0	487050	611.46532466	8.0
1363.66623842	8000	0.822395540514	0.0	487050	621.678412117	8.0
1364.24803672	8000	0.740597238663	0.0	487050	581.79830185	8.0
1364.8227469	8000	0.665887056461	0.0	487050	574.710182203	8.0
1365.38546471	7893	0.603169251064	0.0	483158	562.717805397	7.358
1365.81021783	6000	0.678416129056	0.0	367200	424.753122008	-3.465
1366.20649579	6000	0.782138167866	0.0	367200	396.27796119	6.0
1366.59433109	6000	0.894302863513	0.0	367200	387.835304353	6.0
1367.04703349	6960	0.941600463331	0.0	432864	452.702400182	2.16
1367.51414988	7200	0.974484074988	0.0	449280	467.116388343	6.0
1367.98189134	7360	1.00674261328	0.0	456778	467.741461712	6.56
1368.52847317	8800	0.960160782411	0.0	541560	546.581830865	1.6
1369.0073241	8160	0.981309855765	0.0	499088	478.850926646	4.96
1369.45328421	8000	1.03534974995	0.0	487050	445.960105814	7.2
1369.90355994	8000	1.08507401197	0.0	487050	450.275737983	8.0
1370.39911501	8000	1.08951894292	0.0	487050	495.555069047	8.0
1370.87550824	7680	1.11312571778	0.0	467772	476.393225141	6.08
1371.38559171	8666	1.10304225097	0.0	530195	510.083466809	3.736
1371.87717593	8533	1.11145802481	0.0	515343	491.584226165	7.868
1372.3811137	9000	1.10752025361	0.0	539520	503.937771199	6.665
1372.88187456	9000	1.10675939862	0.0	539520	500.760854992	9.0
1373.43218877	9000	1.05644518562	0.0	539520	550.314212997	9.0
1373.97755814	9000	1.01107581906	0.0	539520	545.369366556	9.0
1374.49681928	9000	0.991814674323	0.0	539520	519.261144739	9.0
1375.01751859	9000	0.971115367523	0.0	540862	520.6993068	9.0
1375.61878536	9000	0.869848598526	0.0	539793	601.266768997	9.0
1376.16278533	7946	0.825848629676	0.0	476950	543.999968851	2.676
1376.68337976	7626	0.805254194631	0.0	456045	520.594435045	6.026
1377.15007133	7200	0.838562627067	0.0	427635	466.691567564	5.07
1377.61340893	7800	0.875225027521	0.0	462222	463.337599546	4.8
1378.07140193	7800	0.917232024423	0.0	456146	457.993003098	7.8
1378.52748002	7666	0.961153935402	0.0	447075	456.078089021	6.996
1378.95989033	7133	1.02874362828	0.0	421103	432.410307124	4.468
1379.47027312	8000	1.01836084094	0.0	476265	510.382787341	3.665
1379.96294289	7733	1.02569106679	0.0	454837	492.669774144	6.398
1380.43987748	8000	1.04875647528	0.0	462300	476.934591514	6.665
1380.91826987	8000	1.07036409129	0.0	462300	478.392383993	8.0
1381.43035486	8000	1.0582790939	0.0	468906	512.084997385	8.0
1381.97531667	8000	1.01331728501	0.0	467438	544.961808892	8.0
1382.5312201	7933	0.9574138585	0.0	465132	555.903426508	7.598
1383.08740573	7533	0.90122823102	0.0	455338	556.18562748	5.533
1383.57423157	7093	0.914402388258	0.0	432025	486.825842762	4.893
1384.0614001	7200	0.927233860319	0.0	438283	487.16852794	6.665
1384.60000982	8000	0.888624139828	0.0	487050	538.609720491	4.0
1385.13286578	8000	0.855768177367	0.0	487050	532.855962461	8.0
1385.65023668	8000	0.838397279284	0.0	487050	517.370898082	8.0
1386.11758575	7253	0.871048205469	0.0	441782	467.349073815	3.518
1386.59371536	7200	0.894918593005	0.0	438855	476.129612464	6.935
1387.07374164	7200	0.914892319857	0.0	438855	480.026273148	7.2
1387.55852232	7200	0.930111631837	0.0	438855	484.78068802	7.2
1388.0505673	7200	0.93806665954	0.0	438855	492.044972298	7.2
1388.56512079	8533	0.92351316925	0.0	521611	514.55349029	1.868
1389.02513336	8000	0.963500599187	0.0	487275	460.012570063	5.335
1389.52087592	8000	0.967758037484	0.0	487275	495.742561703	8.0
1390.05891578	8000	0.929718180962	0.0	487275	538.039856522	8.0
1390.52452973	7133	0.964104228053	0.0	432597	465.613952908	2.798
1391.01421355	7933	0.974420407523	0.0	483757	489.68382053	3.933
1391.5084706	8000	0.980163358488	0.0	488565	494.257049035	7.665
1392.00311061	8000	0.985523347011	0.0	488565	494.640011478	8.0
1392.507685	8000	0.980948952794	0.0	488565	504.574394216	8.0
1392.96701818	6933	1.02161577181	0.0	419059	459.33318098	1.598
1393.40783912	6866	1.08079483622	0.0	410775	440.820935593	6.531
1393.83367064	6866	1.15496331623	0.0	413769	425.831519992	6.866

