1678.6519145	3066	0.5	0.208570728701	181435	208.570728701	-7.36253643506
1678.86376199	3120	0.788152501317	0.0	184429	211.847498683	2.85
1679.08020179	3146	1.0717127091	0.0	188625	216.439792219	3.016
1679.30081142	3200	1.35110307933	0.0	192435	220.609629772	2.93
1679.62962341	4800	1.52229109007	0.0	291300	328.811989256	-3.2
1679.96756008	4800	1.68435441465	0.0	290256	337.936675415	4.8
1680.32874853	5000	1.82316596573	0.0	303919	361.188448921	4.0
1680.79540164	6453	1.8565128554	0.0	395340	466.653110337	-0.812
1681.27669801	6773	1.87521648101	0.0	413791	481.296374387	5.173
1681.78633657	7200	1.86557792668	0.0	438675	509.638554328	5.065
1682.30274235	7413	1.84917214919	0.0	444483	516.405777493	6.348
1682.92500409	9000	1.72691040608	0.0	536970	622.261743109	1.065
1683.53880112	9000	1.61311337282	0.0	536970	613.797033258	9.0
1684.12944652	9000	1.52246797237	0.0	536970	590.645400454	9.0
1684.72009192	9000	1.43182257191	0.0	536970	590.645400454	9.0
1685.29730892	9000	1.35460557958	0.0	536970	577.216992334	9.0
1685.88366497	9400	1.2682495267	0.0	553424	586.356052875	7.4
1686.41587279	9000	1.23604170748	0.0	522960	532.207819222	7.0
1686.92787947	9000	1.22403502743	0.0	522960	512.006680049	9.0
1687.43678188	9000	1.21513261208	0.0	532300	508.902415351	9.0
1687.91534374	8400	1.23657075766	0.0	503004	478.561854425	5.4
1688.37716112	8000	1.27475337146	0.0	481782	461.817386197	6.0
1688.88185174	8000	1.27006275928	0.0	481782	504.690612184	8.0
1689.46321264	8533	1.18870185128	0.0	510552	581.360907993	5.868
1690.05967133	9000	1.09224316514	0.0	536970	596.458686142	6.665
1690.63593318	9000	1.01598131936	0.0	536970	576.261845779	9.0
1691.16825486	9000	0.983659638331	0.0	536970	532.32168103	9.0
1691.67978928	9000	0.972125217203	0.0	536970	511.534421128	9.0
1692.17956221	9000	0.972352282571	0.0	536970	499.772934632	9.0
1692.7103573	9533	0.94155719825	0.0	573990	530.795084321	6.868
1693.32032346	9666	0.831591032195	0.0	586715	609.966166055	9.001
1693.94121919	9000	0.710695310241	0.0	551265	620.895721954	5.67
1694.50269901	9000	0.649215481728	0.0	551265	561.479828513	9.0
1694.96395916	7200	0.687955335395	0.0	438675	461.260146333	-1.8
1695.42746458	7200	0.72444991376	0.0	438675	463.505421635	7.2
1695.95426298	7200	0.697651518861	0.0	438675	526.798394899	7.2
1696.47581997	7200	0.676094528172	0.0	438675	521.556990689	7.2
1696.94743098	6773	0.704483516481	0.0	420167	471.611011691	4.638
1697.38933608	6400	0.762578412769	0.0	396693	441.905103712	4.535
1697.76685836	5653	0.885056134595	0.0	345821	377.522278174	1.918
1698.15160948	5760	1.00030501105	0.0	352623	384.751123548	5.225
1698.58353266	6080	1.06838183517	0.0	373673	431.923175873	4.48
1699.04092202	6400	1.11099248052	0.0	394883	457.389354656	4.8
1699.50931551	6506	1.14259898728	0.0	404859	468.393493235	5.976
1699.99454509	6986	1.1573694106	0.0	427291	485.22957668	4.586
1700.46953137	6986	1.18238312105	0.0	418081	474.98628955	6.986
1700.95716499	7200	1.19474950286	0.0	427485	487.633618189	6.13
1701.43695397	7200	1.21496052282	0.0	419991	479.788980043	7.2
1701.89712617	7146	1.25478832377	0.0	413019	460.172199051	6.876
1702.36385487	7146	1.28805962605	0.0	422679	466.728697717	7.146
1702.8557428	7200	1.29617169378	0.0	427485	491.887932274	6.93
1703.32643143	6880	1.32548306547	0.0	408679	470.688628312	5.28
1703.83172248	7000	1.32019201795	0.0	418197	505.291047517	6.4
1704.35765382	6880	1.29426067695	0.0	418435	525.931341005	6.28
1704.90876307	7200	1.24315142782	0.0	438855	551.109249123	5.6
1705.49156541	7626	1.16034908613	0.0	464559	582.802341692	5.496
1706.07733597	8000	1.07457852673	0.0	487050	585.7705594	6.13
1706.63452136	8000	1.01739313533	0.0	487050	557.185391403	8.0
1707.19674746	8000	0.955167040691	0.0	487050	562.226094635	8.0
1707.76208445	8000	0.889830046734	0.0	487050	565.336993957	8.0
1708.36313494	8000	0.788779555119	0.0	487050	601.050491615	8.0
1708.97042799	7893	0.681486503522	0.0	483158	607.293051597	7.358
1709.59033921	8000	0.561575281105	0.0	493365	619.911222418	7.465
1710.05406439	6000	0.597850104886	0.0	367200	463.725176219	-4.0
1710.51329276	6000	0.638621738447	0.0	367200	459.228366439	6.0
1711.05285373	6960	0.599060770009	0.0	432864	539.560968438	2.16
1711.61249784	7200	0.539416651072	0.0	449280	559.644118937	6.0
1712.14437373	7360	0.507540762739	0.0	456778	531.875888333	6.56
1712.58178821	6600	0.57012628082	0.0	402915	437.414481919	2.8
1712.98759739	6120	0.664317102564	0.0	371455	405.809178256	3.72
1713.39517786	6000	0.756736634553	0.0	362580	407.580468011	5.4
1713.80275833	6000	0.849156166542	0.0	362580	407.580468011	6.0
1714.24468664	6000	0.9072278538	0.0	362580	441.928312741	6.0
1714.68077105	5760	0.971143443411	0.0	348294	436.084410389	4.56
1715.20675434	6933	0.945160157411	0.0	421780	525.983286	1.068
1715.71788375	6826	0.93403075035	0.0	409638	511.129407061	6.291
1716.20830703	7200	0.943607470633	0.0	428730	490.423279717	5.33
1716.69553528	7200	0.95637921169	0.0	428730	487.228258943	7.2
1717.2158257	7200	0.936088797847	0.0	428730	520.290413844	7.2
1717.74953976	7200	0.902374735943	0.0	428730	533.714061904	7.2
1718.28325382	7200	0.868660674039	0.0	428730	533.714061904	7.2
1718.81973061	7200	0.832183887918	0.0	429824	536.47678612	7.2
1719.36099994	7200	0.790914552814	0.0	429084	541.269335104	7.2
1719.96153445	7946	0.690380043539	0.0	476950	600.534509275	4.216
1720.53618549	7626	0.615729010343	0.0	456045	574.651033195	6.026
1721.0844414	7200	0.567473096277	0.0	427635	548.255914066	5.07
1721.57397477	6240	0.577939721795	0.0	367423	489.533374482	1.44
1722.05717046	6240	0.594744040017	0.0	362567	483.195681778	6.24
1722.53092747	6133	0.620987030734	0.0	355335	473.757009283	5.598
1722.97749609	5706	0.674418409923	0.0	334503	446.568620811	3.571
1723.48134278	6400	0.670571716683	0.0	378390	503.84669324	2.93
1723.96301016	6186	0.688904337656	0.0	361396	481.667379027	5.116
1724.45256572	6400	0.699348776029	0.0	367440	489.555561627	5.33
1724.93895372	6400	0.712960778247	0.0	367440	486.387997782	6.4
1725.43238392	6400	0.719530578364	0.0	372984	493.430199883	6.4
1725.9242173	6400	0.727697192303	0.0	371752	491.833386062	6.4
1726.41374879	6346	0.738165706685	0.0	369976	489.531485618	6.076
1726.89326649	6026	0.758648006441	0.0	362250	479.517700243	4.426
1727.32031615	5320	0.83159834215	0.0	321769	427.049664291	1.79
1727.75336424	5400	0.898550257109	0.0	326397	433.048085041	5.0
1728.23330966	6000	0.918604838878	0.0	362580	479.945418231	3.0
1728.71119271	6000	0.940721790665	0.0	362580	477.883048212	6.0
1729.14246215	6000	1.0094523443	0.0	362580	431.269446362	6.0
1729.66575372	7253	0.986160771263	0.0	441782	523.29157304	0.988
1730.17998731	7200	0.971927181514	0.0	438855	514.233589749	6.935
1730.68093825	7200	0.97097624483	0.0	438855	500.950936684	7.2
1731.18149379	7200	0.970420705804	0.0	438855	500.555539026	7.2
1731.67740855	7200	0.974505942654	0.0	438855	495.914763151	7.2
1732.14685491	6826	1.00505958573	0.0	414950	469.446356927	4.956
1732.67743774	8000	0.974476751398	0.0	487275	530.582834329	2.13
1733.19828548	8000	0.95362901571	0.0	487275	520.847735688	8.0
1733.69828572	8000	0.953628773249	0.0	487275	500.000242461	8.0
1734.14980383	7133	1.00211067059	0.0	432597	451.518102662	2.798
1734.65873081	7933	0.993183688966	0.0	483757	508.92698162	3.933
1735.18777026	8000	0.964144235102	0.0	488565	529.039453864	7.665
1735.71008158	8000	0.941832917278	0.0	488565	522.311317824	8.0
1736.22798053	8000	0.923933963849	0.0	488565	517.898953429	8.0
1736.62312382	6933	1.02879067474	0.0	419059	395.143289105	1.598
1737.00770948	6866	1.14420501935	0.0	410775	384.585655391	6.531
1737.39209822	6866	1.25981627101	0.0	413769	384.388748343	6.866

