5014.8230794	3066	0.5	0.209276983346	181435	209.276983346	-7.3978491673
5015.03564481	3120	0.787434592215	0.0	184429	212.565407785	2.85
5015.25281884	3146	1.07026055753	0.0	188625	217.174034688	3.016
5015.47417755	3200	1.34890185446	0.0	192435	221.358703063	2.93
5015.80412345	4800	1.5189559496	0.0	291300	329.945904862	-3.2
5016.13292269	4800	1.69015670977	0.0	290256	328.799239827	4.8
5016.47672852	5000	1.84635087572	0.0	303919	343.805834054	4.0
5016.92094553	6453	1.9021338691	0.0	395340	444.21700662	-0.812
5017.38542798	6773	1.93765142516	0.0	413791	464.482443937	5.173
5017.87724147	7200	1.94583793455	0.0	438675	491.813490613	5.065
5018.37419412	7413	1.94888527625	0.0	444483	496.952658296	6.348
5018.9650101	9000	1.85806929605	0.0	536970	590.815980208	1.065
5019.55582608	9000	1.76725331584	0.0	536970	590.815980208	9.0
5020.14693857	9000	1.67614083072	0.0	536970	591.112485119	9.0
5020.74011886	9000	1.58296054478	0.0	536970	593.180285943	9.0
5021.33329914	9000	1.48978025883	0.0	536970	593.180285943	9.0
5021.94434942	9400	1.37872998309	0.0	553424	611.050275746	7.4
5022.52231404	9000	1.30076536246	0.0	522960	577.964620624	7.0
5023.09719736	9000	1.2258820382	0.0	522960	574.883324268	9.0
5023.67744037	9000	1.14563903371	0.0	532300	580.243004483	9.0
5024.22629912	8400	1.09678028446	0.0	503004	548.858749252	5.4
5024.75242313	8000	1.0706562657	0.0	481782	526.12401876	6.0
5025.29252049	8000	1.03055891408	0.0	481782	540.097351615	8.0
5025.86591008	8533	0.95716931747	0.0	510552	573.389596615	5.868
5026.46845171	9000	0.854627692535	0.0	536970	602.541624936	6.665
5027.07099333	9000	0.752086067599	0.0	536970	602.541624936	9.0
5027.67353496	9000	0.649544442664	0.0	536970	602.541624936	9.0
5028.27607658	9000	0.547002817728	0.0	536970	602.541624936	9.0
5028.75713278	7200	0.565946616352	0.0	427485	481.056201376	-1.8
5029.2668567	7626	0.556222703957	0.0	456993	509.723912395	5.496
5029.78757252	7733	0.535506884098	0.0	467045	520.715819859	7.198
5030.27726561	7200	0.545813787552	0.0	438675	489.693096546	4.535
5030.76688885	7200	0.556190551975	0.0	438675	489.623235577	7.2
5031.2459639	7200	0.577115498456	0.0	438675	479.075053519	7.2
5031.72503896	7200	0.598040444937	0.0	438675	479.075053519	7.2
5032.20411401	7200	0.618965391419	0.0	438675	479.075053519	7.2
5032.68512321	7200	0.637956186763	0.0	438675	481.009204656	7.2
5033.15064202	6773	0.672437382163	0.0	420167	465.5188046	4.638
5033.59071178	6400	0.732367621441	0.0	396693	440.069760722	4.535
5034.07187252	7066	0.751206880865	0.0	434595	481.160740575	3.736
5034.56214002	7200	0.760939385218	0.0	442995	490.267495648	6.53
5035.08123906	7600	0.741840336665	0.0	469589	519.099048553	5.6
5035.64607635	8000	0.677003055321	0.0	496259	564.837281344	6.0
5036.22653685	8133	0.596542546919	0.0	508563	580.460508402	7.468
5036.7158337	6986	0.607245702486	0.0	427291	489.296844433	1.251
5037.19479959	6986	0.628279812689	0.0	418081	478.965889797	6.986
5037.68431404	7200	0.638765356399	0.0	427485	489.51445629	6.13
5038.1654224	7200	0.657656999354	0.0	419991	481.108357045	7.2
5038.63871019	7146	0.684369208619	0.0	413019	473.287790735	6.876
5039.12283371	7146	0.700245693478	0.0	422679	484.123515141	7.146
5039.60808265	7200	0.7149967461	0.0	427485	485.248947378	6.93
5040.06000737	6880	0.76307203352	0.0	408679	451.92471258	5.28
5040.52222436	7000	0.800855039188	0.0	418197	462.216994332	6.4
5040.98469872	6880	0.838380683744	0.0	418435	462.474355444	6.28
5041.46925422	7200	0.853825177493	0.0	438855	484.555506251	5.6
5041.98205133	7626	0.841028070315	0.0	464559	512.797107178	5.496
5042.52718268	8000	0.795896722492	0.0	487050	545.131347823	6.13
5043.07231403	8000	0.75076537467	0.0	487050	545.131347823	8.0
5043.61744537	8000	0.705634026847	0.0	487050	545.131347823	8.0
5044.16257672	8000	0.660502679024	0.0	487050	545.131347823	8.0
5044.70182974	8000	0.621249658495	0.0	487050	539.253020529	8.0
5045.2316934	7893	0.591385998055	0.0	483158	529.863660441	7.358
5045.77253949	8000	0.550539908715	0.0	493365	540.84608934	7.465
5046.31338558	8000	0.509693819375	0.0	493365	540.84608934	8.0
5046.8542782	8000	0.5	0.0311988012452	493365	540.89262062	6.44005993774
5047.33073922	6960	0.5235389801	0.0	432864	476.4610199	1.76
5047.82489038	7200	0.529387821721	0.0	449280	494.151158379	6.0
5048.3271215	7360	0.527156701212	0.0	456778	502.231120509	6.56
5048.77130901	6600	0.582969192357	0.0	402915	444.187508855	2.8
5049.18110075	6120	0.673177450546	0.0	371455	409.791741811	3.72
5049.58018409	6000	0.774094116434	0.0	362580	399.083334112	5.4
5049.97926742	6000	0.875010782322	0.0	362580	399.083334112	6.0
5050.37835075	6000	0.97592744821	0.0	362580	399.083334112	6.0
5050.89031526	7680	0.963962945578	0.0	467772	511.964502632	-0.72
5051.46770011	8666	0.886578096715	0.0	530195	577.384848863	3.736
5052.02321462	8533	0.831063579143	0.0	515343	555.514517572	7.868
5052.60432162	9000	0.749956583375	0.0	539520	581.106995769	6.665
5053.19123916	9000	0.663039037225	0.0	539520	586.917546149	9.0
5053.78966346	9000	0.564614740889	0.0	539520	598.424296337	9.0
5054.38808776	9000	0.5	0.0338095554477	539520	598.424296337	7.30952222761
5054.8656796	7200	0.522408161758	0.0	428730	477.591838242	-1.8
5055.3444646	7200	0.543623158888	0.0	429824	478.78500287	7.2
5055.81408828	7200	0.573999472631	0.0	429084	469.623686257	7.2
5056.31687733	7946	0.571210428455	0.0	476950	502.789044176	4.216
5056.79806714	7626	0.590020618934	0.0	456045	481.189809521	6.026
5057.24435375	7200	0.643734006595	0.0	427635	446.286612339	5.07
5057.71494697	7800	0.673140789008	0.0	462222	470.593217586	4.8
5058.1794856	7800	0.708602160754	0.0	456146	464.538628255	7.8
5058.64862827	7666	0.739459488473	0.0	447075	469.142672281	6.996
5059.09607181	7133	0.792015944315	0.0	421103	447.443544157	4.468
5059.60265836	8000	0.785429399216	0.0	476265	506.5865451	3.665
5060.09513861	7733	0.792949149173	0.0	454837	492.480250042	6.398
5060.59553543	8000	0.792552326587	0.0	462300	500.396822586	6.665
5061.09593225	8000	0.792155504001	0.0	462300	500.396822586	8.0
5061.60333656	8000	0.784751194048	0.0	468906	507.404309954	8.0
5062.10794986	8000	0.780137896223	0.0	467438	504.613297825	8.0
5062.61007024	7933	0.778017516625	0.0	465132	502.120379598	7.598
5063.10225106	7533	0.785836700594	0.0	455338	492.180816031	5.533
5063.57015523	7093	0.817932531449	0.0	432025	467.904169145	4.893
5064.04469226	7200	0.843395495478	0.0	438283	474.537035971	6.665
5064.56702552	8000	0.821062234642	0.0	487050	522.333260836	4.0
5065.07609537	8000	0.811992386692	0.0	487050	509.06984795	8.0
5065.58516522	8000	0.802922538742	0.0	487050	509.06984795	8.0
5066.05033595	7253	0.83775181176	0.0	441782	465.170726982	3.518
5066.51903358	7200	0.869054175492	0.0	438855	468.697636268	6.935
5066.98773122	7200	0.900356539223	0.0	438855	468.697636268	7.2
5067.45642885	7200	0.931658902955	0.0	438855	468.697636268	7.2
5067.92222918	7200	0.965858575138	0.0	438855	465.800327817	7.2
5068.46539633	8533	0.922691429486	0.0	521611	543.167145652	1.868
5068.97346677	8000	0.9146209883	0.0	487275	508.070441186	5.335
5069.48013306	8000	0.907954698957	0.0	487275	506.666289343	8.0
5069.98568539	8000	0.902402367111	0.0	487275	505.552331846	8.0
5070.43563091	7133	0.952456849489	0.0	432597	449.945517623	2.798
5070.92983544	7933	0.95825232196	0.0	483757	494.204527529	3.933
5071.42635175	8000	0.961736006274	0.0	488565	496.516315686	7.665
5071.92279367	8000	0.965294086399	0.0	488565	496.441919875	8.0
5072.41923559	8000	0.968852166524	0.0	488565	496.441919875	8.0
5072.85202711	6933	1.03606064472	0.0	419059	432.791521807	1.598
5073.28497992	6866	1.10310783906	0.0	410775	432.952805662	6.531
5073.72101548	6866	1.16707227349	0.0	413769	436.035565567	6.866

