1501.19313339	3066	0.5	0.181332948229	181435	181.332948229	-6.00064741144
1501.37729364	3120	0.815839753582	0.0	184429	184.160246418	2.85
1501.56541626	3146	1.12771713468	0.0	188625	188.122618898	3.016
1501.75713674	3200	1.43599665136	0.0	192435	191.720483327	2.93
1502.04633106	4800	1.64680232716	0.0	291300	289.194324196	-3.2
1502.43822789	6400	1.75490550166	0.0	389889	391.896825503	-1.6
1502.85262654	6666	1.8405068486	0.0	408326	414.398653061	5.336
1503.35611988	8066	1.83701350797	0.0	497055	503.493340632	1.066
1503.88649566	8466	1.80663773371	0.0	520019	530.375774253	6.466
1504.46418469	9000	1.72894869849	0.0	551265	577.689035222	6.33
1505.06189094	9266	1.63124245366	0.0	558332	597.706244833	7.936
1505.6292564	9000	1.56387698999	0.0	536970	567.365463671	7.67
1506.18749621	9000	1.50563717672	0.0	536970	558.23981327	9.0
1506.73750524	9000	1.4556281489	0.0	536970	550.009027814	9.0
1507.28597315	9000	1.40716024157	0.0	536970	548.467907334	9.0
1507.83325996	9000	1.35987342883	0.0	536970	547.286812735	9.0
1508.41053222	9400	1.28260117456	0.0	553424	577.272254276	7.4
1508.95969326	9000	1.23344013433	0.0	522960	549.161040227	7.0
1509.5154486	9000	1.17768478589	0.0	522960	555.755348437	9.0
1510.08159233	9000	1.1115410555	0.0	532300	566.143730397	9.0
1510.61881119	8400	1.07432219795	0.0	503004	537.218857548	5.4
1511.16619905	8000	1.02693433836	0.0	481782	547.387859591	6.0
1511.73047628	8000	0.962657105751	0.0	481782	564.277232607	8.0
1512.32785263	8533	0.865280761966	0.0	510552	597.376343786	5.868
1512.80542699	7200	0.887706395726	0.0	427485	477.57436624	0.535
1513.26852056	7200	0.924612828841	0.0	427485	463.093566884	7.2
1513.73433424	7200	0.958799148941	0.0	427485	465.8136799	7.2
1514.20303467	7200	0.990098716367	0.0	427485	468.700432574	7.2
1514.67041682	7200	1.02271656727	0.0	427485	467.382149102	7.2
1515.14918507	7626	1.04394831702	0.0	456993	478.768250247	5.496
1515.63007378	7733	1.06305960915	0.0	467045	480.888707866	7.198
1516.18414693	9000	1.00898646294	0.0	551265	554.073146207	2.665
1516.72402554	9000	0.969107853629	0.0	551265	539.878609315	9.0
1517.27834643	9000	0.914786963522	0.0	551265	554.320890108	9.0
1517.84205143	9000	0.851081957761	0.0	551265	563.705005761	9.0
1518.41599662	9000	0.777136765651	0.0	551265	573.94519211	9.0
1518.99341775	9000	0.699715637566	0.0	551265	577.421128084	9.0
1519.52585138	8466	0.667282009653	0.0	527825	532.433627913	5.796
1520.03368654	8000	0.659446846769	0.0	498375	507.835162883	5.67
1520.49157528	7066	0.701558109557	0.0	434595	457.888737212	2.396
1520.96091396	7200	0.73221943402	0.0	442995	469.338675537	6.53
1521.45463135	7600	0.738502041462	0.0	469589	493.717392558	5.6
1521.94346425	8000	0.749669139788	0.0	496259	488.832901675	6.0
1522.45566486	8133	0.737468534626	0.0	508563	512.200605161	7.468
1523.0083245	8733	0.68480888895	0.0	536941	552.659645677	5.733
1523.51831069	8733	0.674822704965	0.0	525223	509.986183984	8.733
1524.03661446	9000	0.656518927647	0.0	536970	518.303777318	7.665
1524.57332743	9000	0.619805962457	0.0	527946	536.712965191	9.0
1525.10800287	8933	0.585130523192	0.0	519390	534.675439264	8.598
1525.66118776	8933	0.531945632234	0.0	530998	553.184890958	8.933
1526.21311421	9000	0.5	0.0199808212404	536970	551.926453475	7.66595893798
1526.73161838	8600	0.5	0.0185041639243	513386	518.504163924	5.67479180378
1527.15829967	7000	0.573318703723	0.0	418197	426.681296277	-1.0
1527.59532895	6880	0.636289422235	0.0	418435	437.029281488	6.28
1528.06432754	7200	0.667290836654	0.0	438855	468.998585581	5.6
1528.54305987	7626	0.688558502557	0.0	464559	478.732334097	5.496
1529.02248623	8000	0.709132149194	0.0	487050	479.426353363	6.13
1529.51631533	8000	0.715303049369	0.0	487050	493.829099825	8.0
1530.01355597	8000	0.718062401648	0.0	487050	497.240647721	8.0
1530.52845376	8000	0.703164619089	0.0	487050	514.89778256	8.0
1531.04366705	8000	0.687951320804	0.0	487050	515.213298285	8.0
1531.5552127	7893	0.67640567387	0.0	483158	511.545646934	7.358
1532.10013751	8000	0.631480867001	0.0	493365	544.924806869	7.465
1532.65254283	8000	0.579075547066	0.0	493365	552.405319935	8.0
1533.21920945	8000	0.51240892161	0.0	493365	566.666625456	8.0
1533.7267729	6960	0.504845475319	0.0	432864	507.563446292	1.76
1534.25320602	7200	0.5	0.0215876425886	449280	526.433117907	4.92061787057
1534.77346135	7360	0.5	0.0202553292933	456778	520.255329293	5.54723353534
1535.22623179	6600	0.547229557624	0.0	402915	452.770442376	2.8
1535.64443028	6120	0.629031067439	0.0	371455	418.198490185	3.72
1536.06387069	6000	0.709590654492	0.0	362580	419.440412947	5.4
1536.48444904	6000	0.789012311819	0.0	362580	420.578342673	6.0
1536.90502738	6000	0.868433969146	0.0	362580	420.578342673	6.0
1537.29678053	5760	0.976680819785	0.0	348294	391.753149361	4.56
1537.76750424	6933	1.00595710681	0.0	421780	470.723712979	1.068
1538.22496486	6826	1.04849648673	0.0	409638	457.460620079	6.291
1538.70926694	7200	1.06419441175	0.0	428730	484.302074978	5.33
1539.19423426	7200	1.07922708903	0.0	428730	484.967322718	7.2
1539.67055073	7200	1.10291061533	0.0	428730	476.316473698	7.2
1540.13097299	7200	1.1424883558	0.0	428730	460.422259532	7.2
1540.59517145	7200	1.1782898937	0.0	428730	464.198462101	7.2
1541.07230245	7200	1.20115890211	0.0	429824	477.130991589	7.2
1541.54862921	7200	1.22483213954	0.0	429084	476.32676257	7.2
1542.09933848	7946	1.17412287237	0.0	476950	550.709267169	4.216
1542.62734867	7626	1.14611267264	0.0	456045	528.010199731	6.026
1543.11605149	7200	1.15740985543	0.0	427635	488.702817214	5.07
1543.62293607	7800	1.15052528136	0.0	462222	506.884574061	4.8
1544.12330802	7800	1.15015332581	0.0	456146	500.371955556	7.8
1544.62005324	7666	1.1534081101	0.0	447075	496.745215708	6.996
1545.08852188	7133	1.18493946262	0.0	421103	468.468647476	4.468
1545.63095976	8000	1.1425015843	0.0	476265	542.437878324	3.665
1546.15403891	7733	1.11942244117	0.0	454837	523.079143127	6.398
1546.67573815	8000	1.09772319981	0.0	462300	521.699241367	6.665
1547.17782401	8000	1.09563733512	0.0	462300	502.085864684	8.0
1547.69222833	8000	1.08123301932	0.0	468906	514.404315803	8.0
1548.21790688	8000	1.05555446298	0.0	467438	525.678556337	8.0
1548.74104146	7933	1.03241989056	0.0	465132	523.134572427	7.598
1549.25157417	7533	1.02188717337	0.0	455338	510.532717184	5.533
1549.73620039	7093	1.03726095526	0.0	432025	484.62621811	4.893
1550.21899629	7200	1.05446506029	0.0	438283	482.795894973	6.665
1550.74884606	8000	1.02461528591	0.0	487050	529.849774379	4.0
1551.30074475	8000	0.972716593847	0.0	487050	551.898692065	8.0
1551.86271074	8000	0.910750607113	0.0	487050	561.965986733	8.0
1552.3768996	7253	0.896561744206	0.0	441782	514.188862907	3.518
1552.91271381	7200	0.860747538933	0.0	438855	535.814205273	6.935
1553.44852801	7200	0.82493333366	0.0	438855	535.814205273	7.2
1553.98434222	7200	0.789119128387	0.0	438855	535.814205273	7.2
1554.51109904	7200	0.762362308243	0.0	438855	526.756820144	7.2
1554.99302374	6826	0.780437604744	0.0	414950	481.924703499	4.956
1555.44387727	6400	0.829584073433	0.0	387630	450.853531311	4.27
1555.89473081	6400	0.878730542123	0.0	387630	450.853531311	6.4
1556.33571443	6400	0.937746916629	0.0	387630	440.983625493	6.4
1556.82358417	7133	0.94987717995	0.0	432597	487.869736679	3.468
1557.37542293	7933	0.898038417936	0.0	483757	551.838762014	3.933
1557.95088128	8000	0.822580068467	0.0	488565	575.458349469	7.665
1558.52647488	8000	0.746986468439	0.0	488565	575.593600028	8.0
1559.10504981	8000	0.668411539658	0.0	488565	578.574928781	8.0
1559.58525735	6933	0.68820400074	0.0	419059	480.207538918	1.598
1560.05556037	6866	0.717900981687	0.0	410775	470.303019053	6.531
1560.52921838	6866	0.744242969659	0.0	413769	473.658012028	6.866

