754.522793675	3066	0.5	0.198642025227	181435	198.642025227	-6.86610126135
754.724548629	3120	0.798245046046	0.0	184429	201.754953954	2.85
754.930666258	3146	1.0921274171	0.0	188625	206.117628949	3.016
755.140745229	3200	1.38204844598	0.0	192435	210.078971117	2.93
755.458750847	4800	1.5640428274	0.0	291300	318.005618581	-3.2
755.787856377	4800	1.7349372982	0.0	290256	329.105529195	4.8
756.134013255	5000	1.88878042023	0.0	303919	346.156877973	4.0
756.601973512	6453	1.92082016308	0.0	395340	467.960257154	-0.812
757.091307333	6773	1.93148634214	0.0	413791	489.333820933	5.173
757.607902928	7200	1.91489074654	0.0	438675	516.595595606	5.065
758.127919809	7413	1.89487386578	0.0	444483	520.016880755	6.348
758.753466572	9000	1.7693271024	0.0	536970	625.546763381	1.065
759.377320722	9000	1.64547295241	0.0	536970	623.854149993	9.0
760.001174872	9000	1.52161880242	0.0	536970	623.854149993	9.0
760.585567163	9000	1.43722651193	0.0	536970	584.392290492	9.0
761.191193166	9000	1.33160050868	0.0	536970	605.626003243	9.0
761.820385285	9400	1.20240839024	0.0	553424	629.192118443	7.4
762.379365575	9000	1.14342809985	0.0	522960	558.980290386	7.0
762.935279027	9000	1.08751464748	0.0	522960	555.913452373	9.0
763.503443829	9000	1.01934984573	0.0	532300	568.16480175	9.0
764.052918751	8400	0.969874923972	0.0	503004	549.474921759	5.4
764.586788924	8000	0.936004750608	0.0	481782	533.870173364	6.0
765.123543623	8000	0.899250051582	0.0	481782	536.754699026	8.0
765.666044096	8533	0.856749578994	0.0	510552	542.500472588	5.868
766.238447279	9000	0.784346395401	0.0	536970	572.403183593	6.665
766.811561145	9000	0.71123253018	0.0	536970	573.113865221	9.0
767.378554352	9000	0.644239323255	0.0	536970	566.993206924	9.0
767.946063525	9000	0.576730149749	0.0	536970	567.509173506	9.0
768.528612849	9000	0.5	0.00581917360861	536970	582.549323358	8.70904131957
769.036030064	7626	0.5	0.00741721568281	456993	507.417215683	0.38513921586
769.548804806	7733	0.5	0.0127747413894	467045	512.774741389	6.55926293053
770.030874649	7200	0.517930157012	0.0	438675	482.069842988	4.535
770.516609087	7200	0.532195718913	0.0	438675	485.734438099	7.2
771.006713579	7200	0.542091226836	0.0	438675	490.104492078	7.2
771.504115138	7200	0.544689667695	0.0	438675	497.40155914	7.2
772.022706144	7200	0.526098661328	0.0	438675	518.591006368	7.2
772.54485288	7200	0.503951925173	0.0	438675	522.146736155	7.2
773.040107788	6773	0.508697017375	0.0	420167	495.254907798	4.638
773.489068922	6400	0.559735883719	0.0	396693	448.961133655	4.535
773.87408093	5653	0.674723875713	0.0	345821	385.012008007	1.918
774.263111372	5760	0.78569343406	0.0	352623	389.030441652	5.225
774.676308625	6080	0.87249618104	0.0	373673	413.197253021	4.48
775.112741478	6400	0.936063327572	0.0	394883	436.432853468	4.8
775.554750637	6506	0.994054168196	0.0	404859	442.009159376	5.976
776.018587475	6986	1.03021733037	0.0	427291	463.836837826	4.586
776.469471128	6986	1.07933367802	0.0	418081	450.883652349	6.986
776.928993402	7200	1.11981140404	0.0	427485	459.522273981	6.13
777.384304133	7200	1.16450067277	0.0	419991	455.310731266	7.2
777.832387932	7146	1.21641687371	0.0	413019	448.083799067	6.876
778.290892921	7146	1.25791188476	0.0	422679	458.504988945	7.146
778.738626479	7200	1.31017832689	0.0	427485	447.73355787	6.93
779.165888202	6880	1.38291660389	0.0	408679	427.261722998	5.28
779.592954744	7000	1.45585006178	0.0	418197	427.066542115	6.4
780.019501137	6880	1.52930366844	0.0	418435	426.546393342	6.28
780.46504829	7200	1.58375651569	0.0	438855	445.54715275	5.6
780.937252834	7626	1.61155197131	0.0	464559	472.204544382	5.496
781.438981677	8000	1.60982312855	0.0	487050	501.728842758	6.13
781.944011562	8000	1.60479324387	0.0	487050	505.029884674	8.0
782.451506684	8000	1.59729812194	0.0	487050	507.495121933	8.0
782.944565571	8000	1.60423923431	0.0	487050	493.058887626	8.0
783.435694108	8000	1.61311069718	0.0	487050	491.128537134	8.0
783.92111566	7893	1.6276891451	0.0	483158	485.421552084	7.358
784.41647163	8000	1.63233317568	0.0	493365	495.355969414	7.465
784.908310278	8000	1.64049452734	0.0	493365	491.838648338	8.0
785.40116962	8000	1.64763518557	0.0	493365	492.859341777	8.0
785.9827777	9280	1.56602710554	0.0	581337	581.608080029	2.88
786.595166583	9600	1.45363822227	0.0	603330	612.388883269	8.0
787.244490396	9813	1.30431440989	0.0	613526	649.323812375	8.748
787.983360424	11000	1.0654443811	0.0	681300	738.870028795	5.065
788.66372333	10200	0.88508147575	0.0	627772	680.362905349	6.2
789.321018541	10000	0.727786264511	0.0	612540	657.295211239	9.0
789.848202479	8000	0.70060232669	0.0	487050	527.183937821	-2.0
790.38651345	8000	0.662291355541	0.0	487050	538.31097115	8.0
790.903201359	7680	0.645603446627	0.0	467772	516.687908914	6.08
791.369781691	6933	0.679023114537	0.0	421780	466.58033209	3.198
791.829114172	6826	0.719690633384	0.0	409638	459.332481153	6.291
792.309907167	7200	0.738897638868	0.0	428730	480.792994515	5.33
792.760485347	7200	0.788319458288	0.0	428730	450.578180581	7.2
793.203846783	7200	0.844958022905	0.0	428730	443.361435382	7.2
793.645561504	7200	0.903243301648	0.0	428730	441.714721257	7.2
794.111615812	7200	0.937188993277	0.0	428730	466.054308372	7.2
794.584264611	7200	0.96454019458	0.0	429824	472.648798696	7.2
795.047954656	7200	1.00085014996	0.0	429084	463.690044622	7.2
795.564963942	7946	0.98384086375	0.0	476950	517.009286209	4.216
796.070713677	7626	0.978091128486	0.0	456045	505.749735264	6.026
796.536818991	7200	1.01198581506	0.0	427635	466.105313423	5.07
797.03244497	7800	1.01635983572	0.0	462222	495.625979342	4.8
797.508410265	7800	1.04039454041	0.0	456146	475.965295314	7.8
797.988322877	7666	1.06048192877	0.0	447075	479.912611635	6.996
798.45487486	7133	1.09392994552	0.0	421103	466.551983249	4.468
798.986154497	8000	1.06265030818	0.0	476265	531.279637337	3.665
799.495392834	7733	1.05341197181	0.0	454837	509.238336373	6.398
799.996525773	8000	1.05227903247	0.0	462300	501.132939338	6.665
800.49491776	8000	1.05388704577	0.0	462300	498.391986704	8.0
801.01207492	8000	1.03672988529	0.0	468906	517.157160474	8.0
801.538305091	8000	1.01049971466	0.0	467438	526.23017063	8.0
802.047008391	7933	1.0017964149	0.0	465132	508.703299762	7.598
802.5452108	7533	1.00359400546	0.0	455338	498.202409439	5.533
803.024005195	7093	1.02479961105	0.0	432025	478.794394418	4.893
803.508762131	7200	1.04004267498	0.0	438283	484.756936071	6.665
804.035094327	8000	1.01371047836	0.0	487050	526.332196613	4.0
804.554653019	8000	0.994151786446	0.0	487050	519.558691917	8.0
805.066340013	8000	0.982464792392	0.0	487050	511.686994054	8.0
805.619435631	9066	0.929369174667	0.0	555398	553.095617725	3.736
806.160323735	9000	0.888481070855	0.0	551655	540.888103812	8.67
806.701211839	9000	0.847592967043	0.0	551655	540.888103812	9.0
807.263873598	9000	0.784931207468	0.0	551655	562.661759574	9.0
807.845878065	9000	0.702926740752	0.0	551655	582.004466716	9.0
808.44742408	8533	0.601380725137	0.0	521611	601.546015615	6.198
808.999801404	8000	0.549003401852	0.0	487275	552.377323285	5.335
809.547759018	8000	0.501045787816	0.0	487275	547.957614037	8.0
810.073835006	8000	0.5	0.0250302005709	487275	526.075988386	6.74848997146
810.539230629	7133	0.534604376809	0.0	432597	465.395623191	2.798
810.966655977	6346	0.607179029147	0.0	384845	427.425347662	2.411
811.398240989	6400	0.675594016663	0.0	388680	431.585012484	6.13
811.838781143	6400	0.735053862874	0.0	388680	440.540153788	6.4
812.284061139	6400	0.789773866876	0.0	388680	445.279995998	6.4
812.758525687	6933	0.81530931873	0.0	419059	474.464548146	4.268
813.223685636	6866	0.850149370221	0.0	410775	465.159948509	6.531
813.699812584	6866	0.874022422046	0.0	413769	476.126948175	6.866

