399.136254691	3066	0.5	0.1929500732	181435	192.9500732	-6.58150365998
399.332223766	3120	0.8040309254	0.0	184429	195.9690746	2.85
399.532461215	3146	1.10379347602	0.0	188625	200.237449384	3.016
399.736882068	3200	1.39937262311	0.0	192435	204.420852908	2.93
400.045046065	4800	1.59120862602	0.0	291300	308.163997087	-3.2
400.465885038	6400	1.6703696528	0.0	389889	420.838973217	-1.6
400.919291896	6666	1.71696279487	0.0	408326	453.406857934	5.336
401.351194611	6453	1.78506007988	0.0	395340	431.902714991	5.388
401.789065322	6773	1.84718936922	0.0	413791	437.870710661	5.173
402.27229259	7200	1.86396210132	0.0	438675	483.227267895	5.065
402.784558728	7413	1.85169596317	0.0	444483	512.266138155	6.348
403.42902791	9000	1.70722678139	0.0	536970	644.469181777	1.065
404.000110505	9000	1.63614418603	0.0	536970	571.082595357	9.0
404.559231288	9000	1.57702340344	0.0	536970	559.120782593	9.0
405.111805725	9000	1.5244489661	0.0	536970	552.574437337	9.0
405.717582285	9000	1.41867240659	0.0	536970	605.776559512	9.0
406.361111855	9400	1.27514283659	0.0	553424	643.529570001	7.4
406.890695029	9000	1.24555966236	0.0	522960	529.583174232	7.0
407.437482846	9000	1.19877184549	0.0	522960	546.787816866	9.0
408.049354778	9000	1.08689991266	0.0	532300	611.871932832	9.0
408.603204468	8400	1.03305022332	0.0	503004	553.849689346	5.4
409.116014031	8000	1.02024066024	0.0	481782	512.809563073	6.0
409.636158582	8000	1.00009610866	0.0	481782	520.144551585	8.0
410.190375305	8533	0.945879386184	0.0	510552	554.216722474	5.868
410.751809328	9000	0.884445363549	0.0	536970	561.434022634	6.665
411.302379453	9000	0.833875238436	0.0	536970	550.570125113	9.0
411.906703528	9000	0.729551162727	0.0	536970	604.324075709	9.0
412.501849325	9000	0.634405366584	0.0	536970	595.145796143	9.0
413.06641614	9000	0.569838551398	0.0	536970	564.566815186	9.0
413.543921396	7626	0.592333294832	0.0	456993	477.505256566	0.756
414.028275881	7733	0.6079788098	0.0	467045	484.354485032	7.198
414.490292575	7200	0.645962116624	0.0	438675	462.016693176	4.535
414.964783492	7200	0.671471198939	0.0	438675	474.490917685	7.2
415.43983089	7200	0.696423800973	0.0	438675	475.047397966	7.2
415.887906001	7200	0.748348689649	0.0	438675	448.075111324	7.2
416.337145533	7200	0.799109158051	0.0	438675	449.239531598	7.2
416.808183804	7200	0.828070886831	0.0	438675	471.03827122	7.2
417.276754841	6773	0.859499850337	0.0	420167	468.571036494	4.638
417.703543659	6400	0.932711031943	0.0	396693	426.788818394	4.535
418.159107459	7066	0.977147232053	0.0	434595	455.56379989	3.736
418.622777902	7200	1.01347678869	0.0	442995	463.670443362	6.53
419.124678498	7600	1.01157619266	0.0	469589	501.900596029	5.6
419.653973196	8000	0.982281495359	0.0	496259	529.294697304	6.0
420.190432754	8133	0.94582193729	0.0	508563	536.459558069	7.468
420.761091514	8733	0.875163177151	0.0	536941	570.658760139	5.733
421.334319635	8733	0.801935056108	0.0	525223	573.228121043	8.733
421.913226598	9000	0.723028092717	0.0	536970	578.906963391	7.665
422.476590412	9000	0.659664279503	0.0	527946	563.363813214	9.0
423.0486912	8933	0.587563490926	0.0	519390	572.100788577	8.598
423.634608545	8933	0.501646146016	0.0	530998	585.91734491	8.933
424.081543825	7200	0.554710865833	0.0	427485	446.935280184	-1.465
424.524963786	6880	0.611290904857	0.0	408679	443.419960975	5.28
425.023295843	7000	0.6129588486	0.0	418197	498.332056257	6.4
425.521905813	6880	0.614348877797	0.0	418435	498.609970803	6.28
425.978940219	7200	0.657314472352	0.0	438855	457.034405445	5.6
426.435568635	7626	0.70068605609	0.0	464559	456.628416262	5.496
426.95642011	8000	0.679834581123	0.0	487050	520.851474968	6.13
427.548053871	8000	0.588200820256	0.0	487050	591.633760867	8.0
428.16691844	8000	0.5	0.0306637492374	487050	618.864569493	6.46681253813
428.639155644	6000	0.527762796029	0.0	362580	472.237203971	-4.0
429.045364703	6000	0.621553737225	0.0	362580	406.209058804	6.0
429.408737173	5920	0.758181267691	0.0	359656	363.372469534	5.52
429.784281992	6000	0.882636448326	0.0	367200	375.544819366	5.6
430.168206468	6000	0.998711972181	0.0	367200	383.924476144	6.0
430.55502265	6000	1.11189579014	0.0	367200	386.816182046	6.0
431.014320038	6960	1.15259840231	0.0	432864	459.297387824	2.16
431.498272872	7200	1.1686455685	0.0	449280	483.952833815	6.0
431.987192177	7360	1.17972626355	0.0	456778	488.919304949	6.56
432.556767893	8800	1.11015054736	0.0	541560	569.575716189	1.6
433.064308771	8160	1.10260966908	0.0	499088	507.540878279	4.96
433.546654284	8000	1.12026415632	0.0	487050	482.345512761	7.2
434.037939989	8000	1.12897845092	0.0	487050	491.285705399	8.0
434.551177677	8000	1.11574076324	0.0	487050	513.237687684	8.0
435.041918802	7680	1.12499963801	0.0	467772	490.741125223	6.08
435.587251972	8666	1.07966646819	0.0	530195	545.333169818	3.736
436.134179694	8533	1.03273874626	0.0	515343	546.92772193	7.868
436.764571854	9000	0.902346586508	0.0	539520	630.392159756	6.665
437.415568165	9000	0.751350274977	0.0	539520	650.996311532	9.0
438.041650084	9000	0.625268356128	0.0	539520	626.081918849	9.0
438.50108091	7200	0.665837530428	0.0	428730	459.4308257	-1.8
438.970456754	7200	0.696461686829	0.0	428730	469.375843599	7.2
439.461755379	7200	0.705163061573	0.0	429824	491.298625256	7.2
439.94767557	7200	0.719242869928	0.0	429084	485.920191645	7.2
440.451789821	7946	0.715128618879	0.0	476950	504.114251049	4.216
440.922894451	7626	0.744023988891	0.0	456045	471.104629988	6.026
441.386449356	7200	0.780469084276	0.0	427635	463.554904615	5.07
441.888248975	7800	0.778669465146	0.0	462222	501.79961913	4.8
442.362461759	7800	0.804456681548	0.0	456146	474.212783598	7.8
442.813770621	7666	0.853147819667	0.0	447075	451.308861881	6.996
443.266733561	7133	0.900184879641	0.0	421103	452.962940026	4.468
443.798483544	8000	0.868434895942	0.0	476265	531.749983699	3.665
444.292833676	7733	0.874084763895	0.0	454837	494.350132047	6.398
444.773485034	8000	0.893433406091	0.0	462300	480.651357804	6.665
445.287090767	8000	0.879827673441	0.0	462300	513.60573265	8.0
445.843665483	8000	0.823252957577	0.0	468906	556.574715864	8.0
446.368898019	8000	0.798020421233	0.0	467438	525.232536344	8.0
446.860436838	7933	0.80648160263	0.0	465132	491.538818603	7.598
447.340234332	7533	0.826684108535	0.0	455338	479.797494095	5.533
447.794101542	7093	0.872816897885	0.0	432025	453.86721065	4.893
448.285930265	7200	0.88098817566	0.0	438283	491.828722225	6.665
448.938138376	8000	0.728780064582	0.0	487050	652.208111078	4.0
449.542794189	8000	0.624124251248	0.0	487050	604.655813334	8.0
449.972130529	6000	0.694787911641	0.0	362580	429.336339608	-4.0
450.343766042	5440	0.823152398873	0.0	329012	371.635512768	2.64
450.699779299	5400	0.967139141553	0.0	326865	356.013257319	5.2
451.054105727	5400	1.11281271373	0.0	326865	354.32642782	5.4
451.413915864	5400	1.2530025759	0.0	326865	359.810137835	5.4
451.76697388	5400	1.3999445606	0.0	326865	353.058015302	5.4
452.203085464	6826	1.4638329761	0.0	414950	436.1115845	-0.304
452.713467492	8000	1.45345094853	0.0	487275	510.382027562	2.13
453.224400301	8000	1.44251813931	0.0	487275	510.932809228	8.0
453.73466638	8000	1.43225206027	0.0	487275	510.26607904	8.0
454.190266391	7133	1.47665204974	0.0	432597	455.600010525	2.798
454.693859662	7933	1.47305877877	0.0	483757	503.593270976	3.933
455.200129213	8000	1.46678922708	0.0	488565	506.269551685	7.665
455.742134397	8000	1.42478404371	0.0	488565	542.005183371	8.0
456.290999839	8000	1.37591860131	0.0	488565	548.865442396	8.0
456.769178186	6933	1.39774025468	0.0	419059	478.178346635	1.598
457.241292608	6866	1.42562583252	0.0	410775	472.114422156	6.531
457.678698768	6866	1.48821967278	0.0	413769	437.406159747	6.866

