6865.73544267	3066	0.5	0.20965592842	181435	209.65592842	-7.41679642098
6865.94839328	3120	0.787049393874	0.0	184429	212.950606126	2.85
6866.16596128	3146	1.06948139708	0.0	188625	217.567996793	3.016
6866.3877219	3200	1.34772077435	0.0	192435	221.760622732	2.93
6866.71827621	4800	1.51716646041	0.0	291300	330.554313934	-3.2
6867.04768168	4800	1.68776099201	0.0	290256	329.405468401	4.8
6867.39212228	5000	1.84332039285	0.0	303919	344.440599164	4.0
6867.837165	6453	1.89827767925	0.0	395340	445.042713597	-0.812
6868.30251168	6773	1.93293099159	0.0	413791	465.346687666	5.173
6868.77465747	7200	1.96078520612	0.0	438675	472.145785468	5.065
6869.23641398	7413	1.99902869648	0.0	444483	461.756509637	6.348
6869.80011471	9000	1.93532796591	0.0	536970	563.700730573	1.065
6870.37100997	9000	1.86443270936	0.0	536970	570.895256547	9.0
6870.94190522	9000	1.79353745281	0.0	536970	570.895256547	9.0
6871.50735948	9000	1.72808319059	0.0	536970	565.454262227	9.0
6872.07056778	9000	1.6648748932	0.0	536970	563.208297388	9.0
6872.65249755	9400	1.5829451256	0.0	553424	581.929767597	7.4
6873.20411916	9000	1.53132351072	0.0	522960	551.621614886	7.0
6873.75574078	9000	1.47970189583	0.0	522960	551.621614886	9.0
6874.31957382	9000	1.41586885743	0.0	532300	563.833038401	9.0
6874.85477551	8400	1.38066716586	0.0	503004	535.201691566	5.4
6875.36923753	8000	1.36620514097	0.0	481782	514.462024895	6.0
6875.8850046	8000	1.35043807323	0.0	481782	515.76706774	8.0
6876.43026392	8533	1.30517875183	0.0	510552	545.259321402	5.868
6876.99976163	9000	1.23568104818	0.0	536970	569.497703648	6.665
6877.56925933	9000	1.16618334453	0.0	536970	569.497703648	9.0
6878.14035118	9000	1.09509149442	0.0	536970	571.091850116	9.0
6878.71279281	9000	1.02264986784	0.0	536970	572.441626576	9.0
6879.28523443	9000	0.950208241263	0.0	536970	572.441626576	9.0
6879.89821093	9533	0.837231739899	0.0	573990	612.976501364	6.868
6880.52491611	9666	0.710526562543	0.0	586715	626.705177356	9.001
6881.11077541	9000	0.624667267491	0.0	551265	585.859295051	5.67
6881.68858948	9000	0.546853195635	0.0	551265	577.814071856	9.0
6882.15164092	7200	0.58380175029	0.0	438675	463.051445345	-1.8
6882.61924889	7200	0.616193779879	0.0	438675	467.607970412	7.2
6883.08685687	7200	0.648585809467	0.0	438675	467.607970412	7.2
6883.55446484	7200	0.680977839056	0.0	438675	467.607970412	7.2
6884.00144467	6773	0.733998006028	0.0	420167	446.979833027	4.638
6884.42394741	6400	0.811495267999	0.0	396693	422.502738029	4.535
6884.88586268	7066	0.849579989852	0.0	434595	461.915278147	3.736
6885.3473129	7200	0.888129778828	0.0	442995	461.450211023	6.53
6885.83467931	7600	0.900763360491	0.0	469589	487.366418338	5.6
6886.34915333	8000	0.886289346174	0.0	496259	514.474014317	6.0
6886.87612328	8133	0.859319393699	0.0	508563	526.969952474	7.468
6887.43191143	8733	0.803531246109	0.0	536941	555.78814759	5.733
6887.97572914	8733	0.759713531903	0.0	525223	543.817714207	8.733
6888.53118084	9000	0.704261831901	0.0	536970	555.451700002	7.665
6889.07317813	9000	0.662264543047	0.0	527946	541.997288854	9.0
6889.60824609	8933	0.62719658189	0.0	519390	535.067961157	8.598
6890.16611457	8933	0.569328103517	0.0	530998	557.868478374	8.933
6890.73014479	9000	0.505297887146	0.0	536970	564.03021637	8.665
6891.26521143	8600	0.5	0.0297687509353	513386	535.066638082	5.11156245323
6891.70198368	7000	0.563227750668	0.0	418197	436.772249332	-1.0
6892.14959411	6880	0.615617316578	0.0	418435	447.61043409	6.28
6892.62051236	7200	0.644699066916	0.0	438855	470.918249661	5.6
6893.11842687	7626	0.646784559518	0.0	464559	497.914507399	5.496
6893.63961037	8000	0.625601059608	0.0	487050	521.183499909	6.13
6894.16040764	8000	0.604803783093	0.0	487050	520.797276515	8.0
6894.67454702	8000	0.590664401128	0.0	487050	514.139381966	8.0
6895.18456231	8000	0.580649110866	0.0	487050	510.015290261	8.0
6895.69982864	8000	0.565382784448	0.0	487050	515.266326418	8.0
6896.21553845	7893	0.54967297471	0.0	483158	515.709809738	7.358
6896.74193168	8000	0.523279744584	0.0	493365	526.393230126	7.465
6897.27273654	8000	0.5	0.00752511628335	493365	530.804860867	7.62374418583
6897.80508509	8000	0.5	0.0323485481254	493365	532.348548125	6.38257259373
6898.27337841	6960	0.531706683823	0.0	432864	468.293316177	1.76
6898.76282618	7200	0.54225890711	0.0	449280	489.447776712	6.0
6899.27013427	7360	0.534950818352	0.0	456778	507.308088758	6.56
6899.71880008	6600	0.586285014434	0.0	402915	448.665803918	2.8
6900.13321442	6120	0.671870668494	0.0	371455	414.41434594	3.72
6900.53796629	6000	0.76711880474	0.0	362580	404.751863754	5.4
6900.93858035	6000	0.86650474093	0.0	362580	400.61406381	6.0
6901.33875597	6000	0.966329117413	0.0	362580	400.175623517	6.0
6901.85212966	7680	0.952955429498	0.0	467772	513.373687914	-0.72
6902.4320154	8666	0.873069693626	0.0	530195	579.885735872	3.736
6902.99279216	8533	0.812292932769	0.0	515343	560.776760857	7.868
6903.57839204	9000	0.72669305146	0.0	539520	585.599881309	6.665
6904.16163313	9000	0.643451960116	0.0	539520	583.241091344	9.0
6904.74487422	9000	0.560210868772	0.0	539520	583.241091344	9.0
6905.32725309	9000	0.5	0.0221679970349	539520	582.378865807	7.89160014825
6905.78956883	7200	0.53768426183	0.0	428730	462.31573817	-1.8
6906.25303875	7200	0.5742143394	0.0	429824	463.46992243	7.2
6906.71572796	7200	0.611525126615	0.0	429084	462.689212785	7.2
6907.23216034	7946	0.595092751213	0.0	476950	516.432375402	4.216
6907.72759181	7626	0.599661272733	0.0	456045	495.43147848	6.026
6908.19278262	7200	0.634470468537	0.0	427635	465.190804196	5.07
6908.70121737	7800	0.626035715505	0.0	462222	508.434753031	4.8
6909.20569946	7800	0.621553629288	0.0	456146	504.482086217	7.8
6909.70034819	7666	0.626904901259	0.0	447075	494.648728029	6.996
6910.16273637	7133	0.664516713807	0.0	421103	462.388187452	4.468
6910.67898465	8000	0.648268436365	0.0	476265	516.248277442	3.665
6911.17245593	7733	0.65479715931	0.0	454837	493.471277056	6.398
6911.67707598	8000	0.650177110767	0.0	462300	504.620048542	6.665
6912.19642341	8000	0.630829680418	0.0	462300	519.34743035	8.0
6912.72304912	8000	0.604203969461	0.0	468906	526.625710957	8.0
6913.24805743	8000	0.579195654194	0.0	467438	525.008315267	8.0
6913.77162354	7933	0.555629542862	0.0	465132	523.566111332	7.598
6914.29561829	7533	0.531634793512	0.0	455338	523.99474935	5.533
6914.79329686	7093	0.533956230362	0.0	432025	497.678563151	4.893
6915.29803958	7200	0.529213510164	0.0	438283	504.742720198	6.665
6915.71732722	6000	0.609925868414	0.0	362580	419.28764175	0.0
6916.13661486	6000	0.690638226663	0.0	362580	419.28764175	6.0
6916.5559025	6000	0.771350584913	0.0	362580	419.28764175	6.0
6917.06459496	7253	0.762658122704	0.0	441782	508.692462209	0.988
6917.55815051	7200	0.769102572778	0.0	438855	493.555549926	6.935
6918.04599876	7200	0.781254323362	0.0	438855	487.848249416	7.2
6918.53384701	7200	0.793406073945	0.0	438855	487.848249416	7.2
6919.02169526	7200	0.805557824529	0.0	438855	487.848249416	7.2
6919.5994823	8533	0.727770785065	0.0	521611	577.787039464	1.868
6920.13985803	8000	0.687395060582	0.0	487275	540.375724483	5.335
6920.68023375	8000	0.647019336099	0.0	487275	540.375724483	8.0
6921.21372916	8000	0.613523925639	0.0	487275	533.49541046	8.0
6921.6787735	7133	0.648479584055	0.0	432597	465.044341584	2.798
6922.19763252	7933	0.629620563878	0.0	483757	518.859020177	3.933
6922.72436625	8000	0.602886836732	0.0	488565	526.733727146	7.665
6923.25499299	8000	0.572260094278	0.0	488565	530.626742454	8.0
6923.78561974	8000	0.541633351823	0.0	488565	530.626742454	8.0
6924.23962626	6933	0.587626823687	0.0	419059	454.006528136	1.598
6924.67916482	6866	0.648088264362	0.0	410775	439.538559325	6.531
6925.12183414	6866	0.705418943802	0.0	413769	442.669320561	6.866

