3422.00524979	3066	0.5	0.195617750298	181435	195.617750298	-6.7148875149
3422.20393056	3120	0.801319226887	0.0	184429	198.680773113	2.85
3422.40690407	3146	1.0983457204	0.0	188625	202.97350649	3.016
3422.61377541	3200	1.39147437926	0.0	192435	206.871341134	2.93
3422.92179095	4800	1.58345883286	0.0	291300	308.015546404	-3.2
3423.34614051	6400	1.65910927855	0.0	389889	424.349554307	-1.6
3423.80312099	6666	1.70212879761	0.0	408326	456.980480941	5.336
3424.24413373	6453	1.76111605671	0.0	395340	441.012740908	5.388
3424.67686225	6773	1.82838753429	0.0	413791	432.728522413	5.173
3425.13501225	7200	1.87023753932	0.0	438675	458.149994973	5.065
3425.59866202	7413	1.90658777038	0.0	444483	463.649768944	6.348
3426.1512018	9000	1.85404799013	0.0	536970	552.539780241	1.065
3426.70002055	9000	1.80522923852	0.0	536970	548.818751612	9.0
3427.2456962	9000	1.75955358873	0.0	536970	545.675649794	9.0
3427.78698898	9000	1.71826081105	0.0	536970	541.292777679	9.0
3428.3235323	9000	1.68171749168	0.0	536970	536.543319367	9.0
3428.87481186	9400	1.63043792649	0.0	553424	551.279565191	7.4
3429.40447234	9000	1.60077744523	0.0	522960	529.660481262	7.0
3429.94190101	9000	1.56334877804	0.0	522960	537.428667195	9.0
3430.50582065	9000	1.49942913331	0.0	532300	563.919644723	9.0
3431.04747852	8400	1.45777127214	0.0	503004	541.65786117	5.4
3431.58638533	8000	1.41886445435	0.0	481782	538.90681779	6.0
3432.12529215	8000	1.37995763656	0.0	481782	538.90681779	8.0
3432.69407064	8533	1.31117915113	0.0	510552	568.778485434	5.868
3433.29026631	9000	1.21498347394	0.0	536970	596.19567719	6.665
3433.8992063	9000	1.1060434889	0.0	536970	608.93998504	9.0
3434.51898137	9000	0.986268418135	0.0	536970	619.775070763	9.0
3435.13875644	9000	0.866493347371	0.0	536970	619.775070763	9.0
3435.75447165	9000	0.75077813638	0.0	536970	615.715210992	9.0
3436.27422165	7626	0.73102813811	0.0	456993	519.749998269	0.756
3436.80518409	7733	0.700065698988	0.0	467045	530.962439122	7.198
3437.28265315	7200	0.722596637098	0.0	438675	477.46906189	4.535
3437.73221593	7200	0.773033862361	0.0	438675	449.562774737	7.2
3438.19925693	7200	0.805992857394	0.0	438675	467.041004967	7.2
3438.69931554	7200	0.80593424541	0.0	438675	500.058611984	7.2
3439.19937415	7200	0.805875633427	0.0	438675	500.058611984	7.2
3439.70754112	7200	0.797708668973	0.0	438675	508.166964454	7.2
3440.20103023	6773	0.804219554359	0.0	420167	493.489114614	4.638
3440.66750765	6400	0.837742136229	0.0	396693	466.47741813	4.535
3441.17759917	7066	0.827650620795	0.0	434595	510.091515435	3.736
3441.70380759	7200	0.801442199805	0.0	442995	526.208420989	6.53
3442.27495006	7600	0.730299730026	0.0	469589	571.14246978	5.6
3442.75682146	6400	0.748428323553	0.0	394883	481.871406473	0.4
3443.25061384	6506	0.75463594517	0.0	404859	493.792378383	5.976
3443.77121168	6986	0.7340381095	0.0	427291	520.59783567	4.586
3444.28080389	6986	0.724445902468	0.0	418081	509.592207032	6.986
3444.76106392	7200	0.744185868255	0.0	427485	480.260034212	6.13
3445.21963805	7200	0.785611739512	0.0	419991	458.574128743	7.2
3445.67086796	7146	0.83438182865	0.0	413019	451.229910862	6.876
3446.13321596	7146	0.872033831531	0.0	422679	462.347997119	7.146
3446.60008647	7200	0.905163315601	0.0	427485	466.87051593	6.93
3447.04300597	6880	0.962243818971	0.0	408679	442.91949663	5.28
3447.49600802	7000	1.00924176912	0.0	418197	453.002049854	6.4
3447.95159999	6880	1.0536497964	0.0	418435	455.591972713	6.28
3448.43426886	7200	1.07098092617	0.0	438855	482.668870232	5.6
3448.93907737	7626	1.06617241821	0.0	464559	504.808507959	5.496
3449.46344833	8000	1.04180145654	0.0	487050	524.370961672	6.13
3449.98398457	8000	1.02126521336	0.0	487050	520.536243176	8.0
3450.50313995	8000	1.00210983726	0.0	487050	519.155376109	8.0
3451.01816454	8000	0.98708525039	0.0	487050	515.024586865	8.0
3451.53080162	8000	0.974448165557	0.0	487050	512.637084833	8.0
3452.04718111	7893	0.958068676721	0.0	483158	516.379488836	7.358
3452.58352709	8000	0.921722696673	0.0	493365	536.345980048	7.465
3453.11609274	8000	0.889157051999	0.0	493365	532.565644674	8.0
3453.63589059	8000	0.869359195976	0.0	493365	519.797856023	8.0
3454.09403567	6960	0.91121411955	0.0	432864	458.145076426	1.76
3454.57307801	7200	0.932171773146	0.0	449280	479.042346404	6.0
3455.05054845	7360	0.954701341325	0.0	456778	477.470431822	6.56
3455.61118053	8800	0.89406925987	0.0	541560	560.632081455	1.6
3456.12843804	8160	0.876811747827	0.0	499088	517.257512043	4.96
3456.63338339	8000	0.871866396963	0.0	487050	504.945350864	7.2
3457.12654383	8000	0.878705956439	0.0	487050	493.160440524	8.0
3457.61629644	8000	0.888953347404	0.0	487050	489.752609035	8.0
3458.09496924	7680	0.910280545917	0.0	467772	478.672801487	6.08
3458.63820333	8666	0.867046459896	0.0	530195	543.234086021	3.736
3459.16772965	8533	0.837520134788	0.0	515343	529.526325108	7.868
3459.71374895	9000	0.791500839248	0.0	539520	546.019295539	6.665
3460.25602775	9000	0.749222037504	0.0	539520	542.278801745	9.0
3460.79377702	9000	0.711472764731	0.0	539520	537.749272773	9.0
3461.35306547	9000	0.652184317403	0.0	539520	559.288447328	9.0
3461.92406268	9000	0.581187105223	0.0	539520	570.99721218	9.0
3462.45905609	9000	0.546193693467	0.0	540862	534.993411756	9.0
3463.00467641	9000	0.500573379859	0.0	539793	545.620313608	9.0
3463.5016224	7946	0.50362739057	0.0	476950	496.945989289	2.676
3463.97877105	7626	0.526478733028	0.0	456045	477.148657542	6.026
3464.42763633	7200	0.577613462409	0.0	427635	448.865270619	5.07
3464.92322469	7800	0.582025093351	0.0	462222	495.588369059	4.8
3465.42138292	7800	0.583866864339	0.0	456146	498.158229011	7.8
3465.90929836	7666	0.595951427037	0.0	447075	487.915437302	6.996
3466.35801533	7133	0.647234453348	0.0	421103	448.716973689	4.468
3466.86813722	8000	0.637112570469	0.0	476265	510.121882879	3.665
3467.39384208	7733	0.611407708925	0.0	454837	525.704861544	6.398
3467.92800866	8000	0.577241122891	0.0	462300	534.166586034	6.665
3468.46217525	8000	0.543074536857	0.0	462300	534.166586034	8.0
3469.00591874	8000	0.5	0.000668949617921	468906	543.743486475	7.9665525191
3469.5541525	8000	0.5	0.0482337607454	467438	548.233760745	5.58831196273
3470.099731	7933	0.5	0.045578505819	465132	545.578505819	5.31907470905
3470.63403216	7533	0.5	0.0343011568386	455338	534.301156839	3.81794215807
3471.13498543	7093	0.5	0.000953271169185	432025	500.953271169	4.84533644154
3471.63607715	7200	0.5	0.00109172290176	438283	501.091722902	6.61041385491
3472.05234442	6000	0.583732732299	0.0	362580	416.267267701	0.0
3472.46861169	6000	0.667465464598	0.0	362580	416.267267701	6.0
3472.87022427	6000	0.765852887473	0.0	362580	401.612577125	6.0
3473.35481628	7253	0.781260869895	0.0	441782	484.592017579	0.988
3473.84116124	7200	0.794915913356	0.0	438855	486.344956539	6.935
3474.34650189	7200	0.789575263632	0.0	438855	505.340649724	7.2
3474.85184254	7200	0.784234613908	0.0	438855	505.340649724	7.2
3475.35718319	7200	0.778893964184	0.0	438855	505.340649724	7.2
3475.75772641	6826	0.878350742268	0.0	414950	400.543221916	4.956
3476.12945107	6400	1.00662608567	0.0	387630	371.724656601	4.27
3476.55467759	6400	1.08139956907	0.0	387630	425.226516597	6.4
3476.9799041	6400	1.15617305247	0.0	387630	425.226516597	6.4
3477.4631944	7133	1.17288275198	0.0	432597	483.290300488	3.468
3478.02272213	7933	1.11335502134	0.0	483757	559.527730644	3.933
3478.58771155	8000	1.04836560367	0.0	488565	564.989417666	7.665
3479.12692281	8000	1.00915434132	0.0	488565	539.21126235	8.0
3479.62146027	8000	1.01461688623	0.0	488565	494.537455095	8.0
3480.04159167	6933	1.09448548163	0.0	419059	420.131404594	1.598
3480.44917684	6866	1.18690031895	0.0	410775	407.585162689	6.531
3480.86932807	6866	1.26674908335	0.0	413769	420.151235595	6.866

