6567.09415273	3066	0.5	0.198054700979	181435	198.054700979	-6.83673504893
6567.29531067	3120	0.798842062189	0.0	184429	201.157937811	2.85
6567.5008177	3146	1.09333503228	0.0	188625	205.507029912	3.016
6567.71027373	3200	1.38387899357	0.0	192435	209.456038707	2.93
6568.02220189	4800	1.57195084081	0.0	291300	311.928152755	-3.2
6568.44212964	6400	1.6520230928	0.0	389889	419.927748015	-1.6
6568.88237895	6666	1.71177378169	0.0	408326	440.249311112	5.336
6569.30894503	6453	1.78520769808	0.0	395340	426.566083607	5.388
6569.75495276	6773	1.83919996726	0.0	413791	446.007730819	5.173
6570.23692368	7200	1.85722904611	0.0	438675	481.970921153	5.065
6570.72756824	7413	1.86658449015	0.0	444483	490.644555962	6.348
6571.32892784	9000	1.76522489034	0.0	536970	601.359599805	1.065
6571.95791895	9000	1.636233774	0.0	536970	628.991116341	9.0
6572.58691007	9000	1.50724265766	0.0	536970	628.991116341	9.0
6573.21590119	9000	1.37825154132	0.0	536970	628.991116341	9.0
6573.8448923	9000	1.24926042498	0.0	536970	628.991116341	9.0
6574.47614381	9400	1.11800891906	0.0	553424	631.251505913	7.4
6575.06740685	9000	1.02674587399	0.0	522960	591.263045076	7.0
6575.6586699	9000	0.935482828913	0.0	522960	591.263045076	9.0
6576.26031423	9000	0.833838498766	0.0	532300	601.644330147	9.0
6576.79867741	8400	0.795475318846	0.0	503004	538.36317992	5.4
6577.31013499	8000	0.784017739382	0.0	481782	511.457579464	6.0
6577.82266556	8000	0.77148716918	0.0	481782	512.530570202	8.0
6578.36947301	8533	0.724679714757	0.0	510552	546.807454423	5.868
6578.8289417	7200	0.765211032518	0.0	427485	459.468682238	0.535
6579.28647042	7200	0.807682306774	0.0	427485	457.528725744	7.2
6579.73934902	7200	0.854803709925	0.0	427485	452.878596849	7.2
6580.19222762	7200	0.901925113076	0.0	427485	452.878596849	7.2
6580.64247004	7200	0.951682685803	0.0	427485	450.242427273	7.2
6581.12279123	7626	0.97136150166	0.0	456993	480.321184143	5.496
6581.61604064	7733	0.978112086947	0.0	467045	493.249414713	7.198
6582.21513944	9000	0.879013293133	0.0	551265	599.098793814	2.665
6582.81423823	9000	0.779914499319	0.0	551265	599.098793814	9.0
6583.41051738	9000	0.68363535257	0.0	551265	596.279146749	9.0
6584.00496648	9000	0.589186248167	0.0	551265	594.449104403	9.0
6584.59942586	9000	0.5	0.00527313251273	551265	594.459380679	8.73634337436
6585.07594814	7200	0.523477718689	0.0	438675	476.522281311	-1.8
6585.53278753	6773	0.566638333332	0.0	420167	456.839385357	4.638
6585.96436523	6400	0.63506062982	0.0	396693	431.577703512	4.535
6586.43479812	7066	0.664627741991	0.0	434595	470.432887829	3.736
6586.91413041	7200	0.685295450677	0.0	442995	479.332291314	6.53
6587.42275288	7600	0.676672980579	0.0	469589	508.622470098	5.6
6587.97138973	8000	0.628036127052	0.0	496259	548.636853528	6.0
6588.53338128	8133	0.566044578001	0.0	508563	561.991549051	7.468
6589.00632804	6986	0.593097820657	0.0	427291	472.946757344	1.251
6589.45794771	6986	0.641478147122	0.0	418081	451.619673535	6.986
6589.91950085	7200	0.679925012344	0.0	427485	461.553134778	6.13
6590.37313806	7200	0.726287802551	0.0	419991	453.637209793	7.2
6590.82451459	7146	0.77491126585	0.0	413019	451.376536701	6.876
6591.28664124	7146	0.812784623039	0.0	422679	462.126642811	7.146
6591.75917581	7200	0.840250054014	0.0	427485	472.534569025	6.93
6592.21927636	6880	0.880149504889	0.0	408679	460.100549125	5.28
6592.6898596	7000	0.909566261457	0.0	418197	470.583243432	6.4
6593.16070497	6880	0.938720895599	0.0	418435	470.845365857	6.28
6593.65403999	7200	0.945385866184	0.0	438855	493.335029415	5.6
6594.19457413	7626	0.904851732758	0.0	464559	540.534133427	5.496
6594.76457632	8000	0.834849535879	0.0	487050	570.002196879	6.13
6595.33457852	8000	0.764847339001	0.0	487050	570.002196879	8.0
6595.90444288	8000	0.694982983886	0.0	487050	569.864355115	8.0
6596.47243919	8000	0.626986673737	0.0	487050	567.996310149	8.0
6597.0404355	8000	0.558990363588	0.0	487050	567.996310149	8.0
6597.60397288	7893	0.5	0.0045470170076	483158	563.537380595	7.13064914962
6598.17920406	8000	0.5	0.0752311868528	493365	575.231186853	3.70344065736
6598.74381068	8000	0.5	0.064606616327	493365	564.606616327	4.76966918365
6599.2989125	8000	0.5	0.0551018176132	493365	555.101817613	5.24490911934
6599.78716887	6960	0.511743631633	0.0	432864	488.256368367	1.76
6600.2935627	7200	0.505349796202	0.0	449280	506.393835431	6.0
6600.79366169	7360	0.505250804592	0.0	456778	500.09899161	6.56
6601.2266128	6600	0.572299694983	0.0	402915	432.951109609	2.8
6601.62653947	6120	0.672373024544	0.0	371455	399.926670439	3.72
6602.01714981	6000	0.781762689059	0.0	362580	390.610335485	5.4
6602.40200902	6000	0.896903480795	0.0	362580	384.859208263	6.0
6602.78672976	6000	1.01218273913	0.0	362580	384.720741668	6.0
6603.28075944	7680	1.01815305446	0.0	467772	494.029684672	-0.72
6603.85224689	8666	0.946665612308	0.0	530195	571.487442147	3.736
6604.40800575	8533	0.890906744536	0.0	515343	555.758867772	7.868
6604.97267277	9000	0.82623972455	0.0	539520	564.667019986	6.665
6605.52941084	9000	0.76950165363	0.0	539520	556.73807092	9.0
6606.10146923	9000	0.697443267526	0.0	539520	572.058386105	9.0
6606.67352762	9000	0.625384881421	0.0	539520	572.058386105	9.0
6607.23946121	9000	0.559451291447	0.0	539520	565.933589974	9.0
6607.80506521	9000	0.5	0.00615270737381	540862	565.603998821	8.69236463131
6608.36601039	9000	0.5	0.0609451841316	539793	560.945184132	5.95274079342
6608.85958112	7946	0.506429274366	0.0	476950	493.570725634	2.676
6609.33765849	7626	0.528351902074	0.0	456045	478.077372292	6.026
6609.79217523	7200	0.573835157175	0.0	427635	454.516744899	5.07
6610.28451188	7800	0.581498509964	0.0	462222	492.336647211	4.8
6610.77889652	7800	0.587113869668	0.0	456146	494.384640297	7.8
6611.2636486	7666	0.602361787964	0.0	447075	484.752081703	6.996
6611.72049425	7133	0.645516143023	0.0	421103	456.845644941	4.468
6612.23148652	8000	0.634523865838	0.0	476265	510.992277185	3.665
6612.71993828	7733	0.646072112344	0.0	454837	488.451753494	6.398
6613.21804028	8000	0.64797010709	0.0	462300	498.102005254	6.665
6613.71894557	8000	0.647064823188	0.0	462300	500.905283902	8.0
6614.2268656	8000	0.639144786301	0.0	468906	507.920036888	8.0
6614.73322681	8000	0.63278358341	0.0	467438	506.361202891	8.0
6615.24988374	7933	0.616126650633	0.0	465132	516.656932776	7.598
6615.75594526	7533	0.610065129896	0.0	455338	506.061520737	5.533
6616.23660876	7093	0.62940162609	0.0	432025	480.663503807	4.893
6616.71515471	7200	0.650855681486	0.0	438283	478.545944604	6.665
6617.23807311	8000	0.627937283508	0.0	487050	522.918397978	4.0
6617.7609915	8000	0.60501888553	0.0	487050	522.918397978	8.0
6618.26655877	8000	0.59945161769	0.0	487050	505.56726784	8.0
6618.72590815	7253	0.640102241628	0.0	441782	459.349376063	3.518
6619.17946026	7200	0.686550130297	0.0	438855	453.552111331	6.935
6619.63143381	7200	0.734576579218	0.0	438855	451.973551079	7.2
6620.08340269	7200	0.782607700722	0.0	438855	451.968878496	7.2
6620.5353612	7200	0.830649189832	0.0	438855	451.95851089	7.2
6621.07122273	8533	0.794787663947	0.0	521611	535.861525886	1.868
6621.57991971	8000	0.78609067616	0.0	487275	508.696987786	5.335
6622.08887341	8000	0.777136980352	0.0	487275	508.953695808	8.0
6622.60150719	8000	0.764503198346	0.0	487275	512.633782006	8.0
6623.05773954	7133	0.808270852763	0.0	432597	456.232345584	2.798
6623.56968004	7933	0.796330351149	0.0	483757	511.940501614	3.933
6624.09590711	8000	0.770103279586	0.0	488565	526.227071563	7.665
6624.62213418	8000	0.743876208024	0.0	488565	526.227071563	8.0
6625.13981734	8000	0.726193047596	0.0	488565	517.683160428	8.0
6625.58008707	6933	0.785923320636	0.0	419059	440.269726959	1.598
6626.01185118	6866	0.854159208443	0.0	410775	431.764112194	6.531
6626.44916796	6866	0.91684242803	0.0	413769	437.316780413	6.866

