6031.44122431	3066	0.5	0.203711987639	181435	203.711987639	-7.11959938193
6031.64813289	3120	0.793091420243	0.0	184429	206.908579757	2.85
6031.8595214	3146	1.08170291379	0.0	188625	211.388506453	3.016
6032.07497771	3200	1.36624659973	0.0	192435	215.456314059	2.93
6032.39598883	4800	1.54523548281	0.0	291300	321.011116924	-3.2
6032.82226007	6400	1.61896423884	0.0	389889	426.271243963	-1.6
6033.26821588	6666	1.67300843613	0.0	408326	445.955802709	5.336
6033.70030697	6453	1.7409173446	0.0	395340	432.091091537	5.388
6034.15249312	6773	1.78873119535	0.0	413791	452.186149243	5.173
6034.63152621	7200	1.80969810611	0.0	438675	479.033089239	5.065
6035.11676923	7413	1.82445507972	0.0	444483	485.243026396	6.348
6035.70089973	9000	1.7403245778	0.0	536970	584.130501918	1.065
6036.28503024	9000	1.65619407588	0.0	536970	584.130501918	9.0
6036.86916074	9000	1.57206357397	0.0	536970	584.130501918	9.0
6037.45329124	9000	1.48793307205	0.0	536970	584.130501918	9.0
6038.03714523	9000	1.40407908154	0.0	536970	583.85399051	9.0
6038.63777697	9400	1.30344734333	0.0	553424	600.631738205	7.4
6039.20589655	9000	1.23532775724	0.0	522960	568.119586089	7.0
6039.77401614	9000	1.16720817115	0.0	522960	568.119586089	9.0
6040.35210367	9000	1.08912063927	0.0	532300	578.087531886	9.0
6040.89892558	8400	1.04229873266	0.0	503004	546.821906611	5.4
6041.42269575	8000	1.01852855885	0.0	481782	523.770173806	6.0
6041.94631725	8000	0.994907063993	0.0	481782	523.621494859	8.0
6042.50061006	8533	0.940614248066	0.0	510552	554.292815927	5.868
6043.08306676	9000	0.858157547537	0.0	536970	582.456700529	6.665
6043.66552346	9000	0.775700847008	0.0	536970	582.456700529	9.0
6044.24798017	9000	0.693244146479	0.0	536970	582.456700529	9.0
6044.83043687	9000	0.61078744595	0.0	536970	582.456700529	9.0
6045.41211425	9000	0.529110060556	0.0	536970	581.677385394	9.0
6045.90486167	7626	0.536362645574	0.0	456993	492.747414982	0.756
6046.40822757	7733	0.532996737496	0.0	467045	503.365908078	7.198
6046.88162466	7200	0.55959965643	0.0	438675	473.397081065	4.535
6047.35502174	7200	0.586202575365	0.0	438675	473.397081065	7.2
6047.82558219	7200	0.615642122939	0.0	438675	470.560452426	7.2
6048.29394112	7200	0.647283189688	0.0	438675	468.358933251	7.2
6048.76230006	7200	0.678924256437	0.0	438675	468.358933251	7.2
6049.23065899	7200	0.710565323186	0.0	438675	468.358933251	7.2
6049.67976511	6773	0.761459198869	0.0	420167	449.106124317	4.638
6050.10717673	6400	0.834047582987	0.0	396693	427.411615882	4.535
6050.5744699	7066	0.866754408658	0.0	434595	467.293174329	3.736
6051.0506018	7200	0.890622516293	0.0	442995	476.131892364	6.53
6051.55471665	7600	0.886507663522	0.0	469589	504.114852771	5.6
6052.08689443	8000	0.85432988099	0.0	496259	532.177782532	6.0
6052.6319569	8133	0.809267412877	0.0	508563	545.062468113	7.468
6053.20452937	8733	0.736694946066	0.0	536941	572.572466811	5.733
6053.76482446	8733	0.676399850821	0.0	525223	560.295095245	8.733
6054.33742731	9000	0.603796999664	0.0	536970	572.602851158	7.665
6054.90057539	9000	0.540648919031	0.0	527946	563.148080632	9.0
6055.45470314	8933	0.5	0.0134788331134	519390	554.127752145	7.92405834433
6055.90719107	7146	0.54751207698	0.0	422679	452.48792302	-1.789
6056.36471022	7200	0.589992919955	0.0	427485	457.519157025	6.93
6056.80254204	6880	0.65216110931	0.0	408679	437.831810646	5.28
6057.25033791	7000	0.70436523598	0.0	418197	447.79587333	6.4
6057.69838294	6880	0.75632020874	0.0	418435	448.04502724	6.28
6058.167862	7200	0.786841147538	0.0	438855	469.479061202	5.6
6058.66458732	7626	0.790115821484	0.0	464559	496.725326054	5.496
6059.1848768	8000	0.769826342528	0.0	487050	520.289478956	6.13
6059.70516628	8000	0.749536863572	0.0	487050	520.289478956	8.0
6060.22545576	8000	0.729247384616	0.0	487050	520.289478956	8.0
6060.74410238	8000	0.710600766861	0.0	487050	518.646617755	8.0
6061.26233829	8000	0.692364857706	0.0	487050	518.235909155	8.0
6061.7765129	7893	0.678190244431	0.0	483158	514.174613275	7.358
6062.3013385	8000	0.653364642706	0.0	493365	524.825601725	7.465
6062.8261641	8000	0.628539040981	0.0	493365	524.825601725	8.0
6063.3495336	8000	0.605169540031	0.0	493365	523.36950095	8.0
6063.80931165	6960	0.645391493963	0.0	432864	459.778046068	1.76
6064.28614715	7200	0.668555997046	0.0	449280	476.835496917	6.0
6064.77077363	7360	0.683929517766	0.0	456778	484.62647928	6.56
6065.34387705	8800	0.610826092554	0.0	541560	573.103425212	1.6
6065.87677621	8160	0.577926934016	0.0	499088	532.899158537	4.96
6066.39706304	8000	0.557640100501	0.0	487050	520.286833516	7.2
6066.91734988	8000	0.537353266985	0.0	487050	520.286833516	8.0
6067.43763671	8000	0.51706643347	0.0	487050	520.286833516	8.0
6067.9377258	7680	0.51697734059	0.0	467772	500.08909288	6.08
6068.39186181	6933	0.56284133736	0.0	421780	454.13600323	3.198
6068.83384484	6826	0.620858304622	0.0	409638	441.983032738	6.291
6069.29596131	7200	0.658741836849	0.0	428730	462.116467773	5.33
6069.75807778	7200	0.696625369076	0.0	428730	462.116467773	7.2
6070.22019424	7200	0.734508901302	0.0	428730	462.116467773	7.2
6070.68058228	7200	0.774120861289	0.0	428730	460.388040013	7.2
6071.13847008	7200	0.81623306037	0.0	428730	457.887800919	7.2
6071.59750077	7200	0.857202374059	0.0	429824	459.030686311	7.2
6072.05575839	7200	0.898944754649	0.0	429084	458.25761941	7.2
6072.5640209	7946	0.890682242933	0.0	476950	508.262511717	4.216
6073.05044427	7626	0.904258871184	0.0	456045	486.423371749	6.026
6073.51627758	7200	0.938425565017	0.0	427635	465.833306167	5.07
6074.01961222	7800	0.935090925972	0.0	462222	503.334639045	4.8
6074.51646188	7800	0.938241268747	0.0	456146	496.849657225	7.8
6075.00362996	7666	0.951073189878	0.0	447075	487.168078869	6.996
6075.46307783	7133	0.991625313088	0.0	421103	459.44787679	4.468
6075.98140072	8000	0.973302425245	0.0	476265	518.322887843	3.665
6076.47091425	7733	0.983788898621	0.0	454837	489.513526625	6.398
6076.96208844	8000	0.992614706423	0.0	462300	491.174192198	6.665
6077.45326263	8000	1.00144051422	0.0	462300	491.174192198	8.0
6077.95131252	8000	1.00339062072	0.0	468906	498.049893504	8.0
6078.44783448	8000	1.00686866084	0.0	467438	496.52195988	8.0
6078.94269119	7933	1.01201195016	0.0	465132	494.856710682	7.598
6079.42769264	7533	1.02701050029	0.0	455338	485.001449869	5.533
6080.00421578	8866	0.950487362793	0.0	543071	576.523137497	2.201
6080.58963257	9000	0.865070573614	0.0	551023	585.416789179	8.33
6081.10972153	8000	0.844981612859	0.0	487050	520.088960755	3.0
6081.62981049	8000	0.824892652104	0.0	487050	520.088960755	8.0
6082.14989945	8000	0.80480369135	0.0	487050	520.088960755	8.0
6082.74156948	9066	0.713133660295	0.0	555398	591.670031055	3.736
6083.32886266	9000	0.625840483808	0.0	551655	587.293176487	8.67
6083.91234265	9000	0.542360497169	0.0	551655	583.479986639	9.0
6084.49582263	9000	0.5	0.0411194894703	551655	583.479986639	6.94402552648
6085.0861208	9000	0.5	0.0902981663863	551655	590.298166386	4.48509168069
6085.65197108	8533	0.5	0.0658502778175	521611	565.850277818	2.90548610912
6086.18123149	8000	0.5	0.0292604146069	487275	529.260414607	3.87197926965
6086.71049191	8000	0.5	0.0292604146069	487275	529.260414607	6.53697926965
6087.23975232	8000	0.5	0.0292604146069	487275	529.260414607	6.53697926965
6087.71128298	7133	0.528469343007	0.0	432597	471.530656993	2.798
6088.13292839	6346	0.60682393701	0.0	384845	421.645405997	2.411
6088.55867586	6400	0.681076463604	0.0	388680	425.747473406	6.13
6088.98442333	6400	0.755328990199	0.0	388680	425.747473406	6.4
6089.41017081	6400	0.829581516793	0.0	388680	425.747473406	6.4
6089.86841286	6933	0.8713394656	0.0	419059	458.242051194	4.268
6090.31779401	6866	0.921958307865	0.0	410775	449.381157734	6.531
6090.77037767	6866	0.969374649525	0.0	413769	452.58365834	6.866

