7572.82401661	3066	0.5	0.189892892631	181435	189.892892631	-6.42864463155
7573.01687805	3120	0.807138554882	0.0	184429	192.861445118	2.85
7573.21389983	3146	1.11011677368	0.0	188625	197.021781203	3.016
7573.41469923	3200	1.40931737558	0.0	192435	200.799398095	2.93
7573.71352333	4800	1.61049328088	0.0	291300	298.824094708	-3.2
7574.11009846	6400	1.71391814369	0.0	389889	396.575137184	-1.6
7574.52842301	6666	1.79559360257	0.0	408326	418.324541122	5.336
7574.93941839	6453	1.88459821677	0.0	395340	410.995385795	5.388
7575.47687632	8466	1.84714028303	0.0	520019	537.457933742	-1.599
7576.03624931	9000	1.78776729537	0.0	551265	559.372987666	6.33
7576.59142533	9266	1.73259127794	0.0	558332	555.176017429	7.936
7577.1257427	9000	1.69827390749	0.0	536970	534.317370452	7.67
7577.6578517	9000	1.66616491038	0.0	536970	532.108997106	9.0
7578.18704422	9000	1.63697238535	0.0	536970	529.192525034	9.0
7578.72275366	9000	1.60126295076	0.0	536970	535.709434586	9.0
7579.26652327	9000	1.55749334064	0.0	536970	543.769610116	9.0
7579.82664881	9400	1.49736779786	0.0	553424	560.125542784	7.4
7580.36215929	9000	1.46185731745	0.0	522960	535.510480409	7.0
7580.91014721	9000	1.41386939364	0.0	522960	547.987923813	9.0
7581.46774353	9000	1.35627307299	0.0	532300	557.596320647	9.0
7582.02014415	8400	1.3038724591	0.0	503004	552.40061389	5.4
7582.5531762	8000	1.27084040515	0.0	481782	533.032053947	6.0
7583.08620826	8000	1.23780835121	0.0	481782	533.032053947	8.0
7583.65047359	8533	1.17354301708	0.0	510552	564.265334128	5.868
7584.24341883	9000	1.08059778042	0.0	536970	592.945236659	6.665
7584.84516165	9000	0.978854957037	0.0	536970	601.742823382	9.0
7585.44811881	9000	0.875897795401	0.0	536970	602.957161636	9.0
7586.05107597	9000	0.772940633764	0.0	536970	602.957161636	9.0
7586.65403314	9000	0.669983472128	0.0	536970	602.957161636	9.0
7587.1686745	7626	0.655342110101	0.0	456993	514.641362027	0.756
7587.69441593	7733	0.629600676583	0.0	467045	525.741433518	7.198
7588.18882937	7200	0.6351872403	0.0	438675	494.413436283	4.535
7588.6832428	7200	0.640773804017	0.0	438675	494.413436283	7.2
7589.17765624	7200	0.646360367734	0.0	438675	494.413436283	7.2
7589.67152259	7200	0.65249401553	0.0	438675	493.866352204	7.2
7590.16527007	7200	0.658746536134	0.0	438675	493.747479397	7.2
7590.65901755	7200	0.664999056737	0.0	438675	493.747479397	7.2
7591.13235539	6773	0.69166121625	0.0	420167	473.337840487	4.638
7591.57980735	6400	0.744209255586	0.0	396693	447.451960664	4.535
7592.06905562	7066	0.754960983384	0.0	434595	489.248272202	3.736
7592.56756697	7200	0.756449637546	0.0	442995	498.511345838	6.53
7593.09540477	7600	0.728611841678	0.0	469589	527.837795868	5.6
7593.65265282	8000	0.671363787018	0.0	496259	557.24805466	6.0
7594.22361236	8133	0.600404251615	0.0	508563	570.959535403	7.468
7594.70525823	6986	0.618758374651	0.0	427291	481.645876964	1.251
7595.17673807	6986	0.647278540329	0.0	418081	471.479834322	6.986
7595.65859808	7200	0.665418525225	0.0	427485	481.860015105	6.13
7596.13218618	7200	0.691830423645	0.0	419991	473.58810158	7.2
7596.59807856	7146	0.72593804946	0.0	413019	465.892374185	6.876
7597.07463369	7146	0.749382920451	0.0	422679	476.555129009	7.146
7597.5564937	7200	0.767522905346	0.0	427485	481.860015105	6.93
7598.01759556	6880	0.806421044198	0.0	408679	461.101861148	5.28
7598.48920344	7000	0.834813168514	0.0	418197	471.607875684	6.4
7598.96004312	6880	0.863973484977	0.0	418435	470.839683537	6.28
7599.44093856	7200	0.883078048082	0.0	438855	480.895436895	5.6
7599.94941462	7626	0.874601983621	0.0	464559	508.47606446	5.496
7600.48202374	8000	0.841992870042	0.0	487050	532.609113579	6.13
7601.01463285	8000	0.809383756463	0.0	487050	532.609113579	8.0
7601.5502206	8000	0.773796010719	0.0	487050	535.587745743	8.0
7602.09013392	8000	0.733882691374	0.0	487050	539.913319345	8.0
7602.63004724	8000	0.693969372029	0.0	487050	539.913319345	8.0
7603.16572604	7893	0.658290572013	0.0	483158	535.678800017	7.358
7603.71251011	8000	0.611506494816	0.0	493365	546.784077197	7.465
7604.25929419	8000	0.564722417619	0.0	493365	546.784077197	8.0
7604.80607827	8000	0.517938340422	0.0	493365	546.784077197	8.0
7605.28784846	6960	0.536168144733	0.0	432864	481.770195689	1.76
7605.78844746	7200	0.535569147384	0.0	449280	500.598997349	6.0
7606.29723403	7360	0.526782580408	0.0	456778	508.786566976	6.56
7606.74720397	6600	0.576812639576	0.0	402915	449.969940832	2.8
7607.16282062	6120	0.661195985017	0.0	371455	415.616654559	3.72
7607.56874607	6000	0.755270538839	0.0	362580	405.925446178	5.4
7607.97467151	6000	0.849345092661	0.0	362580	405.925446178	6.0
7608.38059696	6000	0.943419646483	0.0	362580	405.925446178	6.0
7608.89713112	7680	0.926885489957	0.0	467772	516.534156526	-0.72
7609.47359125	8666	0.850425354717	0.0	530195	576.46013524	3.736
7610.03418352	8533	0.789833090598	0.0	515343	560.59226412	7.868
7610.62060648	9000	0.703410128924	0.0	539520	586.422961674	6.665
7611.20702944	9000	0.61698716725	0.0	539520	586.422961674	9.0
7611.8012375	9000	0.522779110181	0.0	539520	594.208057069	9.0
7612.28082066	7200	0.543195948627	0.0	428730	479.583161554	-1.8
7612.76040382	7200	0.563612787073	0.0	428730	479.583161554	7.2
7613.24118523	7200	0.582831379586	0.0	429824	480.781407487	7.2
7613.72115612	7200	0.602860485802	0.0	429084	479.970893785	7.2
7614.25355411	7946	0.570462498949	0.0	476950	532.397986852	4.216
7614.76305508	7626	0.560961524184	0.0	456045	509.500974765	6.026
7615.23265369	7200	0.591362921774	0.0	427635	469.598602411	5.07
7615.73772597	7800	0.586290637325	0.0	462222	505.072284449	4.8
7616.23629043	7800	0.58772617639	0.0	456146	498.564460935	7.8
7616.72513921	7666	0.598877394701	0.0	447075	488.848781689	6.996
7617.18617016	7133	0.637846452431	0.0	421103	461.030942271	4.468
7617.7072902	8000	0.616726410892	0.0	476265	521.120041538	3.665
7618.21124912	7733	0.612767484026	0.0	454837	503.958926867	6.398
7618.72331297	8000	0.600703641615	0.0	462300	512.063842411	6.665
7619.23537681	8000	0.588639799204	0.0	462300	512.063842411	8.0
7619.75461485	8000	0.569401754451	0.0	468906	519.238044753	8.0
7620.27225863	8000	0.551757976885	0.0	467438	517.643777566	8.0
7620.78876682	7933	0.535249785807	0.0	465132	516.508191078	7.598
7621.30139785	7533	0.522618753044	0.0	455338	512.631032764	5.533
7621.78829452	7093	0.535722091817	0.0	432025	486.896661227	4.893
7622.28209916	7200	0.541917452334	0.0	438283	493.804639483	6.665
7622.82973591	8000	0.5	0.00571930213723	487050	547.636754471	3.71403489314
7623.37737266	8000	0.5	0.0476367544715	487050	547.636754471	5.61816227643
7623.92500942	8000	0.5	0.0476367544715	487050	547.636754471	5.61816227643
7624.42267648	7253	0.502332941867	0.0	441782	497.667058133	3.518
7624.91711253	7200	0.507896892419	0.0	438855	494.436049448	6.935
7625.40676805	7200	0.518241370555	0.0	438855	489.655521864	7.2
7625.88302979	7200	0.54197962653	0.0	438855	476.261744025	7.2
7626.35929154	7200	0.565717882505	0.0	438855	476.261744025	7.2
7626.8101554	6826	0.614854019309	0.0	414950	450.863863196	4.956
7627.22900797	6400	0.696001450934	0.0	387630	418.852568375	4.27
7627.64041554	6400	0.784593875557	0.0	387630	411.407575377	6.4
7628.05182312	6400	0.87318630018	0.0	387630	411.407575377	6.4
7628.50979596	7133	0.915213457816	0.0	432597	457.972842364	3.468
7629.02074719	7933	0.904262229992	0.0	483757	510.951227825	3.933
7629.53923225	8000	0.885777169568	0.0	488565	518.485060423	7.665
7630.05872769	8000	0.866281725731	0.0	488565	519.495443837	8.0
7630.58233192	8000	0.842677498544	0.0	488565	523.604227186	8.0
7631.04659246	6933	0.878416957744	0.0	419059	464.260540801	1.598
7631.50187313	6866	0.923136284504	0.0	410775	455.28067324	6.531
7631.96039931	6866	0.964610111086	0.0	413769	458.526173418	6.866

