7334.06388447	3066	0.5	0.198705972853	181435	198.705972853	-6.86929864264
7334.26570442	3120	0.798180043171	0.0	184429	201.819956829	2.85
7334.47188853	3146	1.09199593245	0.0	188625	206.184110725	3.016
7334.68203533	3200	1.3818491367	0.0	192435	210.146795745	2.93
7334.99500912	4800	1.56887534503	0.0	291300	312.973791672	-3.2
7335.41052285	6400	1.65336161808	0.0	389889	415.513726953	-1.6
7335.84521244	6666	1.71867203188	0.0	408326	434.689586194	5.336
7336.27061104	6453	1.7932734304	0.0	395340	425.398601479	5.388
7336.71883097	6773	1.84505349717	0.0	413791	448.219933233	5.173
7337.19340398	7200	1.87048049	0.0	438675	474.573007172	5.065
7337.67412787	7413	1.88975659658	0.0	444483	480.723893422	6.348
7338.22651939	9000	1.83736508104	0.0	536970	552.391515531	1.065
7338.77575031	9000	1.78813415741	0.0	536970	549.230923639	9.0
7339.32525049	9000	1.73863397611	0.0	536970	549.500181298	9.0
7339.87580371	9000	1.68808075297	0.0	536970	550.553223137	9.0
7340.42625826	9000	1.63762620259	0.0	536970	550.45455038	9.0
7340.99161214	9400	1.57227232478	0.0	553424	565.35387781	7.4
7341.52639579	9000	1.5374886798	0.0	522960	534.78364498	7.0
7342.06087442	9000	1.50301004392	0.0	522960	534.478635883	9.0
7342.60288695	9000	1.46099751474	0.0	532300	542.012529177	9.0
7343.11606798	8400	1.44781648882	0.0	503004	513.181025919	5.4
7343.60878712	8000	1.45509734923	0.0	481782	492.719139591	6.0
7344.10482212	8000	1.45906234796	0.0	481782	496.035001275	8.0
7344.64231988	8533	1.42156458759	0.0	510552	537.497760367	5.868
7345.20711248	9000	1.35677198589	0.0	536970	564.792601703	6.665
7345.7714514	9000	1.29243307104	0.0	536970	564.33891485	9.0
7346.33452855	9000	1.22935591922	0.0	536970	563.077151819	9.0
7346.8976057	9000	1.1662787674	0.0	536970	563.077151819	9.0
7347.45569859	9000	1.10818587407	0.0	536970	558.092893331	9.0
7348.04439378	9533	1.01949068216	0.0	573990	588.695191903	6.868
7348.64760183	9666	0.916282634082	0.0	586715	603.208048083	9.001
7349.22661288	9000	0.837271584263	0.0	551265	579.01104982	5.67
7349.80562393	9000	0.758260534443	0.0	551265	579.01104982	9.0
7350.37487227	9000	0.68901220034	0.0	551265	569.248334103	9.0
7350.94253381	9000	0.62135066002	0.0	551265	567.66154032	9.0
7351.51340478	9000	0.550479683554	0.0	551265	570.870976466	9.0
7352.09024388	9000	0.5	0.0263594139274	551265	576.839097481	7.68202930363
7352.64298076	8466	0.5	0.0527368808612	527825	552.736880861	3.15915595694
7353.17933529	8000	0.5	0.0363545295334	498375	536.354529533	3.85227352333
7353.6521244	7066	0.527210888299	0.0	434595	472.789111701	2.396
7354.13385846	7200	0.545476831215	0.0	442995	481.734057083	6.53
7354.64391179	7600	0.535423503002	0.0	469589	510.053328213	5.6
7355.07565008	6400	0.603685208686	0.0	394883	431.738294316	0.4
7355.51932389	6506	0.660011400585	0.0	404859	443.673808101	5.976
7355.98702624	6986	0.692309052022	0.0	427291	467.702348564	4.586
7356.44486309	6986	0.734472201749	0.0	418081	457.836850273	6.986
7356.9123284	7200	0.767006891592	0.0	427485	467.465310157	6.13
7357.37129146	7200	0.808043831845	0.0	419991	458.963059747	7.2
7357.82280157	7146	0.856533718595	0.0	413019	451.51011325	6.876
7358.28463806	7146	0.894697233692	0.0	422679	461.836484903	7.146
7358.75161207	7200	0.927723218544	0.0	427485	466.974015148	6.93
7359.21295271	6880	0.966382581508	0.0	408679	461.340637036	5.28
7359.68687417	7000	0.992461124887	0.0	418197	473.921456621	6.4
7360.16105965	6880	1.01827564603	0.0	418435	474.185478856	6.28
7360.65789779	7200	1.02143750313	0.0	438855	496.838142898	5.6
7361.18325033	7626	0.996084958839	0.0	464559	525.352544294	5.496
7361.73355298	8000	0.945782313322	0.0	487050	550.302645517	6.13
7362.29362472	8000	0.885710576161	0.0	487050	560.071737161	8.0
7362.85518941	8000	0.824145881697	0.0	487050	561.564694464	8.0
7363.4167541	8000	0.762581187233	0.0	487050	561.564694464	8.0
7363.9783188	8000	0.701016492769	0.0	487050	561.564694464	8.0
7364.53547596	7893	0.643859333037	0.0	483158	557.157159733	7.358
7365.10419214	8000	0.575143153005	0.0	493365	568.716180031	7.465
7365.67290832	8000	0.506426972974	0.0	493365	568.716180031	8.0
7366.2416245	8000	0.5	0.0622892070569	493365	568.716180031	4.88553964716
7366.74091605	6960	0.500708451681	0.0	432864	499.291548319	1.76
7367.25536792	7200	0.5	0.0137434166164	449280	514.451868298	5.31282916918
7367.77823854	7360	0.5	0.0228706274424	456778	522.870627442	5.41646862788
7368.24063176	6600	0.537606783041	0.0	402915	462.393216959	2.8
7368.66770167	6120	0.61053687399	0.0	371455	427.069909051	3.72
7369.08480672	6000	0.693431820555	0.0	362580	417.105053435	5.4
7369.50191178	6000	0.77632676712	0.0	362580	417.105053435	6.0
7369.91083321	6000	0.867405333247	0.0	362580	408.921433873	6.0
7370.29929021	5760	0.978948335293	0.0	348294	388.456997954	4.56
7370.76759725	6933	1.01064129412	0.0	421780	468.307041169	1.068
7371.22271077	6826	1.05552777587	0.0	409638	455.113518257	6.291
7371.69856969	7200	1.07966884998	0.0	428730	475.858925887	5.33
7372.17442862	7200	1.10380992409	0.0	428730	475.858925887	7.2
7372.65071288	7200	1.12752565919	0.0	428730	476.284264906	7.2
7373.1272668	7200	1.15097174307	0.0	428730	476.55391612	7.2
7373.60382072	7200	1.17441782695	0.0	428730	476.55391612	7.2
7374.08319096	7200	1.19504757917	0.0	429824	479.370247774	7.2
7374.568918	7200	1.20932054207	0.0	429084	485.727037101	7.2
7375.10771425	7946	1.17052429158	0.0	476950	538.79625049	4.216
7375.62333305	7626	1.15490549285	0.0	456045	515.618798731	6.026
7376.10745358	7200	1.17078496748	0.0	427635	484.120525376	5.07
7376.62992084	7800	1.14831770572	0.0	462222	522.467261755	4.8
7377.1301494	7800	1.14808914483	0.0	456146	500.228560889	7.8
7377.61876541	7666	1.15947313443	0.0	447075	488.616010406	6.996
7378.0795771	7133	1.19866144102	0.0	421103	460.811693407	4.468
7378.59944246	8000	1.17879608466	0.0	476265	519.865356363	3.665
7379.08704979	7733	1.19118875678	0.0	454837	487.607327876	6.398
7379.57612725	8000	1.20211128882	0.0	462300	489.077467961	6.665
7380.06520472	8000	1.21303382086	0.0	462300	489.077467961	8.0
7380.56124403	8000	1.21699451358	0.0	468906	496.039307278	8.0
7381.0578132	8000	1.22042534161	0.0	467438	496.569171969	8.0
7381.55198199	7933	1.22625654897	0.0	465132	494.168792645	7.598
7382.03595594	7533	1.24228260242	0.0	455338	483.973946547	5.533
7382.6149904	8866	1.16324813928	0.0	543071	579.034463136	2.201
7383.20316422	9000	1.07507432694	0.0	551023	588.173812342	8.33
7383.85584001	10000	0.922398532836	0.0	612540	652.675794107	5.0
7384.50712884	10000	0.771109707515	0.0	612540	651.288825321	10.0
7385.15522524	10000	0.623013302101	0.0	612540	648.096405414	10.0
7385.73936003	9066	0.53887851396	0.0	555398	584.134788141	4.396
7386.20302015	7200	0.575218395541	0.0	438855	463.660118419	-2.13
7386.66735437	7200	0.610884173267	0.0	438855	464.334222274	7.2
7387.13838319	7200	0.639855347984	0.0	438855	471.028825283	7.2
7387.60941202	7200	0.668826522701	0.0	438855	471.028825283	7.2
7388.16737822	8533	0.610860322966	0.0	521611	557.966199735	1.868
7388.68530436	8000	0.592934187493	0.0	487275	517.926135473	5.335
7389.19401427	8000	0.584224276813	0.0	487275	508.70991068	8.0
7389.70272418	8000	0.575514366133	0.0	487275	508.70991068	8.0
7390.15514616	7133	0.623092381517	0.0	432597	452.421984616	2.798
7390.65975036	7933	0.618488184529	0.0	483757	504.604196988	3.933
7391.18038586	8000	0.597852683373	0.0	488565	520.635501157	7.665
7391.73131338	8000	0.546925159825	0.0	488565	550.927523548	8.0
7392.28224091	8000	0.5	0.00400236372333	488565	550.927523548	7.79988181383
7392.75621304	6933	0.526027863047	0.0	419059	473.972136953	1.598
7393.22101333	6866	0.561227573453	0.0	410775	464.800289594	6.531
7393.68912851	6866	0.593112398418	0.0	413769	468.115175035	6.866

