872.960593481	3066	0.5	0.19873753856	181435	198.73753856	-6.870876928
873.162445524	3120	0.798147956573	0.0	184429	201.852043427	2.85
873.368662452	3146	1.09193102924	0.0	188625	206.216927334	3.016
873.578842727	3200	1.38175075403	0.0	192435	210.18027521	2.93
873.891867198	4800	1.56872628255	0.0	291300	313.024471478	-3.2
874.30568714	6400	1.65490634112	0.0	389889	413.819941431	-1.6
874.730549118	6666	1.73004436313	0.0	408326	424.861977993	5.336
875.141216186	6453	1.81937729466	0.0	395340	410.667068472	5.388
875.567437249	6773	1.89315623215	0.0	413791	426.221062505	5.173
876.018688447	7200	1.94190503385	0.0	438675	451.251198297	5.065
876.460117486	7413	2.00047599513	0.0	444483	441.429038719	6.348
876.834859341	6400	2.1257341399	0.0	383025	374.74185523	1.335
877.204560849	6400	2.25603263237	0.0	383025	369.701507539	6.4
877.570005769	6400	2.39058771179	0.0	383025	365.444920574	6.4
877.93413998	6400	2.52645350081	0.0	383025	364.13421098	6.4
878.290892159	6400	2.66970132234	0.0	383025	356.752178477	6.4
878.658641315	6400	2.80195216558	0.0	383025	367.749156759	6.4
879.03090776	6400	2.92968572075	0.0	383025	372.266444821	6.4
879.437554972	6400	3.02303850908	0.0	383025	406.647211678	6.4
879.845273587	6400	3.11531989418	0.0	383025	407.7186149	6.4
880.252483172	6400	3.20811030875	0.0	383025	407.209585423	6.4
880.653699706	6400	3.30689377545	0.0	383025	401.216533298	6.4
881.054916239	6400	3.40567724216	0.0	383025	401.216533298	6.4
881.44569861	6400	3.51489487142	0.0	383025	390.782370738	6.4
881.816515148	6400	3.64407833255	0.0	383025	370.816538866	6.4
882.190946734	6400	3.76964674663	0.0	383025	374.431585918	6.4
882.575425045	6400	3.88516843582	0.0	383025	384.478310813	6.4
882.956040909	6400	4.0045525716	0.0	383025	380.615864218	6.4
883.3282665	6400	4.13232698068	0.0	383025	372.22559092	6.4
883.703019931	6400	4.25757354985	0.0	383025	374.753430837	6.4
884.090861267	6400	4.36973221445	0.0	383025	387.841335394	6.4
884.478702602	6400	4.48189087906	0.0	383025	387.841335394	6.4
884.857871969	6400	4.60272151227	0.0	383025	379.169366787	6.4
885.236475244	6400	4.72411823667	0.0	383025	378.603275603	6.4
885.605434815	6400	4.85515866644	0.0	383025	368.959570227	6.4
885.970533544	6400	4.99005993727	0.0	383025	365.098729174	6.4
886.343997328	6400	5.11659615262	0.0	383025	373.463784644	6.4
886.717492379	6400	5.24310110207	0.0	383025	373.49505055	6.4
887.088361852	6400	5.37223162915	0.0	383025	370.869472921	6.4
887.460264276	6400	5.50032920523	0.0	383025	371.902423919	6.4
887.847151478	6400	5.61344200288	0.0	383025	386.887202353	6.4
888.234038681	6400	5.72655480053	0.0	383025	386.887202353	6.4
888.654902746	6400	5.80569073483	0.0	383025	420.864065693	6.4
889.081923597	6400	5.87866988422	0.0	383025	427.020850617	6.4
889.511637391	6400	5.94895609008	0.0	383025	429.713794133	6.4
889.948249399	6400	6.01234408245	0.0	383025	436.612007637	6.4
890.384861406	6400	6.07573207481	0.0	383025	436.612007637	6.4
890.821473414	6400	6.13912006717	0.0	383025	436.612007637	6.4
891.258085422	6400	6.20250805954	0.0	383025	436.612007637	6.4
891.690949749	6400	6.2696437317	0.0	383025	432.864327838	6.4
892.123689072	6400	6.33690440929	0.0	383025	432.739322404	6.4
892.535809533	6400	6.42478394849	0.0	383025	412.120460805	6.4
892.929735538	6400	6.53085794297	0.0	383025	393.926005522	6.4
893.36210299	6400	6.59849049084	0.0	383025	432.36745213	6.4
893.829162081	6400	6.63143140043	0.0	383025	467.059090412	6.4
894.296221171	6400	6.66437231001	0.0	383025	467.059090412	6.4
894.763280261	6400	6.6973132196	0.0	383025	467.059090412	6.4
895.230339352	6400	6.73025412919	0.0	383025	467.059090412	6.4
895.697398442	6400	6.76319503878	0.0	383025	467.059090412	6.4
896.164457533	6400	6.79613594837	0.0	383025	467.059090412	6.4
896.631516623	6400	6.82907685796	0.0	383025	467.059090412	6.4
897.09984854	6400	6.86074494069	0.0	383025	468.331917262	6.4
897.569173748	6400	6.89141973277	0.0	383025	469.325207923	6.4
898.038498956	6400	6.92209452485	0.0	383025	469.325207923	6.4
898.507824164	6400	6.95276931692	0.0	383025	469.325207923	6.4
898.977149372	6400	6.983444109	0.0	383025	469.325207923	6.4
899.44647458	6400	7.01411890108	0.0	383025	469.325207923	6.4
899.915799788	6400	7.04479369315	0.0	383025	469.325207923	6.4
900.385124996	6400	7.07546848523	0.0	383025	469.325207923	6.4
900.854450204	6400	7.10614327731	0.0	383025	469.325207923	6.4
901.323775412	6400	7.13681806938	0.0	383025	469.325207923	6.4
901.794662369	6400	7.16593111223	0.0	383025	470.886957154	6.4
902.265577292	6400	7.19501618888	0.0	383025	470.914923348	6.4
902.736492216	6400	7.22410126553	0.0	383025	470.914923348	6.4
903.207407139	6400	7.25318634219	0.0	383025	470.914923348	6.4
903.678322062	6400	7.28227141884	0.0	383025	470.914923348	6.4
904.149236986	6400	7.31135649549	0.0	383025	470.914923348	6.4
904.620151909	6400	7.34044157214	0.0	383025	470.914923348	6.4
905.091066832	6400	7.36952664879	0.0	383025	470.914923348	6.4
905.561979893	6400	7.39861358804	0.0	383025	470.913060758	6.4
906.026071241	6400	7.4345222403	0.0	383025	464.091347732	6.4
906.490162588	6400	7.47043089257	0.0	383025	464.091347732	6.4
906.954253936	6400	7.50633954484	0.0	383025	464.091347732	6.4
907.418345284	6400	7.54224819711	0.0	383025	464.091347732	6.4
907.882436632	6400	7.57815684937	0.0	383025	464.091347732	6.4
908.346527979	6400	7.61406550164	0.0	383025	464.091347732	6.4
908.810619327	6400	7.64997415391	0.0	383025	464.091347732	6.4
909.262733616	6400	7.69785986464	0.0	383025	452.11428927	6.4
909.714260289	6400	7.74633319233	0.0	383025	451.526672308	6.4
910.165786961	6400	7.79480652002	0.0	383025	451.526672308	6.4
910.6017856	6400	7.8588078812	0.0	383025	435.99863882	6.4
911.03157865	6400	7.92901483105	0.0	383025	429.793050153	6.4
911.4613717	6400	7.9992217809	0.0	383025	429.793050153	6.4
911.89116475	6400	8.06942873075	0.0	383025	429.793050153	6.4
912.320989406	6400	8.13960407504	0.0	383025	429.824655707	6.4
912.75082538	6400	8.2097681012	0.0	383025	429.835973836	6.4
913.180661354	6400	8.27993212737	0.0	383025	429.835973836	6.4
913.610497328	6400	8.35009615353	0.0	383025	429.835973836	6.4
914.043017184	6400	8.41757629697	0.0	383025	432.519856563	6.4
914.475830326	6400	8.48476315489	0.0	383025	432.81314208	6.4
914.908643468	6400	8.55195001281	0.0	383025	432.81314208	6.4
915.349728572	6400	8.61086490876	0.0	383025	441.085104044	6.4
915.797774654	6400	8.66281882725	0.0	383025	448.046081512	6.4
916.245820735	6400	8.71477274574	0.0	383025	448.046081512	6.4
916.693866817	6400	8.76672666423	0.0	383025	448.046081512	6.4
917.139782678	6400	8.82081080283	0.0	383025	445.915861402	6.4
917.582919	6400	8.87767448091	0.0	383025	443.136321913	6.4
918.026055322	6400	8.934538159	0.0	383025	443.136321913	6.4
918.469191644	6400	8.99140183709	0.0	383025	443.136321913	6.4
918.912325103	6400	9.04826837777	0.0	383025	443.133459319	6.4
919.352834928	6400	9.10775855352	0.0	383025	440.509824243	6.4
919.793344752	6400	9.16724872928	0.0	383025	440.509824243	6.4
920.233854576	6400	9.22673890504	0.0	383025	440.509824243	6.4
920.6743644	6400	9.28622908079	0.0	383025	440.509824243	6.4
921.10395807	6400	9.35663541127	0.0	383025	429.593669519	6.4
921.533358418	6400	9.42723506323	0.0	383025	429.400348049	6.4
921.962758766	6400	9.49783471518	0.0	383025	429.400348049	6.4
922.392159114	6400	9.56843436713	0.0	383025	429.400348049	6.4
922.812584789	6400	9.64800869238	0.0	383025	420.425674753	6.4
923.231804057	6400	9.72878942431	0.0	383025	419.21926806	6.4

