3828.39617565	3066	0.5	0.192857095547	181435	192.857095547	-6.57685477734
3828.59205022	3120	0.804125437349	0.0	184429	195.874562651	2.85
3828.79215367	3146	1.10402198626	0.0	188625	200.103451084	3.016
3828.99609698	3200	1.40007867223	0.0	192435	203.943314033	2.93
3829.3049087	4800	1.59126695553	0.0	291300	308.811716697	-3.2
3829.724129	6400	1.67204665713	0.0	389889	419.220298404	-1.6
3830.18935616	6666	1.70681949502	0.0	408326	465.22716211	5.336
3830.64010572	6453	1.75606993151	0.0	395340	450.749563507	5.388
3831.09846423	6773	1.79771142264	0.0	413791	458.358508872	5.173
3831.58846789	7200	1.80770775836	0.0	438675	490.003664283	5.065
3832.09326797	7413	1.80290768178	0.0	444483	504.800076575	6.348
3832.70496594	9000	1.69120971018	0.0	536970	611.697971605	1.065
3833.32597947	9000	1.57019617924	0.0	536970	621.013530943	9.0
3833.92620643	9000	1.46996922672	0.0	536970	600.226952516	9.0
3834.53248377	9000	1.36369188214	0.0	536970	606.277344575	9.0
3835.14421831	9000	1.25195734273	0.0	536970	611.734539418	9.0
3835.78537911	9400	1.11079654018	0.0	553424	641.160802548	7.4
3836.39079506	9000	1.0053805942	0.0	522960	605.415945976	7.0
3836.99480831	9000	0.901367345444	0.0	522960	604.013248759	9.0
3837.60001021	9000	0.796165444041	0.0	532300	605.201901402	9.0
3838.15794767	8400	0.738227982881	0.0	503004	557.937461161	5.4
3838.6800192	8000	0.716156452791	0.0	481782	522.071530089	6.0
3839.17295837	8000	0.723217282324	0.0	481782	492.939170467	8.0
3839.6877766	8533	0.708399049221	0.0	510552	514.818233103	5.868
3840.11218657	7200	0.783989082251	0.0	427485	424.40996697	0.535
3840.52816815	7200	0.868007506132	0.0	427485	415.981576119	7.2
3840.96238292	7200	0.933792735343	0.0	427485	434.21477079	7.2
3841.41465265	7200	0.981522999125	0.0	427485	452.269736217	7.2
3841.87573859	7200	1.02043706311	0.0	427485	461.085936019	7.2
3842.3711218	7626	1.0250538529	0.0	456993	495.383210205	5.496
3842.86888431	7733	1.02729134625	0.0	467045	497.762506654	7.198
3843.4325648	9000	0.963610855445	0.0	551265	563.680490803	2.665
3843.97965075	9000	0.916524904504	0.0	551265	547.085950942	9.0
3844.51244902	9000	0.883726634174	0.0	551265	532.79827033	9.0
3845.05316897	9000	0.84300667909	0.0	551265	540.719955083	9.0
3845.60641032	9000	0.78976533166	0.0	551265	553.24134743	9.0
3846.16939956	9000	0.72677609382	0.0	551265	562.98923784	9.0
3846.72105682	8466	0.675118832253	0.0	527825	551.657261567	5.796
3847.25546789	8000	0.640707766868	0.0	498375	534.411065386	5.67
3847.74971127	7066	0.64646437857	0.0	434595	494.243388298	2.396
3848.21544248	7200	0.68073317728	0.0	442995	465.73120129	6.53
3848.70118312	7600	0.694992530444	0.0	469589	485.740646836	5.6
3849.21313336	8000	0.683042292886	0.0	496259	511.950237558	6.0
3849.76592784	8133	0.630247814129	0.0	508563	552.794478757	7.468
3850.23321121	6986	0.662964441533	0.0	427291	467.283372596	1.251
3850.69069986	6986	0.705475793551	0.0	418081	457.488647982	6.986
3851.16843652	7200	0.727739135955	0.0	427485	477.736657596	6.13
3851.63877249	7200	0.757403163388	0.0	419991	470.335972567	7.2
3852.10317698	7146	0.792998677241	0.0	413019	464.404486148	6.876
3852.55411161	7146	0.842064047361	0.0	422679	450.93462988	7.146
3852.9916454	7200	0.904530253001	0.0	427485	437.533794359	6.93
3853.43705595	6880	0.959119704797	0.0	408679	445.410548204	5.28
3853.89522758	7000	1.00094807527	0.0	418197	458.171629525	6.4
3854.35203107	6880	1.04414458392	0.0	418435	456.803491353	6.28
3854.82486482	7200	1.07131083199	0.0	438855	472.833751934	5.6
3855.3219225	7626	1.07425315132	0.0	464559	497.057680669	5.496
3855.84605813	8000	1.05011752439	0.0	487050	524.13562693	6.13
3856.35480873	8000	1.04136691857	0.0	487050	508.750605815	8.0
3856.85285014	8000	1.04332551712	0.0	487050	498.041401451	8.0
3857.34323319	8000	1.05294245835	0.0	487050	490.383058772	8.0
3857.83560592	8000	1.06056973385	0.0	487050	492.372724493	8.0
3858.33168148	7893	1.06449417051	0.0	483158	496.075563343	7.358
3858.85073878	8000	1.04543686912	0.0	493365	519.057301393	7.465
3859.37871687	8000	1.01745878754	0.0	493365	527.978081582	8.0
3859.91277453	8000	0.983401126281	0.0	493365	534.057661255	8.0
3860.54485206	9280	0.85132358837	0.0	581337	632.077537911	2.88
3861.20804246	9600	0.688133193738	0.0	603330	663.190394632	8.0
3861.88122866	9813	0.514946989962	0.0	613526	673.186203776	8.748
3862.47926698	8800	0.5	0.0830913289947	541560	598.038318957	-0.419566449735
3863.04353491	8160	0.5	0.0642679260558	499088	564.267926056	1.74660369721
3863.57008966	8000	0.5	0.0265547471744	487050	526.554747174	5.87226264128
3864.08146065	8000	0.5	0.011370991983	487050	511.370991983	7.43145040085
3864.58338485	8000	0.5	0.00192420548684	487050	501.924205487	7.90378972566
3865.08871813	7680	0.5	0.00533327586378	467772	505.333275864	5.81333620681
3865.55934336	6933	0.529374766942	0.0	421780	470.625233058	3.198
3866.02086475	6826	0.567853379974	0.0	409638	461.521386968	6.291
3866.50140344	7200	0.587314685131	0.0	428730	480.538694844	5.33
3866.97332348	7200	0.615394647015	0.0	428730	471.920038116	7.2
3867.42463111	7200	0.664087019775	0.0	428730	451.30762724	7.2
3867.91171732	7200	0.677000804189	0.0	428730	487.086215587	7.2
3868.40224148	7200	0.68647665008	0.0	428730	490.524154109	7.2
3868.89343074	7200	0.695287383956	0.0	429824	491.189266123	7.2
3869.38285317	7200	0.705864961714	0.0	429084	489.422422243	7.2
3869.90464641	7946	0.684071720319	0.0	476950	521.793241394	4.216
3870.39522165	7626	0.693496477902	0.0	456045	490.575242417	6.026
3870.86461106	7200	0.724107068617	0.0	427635	469.389409286	5.07
3871.37087804	7800	0.71784008453	0.0	462222	506.266984087	4.8
3871.86963362	7800	0.719084505472	0.0	456146	498.755579058	7.8
3872.34492412	7666	0.743794011013	0.0	447075	475.290494458	6.996
3872.7943018	7133	0.794416330535	0.0	421103	449.377680478	4.468
3873.33551216	8000	0.753205963795	0.0	476265	541.21036674	3.665
3873.85180431	7733	0.736913818358	0.0	454837	516.292145437	6.398
3874.33086896	8000	0.757849172679	0.0	462300	479.064645679	6.665
3874.8099336	8000	0.778784527	0.0	462300	479.064645679	8.0
3875.29570091	8000	0.793017218442	0.0	468906	485.767308559	8.0
3875.75371674	8000	0.83500138947	0.0	467438	458.015828972	8.0
3876.17599832	7933	0.912719811488	0.0	465132	422.281577982	7.598
3876.55181046	7533	1.03690766965	0.0	455338	375.812141834	5.533
3876.91663626	7093	1.1720818671	0.0	432025	364.825802557	4.893
3877.45486653	7200	1.13385160364	0.0	438283	538.230263461	6.665
3878.05121508	8000	1.03750305129	0.0	487050	596.348552343	4.0
3878.60313352	8000	0.985584611095	0.0	487050	551.918440198	8.0
3879.15500868	8000	0.933709449478	0.0	487050	551.875161616	8.0
3879.64428785	7253	0.944430281146	0.0	441782	489.279168332	3.518
3880.13807069	7200	0.950647442899	0.0	438855	493.782838248	6.935
3880.63246854	7200	0.956249587354	0.0	438855	494.397855544	7.2
3881.11586551	7200	0.97285261923	0.0	438855	483.396968124	7.2
3881.59458714	7200	0.994130988837	0.0	438855	478.721630394	7.2
3882.15448013	8533	0.934238002522	0.0	521611	559.892986314	1.868
3882.7169139	8000	0.871804224831	0.0	487275	562.433777691	5.335
3883.27659059	8000	0.812127537019	0.0	487275	559.676687812	8.0
3883.81869497	8000	0.770023158081	0.0	487275	542.104378939	8.0
3884.32985794	7133	0.758860193181	0.0	432597	511.162964899	2.798
3884.9063247	7933	0.682393423736	0.0	483757	576.466769446	3.933
3885.43981941	8000	0.648898718589	0.0	488565	533.494705147	7.665
3885.96464035	8000	0.624077774406	0.0	488565	524.820944183	8.0
3886.50407487	8000	0.584643257588	0.0	488565	539.434516818	8.0
3886.98040347	6933	0.608314659204	0.0	419059	476.328598384	1.598
3887.45071109	6866	0.638007036068	0.0	410775	470.307623136	6.531
3887.92330929	6866	0.665408835162	0.0	413769	472.598200906	6.866

