5174.85540223	3066	0.5	0.206707287442	181435	206.707287442	-7.26936437211
5175.06535554	3120	0.790046692669	0.0	184429	209.953307331	2.85
5175.27985805	3146	1.07554418712	0.0	188625	214.502505546	3.016
5175.49849126	3200	1.3569109749	0.0	192435	218.633212219	2.93
5175.82431143	4800	1.53109080332	0.0	291300	325.820171587	-3.2
5176.14899972	4800	1.70640251041	0.0	290256	324.688292908	4.8
5176.4885011	5000	1.86690113475	0.0	303919	339.501375656	4.0
5176.92711884	6453	1.92828339828	0.0	395340	438.617736475	-0.812
5177.38574068	6773	1.96966154925	0.0	413791	458.621849026	5.173
5177.86360013	7200	1.99180210703	0.0	438675	477.859442219	5.065
5178.33946294	7413	2.01593929377	0.0	444483	475.862813257	6.348
5178.7509116	6400	2.10449063534	0.0	383025	411.448658437	1.335
5179.16236026	6400	2.1930419769	0.0	383025	411.448658437	6.4
5179.57147737	6400	2.28392486628	0.0	383025	409.117110619	6.4
5179.98021389	6400	2.37518834452	0.0	383025	408.736521762	6.4
5180.38895041	6400	2.46645182276	0.0	383025	408.736521762	6.4
5180.79768693	6400	2.557715301	0.0	383025	408.736521762	6.4
5181.20642345	6400	2.64897877924	0.0	383025	408.736521762	6.4
5181.60476309	6400	2.75063913994	0.0	383025	398.33963929	6.4
5181.99126695	6400	2.86413528479	0.0	383025	386.503855153	6.4
5182.3777708	6400	2.97763142964	0.0	383025	386.503855153	6.4
5182.78042706	6400	3.0749751731	0.0	383025	402.656256543	6.4
5183.18683224	6400	3.16856999784	0.0	383025	406.405175259	6.4
5183.59323741	6400	3.26216482258	0.0	383025	406.405175259	6.4
5183.99964259	6400	3.35575964732	0.0	383025	406.405175259	6.4
5184.40671812	6400	3.4486841113	0.0	383025	407.07553602	6.4
5184.82023748	6400	3.53516475352	0.0	383025	413.519357778	6.4
5185.23375684	6400	3.62164539574	0.0	383025	413.519357778	6.4
5185.6472762	6400	3.70812603797	0.0	383025	413.519357778	6.4
5186.05977712	6400	3.79562511107	0.0	383025	412.500926899	6.4
5186.47205903	6400	3.8833431992	0.0	383025	412.281911866	6.4
5186.88434095	6400	3.97106128734	0.0	383025	412.281911866	6.4
5187.29802726	6400	4.05737497808	0.0	383025	413.686309251	6.4
5187.71440524	6400	4.14099699202	0.0	383025	416.377986066	6.4
5188.13078323	6400	4.22461900595	0.0	383025	416.377986066	6.4
5188.54716121	6400	4.30824101989	0.0	383025	416.377986066	6.4
5188.9635392	6400	4.39186303382	0.0	383025	416.377986066	6.4
5189.37699515	6400	4.47840708015	0.0	383025	413.455953673	6.4
5189.78775134	6400	4.56765089267	0.0	383025	410.75618748	6.4
5190.19850753	6400	4.65689470519	0.0	383025	410.75618748	6.4
5190.60926372	6400	4.74613851771	0.0	383025	410.75618748	6.4
5191.01990271	6400	4.835499524	0.0	383025	410.638993709	6.4
5191.43008139	6400	4.92532084759	0.0	383025	410.178676411	6.4
5191.84026006	6400	5.01514217118	0.0	383025	410.178676411	6.4
5192.25043874	6400	5.10496349477	0.0	383025	410.178676411	6.4
5192.66075103	6400	5.19465120376	0.0	383025	410.312291004	6.4
5193.09874206	6400	5.25666017666	0.0	383025	437.991027101	6.4
5193.53673308	6400	5.31866914956	0.0	383025	437.991027101	6.4
5193.97472411	6400	5.38067812246	0.0	383025	437.991027101	6.4
5194.41271514	6400	5.44268709536	0.0	383025	437.991027101	6.4
5194.85070617	6400	5.50469606826	0.0	383025	437.991027101	6.4
5195.28869719	6400	5.56670504116	0.0	383025	437.991027101	6.4
5195.72769839	6400	5.62770384706	0.0	383025	439.001194097	6.4
5196.17123275	6400	5.68416948846	0.0	383025	443.534358594	6.4
5196.6147671	6400	5.74063512987	0.0	383025	443.534358594	6.4
5197.05830146	6400	5.79710077128	0.0	383025	443.534358594	6.4
5197.50183582	6400	5.85356641268	0.0	383025	443.534358594	6.4
5197.94537018	6400	5.91003205409	0.0	383025	443.534358594	6.4
5198.38890454	6400	5.96649769549	0.0	383025	443.534358594	6.4
5198.8324389	6400	6.0229633369	0.0	383025	443.534358594	6.4
5199.27597326	6400	6.07942897831	0.0	383025	443.534358594	6.4
5199.71950761	6400	6.13589461971	0.0	383025	443.534358594	6.4
5200.16304197	6400	6.19236026112	0.0	383025	443.534358594	6.4
5200.59857644	6400	6.25682579809	0.0	383025	435.534463031	6.4
5201.01268949	6400	6.34271274281	0.0	383025	414.113055277	6.4
5201.42680255	6400	6.42859968753	0.0	383025	414.113055277	6.4
5201.8409156	6400	6.51448663226	0.0	383025	414.113055277	6.4
5202.25513386	6400	6.60026837007	0.0	383025	414.218262189	6.4
5202.6708614	6400	6.68454083454	0.0	383025	415.72753553	6.4
5203.08658893	6400	6.76881329901	0.0	383025	415.72753553	6.4
5203.50231647	6400	6.85308576348	0.0	383025	415.72753553	6.4
5203.91804401	6400	6.93735822795	0.0	383025	415.72753553	6.4
5204.32919463	6400	7.0262076037	0.0	383025	411.150624245	6.4
5204.73294758	6400	7.12245465637	0.0	383025	403.75294733	6.4
5205.13670052	6400	7.21870170905	0.0	383025	403.75294733	6.4
5205.54382649	6400	7.31157574597	0.0	383025	407.125963075	6.4
5205.96205367	6400	7.393348565	0.0	383025	418.227180968	6.4
5206.38028085	6400	7.47512138403	0.0	383025	418.227180968	6.4
5206.79850803	6400	7.55689420306	0.0	383025	418.227180968	6.4
5207.21673521	6400	7.6386670221	0.0	383025	418.227180968	6.4
5207.63307263	6400	7.72232960027	0.0	383025	416.337421821	6.4
5208.04715818	6400	7.80824405062	0.0	383025	414.085549652	6.4
5208.46124373	6400	7.89415850097	0.0	383025	414.085549652	6.4
5208.87532928	6400	7.98007295132	0.0	383025	414.085549652	6.4
5209.28332008	6400	8.07208215576	0.0	383025	407.990795555	6.4
5209.68513579	6400	8.17026644673	0.0	383025	401.815709037	6.4
5210.0869515	6400	8.26845073769	0.0	383025	401.815709037	6.4
5210.48891096	6400	8.36649127102	0.0	383025	401.959466672	6.4
5210.89631881	6400	8.45908342676	0.0	383025	407.407844261	6.4
5211.30372665	6400	8.55167558249	0.0	383025	407.407844261	6.4
5211.71260814	6400	8.64279409451	0.0	383025	408.881487989	6.4
5212.12810048	6400	8.72730175819	0.0	383025	415.492336317	6.4
5212.54359281	6400	8.81180942187	0.0	383025	415.492336317	6.4
5212.95908515	6400	8.89631708555	0.0	383025	415.492336317	6.4
5213.37457748	6400	8.98082474924	0.0	383025	415.492336317	6.4
5213.78884366	6400	9.06655856928	0.0	383025	414.266179956	6.4
5214.20081913	6400	9.15458310168	0.0	383025	411.975467599	6.4
5214.6127946	6400	9.24260763408	0.0	383025	411.975467599	6.4
5215.02413764	6400	9.33126459378	0.0	383025	411.343040304	6.4
5215.43508001	6400	9.42032222583	0.0	383025	410.942367955	6.4
5215.84602238	6400	9.50937985787	0.0	383025	410.942367955	6.4
5216.25757525	6400	9.59782698668	0.0	383025	411.552871192	6.4
5216.67129067	6400	9.68411156814	0.0	383025	413.715418536	6.4
5217.08500608	6400	9.77039614961	0.0	383025	413.715418536	6.4
5217.4987215	6400	9.85668073107	0.0	383025	413.715418536	6.4
5217.91243692	6400	9.94296531254	0.0	383025	413.715418536	6.4
5218.83982371	6400	9.51557852829	0.0	383025	427.386784242	6.4
5219.26816155	6400	9.58724068746	0.0	383025	428.337840836	6.4
5219.69649939	6400	9.65890284662	0.0	383025	428.337840836	6.4
5220.12483723	6400	9.73056500579	0.0	383025	428.337840836	6.4
5220.55317507	6400	9.80222716495	0.0	383025	428.337840836	6.4
5220.98310354	6400	9.87229869296	0.0	383025	429.928471987	6.4
5221.4140734	6400	9.94132883464	0.0	383025	430.969858326	6.4
5222.34504326	6400	9.51035897631	0.0	383025	430.969858326	6.4
5222.77601312	6400	9.57938911798	0.0	383025	430.969858326	6.4
5223.20698297	6400	9.64841925966	0.0	383025	430.969858326	6.4
5223.63334065	6400	9.72206158637	0.0	383025	426.357673288	6.4
5224.05503205	6400	9.80037018318	0.0	383025	421.691403187	6.4
5224.47672345	6400	9.87867877999	0.0	383025	421.691403187	6.4
5224.89841486	6400	9.95698737681	0.0	383025	421.691403187	6.4

