7393.89967831	3066	0.5	0.210549805543	181435	210.549805543	-7.46149027715
7394.11353755	3120	0.786140766189	0.0	184429	213.859233811	2.85
7394.33203484	3146	1.06764346925	0.0	188625	218.497296941	3.016
7394.55474354	3200	1.34493477561	0.0	192435	222.708693635	2.93
7394.886733	4800	1.51294531187	0.0	291300	331.989463746	-3.2
7395.21756848	4800	1.68210983714	0.0	290256	330.83547473	4.8
7395.5635064	5000	1.83617191804	0.0	303919	345.937919094	4.0
7396.01049683	6453	1.88918148002	0.0	395340	446.990438027	-0.812
7396.47788215	6773	1.92179616524	0.0	413791	467.385314771	5.173
7396.97277308	7200	1.9269052349	0.0	438675	494.890930342	5.065
7397.4740839	7413	1.92559441165	0.0	444483	501.310823255	6.348
7398.0776485	9000	1.82202980952	0.0	536970	603.564602127	1.065
7398.68279349	9000	1.71688482227	0.0	536970	605.144987251	9.0
7399.28793848	9000	1.61173983502	0.0	536970	605.144987251	9.0
7399.89308347	9000	1.50659484777	0.0	536970	605.144987251	9.0
7400.48491219	9000	1.41476612651	0.0	536970	591.828721256	9.0
7401.08554817	9400	1.31413014569	0.0	553424	600.63598082	7.4
7401.65367176	9000	1.24600655053	0.0	522960	568.123595164	7.0
7402.22211849	9000	1.17755982028	0.0	522960	568.446730248	9.0
7402.80830879	9000	1.09136952087	0.0	532300	586.190299415	9.0
7403.36278752	8400	1.03689079577	0.0	503004	554.478725093	5.4
7403.8942944	8000	1.00538391087	0.0	481782	531.506884901	6.0
7404.428372	8000	0.971306315123	0.0	481782	534.07759575	8.0
7404.99550743	8533	0.904170888299	0.0	510552	567.135426824	5.868
7405.59147126	9000	0.808207048882	0.0	536970	595.963839416	6.665
7406.1874351	9000	0.712243209466	0.0	536970	595.963839416	9.0
7406.78339894	9000	0.61627937005	0.0	536970	595.963839416	9.0
7407.37348792	9000	0.526190397377	0.0	536970	590.088972673	9.0
7407.96063024	9000	0.5	0.0609519224397	536970	587.142319817	5.95240387801
7408.46181224	7626	0.5	0.00118200301681	456993	501.182003017	0.696899849159
7408.99946061	7733	0.5	0.0376483726229	467045	537.648372623	5.31558136885
7409.50644482	7200	0.5	0.00698421329022	438675	506.98421329	4.18578933549
7410.01342904	7200	0.5	0.00698421329022	438675	506.98421329	6.85078933549
7410.52041325	7200	0.5	0.00698421329022	438675	506.98421329	6.85078933549
7411.02739746	7200	0.5	0.00698421329022	438675	506.98421329	6.85078933549
7411.53438168	7200	0.5	0.00698421329022	438675	506.98421329	6.85078933549
7412.02245095	7200	0.511930732834	0.0	438675	488.069267166	7.2
7412.48052547	6773	0.553856204737	0.0	420167	458.074528098	4.638
7412.91356686	6400	0.620814821727	0.0	396693	433.041383009	4.535
7413.38702769	7066	0.647353984635	0.0	434595	473.460837093	3.736
7413.87005733	7200	0.66432434739	0.0	442995	483.029637245	6.53
7414.3823636	7600	0.65201807392	0.0	469589	512.30627347	5.6
7414.92319803	8000	0.611183644309	0.0	496259	540.83442961	6.0
7415.47719371	8133	0.557187968612	0.0	508563	553.995675697	7.468
7415.94995019	6986	0.584431489505	0.0	427291	472.756479107	1.251
7416.41609248	6986	0.61828919681	0.0	418081	466.142292695	6.986
7416.8924949	7200	0.641886781985	0.0	427485	476.402414825	6.13
7417.36072107	7200	0.673660606552	0.0	419991	468.226175433	7.2
7417.82134053	7146	0.713041148632	0.0	413019	460.61945792	6.876
7418.28467036	7146	0.749711321657	0.0	422679	463.329826975	7.146
7418.74666112	7200	0.787720561443	0.0	427485	461.990760214	6.93
7419.18876781	6880	0.845613863212	0.0	408679	442.106698232	5.28
7419.63661094	7000	0.897770739528	0.0	418197	447.843123684	6.4
7420.07553278	6880	0.958848894698	0.0	418435	438.92184483	6.28
7420.5353864	7200	0.998995282518	0.0	438855	459.85361218	5.6
7421.02085453	7626	1.01352715074	0.0	464559	485.468131777	5.496
7421.52424654	8000	1.01013513537	0.0	487050	503.392015366	6.13
7422.02763856	8000	1.00674312001	0.0	487050	503.392015366	8.0
7422.52326706	8000	1.01111461808	0.0	487050	495.628501928	8.0
7423.01511815	8000	1.01926352644	0.0	487050	491.851091639	8.0
7423.51572428	8000	1.01865739485	0.0	487050	500.606131588	8.0
7424.03023844	7893	1.0041432395	0.0	483158	514.514155352	7.358
7424.55541076	8000	0.978970922672	0.0	493365	525.17231683	7.465
7425.08191335	8000	0.952468323937	0.0	493365	526.502598734	8.0
7425.60883638	8000	0.92554529398	0.0	493365	526.923029957	8.0
7426.07236951	6960	0.962012168527	0.0	432864	463.533125454	1.76
7426.55156997	7200	0.982811707151	0.0	449280	479.200461376	6.0
7427.03715272	7360	0.997228953922	0.0	456778	485.58275323	6.56
7427.6110078	8800	0.923373873688	0.0	541560	573.855080234	1.6
7428.14752767	8160	0.886854005451	0.0	499088	536.519868237	4.96
7428.67236162	8000	0.862020054901	0.0	487050	524.83395055	7.2
7429.19719557	8000	0.83718610435	0.0	487050	524.83395055	8.0
7429.71165411	8000	0.822727571847	0.0	487050	514.458532503	8.0
7430.20157314	7680	0.832808536761	0.0	467772	489.919035085	6.08
7430.75902148	8666	0.775360200298	0.0	530195	557.448336463	3.736
7431.30277612	8533	0.731605553984	0.0	515343	543.754646313	7.868
7431.87157154	9000	0.662810136604	0.0	539520	568.79541738	6.665
7432.44582362	9000	0.588558059012	0.0	539520	574.252077592	9.0
7433.02092576	9000	0.513455919205	0.0	539520	575.102139808	9.0
7433.59197569	9000	0.5	0.0575940150759	539520	571.049934281	6.1202992462
7434.16302563	9000	0.5	0.0710499342807	539520	571.049934281	5.44750328596
7434.73305389	9000	0.5	0.0700282607008	540862	570.028260701	5.49858696496
7435.30159777	9000	0.5	0.0685438789787	539793	568.543878979	5.57280605106
7435.80481681	7946	0.5	0.0032190433758	476950	503.219043376	2.51504783121
7436.28548768	7626	0.519329134657	0.0	456045	480.670865343	6.026
7436.7368374	7200	0.567979409299	0.0	427635	451.349725358	5.07
7437.22388337	7800	0.580933440765	0.0	462222	487.045968535	4.8
7437.72103085	7800	0.583785962509	0.0	456146	497.147478256	7.8
7438.20940009	7666	0.595416721044	0.0	447075	488.369241465	6.996
7438.66997935	7133	0.63483746099	0.0	421103	460.579260054	4.468
7439.18899259	8000	0.615824223578	0.0	476265	519.013237411	3.665
7439.68249682	7733	0.622319993843	0.0	454837	493.504229735	6.398
7440.18393442	8000	0.620882390028	0.0	462300	501.437603815	6.665
7440.68537202	8000	0.619444786213	0.0	462300	501.437603815	8.0
7441.18715449	8000	0.617662316799	0.0	468906	501.782469413	8.0
7441.68442814	8000	0.620388667935	0.0	467438	497.273648864	8.0
7442.18519898	7933	0.61961783048	0.0	465132	500.770837455	7.598
7442.67722691	7533	0.627589898815	0.0	455338	492.027931665	5.533
7443.14457534	7093	0.660241473739	0.0	432025	467.348425077	4.893
7443.61854858	7200	0.68626823194	0.0	438283	473.973241798	6.665
7444.14079986	8000	0.664016949664	0.0	487050	522.251282276	4.0
7444.66233773	8000	0.642479079113	0.0	487050	521.537870552	8.0
7445.1838756	8000	0.620941208561	0.0	487050	521.537870552	8.0
7445.66276909	7253	0.642047720548	0.0	441782	478.893488012	3.518
7446.14505196	7200	0.659764852581	0.0	438855	482.282867967	6.935
7446.62733483	7200	0.677481984614	0.0	438855	482.282867967	7.2
7447.10961769	7200	0.695199116647	0.0	438855	482.282867967	7.2
7447.5764291	7200	0.728387715102	0.0	438855	466.811401545	7.2
7448.12315283	8533	0.6816639754	0.0	521611	546.723739702	1.868
7448.64028721	8000	0.664529596648	0.0	487275	517.134378752	5.335
7449.1644508	8000	0.640366005612	0.0	487275	524.163591035	8.0
7449.6886144	8000	0.616202414577	0.0	487275	524.163591035	8.0
7450.15460754	7133	0.650209271703	0.0	432597	465.993142874	2.798
7450.67138096	7933	0.633435849243	0.0	483757	516.77342246	3.933
7451.19319114	8000	0.611625669454	0.0	488565	521.810179789	7.665
7451.71025871	8000	0.594558103552	0.0	488565	517.067565902	8.0
7452.21112076	8000	0.593696047892	0.0	488565	500.862055659	8.0
7452.64215003	6933	0.662666784268	0.0	419059	431.029263624	1.598
7453.06694811	6866	0.737868701878	0.0	410775	424.798082391	6.531
7453.50414545	6866	0.800671355828	0.0	413769	437.19734605	6.866

