2204.23293119	3066	0.5	0.193424187261	181435	193.424187261	-6.60520936303
2204.4293822	3120	0.803548987614	0.0	184429	196.451012386	2.85
2204.63007522	3146	1.10285597181	0.0	188625	200.693015802	3.016
2204.83462001	3200	1.39831118456	0.0	192435	204.544787254	2.93
2205.14487429	4800	1.58805690525	0.0	291300	310.254279311	-3.2
2205.57437754	6400	1.65855365264	0.0	389889	429.503252611	-1.6
2206.02193417	6666	1.71099701849	0.0	408326	447.556634141	5.336
2206.4543173	6453	1.77861389412	0.0	395340	432.383124374	5.388
2206.91221783	6773	1.82071335985	0.0	413791	457.900534273	5.173
2207.4163464	7200	1.81658479335	0.0	438675	504.128566495	5.065
2207.92603869	7413	1.8068925019	0.0	444483	509.692291448	6.348
2208.52511005	9000	1.70782114348	0.0	536970	599.071358419	1.065
2209.12418141	9000	1.60874978507	0.0	536970	599.071358419	9.0
2209.68287275	9000	1.55005844027	0.0	536970	558.691344792	9.0
2210.22594534	9000	1.50698585354	0.0	536970	543.072586733	9.0
2210.7708706	9000	1.46206058752	0.0	536970	544.925266019	9.0
2211.33185603	9400	1.40107515726	0.0	553424	560.985430266	7.4
2211.85489764	9000	1.37803355007	0.0	522960	523.041607189	7.0
2212.37594253	9000	1.35698866188	0.0	522960	521.044888191	9.0
2212.90438215	9000	1.32854904501	0.0	532300	528.439616869	9.0
2213.40499007	8400	1.32794112311	0.0	503004	500.607921894	5.4
2213.88957209	8000	1.34335910539	0.0	481782	484.582017721	6.0
2214.37558836	8000	1.35734282807	0.0	481782	486.016277317	8.0
2214.87968547	8533	1.35324571852	0.0	510552	504.097109551	5.868
2215.39423254	9000	1.33869865476	0.0	536970	514.54706376	6.665
2215.9135112	9000	1.31941999183	0.0	536970	519.278662937	9.0
2216.44379549	9000	1.28913569829	0.0	536970	530.284293541	9.0
2216.97437324	9000	1.25855794695	0.0	536970	530.577751331	9.0
2217.5057621	9000	1.22716909028	0.0	536970	531.388856679	9.0
2218.08084142	9533	1.15208977301	0.0	573990	575.079317261	6.868
2218.68256565	9666	1.05036554572	0.0	586715	601.724227289	9.001
2219.25728269	9000	0.975648504872	0.0	551265	574.717040853	5.67
2219.86613197	9000	0.866799218749	0.0	551265	608.849286123	9.0
2220.55061532	9000	0.682315870856	0.0	551265	684.483347892	9.0
2221.09734263	7200	0.635588557066	0.0	438675	546.72731379	-1.8
2221.65561844	7200	0.577312754376	0.0	438675	558.27580269	7.2
2222.22492123	7200	0.50800996124	0.0	438675	569.302793136	7.2
2222.63380449	5080	0.599126696765	0.0	312854	408.883264475	-5.52
2223.02040107	4800	0.712530120211	0.0	295374	386.596576554	3.4
2223.47131667	5653	0.761614519311	0.0	345821	450.915600901	1.388
2223.9309047	5760	0.802026489849	0.0	352623	459.588029461	5.225
2224.41654385	6080	0.816387344016	0.0	373673	485.639145834	4.48
2224.92633664	6400	0.80659455031	0.0	394883	509.792793706	4.8
2225.44875579	6506	0.784175401683	0.0	404859	522.419148626	5.976
2225.99956652	6986	0.73336467391	0.0	427291	550.810727774	4.586
2226.5387204	6986	0.694210795456	0.0	418081	539.153878454	6.986
2227.08977666	7200	0.6431545271	0.0	427485	551.056268356	6.13
2227.62582059	7200	0.607110602571	0.0	419991	536.043924529	7.2
2228.15058228	7146	0.582348910597	0.0	413019	524.761691973	6.876
2228.68738361	7146	0.545547583778	0.0	422679	536.801326819	7.146
2229.23017484	7200	0.502756351672	0.0	427485	542.791232106	6.93
2229.7493779	6880	0.5	0.0164467049254	408679	519.203056597	4.45766475373
2230.28026843	7000	0.5	0.0308905373245	418197	530.890537325	4.85547313377
2230.81145541	6880	0.5	0.0311869812203	418435	531.18698122	4.72065093898
2231.22858623	5400	0.582869184899	0.0	326865	417.130815101	-2.0
2231.66944252	5720	0.642012893636	0.0	345913	440.856291264	4.12
2232.11905716	6000	0.692398257032	0.0	362580	449.614636604	4.6
2232.56717549	6000	0.744279927899	0.0	362580	448.118329133	6.0
2233.00111668	6000	0.810338733206	0.0	362580	433.941194693	6.0
2233.41390099	6000	0.897554427746	0.0	362580	412.78430546	6.0
2233.82668529	6000	0.984770122286	0.0	362580	412.78430546	6.0
2234.21555538	5920	1.09590003463	0.0	359656	388.870087659	5.52
2234.59061798	6000	1.22083743782	0.0	367200	375.062596808	5.6
2234.97064356	6000	1.34081185622	0.0	367200	380.025581595	6.0
2235.358101	6000	1.45335441633	0.0	367200	387.45743989	6.0
2235.81419491	6960	1.49726050284	0.0	432864	456.093913498	2.16
2236.287294	7200	1.524161412	0.0	449280	473.099090832	6.0
2236.76351864	7360	1.54793677307	0.0	456778	476.224638931	6.56
2237.32398826	8800	1.48746715167	0.0	541560	560.4696214	1.6
2237.97440718	10200	1.33704823712	0.0	627772	650.418914551	3.2
2238.61666001	10000	1.1947954043	0.0	612540	642.252832821	9.0
2239.26536385	10000	1.04609156675	0.0	612540	648.703837555	10.0
2239.90528477	10000	0.906170639884	0.0	612540	639.920926861	10.0
2240.50297766	9600	0.808477754543	0.0	588186	597.692885341	7.6
2241.03200397	8666	0.779451440906	0.0	530195	529.026313637	3.996
2241.54691858	8533	0.764536833198	0.0	515343	514.914607708	7.868
2242.10206453	9000	0.709390887922	0.0	539520	555.145945276	6.665
2242.65568579	9000	0.655769623699	0.0	539520	553.621264223	9.0
2243.20748723	9000	0.603968181134	0.0	539520	551.801442565	9.0
2243.75795103	9000	0.553504385044	0.0	539520	550.463796091	9.0
2244.30125596	9000	0.51019945102	0.0	539520	543.304934023	9.0
2244.84273564	9000	0.5	0.0312802252349	540862	541.479676255	7.43598873826
2245.38349783	9000	0.5	0.0407621900433	539793	540.762190043	6.96189049784
2245.8686888	7946	0.514809029625	0.0	476950	485.190970375	2.676
2246.35081776	7626	0.53268006979	0.0	456045	482.128959835	6.026
2246.80360535	7200	0.579892479967	0.0	427635	452.787589823	5.07
2247.29226216	7800	0.591235667268	0.0	462222	488.6568127	4.8
2247.77105665	7800	0.61244118399	0.0	456146	478.794483277	7.8
2248.23814099	7666	0.645356834931	0.0	447075	467.084349059	6.996
2248.67297037	7133	0.710527461304	0.0	421103	434.829373627	4.468
2249.1792335	8000	0.704264328141	0.0	476265	506.263133163	3.665
2249.66978324	7733	0.713714592257	0.0	454837	490.549735885	6.398
2250.17365055	8000	0.709847278768	0.0	462300	503.867313489	6.665
2250.67848506	8000	0.705012771745	0.0	462300	504.834507023	8.0
2251.19780472	8000	0.68569310759	0.0	468906	519.319664155	8.0
2251.71863535	8000	0.664862477158	0.0	467438	520.830630432	8.0
2252.24276911	7933	0.64072871806	0.0	465132	524.133759098	7.598
2252.76238453	7533	0.621113302883	0.0	455338	519.615415177	5.533
2253.26450473	7093	0.618993096214	0.0	432025	502.120206668	4.893
2253.77955276	7200	0.603945066657	0.0	438283	515.048029558	6.665
2254.40366379	8000	0.5	0.0201659629612	487050	624.111029618	2.99170185194
2254.87083324	6000	0.532830557194	0.0	362580	467.169442806	-4.0
2255.33800268	6000	0.565661114387	0.0	362580	467.169442806	6.0
2255.76284694	5440	0.640816851834	0.0	329012	424.844262553	2.64
2256.1632652	5400	0.740398590093	0.0	326865	400.418261741	5.2
2256.52387273	5400	0.879791062726	0.0	326865	360.607527367	5.4
2256.88448026	5400	1.01918353536	0.0	326865	360.607527367	5.4
2257.25615202	5400	1.14751176766	0.0	326865	371.671767696	5.4
2257.74289575	6826	1.16076804166	0.0	414950	486.743726001	-0.304
2258.31273501	8000	1.09092878612	0.0	487275	569.839255542	2.13
2258.9083791	8000	0.995284687623	0.0	487275	595.644098497	8.0
2259.50482015	8000	0.898843645605	0.0	487275	596.441042017	8.0
2259.98412127	7133	0.919542520534	0.0	432597	479.301125072	2.798
2260.51651584	7933	0.887147950632	0.0	483757	532.394569902	3.933
2261.05410243	8000	0.849561366781	0.0	488565	537.586583851	7.665
2261.61325616	8000	0.790407633903	0.0	488565	559.153732878	8.0
2262.17913476	8000	0.724529036544	0.0	488565	565.878597358	8.0
2262.66329907	6933	0.740364725998	0.0	419059	484.164310546	1.598
2263.13678251	6866	0.766881278899	0.0	410775	473.483447099	6.531
2263.61269815	6866	0.790965643154	0.0	413769	475.915635745	6.866

