2024.72267555	3066	0.5	0.19234033432	181435	192.34033432	-6.55101671598
2024.91802482	3120	0.804650726055	0.0	184429	195.349273945	2.85
2025.11759104	3146	1.10508451468	0.0	188625	199.566211376	3.016
2025.32098626	3200	1.40168929196	0.0	192435	203.395222723	2.93
2025.61860258	4800	1.60407296611	0.0	291300	297.616325841	-3.2
2026.00991411	6400	1.7127614371	0.0	389889	391.311529017	-1.6
2026.4189586	6666	1.80371695083	0.0	408326	409.044486267	5.336
2026.81379824	6453	1.90887731376	0.0	395340	394.839637072	5.388
2027.33508871	8466	1.88758683913	0.0	520019	521.290474633	-1.599
2027.89752868	9000	1.82514687478	0.0	551265	562.439964351	6.33
2028.47037823	9266	1.75229732274	0.0	558332	572.849552034	7.936
2029.04537006	9000	1.67730549226	0.0	536970	574.991830486	7.67
2029.6167317	9000	1.60594385043	0.0	536970	571.36164183	9.0
2030.17581891	9000	1.5468566383	0.0	536970	559.087212127	9.0
2030.7180917	9000	1.50458385023	0.0	536970	542.272788069	9.0
2031.25040277	9000	1.47227278157	0.0	536970	532.311068658	9.0
2031.80383544	9400	1.41884011068	0.0	553424	553.432670896	7.4
2032.33140866	9000	1.39126689	0.0	522960	527.573220677	7.0
2032.86990755	9000	1.35276799995	0.0	522960	538.498890046	9.0
2033.42071157	9000	1.30196398382	0.0	532300	550.804016137	9.0
2033.93900381	8400	1.28367174224	0.0	503004	518.292241579	5.4
2034.42842606	8000	1.29424948869	0.0	481782	489.422253545	6.0
2034.91365675	8000	1.30901880147	0.0	481782	485.230687225	8.0
2035.42135018	8533	1.30132537155	0.0	510552	507.693429914	5.868
2035.95567047	9000	1.2670050843	0.0	536970	534.320287255	6.665
2036.48985462	9000	1.23282093554	0.0	536970	534.184148763	9.0
2037.03077987	9000	1.1918956855	0.0	536970	540.92525004	9.0
2037.56615	9000	1.15652555029	0.0	536970	535.370135209	9.0
2038.10295649	9000	1.11971906309	0.0	536970	536.806487196	9.0
2038.67695511	9533	1.04572043978	0.0	573990	573.998623307	6.868
2039.28805307	9666	0.93462248005	0.0	586715	611.097959734	9.001
2039.88615305	9000	0.836522498943	0.0	551265	598.099981107	5.67
2040.5019301	9000	0.720745447774	0.0	551265	615.77705117	9.0
2041.12171149	9000	0.600964061727	0.0	551265	619.781386047	9.0
2041.6110985	7200	0.611577054572	0.0	438675	489.387007154	-1.8
2042.10616032	7200	0.616515226469	0.0	438675	495.061828104	7.2
2042.60715051	7200	0.615525040618	0.0	438675	500.99018585	7.2
2043.06869343	6773	0.653982120881	0.0	420167	461.542919737	4.638
2043.48903494	6400	0.733640609326	0.0	396693	420.341511554	4.535
2043.9434332	7066	0.779242349117	0.0	434595	454.398260209	3.736
2044.40141468	7200	0.821260867014	0.0	442995	457.981482104	6.53
2044.87920657	7600	0.843468984666	0.0	469589	477.791882348	5.6
2045.37682788	8000	0.845847671573	0.0	496259	497.621313093	6.0
2045.87828227	8133	0.844393281051	0.0	508563	501.454390522	7.468
2046.41551172	8733	0.807163830641	0.0	536941	537.22945041	5.733
2046.94280665	8733	0.779868898728	0.0	525223	527.294931913	8.733
2047.48450061	9000	0.738174943219	0.0	536970	541.693955509	7.665
2048.02271421	9000	0.699961341792	0.0	527946	538.213601427	9.0
2048.55786806	8933	0.664807487509	0.0	519390	535.153854283	8.598
2049.10931142	8933	0.613364131211	0.0	530998	551.443356298	8.933
2049.66039798	9000	0.562277572125	0.0	536970	551.086559086	8.665
2050.19022496	8600	0.532450588187	0.0	513386	529.826983939	6.6
2050.62772113	7000	0.594954418283	0.0	418197	437.496169903	-1.0
2051.06818483	6880	0.654490721229	0.0	418435	440.463697054	6.28
2051.52575098	7200	0.696924568917	0.0	438855	457.566152312	5.6
2052.00870653	7626	0.713969025497	0.0	464559	482.955543419	5.496
2052.51530069	8000	0.70737486164	0.0	487050	506.594163858	6.13
2053.02303159	8000	0.699643965076	0.0	487050	507.730896564	8.0
2053.58210942	8000	0.640566129831	0.0	487050	559.077835245	8.0
2054.16074775	8000	0.561927802636	0.0	487050	578.638327195	8.0
2054.74491027	8000	0.5	0.0222347215966	487050	584.162524233	6.88826392017
2055.17928314	5920	0.56562712815	0.0	359656	434.37287185	-4.48
2055.62642953	6000	0.618480745228	0.0	367200	447.146382922	5.6
2056.07760905	6000	0.667301225039	0.0	367200	451.179520189	6.0
2056.52878857	6000	0.71612170485	0.0	367200	451.179520189	6.0
2057.02414245	6960	0.72076782512	0.0	432864	495.353879729	2.16
2057.54449667	7200	0.700413607067	0.0	449280	520.354218053	6.0
2058.11211754	7360	0.632792729229	0.0	456778	567.620877838	6.56
2058.61398409	6600	0.630926185757	0.0	402915	501.866543472	2.8
2059.07908931	6120	0.665820963693	0.0	371455	465.105222064	3.72
2059.53416544	6000	0.710744834757	0.0	362580	455.076128936	5.4
2059.98924157	6000	0.755668705821	0.0	362580	455.076128936	6.0
2060.44988997	6000	0.795020306476	0.0	362580	460.648399346	6.0
2060.89806607	5760	0.846844204211	0.0	348294	448.176102265	4.56
2061.43869225	6933	0.806218019398	0.0	421780	540.626184813	1.068
2061.94125452	6826	0.803655754798	0.0	409638	502.5622646	6.291
2062.44217704	7200	0.80273323534	0.0	428730	500.922519458	5.33
2062.92877473	7200	0.81613554545	0.0	428730	486.59768989	7.2
2063.40391534	7200	0.840994933052	0.0	428730	475.140612398	7.2
2063.86403413	7200	0.880876137822	0.0	428730	460.11879523	7.2
2064.3193169	7200	0.925593376888	0.0	428730	455.282760934	7.2
2064.77186288	7200	0.973047394132	0.0	429824	452.545982756	7.2
2065.24033987	7200	1.00457039886	0.0	429084	468.476995269	7.2
2065.77048554	7946	0.974424727618	0.0	476950	530.145671244	4.216
2066.29935977	7626	0.945550504971	0.0	456045	528.874222647	6.026
2066.79737379	7200	0.947536484479	0.0	427635	498.014020492	5.07
2067.28957518	7800	0.955335090947	0.0	462222	492.201393532	4.8
2067.77451306	7800	0.970397213555	0.0	456146	484.937877392	7.8
2068.25883272	7666	0.986077549792	0.0	447075	484.319663763	6.996
2068.71546969	7133	1.02944058038	0.0	421103	456.636969408	4.468
2069.23051352	8000	1.01439674852	0.0	476265	515.043831861	3.665
2069.72110366	7733	1.02380660749	0.0	454837	490.590141034	6.398
2070.2238944	8000	1.02101586982	0.0	462300	502.790737668	6.665
2070.74234033	8000	1.00256994463	0.0	462300	518.445925195	8.0
2071.26805165	8000	0.97685862081	0.0	468906	525.711323815	8.0
2071.79214844	8000	0.952761830022	0.0	467438	524.096790788	8.0
2072.3180065	7933	0.926903769116	0.0	465132	525.858060905	7.598
2072.84493147	7533	0.899978801174	0.0	455338	526.924967942	5.533
2073.34513415	7093	0.899776126881	0.0	432025	500.202674293	4.893
2073.8442338	7200	0.900676476859	0.0	438283	499.099650022	6.665
2074.41627073	8000	0.82863954078	0.0	487050	572.036936078	4.0
2074.99794859	8000	0.746961679667	0.0	487050	581.677861113	8.0
2075.54933596	8000	0.695574316504	0.0	487050	551.387363163	8.0
2076.02571578	7253	0.719194495569	0.0	441782	476.379820935	3.518
2076.50134926	7200	0.743561013145	0.0	438855	475.633482424	6.935
2076.97787874	7200	0.767031529614	0.0	438855	476.529483531	7.2
2077.46087723	7200	0.784033042133	0.0	438855	482.998487481	7.2
2077.94828709	7200	0.796623181264	0.0	438855	487.409860869	7.2
2078.40658236	6826	0.838327911123	0.0	414950	458.295270141	4.956
2078.93338259	8000	0.811527682025	0.0	487275	526.800229099	2.13
2079.47201996	8000	0.772890315402	0.0	487275	538.637366622	8.0
2080.01698422	8000	0.72792605304	0.0	487275	544.964262362	8.0
2080.51793618	7133	0.726974090668	0.0	432597	500.951962372	2.798
2081.07312779	7933	0.671782479106	0.0	483757	555.191611562	3.933
2081.61772268	8000	0.627187591255	0.0	488565	544.594887851	7.665
2082.13822438	8000	0.606685887661	0.0	488565	520.501703594	8.0
2082.66393074	8000	0.580979531431	0.0	488565	525.70635623	8.0
2083.12952967	6933	0.615380605377	0.0	419059	465.598926054	1.598
2083.58787997	6866	0.657030298126	0.0	410775	458.350307251	6.531
2084.05023154	6866	0.694678730609	0.0	413769	462.351567517	6.866

