59.7073086255	3066	0.5	0.181079935971	181435	181.079935971	-5.98799679855
59.8912116845	3120	0.816096940992	0.0	184429	183.903059008	2.85
60.0790712646	3146	1.12823736085	0.0	188625	187.859580139	3.016
60.2705233961	3200	1.43678522935	0.0	192435	191.452131499	2.93
60.5533154419	4800	1.65399318356	0.0	291300	282.792045795	-3.2
60.9272267747	6400	1.78008185079	0.0	389889	373.911332771	-1.6
61.3202853708	6666	1.88702325471	0.0	408326	393.058596081	5.336
61.8057698157	8066	1.90153880976	0.0	497055	485.484444945	1.066
62.3249776177	8466	1.88233100784	0.0	520019	519.207801917	6.466
62.8834873656	9000	1.82382125989	0.0	551265	558.509747953	6.33
63.4604757657	9266	1.74683285983	0.0	558332	576.988400057	7.936
64.0134475955	9000	1.69386103002	0.0	536970	552.971829815	7.67
64.5272391411	9000	1.6800694844	0.0	536970	513.791545622	9.0
65.0452430955	9000	1.66206553001	0.0	536970	518.003954386	9.0
65.5576371369	9000	1.64967148864	0.0	536970	512.394041374	9.0
66.0623671739	9000	1.64494145163	0.0	536970	504.730037005	9.0
66.5999853821	9400	1.60732324341	0.0	553424	537.618208226	7.4
67.1388478777	9000	1.56846074783	0.0	522960	538.862495573	7.0
67.6886027571	9000	1.51870586838	0.0	522960	549.754879453	9.0
68.248231137	9000	1.45907748849	0.0	532300	559.628379886	9.0
68.7764921374	8400	1.43081648814	0.0	503004	528.261000348	5.4
69.2719954563	8000	1.43531316922	0.0	481782	495.503318922	6.0
69.7835819217	8000	1.42372670385	0.0	481782	511.586465376	8.0
70.3438569042	8533	1.36345172129	0.0	510552	560.274982554	5.868
70.9187179848	9000	1.28859064072	0.0	536970	574.861080577	6.665
71.4883288845	9000	1.21897974103	0.0	536970	569.610899689	9.0
72.0494208123	9000	1.15788781325	0.0	536970	561.091927779	9.0
72.6172066862	9000	1.0901019393	0.0	536970	567.785873948	9.0
73.2029227912	9000	1.0043858343	0.0	536970	585.716104998	9.0
73.8434128298	9533	0.863895795728	0.0	573990	640.490038574	6.868
74.4653439805	9666	0.741964645009	0.0	586715	621.931150719	9.001
75.0404065467	9000	0.666902078841	0.0	551265	575.062566168	5.67
75.6115248562	9000	0.59578376931	0.0	551265	571.118309531	9.0
76.1877321527	9000	0.519576472781	0.0	551265	576.207296529	9.0
76.6513519839	7200	0.555956641583	0.0	438675	463.619831198	-1.8
77.1411781726	7200	0.566130452872	0.0	438675	489.826188711	7.2
77.6379351617	7200	0.569373463824	0.0	438675	496.756989048	7.2
78.1188446691	6773	0.588463956406	0.0	420167	480.909507418	4.638
78.5865207832	6400	0.620787842289	0.0	396693	467.676114117	4.535
79.0979255239	7066	0.609383101559	0.0	434595	511.40474073	3.736
79.6211949705	7200	0.586113654984	0.0	442995	523.269446575	6.53
80.0661714386	6080	0.641137186856	0.0	373673	444.976468128	0.48
80.5358375442	6400	0.671471081293	0.0	394883	469.666105563	4.8
81.0172698772	6506	0.690038748277	0.0	404859	481.432333016	5.976
81.5250410337	6986	0.682267591817	0.0	427291	507.77115646	4.586
82.0089101558	6986	0.69839846972	0.0	418081	483.869122097	6.986
82.4912674864	7200	0.716041139058	0.0	427485	482.357330663	6.13
82.9653441854	7200	0.74196444008	0.0	419991	474.076698978	7.2
83.48641357	7146	0.720895055502	0.0	413019	521.069384578	6.876
84.024944311	7146	0.682364314494	0.0	422679	538.530741008	7.146
84.5694846213	7200	0.637824004188	0.0	427485	544.540310306	6.93
85.0905093344	6880	0.616799291097	0.0	408679	521.024713091	5.28
85.6234356456	7000	0.583872979884	0.0	418197	532.926311213	6.4
86.1183718104	6880	0.588936815064	0.0	418435	494.93616482	6.28
86.5818129707	7200	0.625495654825	0.0	438855	463.44116024	5.6
86.9423815767	5720	0.764927048792	0.0	345913	360.568606033	-1.68
87.3164649332	6000	0.89084369233	0.0	362580	374.083356461	4.6
87.6867370486	6000	1.02057157688	0.0	362580	370.272115449	6.0
88.0565418774	6000	1.15076674814	0.0	362580	369.804828741	6.0
88.4267178461	6000	1.28059077945	0.0	362580	370.175968693	6.0
88.7969398271	6000	1.41036879844	0.0	362580	370.221981004	6.0
89.173750275	5920	1.53355835054	0.0	359656	376.810447902	5.52
89.5585134886	6000	1.64879513686	0.0	367200	384.763213683	5.6
89.9444051619	6000	1.7629034636	0.0	367200	385.891673255	6.0
90.3312109235	6000	1.87609770201	0.0	367200	386.805761595	6.0
90.7807771855	6960	1.92653143996	0.0	432864	449.566262053	2.16
91.2435894695	7200	1.96371915603	0.0	449280	462.812283925	6.0
91.7183422635	7360	1.98896636196	0.0	456778	474.752794067	6.56
92.2787398984	8800	1.92856872713	0.0	541560	560.397634835	1.6
92.9253322822	10200	1.78197634327	0.0	627772	646.592383857	3.2
93.5555596163	10000	1.65174900917	0.0	612540	630.227334103	9.0
94.1860802899	10000	1.52122833557	0.0	612540	630.520673599	10.0
94.8387016108	10000	1.36860701473	0.0	612540	652.621320841	10.0
95.4634034397	9600	1.24390518582	0.0	588186	624.70182891	7.6
96.014618942	8666	1.19268968354	0.0	530195	551.215502275	3.996
96.5652774175	8533	1.14203120802	0.0	515343	550.658475527	7.868
97.1637557706	9000	1.04355285494	0.0	539520	598.478353078	6.665
97.8082278812	9000	0.899080744281	0.0	539520	644.472110658	9.0
98.4526999919	9000	0.754608633623	0.0	539520	644.472110658	9.0
99.0772818366	9000	0.63002678886	0.0	539520	624.581844763	9.0
99.5750510746	7200	0.632257550858	0.0	428730	497.769238002	-1.8
100.041225364	7200	0.666083261003	0.0	429824	466.174289855	7.2
100.494596476	7200	0.712712149767	0.0	429084	453.371111236	7.2
101.05022918	7946	0.657079445814	0.0	476950	555.632703953	4.216
101.593477626	7626	0.613830999982	0.0	456045	543.248445832	6.026
102.100272685	7200	0.607035940728	0.0	427635	506.795059254	5.07
102.603857476	7800	0.60345114906	0.0	462222	503.584791668	4.8
103.106035014	7800	0.601273611467	0.0	456146	502.177537593	7.8
103.608170965	7666	0.599137660985	0.0	447075	502.135950482	6.996
104.081331543	7133	0.625977082307	0.0	421103	473.160578678	4.468
104.611955958	8000	0.595352667581	0.0	476265	530.624414726	3.665
105.118924082	7733	0.588384543129	0.0	454837	506.968124452	6.398
105.62519486	8000	0.582113765471	0.0	462300	506.270777658	6.665
106.127171848	8000	0.580136777073	0.0	462300	501.976988398	8.0
106.623276085	8000	0.584032540016	0.0	468906	496.104237057	8.0
107.1173399	8000	0.589968725543	0.0	467438	494.063814473	8.0
107.608702703	7933	0.598605922697	0.0	465132	491.362802846	7.598
108.086586122	7533	0.62072250331	0.0	455338	477.883419387	5.533
108.553958191	7093	0.653350434882	0.0	432025	467.372068428	4.893
109.049143388	7200	0.658165237594	0.0	438283	495.185197289	6.665
109.598314312	8000	0.60899431301	0.0	487050	549.170924584	4.0
110.12695105	8000	0.580357575334	0.0	487050	528.636737676	8.0
110.655250699	8000	0.552057926724	0.0	487050	528.29964861	8.0
111.135292608	7253	0.572016017867	0.0	441782	480.041908856	3.518
111.614393777	7200	0.592914848821	0.0	438855	479.101169046	6.935
112.086527997	7200	0.620780628739	0.0	438855	472.134220082	7.2
112.558281468	7200	0.649027157586	0.0	438855	471.753471153	7.2
113.023295198	7200	0.684013427509	0.0	438855	465.013730077	7.2
113.56787137	8533	0.639437255948	0.0	521611	544.576171561	1.868
114.084508879	8000	0.622799746876	0.0	487275	516.637509072	5.335
114.602477659	8000	0.60483096632	0.0	487275	517.968780556	8.0
115.120170296	8000	0.587138329166	0.0	487275	517.692637154	8.0
115.578585431	7133	0.6287231946	0.0	432597	458.415134567	2.798
116.108474421	7933	0.598834204661	0.0	483757	529.888989939	3.933
116.643530522	8000	0.563778103416	0.0	488565	535.056101244	7.665
117.178586623	8000	0.528722002172	0.0	488565	535.056101244	8.0
117.713642725	8000	0.5	0.00633409907173	488565	535.056101244	7.68329504641
118.185809396	6933	0.52783332879	0.0	419059	472.16667121	1.598
118.649742724	6866	0.563900000079	0.0	410775	463.933328711	6.531
119.119448589	6866	0.594194135817	0.0	413769	469.705864263	6.866

