5454.54255328	3066	0.5	0.204244246069	181435	204.244246069	-7.14621230345
5454.7500029	3120	0.792550378603	0.0	184429	207.449621397	2.85
5454.96194476	3146	1.08060852111	0.0	188625	211.941857496	3.016
5455.1779656	3200	1.36458767897	0.0	192435	216.020842132	2.93
5455.49983127	4800	1.54272200322	0.0	291300	321.865675751	-3.2
5455.9272463	6400	1.61530697935	0.0	389889	427.415023869	-1.6
5456.37439997	6666	1.66815330988	0.0	408326	447.15366947	5.336
5456.80765083	6453	1.73490244737	0.0	395340	433.250862518	5.388
5457.26065533	6773	1.78189795085	0.0	413791	453.004496515	5.173
5457.74030062	7200	1.80225265284	0.0	438675	479.645298009	5.065
5458.2311071	7413	1.81144617322	0.0	444483	490.806479624	6.348
5458.83111414	9000	1.71143913296	0.0	536970	600.007040255	1.065
5459.43112118	9000	1.61143209271	0.0	536970	600.007040255	9.0
5460.03112822	9000	1.51142505245	0.0	536970	600.007040255	9.0
5460.60232112	9000	1.44023215876	0.0	536970	571.192893691	9.0
5461.16478497	9000	1.37776831114	0.0	536970	562.463847619	9.0
5461.74417758	9400	1.29837569628	0.0	553424	579.392614866	7.4
5462.28559295	9000	1.25696032746	0.0	522960	541.415368819	7.0
5462.82560155	9000	1.21695172517	0.0	522960	540.008602289	9.0
5463.37980936	9000	1.16274392161	0.0	532300	554.207803554	9.0
5463.90772383	8400	1.13482944969	0.0	503004	527.914471921	5.4
5464.41378722	8000	1.12876605833	0.0	481782	506.063391366	6.0
5464.91985061	8000	1.12270266696	0.0	481782	506.063391366	8.0
5465.45459015	8533	1.08796312858	0.0	510552	534.739538381	5.868
5466.01642482	9000	1.02612845595	0.0	536970	561.834672627	6.665
5466.58036391	9000	0.962189369771	0.0	536970	563.939086182	9.0
5467.14461818	9000	0.897935096674	0.0	536970	564.254273097	9.0
5467.71007592	9000	0.832477353207	0.0	536970	565.457743468	9.0
5468.27634805	9000	0.766205226557	0.0	536970	566.27212665	9.0
5468.88097091	9533	0.66158236499	0.0	573990	604.622861567	6.868
5469.51725439	9666	0.525298889301	0.0	586715	636.283475689	9.001
5470.00033948	7200	0.542213800218	0.0	438675	483.085089083	-5.13
5470.48342457	7200	0.559128711135	0.0	438675	483.085089083	7.2
5470.96650966	7200	0.576043622052	0.0	438675	483.085089083	7.2
5471.44959223	7200	0.592961047412	0.0	438675	483.08257464	7.2
5471.93175212	7200	0.610801154492	0.0	438675	482.159892919	7.2
5472.41391202	7200	0.628641261573	0.0	438675	482.159892919	7.2
5472.87615116	6773	0.666402119319	0.0	420167	462.239142254	4.638
5473.31312449	6400	0.729428791908	0.0	396693	436.973327411	4.535
5473.78960127	7066	0.752952002386	0.0	434595	476.476789522	3.736
5474.25750957	7200	0.785043707754	0.0	442995	467.908294632	6.53
5474.75290714	7600	0.789646134039	0.0	469589	495.397573715	5.6
5475.27308504	8000	0.769468239512	0.0	496259	520.177894527	6.0
5475.8009561	8133	0.741597178342	0.0	508563	527.87106117	7.468
5476.35772455	8733	0.68482872398	0.0	536941	556.768454362	5.733
5476.90827649	8733	0.63427679119	0.0	525223	550.551932789	8.733
5477.47502023	9000	0.56753304914	0.0	536970	566.74374205	7.665
5478.03240766	9000	0.510145612895	0.0	527946	557.387436245	9.0
5478.59590899	8933	0.5	0.053355715424	519390	563.501328319	5.9302142288
5479.05898999	7146	0.536919006033	0.0	422679	463.080993967	-1.789
5479.52722266	7200	0.568686331342	0.0	427485	468.232674691	6.93
5479.97529668	6880	0.620612314101	0.0	408679	448.074017241	5.28
5480.43483381	7000	0.661075185506	0.0	418197	459.537128595	6.4
5480.90359601	6880	0.692312984754	0.0	418435	468.762200753	6.28
5481.39474621	7200	0.701162780753	0.0	438855	491.150204001	5.6
5481.91407767	7626	0.68183132134	0.0	464559	519.331459413	5.496
5482.45806773	8000	0.637841263442	0.0	487050	543.990057898	6.13
5482.98542301	8000	0.61048597978	0.0	487050	527.355283662	8.0
5483.49141158	8000	0.604497409403	0.0	487050	505.988570377	8.0
5483.99740015	8000	0.598508839025	0.0	487050	505.988570377	8.0
5484.50001664	8000	0.595892352108	0.0	487050	502.616486918	8.0
5484.99677597	7893	0.599133019852	0.0	483158	496.759332256	7.358
5485.50372542	8000	0.59218356904	0.0	493365	506.949450812	7.465
5486.01042686	8000	0.585482135714	0.0	493365	506.701433326	8.0
5486.51712829	8000	0.578780702388	0.0	493365	506.701433326	8.0
5486.98545981	6960	0.61044918678	0.0	432864	468.331515609	1.76
5487.48018437	7200	0.61572461892	0.0	449280	494.72456786	6.0
5487.98299847	7360	0.612910519343	0.0	456778	502.814099577	6.56
5488.42331678	6600	0.672592212142	0.0	402915	440.318307201	2.8
5488.81640194	6120	0.77950705653	0.0	371455	393.085155612	3.72
5489.20033422	6000	0.895574774768	0.0	362580	383.932281762	5.4
5489.5842665	6000	1.01164249301	0.0	362580	383.932281762	6.0
5489.96819878	6000	1.12771021124	0.0	362580	383.932281762	6.0
5490.44809267	7680	1.14781632321	0.0	467772	479.893888038	-0.72
5490.98968163	8666	1.10622736539	0.0	530195	541.588957819	3.736
5491.51550396	8533	1.08040502943	0.0	515343	525.822335956	7.868
5492.06311194	9000	1.03279705227	0.0	539520	547.607977161	6.665
5492.60684311	9000	0.989065886911	0.0	539520	543.731165359	9.0
5493.15355078	9000	0.9423582097	0.0	539520	546.707677211	9.0
5493.70929308	9000	0.886615910224	0.0	539520	555.742299476	9.0
5494.26503538	9000	0.830873610747	0.0	539520	555.742299476	9.0
5494.83272692	9000	0.763182074304	0.0	540862	567.691536443	9.0
5495.40606964	9000	0.689839353695	0.0	539793	573.342720609	9.0
5495.91382769	7946	0.682081304601	0.0	476950	507.758049094	2.676
5496.40453531	7626	0.691373685423	0.0	456045	490.707619178	6.026
5496.86838494	7200	0.727524048299	0.0	427635	463.849637125	5.07
5497.36894181	7800	0.726967178606	0.0	462222	500.556869693	4.8
5497.86305022	7800	0.732858776403	0.0	456146	494.108402203	7.8
5498.35550151	7666	0.740407481441	0.0	447075	492.451294962	6.996
5498.82323789	7133	0.77267110555	0.0	421103	467.736375891	4.468
5499.35093502	8000	0.744973974294	0.0	476265	527.697131257	3.665
5499.86373572	7733	0.732173272064	0.0	454837	512.80070223	6.398
5500.39045679	8000	0.705452203228	0.0	462300	526.721068837	6.665
5500.91717786	8000	0.678731134391	0.0	462300	526.721068837	8.0
5501.45128257	8000	0.644626419911	0.0	468906	534.10471448	8.0
5501.98374648	8000	0.612162515574	0.0	467438	532.463904337	8.0
5502.51363292	7933	0.582276069132	0.0	465132	529.886446442	7.598
5503.03257244	7533	0.563336553575	0.0	455338	518.939515557	5.533
5503.52545459	7093	0.57045439964	0.0	432025	492.882153935	4.893
5504.02141634	7200	0.574492649354	0.0	438283	495.961750286	6.665
5504.56907803	8000	0.526830959415	0.0	487050	547.661689939	4.0
5505.11673972	8000	0.5	0.0208307305233	487050	547.661689939	6.95846347384
5505.66440141	8000	0.5	0.0476616899385	487050	547.661689939	5.61691550307
5506.16209109	7253	0.502310323982	0.0	441782	497.689676018	3.518
5506.65654961	7200	0.507851806504	0.0	438855	494.458517479	6.935
5507.15071195	7200	0.513689465663	0.0	438855	494.16234084	7.2
5507.6442308	7200	0.520170608026	0.0	438855	493.518857637	7.2
5508.13774966	7200	0.526651750388	0.0	438855	493.518857637	7.2
5508.60493062	6826	0.559470790899	0.0	414950	467.180959489	4.956
5509.04201113	6400	0.622390286436	0.0	387630	437.080504463	4.27
5509.47909163	6400	0.685309781974	0.0	387630	437.080504463	6.4
5509.91581485	6400	0.748586567912	0.0	387630	436.723214061	6.4
5510.40180306	7133	0.762598356097	0.0	432597	485.988211815	3.468
5510.94408282	7933	0.720318591367	0.0	483757	542.27976473	3.933
5511.49165285	8000	0.67274856498	0.0	488565	547.570026388	7.665
5512.03922287	8000	0.625178538592	0.0	488565	547.570026388	8.0
5512.56806953	8000	0.596331883095	0.0	488565	528.846655496	8.0
5513.021119	6933	0.643282411128	0.0	419059	453.049471967	1.598
5513.46541023	6866	0.698991185198	0.0	410775	444.291225931	6.531
5513.91286686	6866	0.751534557452	0.0	413769	447.456627745	6.866

