4419.39795578	3066	0.5	0.206324311462	181435	206.324311462	-7.25021557312
4419.60751979	3120	0.790435988433	0.0	184429	209.564011567	2.85
4419.82162414	3146	1.07633163564	0.0	188625	214.104352796	3.016
4420.03985116	3200	1.35810461838	0.0	192435	218.227017258	2.93
4420.36505645	4800	1.53289932762	0.0	291300	325.20529076	-3.2
4420.79694137	6400	1.60101441307	0.0	389889	431.884914552	-1.6
4421.2487763	6666	1.64917948154	0.0	408326	451.83493153	5.336
4421.68655954	6453	1.71139623523	0.0	395340	437.783246306	5.388
4422.14545852	6773	1.75249725449	0.0	413791	458.89898074	5.173
4422.63139527	7200	1.76656050827	0.0	438675	485.936746216	5.065
4423.12363336	7413	1.77432242138	0.0	444483	492.238086894	6.348
4423.71621444	9000	1.68174134287	0.0	536970	592.58107851	1.065
4424.30879551	9000	1.58916026436	0.0	536970	592.58107851	9.0
4424.90137659	9000	1.49657918585	0.0	536970	592.58107851	9.0
4425.49748807	9000	1.40046771254	0.0	536970	596.111473313	9.0
4426.09932015	9000	1.29863562451	0.0	536970	601.832088024	9.0
4426.71928734	9400	1.1786684355	0.0	553424	619.96718901	7.4
4427.30567803	9000	1.09227774561	0.0	522960	586.390689895	7.0
4427.89206872	9000	1.00588705571	0.0	522960	586.390689895	9.0
4428.47001072	9000	0.927945060805	0.0	532300	577.941994907	9.0
4429.01216175	8400	0.885794029103	0.0	503004	542.151031703	5.4
4429.53186105	8000	0.866094725805	0.0	481782	519.699303297	6.0
4430.06311161	8000	0.834844170143	0.0	481782	531.250555662	8.0
4430.63553673	8533	0.762419047897	0.0	510552	572.425122246	5.868
4431.23706398	9000	0.660891803086	0.0	536970	601.527244811	6.665
4431.83859122	9000	0.559364558275	0.0	536970	601.527244811	9.0
4432.31950957	7200	0.578446212282	0.0	427485	480.918345993	-1.8
4432.80042791	7200	0.597527866289	0.0	427485	480.918345993	7.2
4433.28134626	7200	0.616609520296	0.0	427485	480.918345993	7.2
4433.79678782	7626	0.60116796294	0.0	456993	515.441557356	5.496
4434.32593651	7733	0.572019269758	0.0	467045	529.148693182	7.198
4434.82355024	7200	0.574405543069	0.0	438675	497.613726689	4.535
4435.32116396	7200	0.576791816379	0.0	438675	497.613726689	7.2
4435.81877769	7200	0.57917808969	0.0	438675	497.613726689	7.2
4436.31639142	7200	0.581564363001	0.0	438675	497.613726689	7.2
4436.81400514	7200	0.583950636311	0.0	438675	497.613726689	7.2
4437.31161887	7200	0.586336909622	0.0	438675	497.613726689	7.2
4437.78865984	6773	0.609295941475	0.0	420167	477.040968147	4.638
4438.23893605	6400	0.659019728105	0.0	396693	450.27621337	4.535
4438.73008206	7066	0.667873715896	0.0	434595	491.146012209	3.736
4439.23052783	7200	0.667427949887	0.0	442995	500.445766009	6.53
4439.76041617	7600	0.637539606195	0.0	469589	529.888343693	5.6
4440.31983124	8000	0.578124544188	0.0	496259	559.415062007	6.0
4440.89286822	8133	0.505087557092	0.0	508563	573.036987096	7.468
4441.37592788	6986	0.522027902234	0.0	427291	483.059654857	1.251
4441.84879102	6986	0.54916476315	0.0	418081	472.863139084	6.986
4442.3314751	7200	0.566480674835	0.0	427485	482.684088315	6.13
4442.80474186	7200	0.59321392048	0.0	419991	473.266754355	7.2
4443.27031822	7146	0.627637559042	0.0	413019	465.576361438	6.876
4443.74654995	7146	0.651405833924	0.0	422679	476.231725118	7.146
4444.22808288	7200	0.66987289992	0.0	427485	481.532934004	6.93
4444.68887205	6880	0.709083730859	0.0	408679	460.789169061	5.28
4445.16015995	7000	0.737795829759	0.0	418197	471.2879011	6.4
4445.6199596	6880	0.777996182173	0.0	418435	459.799647586	6.28
4446.09730781	7200	0.800647964971	0.0	438855	477.348217202	5.6
4446.6020289	7626	0.795926882984	0.0	464559	504.721081987	5.496
4447.13070123	8000	0.767254544311	0.0	487050	528.672338673	6.13
4447.65937357	8000	0.738582205639	0.0	487050	528.672338673	8.0
4448.18821767	8000	0.709738105798	0.0	487050	528.844099841	8.0
4448.71707701	8000	0.68087877074	0.0	487050	528.859335058	8.0
4449.24593634	8000	0.652019435682	0.0	487050	528.859335058	8.0
4449.77064949	7893	0.627306287939	0.0	483158	524.713147743	7.358
4450.30687245	8000	0.591083330899	0.0	493365	536.22295704	7.465
4450.84330658	8000	0.554649202333	0.0	493365	536.434128566	8.0
4451.37974071	8000	0.518215073767	0.0	493365	536.434128566	8.0
4451.85161859	6960	0.546337188981	0.0	432864	471.877884786	1.76
4452.34055308	7200	0.557402700648	0.0	449280	488.934488333	6.0
4452.82638688	7360	0.571568896191	0.0	456778	485.833804457	6.56
4453.25611064	6600	0.641845141275	0.0	402915	429.723754916	2.8
4453.78601953	8160	0.611936253809	0.0	499088	529.908887466	0.36
4454.29474776	8000	0.603208023328	0.0	487050	508.728230481	7.2
4454.80120462	8000	0.596751156022	0.0	487050	506.456867306	8.0
4455.30766149	8000	0.590294288717	0.0	487050	506.456867306	8.0
4455.78628899	7680	0.611666792913	0.0	467772	478.627495803	6.08
4456.21624919	6933	0.681706586158	0.0	421780	429.960206755	3.198
4456.63426174	6826	0.763694042074	0.0	409638	418.012544084	6.291
4457.07599417	7200	0.821961606096	0.0	428730	441.732435978	5.33
4457.51772661	7200	0.880229170118	0.0	428730	441.732435978	7.2
4457.95945905	7200	0.93849673414	0.0	428730	441.732435978	7.2
4458.40227993	7200	0.995675845618	0.0	428730	442.820888522	7.2
4458.84521865	7200	1.05273712504	0.0	428730	442.938720579	7.2
4459.28827905	7200	1.10967673259	0.0	429824	443.060392449	7.2
4459.72961798	7200	1.16833779714	0.0	429084	441.338935447	7.2
4460.21907446	7946	1.17888131482	0.0	476950	489.456482323	4.216
4460.68498994	7626	1.21296584216	0.0	456045	465.915472664	6.026
4461.11624573	7200	1.28171004533	0.0	427635	431.255796824	5.07
4461.60367744	7800	1.29427833902	0.0	462222	487.431706311	4.8
4462.11033047	7800	1.28762530875	0.0	456146	506.653030268	7.8
4462.60710697	7666	1.29084880845	0.0	447075	496.776500303	6.996
4463.07560509	7133	1.3223506938	0.0	421103	468.49811465	4.468
4463.60416374	8000	1.29379204051	0.0	476265	528.558653284	3.665
4464.10322992	7733	1.29472586057	0.0	454837	499.066179943	6.398
4464.60580548	8000	1.29215030098	0.0	462300	502.575559592	6.665
4465.10838104	8000	1.28957474139	0.0	462300	502.575559592	8.0
4465.61799522	8000	1.27996056153	0.0	468906	509.614179853	8.0
4466.12438784	8000	1.27356793688	0.0	467438	506.392624656	8.0
4466.60611236	7933	1.29184341988	0.0	465132	481.724516995	7.598
4467.07790406	7533	1.32005171749	0.0	455338	471.791702397	5.533
4467.63867224	8866	1.25928353734	0.0	543071	560.768180149	2.201
4468.20190508	9000	1.19605069487	0.0	551023	563.232842471	8.33
4468.82611124	10000	1.07184453783	0.0	612540	624.206157034	5.0
4469.45064717	10000	0.947308608551	0.0	612540	624.535929282	10.0
4470.0753371	10000	0.822618680238	0.0	612540	624.689928313	10.0
4470.64791765	9066	0.75003813093	0.0	555398	572.580549309	4.396
4471.22146255	9000	0.676493233751	0.0	551655	573.544897179	8.67
4471.80308327	9000	0.59487250703	0.0	551655	581.620726721	9.0
4472.38624229	9000	0.511713488263	0.0	551655	583.159018767	9.0
4472.96940131	9000	0.5	0.0714455305038	551655	583.159018767	5.42772347481
4473.51572016	8533	0.5	0.0463188539415	521611	546.318853942	3.88205730292
4474.02058542	8000	0.5	0.00486526068249	487275	504.865260682	5.09173696588
4474.52545069	8000	0.5	0.00486526068249	487275	504.865260682	7.75673696588
4475.03443199	8000	0.5	0.00898130561993	487275	508.98130562	7.550934719
4475.49448769	7133	0.539944297615	0.0	432597	460.055702385	2.798
4476.00776811	7933	0.526663885549	0.0	483757	513.280412066	3.933
4476.5258172	8000	0.508614789846	0.0	488565	518.049095703	7.665
4477.04225841	8000	0.5	0.00782641453397	488565	516.44120438	7.6086792733
4477.55869961	8000	0.5	0.0164412043804	488565	516.44120438	7.17793978098
4478.00593774	6933	0.552761871632	0.0	419059	447.238128368	1.598
4478.45661963	6866	0.602079981322	0.0	410775	450.681890311	6.531
4478.9105135	6866	0.648186109806	0.0	413769	453.893871516	6.866

