7751.67094927	3066	0.5	0.201221398447	181435	201.221398447	-6.99506992234
7751.87532616	3120	0.795623108584	0.0	184429	204.376891416	2.85
7752.08412538	3146	1.08682388968	0.0	188625	208.799218905	3.016
7752.29694011	3200	1.37400916369	0.0	192435	212.814725991	2.93
7752.6139525	4800	1.55699677155	0.0	291300	317.012392138	-3.2
7753.03487167	6400	1.63607760039	0.0	389889	420.919171158	-1.6
7753.47522231	6666	1.69572695833	0.0	408326	440.35064206	5.336
7753.90188651	6453	1.76906276641	0.0	395340	426.664191925	5.388
7754.34799692	6773	1.82295234844	0.0	413791	446.110417972	5.173
7754.82033356	7200	1.85061571568	0.0	438675	472.336632753	5.065
7755.29879147	7413	1.87215780599	0.0	444483	478.457909697	6.348
7755.87414494	9000	1.7968043321	0.0	536970	575.353473888	1.065
7756.44917907	9000	1.72177020107	0.0	536970	575.034131031	9.0
7757.0242132	9000	1.64673607004	0.0	536970	575.034131031	9.0
7757.5980078	9000	1.57294147288	0.0	536970	573.79459716	9.0
7758.16127469	9000	1.50967458315	0.0	536970	563.26688973	9.0
7758.74149495	9400	1.4294543191	0.0	553424	580.220264041	7.4
7759.29032664	9000	1.38062262897	0.0	522960	548.831690138	7.0
7759.83915833	9000	1.33179093883	0.0	522960	548.831690138	9.0
7760.38752241	9000	1.28342686676	0.0	532300	548.364072069	9.0
7760.90461469	8400	1.26633458161	0.0	503004	517.092285152	5.4
7761.40031249	8000	1.27063678333	0.0	481782	495.697798278	6.0
7761.88508936	8000	1.28585991086	0.0	481782	484.776872468	8.0
7762.39560662	8533	1.27534265082	0.0	510552	510.517260046	5.868
7762.93202264	9000	1.2389266283	0.0	536970	536.416022514	6.665
7763.46105857	9000	1.2098907061	0.0	536970	529.035922202	9.0
7763.98119965	9000	1.18974962034	0.0	536970	520.141085763	9.0
7764.52344825	9000	1.14750102523	0.0	536970	542.248595111	9.0
7765.0731427	9000	1.09780657136	0.0	536970	549.694453872	9.0
7765.66507366	9533	1.00587561276	0.0	573990	591.930958595	6.868
7766.28589884	9666	0.885050431822	0.0	586715	620.825180938	9.001
7766.86981726	9000	0.801132015948	0.0	551265	583.918415875	5.67
7767.45373567	9000	0.717213600073	0.0	551265	583.918415875	9.0
7768.03765409	9000	0.633295184199	0.0	551265	583.918415875	9.0
7768.60069088	9000	0.570258392955	0.0	551265	563.036791244	9.0
7769.16327893	9000	0.507670338695	0.0	551265	562.58805426	9.0
7769.72586699	9000	0.5	0.0549177155655	551265	562.58805426	6.25411422172
7770.28616907	8466	0.5	0.0603020811687	527825	560.302081169	2.78089594157
7770.81901639	8000	0.5	0.0328473170499	498375	532.84731705	4.0276341475
7771.28495184	7066	0.534064550282	0.0	434595	465.935449718	2.396
7771.75969976	7200	0.559316625092	0.0	442995	474.74792519	6.53
7772.26234756	7600	0.5566688222	0.0	469589	502.647802892	5.6
7772.79880161	8000	0.520214773403	0.0	496259	536.454048797	6.0
7773.35414632	8133	0.5	0.0351299364966	508563	555.3447099	5.71150317517
7773.82234105	6986	0.531805270069	0.0	427291	468.194729931	1.251
7774.28065967	6986	0.573486651414	0.0	418081	458.318618656	6.986
7774.74906243	7200	0.605083890475	0.0	427485	468.402760939	6.13
7775.20942919	7200	0.644717131478	0.0	419991	460.366758996	7.2
7775.6623197	7146	0.691826620887	0.0	413019	452.890510592	6.876
7776.13305384	7146	0.721092482931	0.0	422679	470.734137956	7.146
7776.60915246	7200	0.744993859096	0.0	427485	476.098623835	6.93
7777.06474639	6880	0.789399933016	0.0	408679	455.59392608	5.28
7777.53071805	7000	0.823428270404	0.0	418197	465.971662612	6.4
7777.99694921	6880	0.857197109861	0.0	418435	466.231160542	6.28
7778.48544486	7200	0.868701463083	0.0	438855	488.495646778	5.6
7779.00196628	7626	0.852180039898	0.0	464559	516.521423185	5.496
7779.54301026	8000	0.811136062358	0.0	487050	541.04397754	6.13
7780.08405424	8000	0.770092084818	0.0	487050	541.04397754	8.0
7780.62509822	8000	0.729048107277	0.0	487050	541.04397754	8.0
7781.16614219	8000	0.688004129737	0.0	487050	541.04397754	8.0
7781.70244625	8000	0.651700075603	0.0	487050	536.304054134	8.0
7782.23112527	7893	0.623021056683	0.0	483158	528.679018919	7.358
7782.77076169	8000	0.583384635121	0.0	493365	539.636421562	7.465
7783.31039811	8000	0.543748213559	0.0	493365	539.636421562	8.0
7783.85003453	8000	0.504111791996	0.0	493365	539.636421562	8.0
7784.32472201	6960	0.529424309132	0.0	432864	474.687482864	1.76
7784.81703237	7200	0.537113947677	0.0	449280	492.310361456	6.0
7785.31896258	7360	0.535183744575	0.0	456778	501.930203102	6.56
7785.77024643	6600	0.583899889724	0.0	402915	451.283854851	2.8
7786.18707441	6120	0.667071912847	0.0	371455	416.827976877	3.72
7786.59418224	6000	0.759964085906	0.0	362580	407.107826941	5.4
7787.00129006	6000	0.852856258966	0.0	362580	407.107826941	6.0
7787.40839789	6000	0.945748432025	0.0	362580	407.107826941	6.0
7787.93071496	7680	0.923431364278	0.0	467772	522.317067747	-0.72
7788.52139945	8666	0.832746868981	0.0	530195	590.684495297	3.736
7789.09581762	8533	0.758328702345	0.0	515343	574.418166636	7.868
7789.69671512	9000	0.657431204438	0.0	539520	600.897497907	6.665
7790.29761262	9000	0.556533706532	0.0	539520	600.897497907	9.0
7790.77716979	7200	0.576976536682	0.0	428730	479.55716985	-1.8
7791.25672696	7200	0.597419366832	0.0	428730	479.55716985	7.2
7791.73637187	7200	0.617774450958	0.0	428730	479.644915873	7.2
7792.21740907	7200	0.636737251402	0.0	429824	481.037199556	7.2
7792.69763532	7200	0.656511005929	0.0	429084	480.226245473	7.2
7793.23031714	7946	0.623829181908	0.0	476950	532.681824022	4.216
7793.74008951	7626	0.614056810724	0.0	456045	509.772371183	6.026
7794.21872782	7200	0.635418501016	0.0	427635	478.638309708	5.07
7794.73526947	7800	0.618876855009	0.0	462222	516.541646007	4.8
7795.24515252	7800	0.608993799552	0.0	456146	509.883055457	7.8
7795.74509482	7666	0.609051506913	0.0	447075	499.94229264	6.996
7796.21657481	7133	0.637571510811	0.0	421103	471.479996102	4.468
7796.74850596	8000	0.605640367258	0.0	476265	531.931143553	3.665
7797.25482052	7733	0.59932579994	0.0	454837	506.314567318	6.398
7797.76623051	8000	0.587915816532	0.0	462300	511.409983407	6.665
7798.27764049	8000	0.576505833125	0.0	462300	511.409983407	8.0
7798.79621533	8000	0.557930990642	0.0	468906	518.574842482	8.0
7799.31319798	8000	0.540948339066	0.0	467438	516.982651577	8.0
7799.82767955	7933	0.526466772113	0.0	465132	514.481566953	7.598
7800.33153856	7533	0.522607764921	0.0	455338	503.859007192	5.533
7800.81011231	7093	0.544034007444	0.0	432025	478.573757477	4.893
7801.29547349	7200	0.558672831243	0.0	438283	485.361176201	6.665
7801.83384514	8000	0.520301185875	0.0	487050	538.371645368	4.0
7802.37392989	8000	0.5	0.0197835694146	487050	540.08475529	7.01082152927
7802.91401465	8000	0.5	0.0400847552899	487050	540.08475529	5.99576223551
7803.40483161	7253	0.509183033854	0.0	441782	490.816966146	3.518
7803.89246296	7200	0.521551691522	0.0	438855	487.631342332	6.935
7804.3800943	7200	0.53392034919	0.0	438855	487.631342332	7.2
7804.86772564	7200	0.546289006858	0.0	438855	487.631342332	7.2
7805.35535698	7200	0.558657664526	0.0	438855	487.631342332	7.2
7805.81697113	6826	0.597043519762	0.0	414950	461.614144764	4.956
7806.24885133	6400	0.665163315074	0.0	387630	431.880204687	4.27
7806.67755951	6400	0.736455133499	0.0	387630	428.708181575	6.4
7807.10388705	6400	0.810127596188	0.0	387630	426.327537311	6.4
7807.57851064	7133	0.835504002405	0.0	432597	474.623593783	3.468
7808.10808178	7933	0.805932863776	0.0	483757	529.571138629	3.933
7808.64281687	8000	0.771197772925	0.0	488565	534.73509085	7.665
7809.17755196	8000	0.736462682075	0.0	488565	534.73509085	8.0
7809.71228706	8000	0.701727591225	0.0	488565	534.73509085	8.0
7810.17237039	6933	0.741644260579	0.0	419059	460.083330645	1.598
7810.61787703	6866	0.796137619272	0.0	410775	445.506641307	6.531
7811.06617974	6866	0.847834908356	0.0	413769	448.302710916	6.866

