5573.35714251	3066	0.5	0.192146784716	181435	192.146784716	-6.5413392358
5573.55229504	3120	0.804847469571	0.0	184429	195.152530429	2.85
5573.75166003	3146	1.10548247788	0.0	188625	199.364991689	3.016
5573.95484997	3200	1.40229253924	0.0	192435	203.189938638	2.93
5574.25729276	4800	1.59984974492	0.0	291300	302.442794322	-3.2
5574.6554279	6400	1.7017146032	0.0	389889	398.135141719	-1.6
5575.07893559	6666	1.77820691527	0.0	408326	423.507687937	5.336
5575.50176804	6453	1.85537446779	0.0	395340	422.832447476	5.388
5575.94386788	6773	1.91327462645	0.0	413791	442.099841335	5.173
5576.41921591	7200	1.93792659624	0.0	438675	475.348030219	5.065
5576.90308223	7413	1.95406027597	0.0	444483	483.866320262	6.348
5577.48691337	9000	1.87022913641	0.0	536970	583.831139566	1.065
5578.07206776	9000	1.78507474662	0.0	536970	585.154389787	9.0
5578.65722037	9000	1.69992213503	0.0	536970	585.152611588	9.0
5579.24191537	9000	1.61522713771	0.0	536970	584.694997322	9.0
5579.82748896	9000	1.52965354245	0.0	536970	585.573595263	9.0
5580.43146395	9400	1.4256785591	0.0	553424	603.974983351	7.4
5580.99392425	9000	1.36321825781	0.0	522960	562.460301285	7.0
5581.55600197	9000	1.30114054087	0.0	522960	562.077716944	9.0
5582.12979358	9000	1.22734892276	0.0	532300	573.791618103	9.0
5582.67257653	8400	1.18456597417	0.0	503004	542.782948597	5.4
5583.19424669	8000	1.16289581733	0.0	481782	521.670156841	6.0
5583.71591685	8000	1.14122566049	0.0	481782	521.670156841	8.0
5584.25121199	8533	1.1059305126	0.0	510552	535.295147888	5.868
5584.82065565	9000	1.03648685835	0.0	536970	569.44365425	6.665
5585.4008517	9000	0.956290806612	0.0	536970	580.196051735	9.0
5585.97864522	9000	0.87849728854	0.0	536970	577.793518073	9.0
5586.55387875	9000	0.803263761856	0.0	536970	575.233526684	9.0
5587.14255169	9000	0.714590819242	0.0	536970	588.672942614	9.0
5587.64884204	7626	0.708300471474	0.0	456993	506.290347768	0.756
5588.16275559	7733	0.694386919771	0.0	467045	513.913551703	7.198
5588.64205553	7200	0.715086974203	0.0	438675	479.299945568	4.535
5589.11713283	7200	0.740009673002	0.0	438675	475.077301201	7.2
5589.58682971	7200	0.770312798991	0.0	438675	469.696874011	7.2
5590.05043737	7200	0.806705140946	0.0	438675	463.607658045	7.2
5590.49710145	7200	0.860041061309	0.0	438675	446.664079637	7.2
5590.94842475	7200	0.90871775959	0.0	438675	451.323301718	7.2
5591.38419622	6773	0.972946291256	0.0	420167	435.771468334	4.638
5591.81126393	6400	1.04587858088	0.0	396693	427.067710373	4.535
5592.28919732	7066	1.06794518447	0.0	434595	477.933396418	3.736
5592.79803413	7200	1.05910837263	0.0	442995	508.836811835	6.53
5593.34342185	7600	1.01372065304	0.0	469589	545.38771959	5.6
5593.91921657	8000	0.937925938223	0.0	496259	575.794714817	6.0
5594.49659519	8133	0.860547313258	0.0	508563	577.378624965	7.468
5594.97663504	6986	0.880507467904	0.0	427291	480.039845354	1.251
5595.44182534	6986	0.915317170905	0.0	418081	465.190296999	6.986
5595.91716502	7200	0.939977490523	0.0	427485	475.339680382	6.13
5596.37685451	7200	0.980287996664	0.0	419991	459.689493859	7.2
5596.82779535	7146	1.02934715945	0.0	413019	450.940837215	6.876
5597.28406512	7146	1.07307739025	0.0	422679	456.269769194	7.146
5597.738728	7200	1.11841450928	0.0	427485	454.66288097	6.93
5598.17390742	6880	1.18323508993	0.0	408679	435.179419352	5.28
5598.620716	7000	1.2364265102	0.0	418197	446.808579734	6.4
5599.06777317	6880	1.28936933843	0.0	418435	447.057171766	6.28
5599.52160897	7200	1.33553353501	0.0	438855	453.835803426	5.6
5599.99750003	7626	1.35964247448	0.0	464559	475.89106053	5.496
5600.48094841	8000	1.37619409523	0.0	487050	483.448379247	6.13
5600.98890694	8000	1.36823557205	0.0	487050	507.958523178	8.0
5601.49616251	8000	1.36098000073	0.0	487050	507.255571324	8.0
5601.99846332	8000	1.35867919114	0.0	487050	502.300809591	8.0
5602.49993159	8000	1.35721092105	0.0	487050	501.468270087	8.0
5602.99530374	7893	1.36183876693	0.0	483158	495.372154118	7.358
5603.50134703	8000	1.35579547616	0.0	493365	506.043290774	7.465
5604.00958158	8000	1.34756092371	0.0	493365	508.234552447	8.0
5604.52204174	8000	1.33510076645	0.0	493365	512.46015726	8.0
5605.13553829	9280	1.22160421789	0.0	581337	613.496548559	2.88
5605.77392219	9600	1.08322031686	0.0	603330	638.383901026	8.0
5606.38722485	9813	0.969917654724	0.0	613526	613.30266214	8.748
5606.93184931	8800	0.925293198132	0.0	541560	544.624456592	3.735
5607.43683733	8160	0.920305176366	0.0	499088	504.988021766	4.96
5607.93565518	8000	0.921487326116	0.0	487050	498.81785025	7.2
5608.43901582	8000	0.918126682901	0.0	487050	503.360643215	8.0
5608.94550474	8000	0.911637771222	0.0	487050	506.488911679	8.0
5609.43445145	7680	0.92269105722	0.0	467772	488.946714002	6.08
5609.98693016	8666	0.870212350746	0.0	530195	552.478706474	3.736
5610.51880598	8533	0.838336525977	0.0	515343	531.875824769	7.868
5611.08194595	9000	0.775196558175	0.0	539520	563.139967803	6.665
5611.65121646	9000	0.705926050035	0.0	539520	569.270508139	9.0
5612.21422303	9000	0.642919473785	0.0	539520	563.00657625	9.0
5612.77992979	9000	0.577212719341	0.0	539520	565.706754444	9.0
5613.35422861	9000	0.502913901107	0.0	539520	574.298818233	9.0
5613.92669617	9000	0.5	0.0695536587251	540862	572.467559833	5.52231706375
5614.4956598	9000	0.5	0.0689636357918	539793	568.963635792	5.55181821041
5614.99914564	7946	0.5	0.00348583449896	476950	503.485834499	2.50170827505
5615.48184211	7626	0.517303526847	0.0	456045	482.696473153	6.026
5615.94915592	7200	0.549989712645	0.0	427635	467.313814202	5.07
5616.45345715	7800	0.545688484194	0.0	462222	504.30122845	4.8
5616.94272676	7800	0.556418872652	0.0	456146	489.269611542	7.8
5617.42125802	7666	0.577887618903	0.0	447075	478.53125375	6.996
5617.88004591	7133	0.619099731073	0.0	421103	458.78788783	4.468
5618.40129839	8000	0.597847250468	0.0	476265	521.252480604	3.665
5618.89801092	7733	0.601134716621	0.0	454837	496.712533847	6.398
5619.40138782	8000	0.597757816244	0.0	462300	503.376900377	6.665
5619.9062583	8000	0.5928873334	0.0	462300	504.870482844	8.0
5620.41935687	8000	0.579788769053	0.0	468906	513.098564347	8.0
5620.92976802	8000	0.569377618442	0.0	467438	510.411150611	8.0
5621.43583098	7933	0.563314657136	0.0	465132	506.062961307	7.598
5621.93158297	7533	0.567562669426	0.0	455338	495.75198771	5.533
5622.40314684	7093	0.595998797748	0.0	432025	471.563871678	4.893
5622.88115371	7200	0.617991927947	0.0	438283	478.006869801	6.665
5623.40671771	8000	0.592427921692	0.0	487050	525.564006255	4.0
5623.93337807	8000	0.565767563271	0.0	487050	526.66035842	8.0
5624.4662557	8000	0.53288993896	0.0	487050	532.877624312	8.0
5624.95112077	7253	0.548024871319	0.0	441782	484.865067641	3.518
5625.4430568	7200	0.556088840419	0.0	438855	491.9360309	6.935
5625.93499283	7200	0.56415280952	0.0	438855	491.9360309	7.2
5626.42067484	7200	0.578470791677	0.0	438855	485.682017842	7.2
5626.90379618	7200	0.595349453424	0.0	438855	483.121338254	7.2
5627.36128419	6826	0.637861441515	0.0	414950	457.488011908	4.956
5627.79275699	6400	0.706388641649	0.0	387630	431.472799866	4.27
5628.22422979	6400	0.774915841783	0.0	387630	431.472799866	6.4
5628.65464372	6400	0.844501921079	0.0	387630	430.413920704	6.4
5629.13119893	7133	0.867946703899	0.0	432597	476.55521718	3.468
5629.66061962	7933	0.838526013536	0.0	483757	529.420690363	3.933
5630.1851933	8000	0.813952332868	0.0	488565	524.573680668	7.665
5630.70644371	8000	0.792701921813	0.0	488565	521.250411055	8.0
5631.22788105	8000	0.771264585834	0.0	488565	521.437335979	8.0
5631.67697253	6933	0.822173102063	0.0	419059	449.091483772	1.598
5632.11706349	6866	0.882082146195	0.0	410775	440.090955867	6.531
5632.55869241	6866	0.940453228266	0.0	413769	441.628917929	6.866

