4241.05935412	3066	0.5	0.18645191751	181435	186.45191751	-6.25659587552
4241.24871781	3120	0.810636312208	0.0	184429	189.363687792	2.85
4241.44216226	3146	1.11719186687	0.0	188625	193.444445341	3.016
4241.63931206	3200	1.42004206255	0.0	192435	197.149804316	2.93
4241.93342835	4800	1.6259257696	0.0	291300	294.116292952	-3.2
4242.32519634	6400	1.73415778232	0.0	389889	391.767987282	-1.6
4242.73565236	6666	1.8237017664	0.0	408326	410.456015919	5.336
4243.23578073	8066	1.82357338873	0.0	497055	500.128377668	1.066
4243.77050318	8466	1.78885094527	0.0	520019	534.722443457	6.466
4244.35299231	9000	1.70636181564	0.0	551265	582.489129632	6.33
4244.94528138	9266	1.61407273729	0.0	558332	592.289078356	7.936
4245.53037517	9000	1.52897895615	0.0	536970	585.093781138	7.67
4246.10778131	9000	1.45157280815	0.0	536970	577.406147995	9.0
4246.67115037	9000	1.38820375179	0.0	536970	563.36905636	9.0
4247.22257269	9000	1.336781433	0.0	536970	551.422318791	9.0
4247.7972268	9000	1.26212732596	0.0	536970	574.654107045	9.0
4248.40114067	9400	1.15821345216	0.0	553424	603.913873801	7.4
4248.9438074	9000	1.11554672477	0.0	522960	542.666727382	7.0
4249.48339193	9000	1.07596219402	0.0	522960	539.584530755	9.0
4250.03459972	9000	1.02475440573	0.0	532300	551.207788289	9.0
4250.57095047	8400	0.988403647798	0.0	503004	536.350757931	5.4
4251.08544264	8000	0.973911480589	0.0	481782	514.49216721	6.0
4251.60037694	8000	0.958977181779	0.0	481782	514.93429881	8.0
4252.15550394	8533	0.903850185255	0.0	510552	555.126996524	5.868
4252.74197406	9000	0.817380059713	0.0	536970	586.470125542	6.665
4253.28150724	9000	0.77784688421	0.0	536970	539.533175503	9.0
4253.81125255	9000	0.748101569737	0.0	536970	529.745314473	9.0
4254.32876845	9000	0.730585676831	0.0	536970	517.515892906	9.0
4254.84243462	9000	0.716919503324	0.0	536970	513.666173507	9.0
4255.28650157	7626	0.772852548242	0.0	456993	444.066955082	0.756
4255.74177636	7733	0.817577764792	0.0	467045	455.27478345	7.198
4256.25678072	9000	0.802573401485	0.0	551265	515.004363306	2.665
4256.77001259	9000	0.789341529662	0.0	551265	513.231871823	9.0
4257.29455569	9000	0.76479843055	0.0	551265	524.543099112	9.0
4257.81823807	9000	0.741116048228	0.0	551265	523.682382323	9.0
4258.33490646	9000	0.724447658459	0.0	551265	516.668389768	9.0
4258.85839197	9000	0.700962155314	0.0	551265	523.485503145	9.0
4259.37176194	8466	0.687592183375	0.0	527825	513.369971938	5.796
4259.864332	8000	0.695022126852	0.0	498375	492.570056523	5.67
4260.28697392	7066	0.77238019912	0.0	434595	422.641927732	2.396
4260.7158407	7200	0.843513423227	0.0	442995	428.866775894	6.53
4261.18222946	7600	0.877124666385	0.0	469589	466.388756842	5.6
4261.68704796	8000	0.872306160378	0.0	496259	504.818506006	6.0
4262.20494738	8133	0.854406737578	0.0	508563	517.8994228	7.468
4262.75485825	8733	0.804495876397	0.0	536941	549.910861181	5.733
4263.32087348	8733	0.738480643774	0.0	525223	566.015232623	8.733
4263.93322022	9000	0.626133906894	0.0	536970	612.34673688	7.665
4264.50834863	9000	0.551005494058	0.0	527946	575.128412836	9.0
4264.9372225	7146	0.622131626836	0.0	413019	428.873867222	-2.124
4265.38177058	7146	0.677583542756	0.0	422679	444.54808408	7.146
4265.83233515	7200	0.72701897316	0.0	427485	450.564569597	6.93
4266.26585893	6880	0.79349519054	0.0	408679	433.52378262	5.28
4266.71032252	7000	0.84903160241	0.0	418197	444.46358813	6.4
4267.15721351	6880	0.902140615941	0.0	418435	446.890986468	6.28
4267.62574304	7200	0.933611080967	0.0	438855	468.529534974	5.6
4268.11869319	7626	0.940660932453	0.0	464559	492.950148514	5.496
4268.63522759	8000	0.924126534344	0.0	487050	516.534398109	6.13
4269.15215589	8000	0.90719823043	0.0	487050	516.928303914	8.0
4269.68229287	8000	0.877061247837	0.0	487050	530.136982594	8.0
4270.21750677	8000	0.841847348139	0.0	487050	535.213899697	8.0
4270.74701861	8000	0.812335516923	0.0	487050	529.511831216	8.0
4271.26788043	7893	0.79147369001	0.0	483158	520.861826913	7.358
4271.79139556	8000	0.767958560888	0.0	493365	523.515129122	7.465
4272.33851985	8000	0.720834277182	0.0	493365	547.124283706	8.0
4272.91429025	8000	0.64506387387	0.0	493365	575.770403312	8.0
4273.42241141	6960	0.636942716671	0.0	432864	508.121157199	1.76
4273.9712311	7200	0.588123025908	0.0	449280	548.819690763	6.0
4274.52904311	7360	0.530311014006	0.0	456778	557.812011902	6.56
4275.02225744	6600	0.537096680621	0.0	402915	493.214333386	2.8
4275.47421992	6120	0.585134202879	0.0	371455	451.962477742	3.72
4275.91386626	6000	0.645487859707	0.0	362580	439.646343171	5.4
4276.35351261	6000	0.705841516536	0.0	362580	439.646343171	6.0
4276.79314632	6000	0.766207804835	0.0	362580	439.6337117	6.0
4277.19555449	5760	0.863799636039	0.0	348294	402.408168796	4.56
4277.68075623	6933	0.878597888564	0.0	421780	485.201747475	1.068
4278.15475239	6826	0.904601735902	0.0	409638	473.996152662	6.291
4278.65444728	7200	0.904906837943	0.0	428730	499.694897959	5.33
4279.15414218	7200	0.905211939984	0.0	428730	499.694897959	7.2
4279.6569633	7200	0.902390818418	0.0	428730	502.821121565	7.2
4280.16158173	7200	0.897772394025	0.0	428730	504.618424393	7.2
4280.66620015	7200	0.893153969632	0.0	428730	504.618424393	7.2
4281.16201927	7200	0.897334852138	0.0	429824	495.819117494	7.2
4281.65686437	7200	0.902489748646	0.0	429084	494.845103493	7.2
4282.22089893	7946	0.838455189059	0.0	476950	564.034559586	4.216
4282.76552591	7626	0.793828214853	0.0	456045	544.626974206	6.026
4283.2768475	7200	0.782506621338	0.0	427635	511.321593515	5.07
4283.82865171	7800	0.730702416975	0.0	462222	551.804204363	4.8
4284.373325	7800	0.686029123736	0.0	456146	544.673293238	7.8
4284.90736568	7666	0.651988438135	0.0	447075	534.040685602	6.996
4285.41738576	7133	0.641968361433	0.0	421103	510.020076701	4.468
4285.87713591	6400	0.682218215368	0.0	378390	459.750146065	2.735
4286.31668717	6186	0.742666948719	0.0	361396	439.551266649	5.116
4286.75832009	6400	0.801034029453	0.0	367440	441.632919266	5.33
4287.19681809	6400	0.862536031939	0.0	367440	438.497997514	6.4
4287.64178134	6400	0.91757278051	0.0	372984	444.963251428	6.4
4288.09042801	6400	0.968926114876	0.0	371752	448.646665634	6.4
4288.54548585	6346	1.01386826878	0.0	369976	455.057846091	6.076
4289.10322881	7533	0.956125308367	0.0	455338	557.742960418	1.598
4289.6329277	7093	0.926426419905	0.0	432025	529.698888462	4.893
4290.17143991	7200	0.887914208538	0.0	438283	538.512211367	6.665
4290.76894211	8000	0.790412008326	0.0	487050	597.502200212	4.0
4291.36644431	8000	0.692909808115	0.0	487050	597.502200212	8.0
4291.95172442	8000	0.607629701086	0.0	487050	585.280107028	8.0
4292.48280266	7253	0.576551459547	0.0	441782	531.078241539	3.518
4293.01042853	7200	0.548925590475	0.0	438855	527.625869073	6.935
4293.53941536	7200	0.519938759346	0.0	438855	528.986831129	7.2
4294.06908227	7200	0.5	0.00972814888429	438855	529.66690823	6.71359255579
4294.59874918	7200	0.5	0.0296669082303	438855	529.66690823	5.71665458848
4295.0944087	6826	0.504340475888	0.0	414950	495.659524112	4.956
4295.55490064	6400	0.543848536869	0.0	387630	460.491939019	4.27
4296.01291086	6400	0.585838320027	0.0	387630	458.010216842	6.4
4296.45565322	6400	0.643095960194	0.0	387630	442.742359833	6.4
4296.92974387	7133	0.669005312998	0.0	432597	474.090647195	3.468
4297.3526061	6346	0.746143076043	0.0	384845	422.862236955	2.411
4297.77765792	6400	0.821091262157	0.0	388680	425.051813886	6.13
4298.20009213	6400	0.89865704879	0.0	388680	422.434213367	6.4
4298.63001886	6400	0.968730314765	0.0	388680	429.926734025	6.4
4299.11039146	6933	0.988357718634	0.0	419059	480.372596131	4.268
4299.58146568	6866	1.01728349478	0.0	410775	471.074223858	6.531
4300.05221591	6866	1.04653326638	0.0	413769	470.750228392	6.866

