8039.8532066	3066	0.5	0.200187303661	181435	200.187303661	-6.94336518307
8040.05653233	3120	0.796674267771	0.0	184429	203.325732229	2.85
8040.26425648	3146	1.08895012329	0.0	188625	207.724144477	3.016
8040.47597441	3200	1.37723218695	0.0	192435	211.717936341	2.93
8040.79132653	4800	1.5618800688	0.0	291300	315.35211815	-3.2
8041.21002352	6400	1.6431830829	0.0	389889	418.696985903	-1.6
8041.64804689	6666	1.70515970839	0.0	408326	438.023374513	5.336
8042.07245783	6453	1.78074876987	0.0	395340	424.410938515	5.388
8042.51620983	6773	1.83699676739	0.0	413791	443.752002477	5.173
8042.98604622	7200	1.86716037732	0.0	438675	469.836390077	5.065
8043.46197079	7413	1.89123581319	0.0	444483	475.924564132	6.348
8044.03372466	9000	1.81948194475	0.0	536970	571.753868435	1.065
8044.60543505	9000	1.74777155473	0.0	536970	571.71039002	9.0
8045.17112453	9000	1.68208206712	0.0	536970	565.689487613	9.0
8045.73003042	9000	1.62317618422	0.0	536970	558.905882901	9.0
8046.2889363	9000	1.56427030132	0.0	536970	558.905882901	9.0
8046.86580896	9400	1.48739764401	0.0	553424	576.872657307	7.4
8047.41304054	9000	1.44016605914	0.0	522960	547.231584869	7.0
8047.96027213	9000	1.39293447427	0.0	522960	547.231584869	9.0
8048.52848958	9000	1.32471701768	0.0	532300	568.217456588	9.0
8049.06943541	8400	1.28377118546	0.0	503004	540.945832223	5.4
8049.58798037	8000	1.26522623365	0.0	481782	518.544951809	6.0
8050.10652532	8000	1.24668128184	0.0	481782	518.544951809	8.0
8050.65543844	8533	1.19776815882	0.0	510552	548.913123023	5.868
8051.2238775	9000	1.12932910374	0.0	536970	568.439055082	6.665
8051.79188896	9000	1.06131764264	0.0	536970	568.011461094	9.0
8052.36543349	9000	0.987773106055	0.0	536970	573.544536587	9.0
8052.94289035	9000	0.910316251536	0.0	536970	577.456854519	9.0
8053.5203472	9000	0.832859397018	0.0	536970	577.456854519	9.0
8054.14147807	9533	0.711728532386	0.0	573990	621.130864632	6.868
8054.77971131	9666	0.573495293567	0.0	586715	638.233238819	9.001
8055.37998596	9000	0.5	0.0267793651647	551265	600.274658731	4.33103174176
8055.85970332	7200	0.520282648238	0.0	438675	479.717351762	-1.8
8056.33940424	7200	0.540581720265	0.0	438675	479.700927973	7.2
8056.81791643	7200	0.562069535485	0.0	438675	478.51218478	7.2
8057.29642861	7200	0.583557350705	0.0	438675	478.51218478	7.2
8057.7749408	7200	0.605045165924	0.0	438675	478.51218478	7.2
8058.23368613	6773	0.646299832494	0.0	420167	458.74533343	4.638
8058.66736084	6400	0.71262512088	0.0	396693	433.674711614	4.535
8059.1394899	7066	0.740496066182	0.0	434595	472.129054698	3.736
8059.61978464	7200	0.760201320892	0.0	442995	480.29474529	6.53
8060.12831226	7600	0.751673709641	0.0	469589	508.527611251	5.6
8060.66515342	8000	0.714832548899	0.0	496259	536.841160742	6.0
8061.21165907	8133	0.66832689833	0.0	508563	546.505650569	7.468
8061.77895018	8733	0.601035785269	0.0	536941	567.291113061	5.733
8062.33407918	8733	0.545906785481	0.0	525223	555.128999788	8.733
8062.78573831	7200	0.594247653473	0.0	427485	451.659132008	-0.465
8063.22771439	7200	0.652271579477	0.0	419991	441.976073997	7.2
8063.6625195	7146	0.717466461972	0.0	413019	434.805117505	6.876
8064.10726028	7146	0.772725681858	0.0	422679	444.740780114	7.146
8064.55593121	7200	0.824054758528	0.0	427485	448.67092333	6.93
8064.98452683	6880	0.895459138201	0.0	408679	428.595620328	5.28
8065.4228714	7000	0.957114563035	0.0	418197	438.344575166	6.4
8065.86166079	6880	1.01832517309	0.0	418435	438.78938994	6.28
8066.33187129	7200	1.04811467756	0.0	438855	470.210495531	5.6
8066.82903659	7626	1.05094937788	0.0	464559	497.165299686	5.496
8067.34978734	8000	1.03019862456	0.0	487050	520.750753321	6.13
8067.87053809	8000	1.00944787124	0.0	487050	520.750753321	8.0
8068.37717688	8000	1.00280908411	0.0	487050	506.638787125	8.0
8068.88374678	8000	0.996239189825	0.0	487050	506.569894286	8.0
8069.39538787	8000	0.984598099864	0.0	487050	511.641089961	8.0
8069.91065119	7893	0.969334776809	0.0	483158	515.263323055	7.358
8070.4365885	8000	0.943397465663	0.0	493365	525.937311146	7.465
8070.96252581	8000	0.917460154517	0.0	493365	525.937311146	8.0
8071.47430658	8000	0.905679385043	0.0	493365	511.780769473	8.0
8072.06931789	9280	0.810668070482	0.0	581337	595.011314561	2.88
8072.70073898	9600	0.67924698812	0.0	603330	631.421082363	8.0
8073.35626645	9813	0.523719515209	0.0	613526	655.527472911	8.748
8073.93607418	8800	0.5	0.0560882162146	541560	579.807731424	0.930589189269
8074.47127066	8160	0.5	0.0351964754176	499088	535.196475418	3.20017622912
8074.99400731	8000	0.5	0.0227366556399	487050	522.73665564	6.06316721801
8075.51674397	8000	0.5	0.0227366556399	487050	522.73665564	6.86316721801
8076.03464433	8000	0.5	0.0179003618656	487050	517.900361866	7.10498190672
8076.52656972	7680	0.508074613958	0.0	467772	491.925386042	6.08
8076.97111152	6933	0.563532808709	0.0	421780	444.541805249	3.198
8077.40314395	6826	0.631500384178	0.0	409638	432.032424531	6.291
8077.85982753	7200	0.674816796337	0.0	428730	456.683587841	5.33
8078.32062844	7200	0.71401588533	0.0	428730	460.800911007	7.2
8078.78142936	7200	0.753214974323	0.0	428730	460.800911007	7.2
8079.24297426	7200	0.791670068306	0.0	428730	461.544906017	7.2
8079.70479395	7200	0.82985037695	0.0	428730	461.819691356	7.2
8080.16776656	7200	0.866877767108	0.0	429824	462.972609842	7.2
8080.6295954	7200	0.905048930956	0.0	429084	461.828836152	7.2
8081.13901952	7946	0.895624807717	0.0	476950	509.424123239	4.216
8081.62655359	7626	0.908090738565	0.0	456045	487.534069153	6.026
8082.08433897	7200	0.950305362863	0.0	427635	457.785375702	5.07
8082.57882786	7800	0.955816471735	0.0	462222	494.488891127	4.8
8083.06890674	7800	0.965737585436	0.0	456146	490.078886299	7.8
8083.5494387	7666	0.985205632745	0.0	447075	480.531952691	6.996
8084.00263596	7133	1.03200836859	0.0	421103	453.197264159	4.468
8084.51388944	8000	1.02075488662	0.0	476265	511.253481963	3.665
8084.99831764	7733	1.03632669142	0.0	454837	484.428195207	6.398
8085.48836764	8000	1.04627669361	0.0	462300	490.049997808	6.665
8085.97841763	8000	1.0562266958	0.0	462300	490.049997808	8.0
8086.47651322	8000	1.05813111371	0.0	468906	498.095582088	8.0
8086.97985947	8000	1.05478485658	0.0	467438	503.346257134	8.0
8087.48077192	7933	1.05387241199	0.0	465132	500.912444588	7.598
8087.97134752	7533	1.06329681045	0.0	455338	490.575601536	5.533
8088.55276902	8866	0.981875309057	0.0	543071	581.421501397	2.201
8089.13714139	9000	0.897502938546	0.0	551023	584.372370511	8.33
8089.65452587	8000	0.880118460159	0.0	487050	517.384478387	3.0
8090.17083378	8000	0.863810551279	0.0	487050	516.30790888	8.0
8090.68714169	8000	0.847502642399	0.0	487050	516.30790888	8.0
8091.27450007	9066	0.760144260352	0.0	555398	587.358382047	3.736
8091.87176879	9000	0.662875537388	0.0	551655	597.268722964	8.67
8092.47959274	9000	0.555051586127	0.0	551655	607.823951261	9.0
8093.08741669	9000	0.5	0.0527723651339	551655	607.823951261	6.36138174331
8093.69524065	9000	0.5	0.107823951261	551655	607.823951261	3.60880243695
8094.27050616	8533	0.5	0.0752655174724	521611	575.265517472	2.43472412638
8094.81056562	8000	0.5	0.0400594606218	487275	540.059460622	3.33202696891
8095.35246121	8000	0.5	0.0418955877567	487275	541.895587757	5.90522061217
8095.8943568	8000	0.5	0.0418955877567	487275	541.895587757	5.90522061217
8096.37656743	7133	0.517789368269	0.0	432597	482.210631731	2.798
8096.80665333	6346	0.587703467145	0.0	384845	430.085901124	2.411
8097.24092541	6400	0.653431388649	0.0	388680	434.272078496	6.13
8097.68328498	6400	0.711071818157	0.0	388680	442.359570492	6.4
8098.12677656	6400	0.76758023893	0.0	388680	443.491579227	6.4
8098.60414959	6933	0.790207213049	0.0	419059	477.37302588	4.268
8099.07228354	6866	0.822073263639	0.0	410775	468.133949411	6.531
8099.54375667	6866	0.850600130869	0.0	413769	471.47313277	6.866

