2620.60434905	3066	0.5	0.216572488336	181435	216.572488336	-7.76262441682
2620.82433035	3120	0.780018698424	0.0	184429	219.981301576	2.85
2621.049089	3146	1.0552600487	0.0	188625	224.758649723	3.016
2621.27818552	3200	1.32616353043	0.0	192435	229.096518274	2.93
2621.6198446	4800	1.48450444672	0.0	291300	341.659083707	-3.2
2621.96031504	4800	1.64403400731	0.0	290256	340.470439411	4.8
2622.31634146	5000	1.78800758417	0.0	303919	356.026423142	4.0
2622.7764551	6453	1.82789394822	0.0	395340	460.113635952	-0.812
2623.25757609	6773	1.84677295987	0.0	413791	481.12098835	5.173
2623.76702871	7200	1.8373203387	0.0	438675	509.452621164	5.065
2624.28433633	7413	1.82001272119	0.0	444483	517.307617508	6.348
2624.91733046	9000	1.68701859293	0.0	536970	632.99412826	1.065
2625.55032458	9000	1.55402446467	0.0	536970	632.99412826	9.0
2626.18331871	9000	1.42103033641	0.0	536970	632.99412826	9.0
2626.81631284	9000	1.28803620815	0.0	536970	632.99412826	9.0
2627.44930697	9000	1.15504207989	0.0	536970	632.99412826	9.0
2628.10139107	9400	1.00295797382	0.0	553424	652.084106074	7.4
2628.71813076	9000	0.886218287587	0.0	522960	616.73968623	7.0
2629.33487045	9000	0.769478601357	0.0	522960	616.73968623	9.0
2629.96045399	9000	0.643895056913	0.0	532300	625.583544444	9.0
2630.55190587	8400	0.552443175204	0.0	503004	591.451881709	5.4
2631.118826	8000	0.5	0.0144769496338	481782	566.920124837	5.27615251831
2631.68574612	8000	0.5	0.0669201248374	481782	566.920124837	4.65399375813
2632.16556129	6826	0.520184835844	0.0	406429	479.815164156	0.956
2632.66971632	7200	0.51602980397	0.0	427485	504.155031874	5.33
2633.17387135	7200	0.511874772096	0.0	427485	504.155031874	7.2
2633.67106874	7200	0.514677381815	0.0	427485	497.197390282	7.2
2634.16337827	7200	0.522367848409	0.0	427485	492.309533405	7.2
2634.65568781	7200	0.530058315004	0.0	427485	492.309533405	7.2
2635.18128971	7626	0.504456409441	0.0	456993	525.601905563	5.496
2635.71823278	7733	0.5	0.0324866552962	467045	536.943064737	5.57366723519
2636.22316742	7200	0.5	0.0049346399677	438675	504.934639968	4.28826800162
2636.72810206	7200	0.5	0.0049346399677	438675	504.934639968	6.95326800162
2637.22120263	7200	0.506899431643	0.0	438675	493.100568357	7.2
2637.70013581	7200	0.527966246171	0.0	438675	478.933185472	7.2
2638.179069	7200	0.549033060699	0.0	438675	478.933185472	7.2
2638.65618596	7200	0.571916099126	0.0	438675	477.116961573	7.2
2639.11313113	6773	0.614970925071	0.0	420167	456.945174055	4.638
2639.54510626	6400	0.682995801057	0.0	396693	431.975124014	4.535
2640.01386984	7066	0.714232219156	0.0	434595	468.7635819	3.736
2640.49082961	7200	0.737272453138	0.0	442995	476.959766018	6.53
2640.99582203	7600	0.73228002757	0.0	469589	504.992425568	5.6
2641.52092612	8000	0.707175940362	0.0	496259	525.104087209	6.0
2642.05321599	8133	0.674886065735	0.0	508563	532.289874627	7.468
2642.61466335	8733	0.613438706912	0.0	536941	561.447358823	5.733
2643.16417195	8733	0.563930104831	0.0	525223	549.508602081	8.733
2643.72574706	9000	0.502354994716	0.0	536970	561.575110114	7.665
2644.27082562	9000	0.5	0.0427235613195	527946	545.078556036	6.86382193402
2644.80494455	8933	0.5	0.034118925633	519390	534.118925633	6.89205371835
2645.25471452	7146	0.550230023101	0.0	422679	449.769976899	-1.789
2645.71060175	7200	0.594342799757	0.0	427485	455.887223345	6.93
2646.14687342	6880	0.65807113046	0.0	408679	436.271669297	5.28
2646.58499196	7000	0.719952585511	0.0	418197	438.118544948	6.4
2647.0170616	6880	0.78788294417	0.0	418435	432.069641341	6.28
2647.46977034	7200	0.835174208542	0.0	438855	452.708735628	5.6
2647.95000032	7626	0.854944220968	0.0	464559	480.229987575	5.496
2648.45299587	8000	0.851948680147	0.0	487050	502.995540821	6.13
2648.95067324	8000	0.854271308473	0.0	487050	497.677371674	8.0
2649.44389365	8000	0.861050893813	0.0	487050	493.22041466	8.0
2649.94947482	8000	0.855469726152	0.0	487050	505.581167661	8.0
2650.46029708	8000	0.84464746601	0.0	487050	510.822260142	8.0
2650.96497075	7893	0.839973792946	0.0	483158	504.673673064	7.358
2651.46856136	8000	0.836383181268	0.0	493365	503.590611679	7.465
2651.97202652	8000	0.832918028095	0.0	493365	503.465153172	8.0
2652.47488321	8000	0.830061339488	0.0	493365	502.856688608	8.0
2652.91730123	6960	0.887643317015	0.0	432864	442.418022473	1.76
2653.37921271	7200	0.925731839983	0.0	449280	461.911477032	6.0
2653.84807849	7360	0.956866051296	0.0	456778	468.865788687	6.56
2654.39360453	8800	0.911340015596	0.0	541560	545.5260357	1.6
2654.89713178	8160	0.907812764496	0.0	499088	503.5272511	4.96
2655.38454308	8000	0.920401467387	0.0	487050	487.411297109	7.2
2655.87455263	8000	0.930391916468	0.0	487050	490.009550918	8.0
2656.36645845	8000	0.93848609438	0.0	487050	491.905822089	8.0
2656.86521571	7680	0.939728833136	0.0	467772	498.757261244	6.08
2657.43454928	8666	0.870395269996	0.0	530195	569.333563139	3.736
2657.99030086	8533	0.814643685519	0.0	515343	555.751584477	7.868
2658.59883628	9000	0.706108263301	0.0	539520	608.535422218	6.665
2659.2073717	9000	0.597572841083	0.0	539520	608.535422218	9.0
2659.69299836	7200	0.611946188563	0.0	428730	485.62665252	-1.8
2660.17862501	7200	0.626319536043	0.0	428730	485.62665252	7.2
2660.66033055	7200	0.644613996131	0.0	428730	481.705539912	7.2
2661.13440594	7200	0.670538601726	0.0	429824	474.075394405	7.2
2661.60768237	7200	0.697262175717	0.0	429084	473.276426009	7.2
2662.13263909	7946	0.672305450729	0.0	476950	524.956724989	4.216
2662.61406158	7626	0.690882969517	0.0	456045	481.422481212	6.026
2663.05707349	7200	0.74787105602	0.0	427635	443.011913498	5.07
2663.536956	7800	0.767988547886	0.0	462222	479.882508133	4.8
2664.01679305	7800	0.788151495437	0.0	456146	479.837052449	7.8
2664.49009141	7666	0.81485313077	0.0	447075	473.298364668	6.996
2664.93891262	7133	0.866031922398	0.0	421103	448.821208372	4.468
2665.44521681	8000	0.859727733623	0.0	476265	506.304188774	3.665
2665.93078768	7733	0.874156869147	0.0	454837	485.570864476	6.398
2666.42797723	8000	0.876967311712	0.0	462300	497.189557435	6.665
2666.92516679	8000	0.879777754277	0.0	462300	497.189557435	8.0
2667.43002742	8000	0.874917123938	0.0	468906	504.860630339	8.0
2667.94104394	8000	0.863900607053	0.0	467438	511.016516885	8.0
2668.4495888	7933	0.855355742212	0.0	465132	508.544864842	7.598
2668.94693322	7533	0.85801132341	0.0	455338	497.344418802	5.533
2669.41182715	7093	0.893117390843	0.0	432025	464.893932567	4.893
2669.88331035	7200	0.921634195548	0.0	438283	471.483195295	6.665
2670.41936937	8000	0.885575177617	0.0	487050	536.05901793	4.0
2670.97065906	8000	0.834285480606	0.0	487050	551.289697011	8.0
2671.52194876	8000	0.782995783594	0.0	487050	551.289697011	8.0
2672.02292925	7253	0.782015299198	0.0	441782	500.980484396	3.518
2672.52065677	7200	0.784287776394	0.0	438855	497.727522804	6.935
2673.01665783	7200	0.788286712262	0.0	438855	496.001064132	7.2
2673.51251668	7200	0.792427868442	0.0	438855	495.85884382	7.2
2674.00837552	7200	0.796569024622	0.0	438855	495.85884382	7.2
2674.477769	6826	0.827175541027	0.0	414950	469.393483595	4.956
2675.02477954	8000	0.780165008525	0.0	487275	547.010532502	2.13
2675.56950652	8000	0.735438022084	0.0	487275	544.726986441	8.0
2676.11423351	8000	0.690711035643	0.0	487275	544.726986441	8.0
2676.59895782	7133	0.705986721542	0.0	432597	484.724314101	2.798
2677.13982422	7933	0.665120326221	0.0	483757	540.866395321	3.933
2677.6426109	8000	0.662333642364	0.0	488565	502.786683857	7.665
2678.14301286	8000	0.661931682501	0.0	488565	500.401959864	8.0
2678.63866136	8000	0.66628318249	0.0	488565	495.64850001	8.0
2679.06448538	6933	0.740459160627	0.0	419059	425.824021863	1.598
2679.50006827	6866	0.80487627689	0.0	410775	435.582883738	6.531
2679.94857097	6866	0.856373577202	0.0	413769	448.502699687	6.866

