2560.37913527	3066	0.5	0.187205114903	181435	187.205114903	-6.29425574515
2560.56926459	3120	0.80987068572	0.0	184429	190.12931428	2.85
2560.76349208	3146	1.11564319489	0.0	188625	194.227490829	3.016
2560.96144075	3200	1.4176945285	0.0	192435	197.948666389	2.93
2561.25594952	4800	1.62318575141	0.0	291300	294.508777089	-3.2
2561.64136671	6400	1.73776856704	0.0	389889	385.417184374	-1.6
2562.03855948	6666	1.84057579317	0.0	408326	397.192773871	5.336
2562.54622991	8066	1.8329053658	0.0	497055	507.670427362	1.066
2563.08281484	8466	1.79632043291	0.0	520019	536.584932893	6.466
2563.64900002	9000	1.73013525235	0.0	551265	566.185180565	6.33
2564.21858826	9266	1.66054701593	0.0	558332	569.58823642	7.936
2564.76644708	9000	1.61268819691	0.0	536970	547.858819021	7.67
2565.31358258	9000	1.56555269065	0.0	536970	547.135506259	9.0
2565.86071809	9000	1.51841718439	0.0	536970	547.135506259	9.0
2566.38674649	9000	1.4923887819	0.0	536970	526.028402486	9.0
2566.90859932	9000	1.47053595028	0.0	536970	521.85283162	9.0
2567.45900047	9400	1.42013480647	0.0	553424	550.401143812	7.4
2567.98213734	9000	1.39699793897	0.0	522960	523.136867498	7.0
2568.50568788	9000	1.37344739876	0.0	522960	523.550540208	9.0
2569.0194476	9000	1.35968766981	0.0	532300	513.75972895	9.0
2569.50300687	8400	1.37612840703	0.0	503004	483.559262785	5.4
2569.98163097	8000	1.39750430428	0.0	481782	478.624102748	6.0
2570.46025507	8000	1.41888020153	0.0	481782	478.624102748	8.0
2570.95742414	8533	1.42171113384	0.0	510552	497.169067693	5.868
2571.48915316	9000	1.38998211444	0.0	536970	531.729019403	6.665
2572.03014641	9000	1.34898886682	0.0	536970	540.993247621	9.0
2572.55969725	9000	1.31943802102	0.0	536970	529.550845799	9.0
2573.07631004	9000	1.30282523026	0.0	536970	516.612790763	9.0
2573.62087019	9000	1.25826508804	0.0	536970	544.560142218	9.0
2574.20672949	9533	1.1724057864	0.0	573990	585.859301638	6.868
2574.82528151	9666	1.05385376444	0.0	586715	618.552021958	9.001
2575.41023272	9000	0.968902550925	0.0	551265	584.951213516	5.67
2576.01687044	9000	0.862264838776	0.0	551265	606.63771215	9.0
2576.62710008	9000	0.752035199107	0.0	551265	610.229639669	9.0
2577.23732972	9000	0.641805559438	0.0	551265	610.229639669	9.0
2577.83950293	9000	0.539632347876	0.0	551265	602.173211561	9.0
2578.31661756	7200	0.562517718247	0.0	438675	477.114629629	-1.8
2578.7740243	6773	0.605110976154	0.0	420167	457.406742093	4.638
2579.21206391	6400	0.667071359775	0.0	396693	438.03961638	4.535
2579.69506881	7066	0.684066469209	0.0	434595	483.004890565	3.736
2580.1872161	7200	0.691919179213	0.0	442995	492.147289997	6.53
2580.70830779	7600	0.67082748797	0.0	469589	521.091691243	5.6
2581.26328187	8000	0.615853404618	0.0	496259	554.974083352	6.0
2581.8335701	8133	0.545565179256	0.0	508563	570.288225362	7.468
2582.31432026	6986	0.564815014374	0.0	427291	480.750164882	1.251
2582.7919295	6986	0.587205769636	0.0	418081	477.609244738	6.986
2583.28378303	7200	0.595352240904	0.0	427485	491.853528732	6.13
2583.76718946	7200	0.611945816384	0.0	419991	483.40642452	7.2
2584.24273717	7146	0.636398106912	0.0	413019	475.547709472	6.876
2584.72917346	7146	0.649961816349	0.0	422679	486.436290563	7.146
2585.22102699	7200	0.658108287617	0.0	427485	491.853528732	6.93
2585.69246902	6880	0.686666257488	0.0	408679	471.442030129	5.28
2586.17756893	7000	0.701566343851	0.0	418197	485.099913637	6.4
2586.66293923	6880	0.71619604621	0.0	418435	485.370297641	6.28
2587.17150802	7200	0.707627255427	0.0	438855	508.568790783	5.6
2587.70968963	7626	0.669445639774	0.0	464559	538.181615653	5.496
2588.27698011	8000	0.602155160811	0.0	487050	567.290478963	6.13
2588.84427059	8000	0.534864681849	0.0	487050	567.290478963	8.0
2589.41156107	8000	0.5	0.0324257971136	487050	567.290478963	6.37871014432
2589.97885155	8000	0.5	0.0672904789625	487050	567.290478963	4.63547605187
2590.54614203	8000	0.5	0.0672904789625	487050	567.290478963	4.63547605187
2591.09904817	7893	0.5	0.0529061442149	483158	552.906144215	4.71269278925
2591.66292734	8000	0.5	0.0638791706456	493365	563.879170646	4.27104146772
2592.22680652	8000	0.5	0.0638791706456	493365	563.879170646	4.80604146772
2592.79068569	8000	0.5	0.0638791706456	493365	563.879170646	4.80604146772
2593.28664305	6960	0.504042639177	0.0	432864	495.957360823	1.76
2593.82097886	7200	0.5	0.0302931727456	449280	534.335811923	4.48534136272
2594.36428013	7360	0.5	0.0433012668222	456778	543.301266822	4.39493665889
2594.84469481	6600	0.519585312949	0.0	402915	480.414687051	2.8
2595.28837906	6120	0.575901067939	0.0	371455	443.684245011	3.72
2595.72170149	6000	0.642578637076	0.0	362580	433.322430862	5.4
2596.15502392	6000	0.709256206214	0.0	362580	433.322430862	6.0
2596.58834635	6000	0.775933775352	0.0	362580	433.322430862	6.0
2597.00498947	5760	0.859290654565	0.0	348294	416.643120786	4.56
2597.50742958	6933	0.856850545102	0.0	421780	502.440109463	1.068
2597.99569356	6826	0.868586564923	0.0	409638	488.26398018	6.291
2598.50624799	7200	0.858032133394	0.0	428730	510.554431528	5.33
2599.01680242	7200	0.847477701866	0.0	428730	510.554431528	7.2
2599.52121901	7200	0.843061117701	0.0	428730	504.416584165	7.2
2600.02019838	7200	0.844081743167	0.0	428730	498.979374534	7.2
2600.51917776	7200	0.845102368633	0.0	428730	498.979374534	7.2
2601.01940487	7200	0.844875254412	0.0	429824	500.22711422	7.2
2601.51878799	7200	0.845492132301	0.0	429084	499.383122111	7.2
2602.07276372	7946	0.791516407057	0.0	476950	553.975725244	4.216
2602.60289667	7626	0.761383458909	0.0	456045	530.132948148	6.026
2603.09804014	7200	0.766239986398	0.0	427635	495.143472512	5.07
2603.63161679	7800	0.732663337346	0.0	462222	533.576649052	4.8
2604.15831092	7800	0.705969207343	0.0	456146	526.694130003	7.8
2604.67472998	7666	0.689550148157	0.0	447075	516.419059185	6.996
2605.16172955	7133	0.702550572962	0.0	421103	486.999575195	4.468
2605.7111189	8000	0.653161227792	0.0	476265	549.389345171	3.665
2606.23380937	7733	0.630470756427	0.0	454837	522.690471365	6.398
2606.7649121	8000	0.599368020916	0.0	462300	531.102735512	6.665
2607.29601484	8000	0.568265285404	0.0	462300	531.102735512	8.0
2607.83463624	8000	0.52964388746	0.0	468906	538.621397945	8.0
2608.37163289	8000	0.5	0.00735276062812	467438	536.996648088	7.63236196859
2608.90602971	7933	0.5	0.0343968289235	465132	534.396828923	5.87815855383
2609.42938464	7533	0.5	0.0233549256735	455338	523.354925673	4.36525371633
2609.92645614	7093	0.502928501983	0.0	432025	497.071498017	4.893
2610.430583	7200	0.5	0.00119835957694	438283	504.12686156	6.60508202115
2610.84646168	6000	0.584121320536	0.0	362580	415.878679464	0.0
2611.25923651	6000	0.671346494387	0.0	362580	412.774826149	6.0
2611.67201133	6000	0.758571668237	0.0	362580	412.774826149	6.0
2612.17276832	7253	0.757814681515	0.0	441782	500.756986723	0.988
2612.67027382	7200	0.760309175613	0.0	438855	497.505505902	6.935
2613.16777933	7200	0.762803669711	0.0	438855	497.505505902	7.2
2613.66787791	7200	0.76270508665	0.0	438855	500.098583062	7.2
2614.16836943	7200	0.762213575114	0.0	438855	500.491511536	7.2
2614.64214323	6826	0.788439771211	0.0	414950	473.773803903	4.956
2615.19675193	8000	0.733831070652	0.0	487275	554.608700559	2.13
2615.74471111	8000	0.685871887311	0.0	487275	547.959183341	8.0
2616.28281625	8000	0.647766752737	0.0	487275	538.105134575	8.0
2616.76166176	7133	0.668921240651	0.0	432597	478.845512086	2.798
2617.3033361	7933	0.627246897207	0.0	483757	541.674343444	3.933
2617.86408001	8000	0.56650299459	0.0	488565	560.743902616	7.665
2618.42482391	8000	0.505759091974	0.0	488565	560.743902616	8.0
2618.98556781	8000	0.5	0.0549848106426	488565	560.743902616	5.25075946787
2619.46795979	6933	0.51760801718	0.0	419059	482.39198282	1.598
2619.94101348	6866	0.54455432607	0.0	410775	473.05369111	6.531
2620.38777656	6866	0.597791250299	0.0	413769	446.763075771	6.866

