576.928772591	3066	0.5	0.18282020258	181435	182.82020258	-6.07501012898
577.114444634	3120	0.814327956891	0.0	184429	185.672043109	2.85
577.304113445	3146	1.12465914596	0.0	188625	189.668810933	3.016
577.591582098	4800	1.33719049321	0.0	291300	287.468652749	-3.47
577.881973519	4800	1.54679907272	0.0	291300	290.391420486	4.8
578.271322904	6400	1.65744968726	0.0	389889	389.349385461	-1.6
578.71435465	6666	1.71441794099	0.0	408326	443.031746269	5.336
579.143614679	6453	1.78515791207	0.0	395340	429.260028923	5.388
579.57849138	6773	1.85028121116	0.0	413791	434.876700913	5.173
580.02840482	7200	1.90036777105	0.0	438675	449.913440107	5.065
580.449287368	7413	1.97948522343	0.0	444483	420.882547619	6.348
580.952420751	9000	1.97635183978	0.0	536970	503.133383651	1.065
581.469165645	9000	1.95960694614	0.0	536970	516.744893635	9.0
582.011876652	9000	1.91689593931	0.0	536970	542.711006836	9.0
582.545233767	9000	1.8835388247	0.0	536970	533.357114611	9.0
583.079364536	9000	1.84940805567	0.0	536970	534.13076903	9.0
583.663059777	9400	1.76571281421	0.0	553424	583.695241462	7.4
584.25350218	9000	1.67527041122	0.0	522960	590.442402983	7.0
584.83072252	9000	1.59805007153	0.0	522960	577.220339692	9.0
585.397236074	9000	1.531536517	0.0	532300	566.51355453	9.0
585.920208337	8400	1.50856425394	0.0	503004	522.972263056	5.4
586.434677294	8000	1.49409529702	0.0	481782	514.468956921	6.0
586.980350076	8000	1.44842251486	0.0	481782	545.672782163	8.0
587.556699064	8533	1.37207352744	0.0	510552	576.348987416	5.868
588.156743243	9000	1.27202934855	0.0	536970	600.04417889	6.665
588.756948967	9000	1.17182362399	0.0	536970	600.205724564	9.0
589.357669961	9000	1.07110263072	0.0	536970	600.720993266	9.0
589.976465201	9000	0.95230739059	0.0	536970	618.795240135	9.0
590.606644544	9000	0.82212804728	0.0	536970	630.17934331	9.0
591.147273121	7626	0.78149947055	0.0	456993	540.628576729	0.756
591.736195006	7733	0.692577585367	0.0	467045	588.921885183	7.198
592.289951085	7200	0.638821506225	0.0	438675	553.756079142	4.535
592.843707164	7200	0.585065427083	0.0	438675	553.756079142	7.2
593.397463243	7200	0.531309347941	0.0	438675	553.756079142	7.2
593.801606079	5400	0.627166511813	0.0	326520	404.142836129	-3.6
594.198931415	5400	0.729841175739	0.0	326520	397.325336073	5.4
594.596256752	5400	0.832515839666	0.0	326520	397.325336073	5.4
595.104668256	6773	0.824104335066	0.0	420167	508.4115046	-0.092
595.572561295	6400	0.856211296197	0.0	396693	467.893038869	4.535
596.071879111	7066	0.856893479856	0.0	434595	499.317816341	3.736
596.582112743	7200	0.846659848564	0.0	442995	510.233631292	6.53
597.123446859	7600	0.805325731799	0.0	469589	541.334116765	5.6
597.69495775	8000	0.733814841527	0.0	496259	571.510890272	6.0
598.243294212	8133	0.685478379139	0.0	508563	548.336462388	7.468
598.703298584	6986	0.725474006987	0.0	427291	460.004372152	1.251
599.15271112	6986	0.776061471301	0.0	418081	449.412535686	6.986
599.60839406	7200	0.820378531338	0.0	427485	455.682939963	6.13
600.055911723	7200	0.872860867984	0.0	419991	447.517663353	7.2
600.493497965	7146	0.935274626707	0.0	413019	437.586241277	6.876
600.941084915	7146	0.9876876758	0.0	422679	447.586950907	7.146
601.39464642	7200	1.03412617151	0.0	427485	453.561504293	6.93
601.828923175	6880	1.09984941652	0.0	408679	434.276754985	5.28
602.27951508	7000	1.14925751102	0.0	418197	450.591905504	6.4
602.730646465	6880	1.19812612607	0.0	418435	451.131384946	6.28
603.233306701	7200	1.19546588993	0.0	438855	502.660236142	5.6
603.761124985	7626	1.16764760591	0.0	464559	527.818284018	5.496
604.309425997	8000	1.11934659436	0.0	487050	548.301011556	6.13
604.854502199	8000	1.07427039243	0.0	487050	545.076201929	8.0
605.374702364	8000	1.05407022704	0.0	487050	520.200165387	8.0
605.893591464	8000	1.03518112697	0.0	487050	518.889100066	8.0
606.408168214	8000	1.02060437753	0.0	487050	514.576749443	8.0
606.918897239	7893	1.0098753522	0.0	483158	510.729025325	7.358
607.440330533	8000	0.98844205813	0.0	493365	521.433294075	7.465
607.961896358	8000	0.966876233342	0.0	493365	521.565824788	8.0
608.483456431	8000	0.94531616044	0.0	493365	521.560072902	8.0
608.942280624	6960	0.986491967373	0.0	432864	458.824193067	1.76
609.422335006	7200	1.00643758573	0.0	449280	480.054381639	6.0
609.911037951	7360	1.01773464009	0.0	456778	488.702945641	6.56
610.494568365	8800	0.93420422662	0.0	541560	583.530413473	1.6
611.035355077	8160	0.893417513914	0.0	499088	540.786712705	4.96
611.564942265	8000	0.863830326537	0.0	487050	529.587187377	7.2
612.07706847	8000	0.851704121442	0.0	487050	512.126205095	8.0
612.555851232	8000	0.872921359461	0.0	487050	478.782761981	8.0
613.08568087	7680	0.843091721062	0.0	467772	529.829638399	6.08
613.568896658	6933	0.859875932773	0.0	421780	483.215788289	3.198
614.037883621	6826	0.890888970674	0.0	409638	468.986962099	6.291
614.527643176	7200	0.901129415092	0.0	428730	489.759555582	5.33
615.017402732	7200	0.91136985951	0.0	428730	489.759555582	7.2
615.492497809	7200	0.93627478268	0.0	428730	475.09507683	7.2
615.966166506	7200	0.962606084794	0.0	428730	473.668697886	7.2
616.418734114	7200	1.01003847713	0.0	428730	452.567607662	7.2
616.872431032	7200	1.05634155973	0.0	429824	453.696917398	7.2
617.341250606	7200	1.08752198521	0.0	429084	468.819574523	7.2
617.863680353	7946	1.0650922379	0.0	476950	522.429747309	4.216
618.359210723	7626	1.06956186817	0.0	456045	495.530369728	6.026
618.823997122	7200	1.10477546878	0.0	427635	464.786399392	5.07
619.327724786	7800	1.10104780495	0.0	462222	503.727663836	4.8
619.825214022	7800	1.10355856895	0.0	456146	497.489236001	7.8
620.29985373	7666	1.12891886089	0.0	447075	474.639708055	6.996
620.747218772	7133	1.18155381907	0.0	421103	447.365041821	4.468
621.250576373	8000	1.17819621847	0.0	476265	503.3576006	3.665
621.730875858	7733	1.19789673317	0.0	454837	480.299485298	6.398
622.217120228	8000	1.21165236326	0.0	462300	486.244369907	6.665
622.700210174	8000	1.22856241747	0.0	462300	483.08994579	8.0
623.191330787	8000	1.23744180381	0.0	468906	491.120613665	8.0
623.705490589	8000	1.22328200247	0.0	467438	514.159801337	8.0
624.220358514	7933	1.20841407697	0.0	465132	514.867925501	7.598
624.752110363	7533	1.17666222861	0.0	455338	531.751848363	5.533
625.257148867	7093	1.17162372471	0.0	432025	505.0385039	4.893
625.764513058	7200	1.16425953293	0.0	438283	507.36419178	6.665
626.31497591	8000	1.11379668153	0.0	487050	550.462851397	4.0
626.865491509	8000	1.06328108248	0.0	487050	550.51559905	8.0
627.416113192	8000	1.0126593992	0.0	487050	550.621683282	8.0
627.91363569	7253	1.01513690106	0.0	441782	497.522498142	3.518
628.39694214	7200	1.03183045074	0.0	438855	483.306450311	6.935
628.882290698	7200	1.04648189304	0.0	438855	485.348557699	7.2
629.377063178	7200	1.05170941362	0.0	438855	494.772479424	7.2
629.87071944	7200	1.05805315091	0.0	438855	493.656262714	7.2
630.438983309	8533	0.989789282018	0.0	521611	568.263868888	1.868
630.970483101	8000	0.958289490408	0.0	487275	531.49979161	5.335
631.501766726	8000	0.92700586569	0.0	487275	531.283624718	8.0
632.033888846	8000	0.894883744811	0.0	487275	532.122120879	8.0
632.509508744	7133	0.919263847131	0.0	432597	475.61989768	2.798
633.038204215	7933	0.890568375931	0.0	483757	528.6954712	3.933
633.555450316	8000	0.873322275629	0.0	488565	517.246100302	7.665
634.071823478	8000	0.856949113497	0.0	488565	516.373162132	8.0
634.581843509	8000	0.846929081987	0.0	488565	510.02003151	8.0
635.019663102	6933	0.909109489333	0.0	419059	437.819592654	1.598
635.449142911	6866	0.979629680574	0.0	410775	429.479808759	6.531
635.881257232	6866	1.04751535914	0.0	413769	432.114321437	6.866

