4479.10790147	3066	0.5	0.197387965668	181435	197.387965668	-6.80339828341
4479.30838167	3120	0.799519799817	0.0	184429	200.480200183	2.85
4479.51319554	3146	1.09470592695	0.0	188625	204.81387287	3.016
4479.72194442	3200	1.38595704623	0.0	192435	208.74888072	2.93
4480.03280211	4800	1.57509935946	0.0	291300	310.85768677	-3.2
4480.44548354	6400	1.66241792232	0.0	389889	412.681437134	-1.6
4480.8717558	6666	1.73614566875	0.0	408326	426.272253572	5.336
4481.28024876	6453	1.82765270064	0.0	395340	408.492968111	5.388
4481.70981832	6773	1.89808314687	0.0	413791	429.569553768	5.173
4482.16625897	7200	1.9416424957	0.0	438675	456.440651174	5.065
4482.62861044	7413	1.97929102831	0.0	444483	462.351467387	6.348
4483.18984604	9000	1.91805542116	0.0	536970	561.235607149	1.065
4483.75165232	9000	1.85624914528	0.0	536970	561.806275878	9.0
4484.31640765	9000	1.79149381576	0.0	536970	564.755329522	9.0
4484.88116298	9000	1.72673848624	0.0	536970	564.755329522	9.0
4485.45276114	9000	1.65514032197	0.0	536970	571.598164274	9.0
4486.05045817	9400	1.55744329644	0.0	553424	597.697025527	7.4
4486.65196948	9000	1.45593198613	0.0	522960	601.511310307	7.0
4487.27548141	9000	1.3324200551	0.0	522960	623.511931029	9.0
4487.90995059	9000	1.19795087794	0.0	532300	634.469177158	9.0
4488.51005108	8400	1.09785038201	0.0	503004	600.100495937	5.4
4489.08525493	8000	1.02264653247	0.0	481782	575.203849539	6.0
4489.65740991	8000	0.950491555079	0.0	481782	572.154977388	8.0
4490.25231224	8533	0.855589223178	0.0	510552	594.902331901	5.868
4490.75205075	7200	0.855850717888	0.0	427485	499.73850529	0.535
4491.25178925	7200	0.856112212599	0.0	427485	499.73850529	7.2
4491.75152776	7200	0.856373707309	0.0	427485	499.73850529	7.2
4492.25126626	7200	0.856635202019	0.0	427485	499.73850529	7.2
4492.7431235	7200	0.864777969002	0.0	427485	491.857233017	7.2
4493.26195659	7626	0.845944874647	0.0	456993	518.833094354	5.496
4493.79198196	7733	0.815919507623	0.0	467045	530.025367025	7.198
4494.29041911	7200	0.817482359426	0.0	438675	498.437148197	4.535
4494.79013658	7200	0.817764887611	0.0	438675	499.717471815	7.2
4495.29228851	7200	0.81561295431	0.0	438675	502.1519333	7.2
4495.79444044	7200	0.81346102101	0.0	438675	502.1519333	7.2
4496.29659238	7200	0.81130908771	0.0	438675	502.1519333	7.2
4496.79874431	7200	0.809157154409	0.0	438675	502.1519333	7.2
4497.28253775	6773	0.825363720065	0.0	420167	483.793434344	4.638
4497.74033785	6400	0.867563619233	0.0	396693	457.800100832	4.535
4498.24092297	7066	0.866978494663	0.0	434595	500.58512457	3.736
4498.75099029	7200	0.856911173918	0.0	442995	510.067320745	6.53
4499.30300909	7600	0.804892371093	0.0	469589	552.018802825	5.6
4499.888726	8000	0.719175462266	0.0	496259	585.716908826	6.0
4500.48871695	8133	0.61918451338	0.0	508563	599.990948886	7.468
4500.99442313	6986	0.613478332355	0.0	427291	505.706181025	1.251
4501.48944467	6986	0.618456799327	0.0	418081	495.021533028	6.986
4501.99537591	7200	0.612525556227	0.0	427485	505.9312431	6.13
4502.48161094	7200	0.62629052598	0.0	419991	486.235030248	7.2
4502.93085269	7146	0.677048773602	0.0	413019	449.241752378	6.876
4503.39036776	7146	0.717533703706	0.0	422679	459.515069896	7.146
4503.85709836	7200	0.750803101568	0.0	427485	466.730602138	6.93
4504.3104786	6880	0.797422863999	0.0	408679	453.380237569	5.28
4504.77418502	7000	0.833716445977	0.0	418197	463.706418022	6.4
4505.23814965	6880	0.869751819198	0.0	418435	463.964626779	6.28
4505.71933456	7200	0.888566905389	0.0	438855	481.184913809	5.6
4506.22391208	7626	0.883989383851	0.0	464559	504.577521538	5.496
4506.75165246	8000	0.856249006334	0.0	487050	527.740377517	6.13
4507.27363044	8000	0.834271027047	0.0	487050	521.977979287	8.0
4507.79560842	8000	0.81229304776	0.0	487050	521.977979287	8.0
4508.31243826	8000	0.795463200995	0.0	487050	516.829846765	8.0
4508.82523485	8000	0.782666618962	0.0	487050	512.796582033	8.0
4509.33505293	7893	0.772848532974	0.0	483158	509.818085988	7.358
4509.85673713	8000	0.75116433203	0.0	493365	521.684200944	7.465
4510.37914115	8000	0.728760317296	0.0	493365	522.404014733	8.0
4510.90555295	8000	0.702348512956	0.0	493365	526.411804341	8.0
4511.37075408	6960	0.737147381555	0.0	432864	465.201131401	1.76
4511.86022705	7200	0.74767441907	0.0	449280	489.472962484	6.0
4512.3577019	7360	0.750199568515	0.0	456778	497.474850556	6.56
4512.94006267	8800	0.667838793603	0.0	541560	582.360774912	1.6
4513.45681567	8160	0.651085800137	0.0	499088	516.752993466	4.96
4514.00536253	8000	0.602538935968	0.0	487050	548.546864169	7.2
4514.56419865	8000	0.54370281977	0.0	487050	558.836116198	8.0
4515.12303476	8000	0.5	0.015133296428	487050	558.836116198	7.2433351786
4515.64615901	7680	0.5	0.0231242462026	467772	523.124246203	4.92378768987
4516.10481232	6933	0.541346691798	0.0	421780	458.653308202	3.198
4516.55055001	6826	0.595608999481	0.0	409638	445.737692317	6.291
4517.01749234	7200	0.628666665582	0.0	428730	466.942333899	5.33
4517.48573488	7200	0.660424132376	0.0	428730	468.242533206	7.2
4517.95397741	7200	0.69218159917	0.0	428730	468.242533206	7.2
4518.42221994	7200	0.723939065964	0.0	428730	468.242533206	7.2
4518.88584318	7200	0.760315826835	0.0	428730	463.623239128	7.2
4519.35053858	7200	0.795620425968	0.0	429824	464.695400867	7.2
4519.81297107	7200	0.833187934624	0.0	429084	462.432491344	7.2
4520.31052311	7946	0.835635898853	0.0	476950	497.552035771	4.216
4520.78670545	7626	0.859453556567	0.0	456045	476.182342286	6.026
4521.23492582	7200	0.911233184212	0.0	427635	448.220372355	5.07
4521.72603113	7800	0.920127877047	0.0	462222	491.105307164	4.8
4522.22996183	7800	0.916197174187	0.0	456146	503.93070286	7.8
4522.72407014	7666	0.922088864608	0.0	447075	494.108309579	6.996
4523.19005507	7133	0.956103937048	0.0	421103	465.98492756	4.468
4523.72038323	8000	0.925775774364	0.0	476265	530.328162684	3.665
4524.22967167	7733	0.916487340114	0.0	454837	509.28843425	6.398
4524.74715246	8000	0.899006543358	0.0	462300	517.480796755	6.665
4525.26463326	8000	0.881525746603	0.0	462300	517.480796755	8.0
4525.81140104	8000	0.834757971829	0.0	468906	546.767774774	8.0
4526.35813428	8000	0.788024726626	0.0	467438	546.733245203	8.0
4526.90221967	7933	0.743939333895	0.0	465132	544.085392732	7.598
4527.43505916	7533	0.711099850575	0.0	455338	532.83948332	5.533
4527.9344387	7093	0.711720311158	0.0	432025	499.379539417	4.893
4528.41725411	7200	0.728904899693	0.0	438283	482.815411464	6.665
4528.95267888	8000	0.693480125852	0.0	487050	535.424773842	4.0
4529.47871206	8000	0.667446950827	0.0	487050	526.033175025	8.0
4529.99907357	8000	0.647085436018	0.0	487050	520.361514809	8.0
4530.47196551	7253	0.674193496913	0.0	441782	472.891939105	3.518
4530.94107776	7200	0.705081251563	0.0	438855	469.11224535	6.935
4531.41019	7200	0.735969006214	0.0	438855	469.11224535	7.2
4531.87710955	7200	0.769049459559	0.0	438855	466.919546655	7.2
4532.3414002	7200	0.804758805219	0.0	438855	464.29065434	7.2
4532.8913576	8533	0.754801410405	0.0	521611	549.957394814	1.868
4533.40323991	8000	0.742919093309	0.0	487275	511.882317096	5.335
4533.91405942	8000	0.73209958753	0.0	487275	510.819505779	8.0
4534.4189354	8000	0.727223603755	0.0	487275	504.875983774	8.0
4534.86426402	7133	0.781894985298	0.0	432597	445.328618457	2.798
4535.36947984	7933	0.776679164095	0.0	483757	505.215821203	3.933
4535.88830589	8000	0.757853114471	0.0	488565	518.826049625	7.665
4536.40870269	8000	0.737456315226	0.0	488565	520.396799245	8.0
4536.93952599	8000	0.706633015987	0.0	488565	530.823299239	8.0
4537.39625404	6933	0.749904963516	0.0	419059	456.728052471	1.598
4537.83928436	6866	0.80687465118	0.0	410775	443.030312336	6.531
4538.27301047	6866	0.873148538639	0.0	413769	433.726112541	6.866

