7223.73944295	3066	0.5	0.188349759653	181435	188.349759653	-6.35148798263
7223.9307358	3120	0.808707152297	0.0	184429	191.292847703	2.85
7224.12615329	3146	1.11328965614	0.0	188625	195.417496153	3.016
7224.325316	3200	1.41412694774	0.0	192435	199.162708401	2.93
7224.62166254	4800	1.61778040498	0.0	291300	296.346542766	-3.2
7225.03068378	6400	1.70875916699	0.0	389889	409.021237982	-1.6
7225.46912319	6666	1.77031975918	0.0	408326	438.439407816	5.336
7225.88942453	6453	1.85001841533	0.0	395340	420.301343851	5.388
7226.3176497	6773	1.92179324521	0.0	413791	428.225170114	5.173
7226.77102553	7200	1.96841741901	0.0	438675	453.375826201	5.065
7227.23767085	7413	2.00177209461	0.0	444483	466.6453244	6.348
7227.65697489	6400	2.08246806259	0.0	383025	419.304032025	1.335
7228.07627892	6400	2.16316403056	0.0	383025	419.304032025	6.4
7228.49558295	6400	2.24385999854	0.0	383025	419.304032025	6.4
7228.90815264	6400	2.33129030815	0.0	383025	412.56969039	6.4
7229.31700763	6400	2.42243532289	0.0	383025	408.854985254	6.4
7229.72586261	6400	2.51358033764	0.0	383025	408.854985254	6.4
7230.1347176	6400	2.60472535239	0.0	383025	408.854985254	6.4
7230.54111874	6400	2.69832420774	0.0	383025	406.401144641	6.4
7230.94703001	6400	2.79241294372	0.0	383025	405.911264026	6.4
7231.35542237	6400	2.8840205775	0.0	383025	408.392366218	6.4
7231.76597043	6400	2.97347251509	0.0	383025	410.548062414	6.4
7232.1765185	6400	3.06292445267	0.0	383025	410.548062414	6.4
7232.59213845	6400	3.14730449535	0.0	383025	415.619957326	6.4
7233.00823757	6400	3.23120537862	0.0	383025	416.099116726	6.4
7233.42433669	6400	3.3151062619	0.0	383025	416.099116726	6.4
7233.83456336	6400	3.40487958942	0.0	383025	410.226672475	6.4
7234.23469385	6400	3.50474909901	0.0	383025	400.130490414	6.4
7234.63482434	6400	3.60461860859	0.0	383025	400.130490414	6.4
7235.02633821	6400	3.71310473454	0.0	383025	391.513874052	6.4
7235.40713374	6400	3.83230921166	0.0	383025	380.795522882	6.4
7235.78783172	6400	3.95161122831	0.0	383025	380.697983349	6.4
7236.16333653	6400	4.07610641656	0.0	383025	375.504811754	6.4
7236.54190624	6400	4.19753670555	0.0	383025	378.569711008	6.4
7236.94708772	6400	4.29235522772	0.0	383025	405.181477829	6.4
7237.3522692	6400	4.38717374989	0.0	383025	405.181477829	6.4
7237.75745068	6400	4.48199227206	0.0	383025	405.181477829	6.4
7238.16248404	6400	4.57695890419	0.0	383025	405.033367867	6.4
7238.56751212	6400	4.67193083228	0.0	383025	405.02807191	6.4
7238.97129524	6400	4.76814771378	0.0	383025	403.783118502	6.4
7239.36676411	6400	4.87267883531	0.0	383025	395.46887847	6.4
7239.76223299	6400	4.97720995684	0.0	383025	395.46887847	6.4
7240.16117069	6400	5.07827225709	0.0	383025	398.937699755	6.4
7240.56642756	6400	5.17301538712	0.0	383025	405.256869967	6.4
7240.97168443	6400	5.26775851715	0.0	383025	405.256869967	6.4
7241.38341145	6400	5.35603150287	0.0	383025	411.727014289	6.4
7241.79651667	6400	5.44292628127	0.0	383025	413.105221598	6.4
7242.20962189	6400	5.52982105967	0.0	383025	413.105221598	6.4
7242.61776733	6400	5.62167562229	0.0	383025	408.145437386	6.4
7243.02185174	6400	5.71759120447	0.0	383025	404.084417815	6.4
7243.42593616	6400	5.81350678665	0.0	383025	404.084417815	6.4
7243.82606076	6400	5.91338218988	0.0	383025	400.124596772	6.4
7244.22579749	6400	6.01364545972	0.0	383025	399.736730163	6.4
7244.62638701	6400	6.1130559389	0.0	383025	400.589520823	6.4
7245.03058854	6400	6.20885441273	0.0	383025	404.201526164	6.4
7245.43456361	6400	6.30487933535	0.0	383025	403.975077383	6.4
7245.83224777	6400	6.40719518255	0.0	383025	397.6841528	6.4
7246.22993192	6400	6.50951102975	0.0	383025	397.6841528	6.4
7246.6272797	6400	6.61216324588	0.0	383025	397.347783868	6.4
7247.02216083	6400	6.7172821237	0.0	383025	394.881122181	6.4
7247.41672491	6400	6.8227180434	0.0	383025	394.564080298	6.4
7247.81070846	6400	6.92873449137	0.0	383025	393.983552032	6.4
7248.20413162	6400	7.03531132623	0.0	383025	393.423165142	6.4
7248.59519149	6400	7.14425145541	0.0	383025	391.059870822	6.4
7248.98625136	6400	7.25319158459	0.0	383025	391.059870822	6.4
7249.38623404	6400	7.35320890609	0.0	383025	399.982678495	6.4
7249.79056435	6400	7.44887859967	0.0	383025	404.330306423	6.4
7250.19489466	6400	7.54454829325	0.0	383025	404.330306423	6.4
7250.59298252	6400	7.64646042858	0.0	383025	398.087864661	6.4
7250.98488885	6400	7.75455410143	0.0	383025	391.90632715	6.4
7251.37701474	6400	7.86242820503	0.0	383025	392.125896403	6.4
7251.78362768	6400	7.95581527226	0.0	383025	406.61293277	6.4
7252.19024061	6400	8.04920233949	0.0	383025	406.61293277	6.4
7252.59747689	6400	8.14196605473	0.0	383025	407.236284759	6.4
7253.00949255	6400	8.2299503949	0.0	383025	412.015659831	6.4
7253.42176405	6400	8.31767890298	0.0	383025	412.271491919	6.4
7253.83632453	6400	8.40311842365	0.0	383025	414.560479332	6.4
7254.250885	6400	8.48855794432	0.0	383025	414.560479332	6.4
7254.66544548	6400	8.57399746499	0.0	383025	414.560479332	6.4
7255.08350781	6400	8.65593514019	0.0	383025	418.0623248	6.4
7255.50556757	6400	8.73387538088	0.0	383025	422.059759307	6.4
7255.92762733	6400	8.81181562157	0.0	383025	422.059759307	6.4
7256.34968709	6400	8.88975586226	0.0	383025	422.059759307	6.4
7256.7660074	6400	8.97343554843	0.0	383025	416.320313831	6.4
7257.17734903	6400	9.06209392304	0.0	383025	411.341625393	6.4
7257.58869065	6400	9.15075229765	0.0	383025	411.341625393	6.4
7258.00205003	6400	9.23739292192	0.0	383025	413.359375732	6.4
7258.41629482	6400	9.32314812594	0.0	383025	414.24479598	6.4
7258.83053962	6400	9.40890332995	0.0	383025	414.24479598	6.4
7259.27906557	6400	9.46037738244	0.0	383025	448.525947511	6.4
7259.72942789	6400	9.51001505424	0.0	383025	450.362328199	6.4
7260.17979022	6400	9.55965272604	0.0	383025	450.362328199	6.4
7260.63015255	6400	9.60929039785	0.0	383025	450.362328199	6.4
7261.08051488	6400	9.65892806965	0.0	383025	450.362328199	6.4
7261.53087721	6400	9.70856574145	0.0	383025	450.362328199	6.4
7261.96628518	6400	9.77315776783	0.0	383025	435.407973616	6.4
7262.38374488	6400	9.85569807181	0.0	383025	417.459696025	6.4
7262.80120457	6400	9.93823837578	0.0	383025	417.459696025	6.4
7263.7185686	6400	9.52087434793	0.0	383025	417.364027854	6.4
7264.13552578	6400	9.6039171716	0.0	383025	416.957176323	6.4
7264.55248295	6400	9.68695999528	0.0	383025	416.957176323	6.4
7264.96625983	6400	9.77318311497	0.0	383025	413.776880308	6.4
7265.37700504	6400	9.86243790719	0.0	383025	410.74520778	6.4
7265.78775025	6400	9.95169269941	0.0	383025	410.74520778	6.4
7266.69959771	6400	9.53984523883	0.0	383025	411.847460588	6.4
7267.11237474	6400	9.62706820881	0.0	383025	412.77703002	6.4
7267.53049208	6400	9.70895087065	0.0	383025	418.117338157	6.4
7267.95034325	6400	9.78909969572	0.0	383025	419.851174934	6.4
7268.37019443	6400	9.86924852078	0.0	383025	419.851174934	6.4
7268.79366275	6400	9.94578020085	0.0	383025	423.468319936	6.4
7269.72597684	6400	9.51346611058	0.0	383025	432.31409027	6.4
7270.15829093	6400	9.58115202031	0.0	383025	432.31409027	6.4
7270.59486335	6400	9.64457959803	0.0	383025	436.57242228	6.4
7271.0410631	6400	9.69837985324	0.0	383025	446.199744788	6.4
7271.48726284	6400	9.75218010845	0.0	383025	446.199744788	6.4
7271.93346259	6400	9.80598036366	0.0	383025	446.199744788	6.4
7272.37966233	6400	9.85978061887	0.0	383025	446.199744788	6.4
7272.82586207	6400	9.91358087408	0.0	383025	446.199744788	6.4
7273.27580671	6400	9.96363623407	0.0	383025	449.944640016	6.4
7274.22974943	6400	9.50969351977	0.0	383025	453.942714296	6.4

