4126.33005428	3066	0.5	0.188274034719	181435	188.274034719	-6.34770173596
4126.52127015	3120	0.808784126827	0.0	184429	191.215873173	2.85
4126.71660892	3146	1.11344535647	0.0	188625	195.338770352	3.016
4126.91569131	3200	1.41436296404	0.0	192435	199.082392434	2.93
4127.21488344	4800	1.61517083575	0.0	291300	299.19212829	-3.2
4127.62688211	6400	1.70317217193	0.0	389889	411.998663825	-1.6
4128.06753538	6666	1.7625189032	0.0	408326	440.653268722	5.336
4128.50422896	6453	1.82582531675	0.0	395340	436.693586452	5.388
4128.96083686	6773	1.86921742018	0.0	413791	456.607896574	5.173
4129.43781858	7200	1.89223569734	0.0	438675	476.981722835	5.065
4129.9172709	7413	1.91278337682	0.0	444483	479.452320528	6.348
4130.48037246	9000	1.84968181923	0.0	536970	563.101557588	1.065
4131.03427851	9000	1.79577576495	0.0	536970	553.90605428	9.0
4131.58943951	9000	1.7406147707	0.0	536970	555.160994253	9.0
4132.13573802	9000	1.69431626381	0.0	536970	546.298506885	9.0
4132.66807366	9000	1.66198061467	0.0	536970	532.335649145	9.0
4133.20481478	9400	1.62523949771	0.0	553424	536.741116953	7.4
4133.71813023	9000	1.6119240446	0.0	522960	513.315453114	7.0
4134.25827114	9000	1.5717831437	0.0	522960	540.140900896	9.0
4134.82801946	9000	1.50203481782	0.0	532300	569.748325883	9.0
4135.34571972	8400	1.48433455668	0.0	503004	517.700261138	5.4
4135.84142178	8000	1.48863249825	0.0	481782	495.702058432	6.0
4136.34254626	8000	1.48750802136	0.0	481782	501.124476886	8.0
4136.87495312	8533	1.455101163	0.0	510552	532.40685836	5.868
4137.43773345	9000	1.39232082656	0.0	536970	562.780336445	6.665
4138.02053656	9000	1.3095177156	0.0	536970	582.80311096	9.0
4138.6085242	9000	1.22153007392	0.0	536970	587.98764168	9.0
4139.21230589	9000	1.11774839359	0.0	536970	603.781680335	9.0
4139.79520043	9000	1.03485384695	0.0	536970	582.894546639	9.0
4140.39487255	9533	0.935181730864	0.0	573990	599.672116082	6.868
4140.97197943	9666	0.858074853552	0.0	586715	577.106877312	9.001
4141.49257325	9000	0.837481030884	0.0	551265	520.593822668	5.67
4142.00615758	9000	0.82389670137	0.0	551265	513.584329514	9.0
4142.51482615	9000	0.815228130402	0.0	551265	508.668570969	9.0
4143.03536586	9000	0.79468841959	0.0	551265	520.539710812	9.0
4143.57586392	9000	0.754190358049	0.0	551265	540.498061541	9.0
4144.12655892	9000	0.703495354836	0.0	551265	550.695003213	9.0
4144.66309887	8466	0.666955409701	0.0	527825	536.539945135	5.796
4145.19533123	8000	0.63472304729	0.0	498375	532.232362411	5.67
4145.66168192	7066	0.668372360898	0.0	434595	466.350686392	2.396
4146.14722298	7200	0.68283129801	0.0	442995	485.541062888	6.53
4146.66131186	7600	0.668742420753	0.0	469589	514.088877257	5.6
4147.20166203	8000	0.628392250403	0.0	496259	540.35017035	6.0
4147.7565503	8133	0.573503981466	0.0	508563	554.888268937	7.468
4148.23081091	6986	0.599243369197	0.0	427291	474.260612269	1.251
4148.71478387	6986	0.61527041188	0.0	418081	483.972957317	6.986
4149.22048435	7200	0.609569929254	0.0	427485	505.700482626	6.13
4149.71749498	7200	0.61255929403	0.0	419991	497.010635223	7.2
4150.20642107	7146	0.623633208592	0.0	413019	488.926085438	6.876
4150.70070495	7146	0.62934932434	0.0	422679	494.283884252	7.146
4151.20030411	7200	0.629750172046	0.0	427485	499.599152294	6.93
4151.67836472	6880	0.651689557147	0.0	408679	478.060614899	5.28
4152.16930634	7000	0.660747937879	0.0	418197	490.941619268	6.4
4152.66164609	6880	0.668408187665	0.0	418435	492.339750214	6.28
4153.17752445	7200	0.652529828828	0.0	438855	515.878358838	5.6
4153.72792409	7626	0.602130191617	0.0	464559	550.399637211	5.496
4154.30572627	8000	0.524328006724	0.0	487050	577.802184893	6.13
4154.88153391	8000	0.5	0.0514796303185	487050	575.807637043	5.42601848407
4155.45187302	8000	0.5	0.0703391081651	487050	570.339108165	4.48304459175
4156.02221213	8000	0.5	0.0703391081651	487050	570.339108165	4.48304459175
4156.59171552	8000	0.5	0.0695033911761	487050	569.503391176	4.52483044119
4157.15597935	7893	0.5	0.0642638331312	483158	564.263833131	4.14480834344
4157.73195234	8000	0.5	0.0759729861304	493365	575.97298613	3.66635069348
4158.30085395	8000	0.5	0.0689016137333	493365	568.901613733	4.55491931333
4158.86936215	8000	0.5	0.0685082046986	493365	568.508204699	4.57458976507
4159.36938089	6960	0.5	1.87397133254e-05	432864	500.018739713	1.75906301433
4159.89313473	7200	0.5	0.0237538391015	449280	523.753839102	4.81230804492
4160.42570387	7360	0.5	0.0325691325753	456778	532.569132575	4.93154337123
4160.89653935	6600	0.529164518286	0.0	402915	470.835481714	2.8
4161.33085706	6120	0.594846803392	0.0	371455	434.317714894	3.72
4161.75503675	6000	0.670667112538	0.0	362580	424.179690854	5.4
4162.17921644	6000	0.746487421684	0.0	362580	424.179690854	6.0
4162.5970553	6000	0.828648568572	0.0	362580	417.838853112	6.0
4162.99793953	5760	0.927764336697	0.0	348294	400.884231875	4.56
4163.48129581	6933	0.944408059183	0.0	421780	483.356277514	1.068
4163.96123365	6826	0.964470217406	0.0	409638	479.937841777	6.291
4164.46500856	7200	0.960695303404	0.0	428730	503.774914002	5.33
4164.96878348	7200	0.956920389401	0.0	428730	503.774914002	7.2
4165.4719095	7200	0.953794367124	0.0	428730	503.126022278	7.2
4165.97484296	7200	0.950860905109	0.0	428730	502.933462015	7.2
4166.47777642	7200	0.947927443093	0.0	428730	502.933462015	7.2
4166.98333199	7200	0.942371875733	0.0	429824	505.55556736	7.2
4167.48877452	7200	0.936929343274	0.0	429084	505.442532459	7.2
4168.04983832	7946	0.875865548651	0.0	476950	561.063794623	4.216
4168.59690123	7626	0.828802634255	0.0	456045	547.062914396	6.026
4169.11050701	7200	0.815196851058	0.0	427635	513.605783197	5.07
4169.66484429	7800	0.760859572022	0.0	462222	554.337279036	4.8
4170.21175312	7800	0.713950745308	0.0	456146	546.908826714	7.8
4170.74646111	7666	0.679242758819	0.0	447075	534.707986489	6.996
4171.25068715	7133	0.675016717921	0.0	421103	504.226040898	4.468
4171.81965387	8000	0.606049991566	0.0	476265	568.966726355	3.665
4172.36395121	7733	0.561752650895	0.0	454837	544.29734067	6.398
4172.91707954	8000	0.50862432626	0.0	462300	553.128324635	6.665
4173.47020786	8000	0.5	0.044503998375	462300	553.128324635	5.77480008125
4174.01808433	8000	0.5	0.0478764679931	468906	547.876467993	5.60617660034
4174.55679135	8000	0.5	0.0387070147087	467438	538.707014709	6.06464926457
4175.09182019	7933	0.5	0.0350288475065	465132	535.028847507	5.84655762467
4175.60909226	7533	0.5	0.0172720650398	455338	517.27206504	4.66939674801
4176.10039234	7093	0.508699924235	0.0	432025	491.300075765	4.893
4176.59431886	7200	0.514773397087	0.0	438283	493.926527147	6.665
4177.00319335	6000	0.605898913801	0.0	362580	408.874483287	0.0
4177.41206783	6000	0.697024430514	0.0	362580	408.874483287	6.0
4177.81867533	6000	0.790416928959	0.0	362580	406.607501555	6.0
4178.31111627	7253	0.797975987101	0.0	441782	492.440941858	0.988
4178.80751684	7200	0.801575423427	0.0	438855	496.400563674	6.935
4179.31494714	7200	0.794145122739	0.0	438855	507.430300688	7.2
4179.82237744	7200	0.786714822051	0.0	438855	507.430300688	7.2
4180.29604839	7200	0.813043870664	0.0	438855	473.670951388	7.2
4180.73839941	6826	0.870692852145	0.0	414950	442.351018519	4.956
4181.22633322	8000	0.882759044242	0.0	487275	487.933807903	2.13
4181.71379409	8000	0.895298166368	0.0	487275	487.460877874	8.0
4182.21518089	8000	0.893911369139	0.0	487275	501.386797229	8.0
4182.66355731	7133	0.945534949661	0.0	432597	448.376419478	2.798
4183.16419717	7933	0.944895087755	0.0	483757	500.639861906	3.933
4183.66755265	8000	0.941539607148	0.0	488565	503.355480607	7.665
4184.16960882	8000	0.93948343982	0.0	488565	502.056167328	8.0
4184.67242357	8000	0.936668685346	0.0	488565	502.814754474	8.0
4185.1235305	6933	0.985561763038	0.0	419059	451.106922308	1.598
4185.56591757	6866	1.04317468625	0.0	410775	442.387076786	6.531
4186.02292953	6866	1.08616272508	0.0	413769	457.011961177	6.866

