2731.84011149	3066	0.5	0.211372027394	181435	211.372027394	-7.50260136968
2732.05480651	3120	0.785304976216	0.0	184429	214.695023784	2.85
2732.27415861	3146	1.06595287399	0.0	188625	219.352102225	3.016
2732.49773938	3200	1.34237210903	0.0	192435	223.580764965	2.93
2732.83104895	4800	1.50906254042	0.0	291300	333.309568604	-3.2
2733.16319979	4800	1.676911692	0.0	290256	332.15084842	4.8
2733.510515	5000	1.82959648163	0.0	303919	347.31521037	4.0
2733.95929703	6453	1.8808144533	0.0	395340	448.782028328	-0.812
2734.42855755	6773	1.91155393253	0.0	413791	469.260520777	5.173
2734.90055006	7200	1.9395614215	0.0	438675	471.992511026	5.065
2735.34971882	7413	1.99039266506	0.0	444483	449.16875644	6.348
2735.89934384	9000	1.94076764551	0.0	536970	549.625019546	1.065
2736.46378495	9000	1.87632653848	0.0	536970	564.441107034	9.0
2737.02822605	9000	1.81188543144	0.0	536970	564.441107034	9.0
2737.61267584	9000	1.72743564773	0.0	536970	584.449783718	9.0
2738.21245512	9000	1.62765636332	0.0	536970	599.779284408	9.0
2738.8303066	9400	1.50980488057	0.0	553424	617.851482754	7.4
2739.41469805	9000	1.42541343491	0.0	522960	584.391445656	7.0
2739.9873899	9000	1.35272158723	0.0	522960	572.691847679	9.0
2740.56749718	9000	1.27261430594	0.0	532300	580.107281291	9.0
2741.11622768	8400	1.22388381013	0.0	503004	548.730495808	5.4
2741.64105264	8000	1.19905885014	0.0	481782	524.824959996	6.0
2742.12206006	8000	1.21805142965	0.0	481782	481.007420488	8.0
2742.64650017	8533	1.19361132031	0.0	510552	524.440109335	5.868
2743.21460207	9000	1.12550941977	0.0	536970	568.101900546	6.665
2743.7824412	9000	1.05767028298	0.0	536970	567.839136789	9.0
2744.34998754	9000	0.990123945816	0.0	536970	567.546337161	9.0
2744.91753388	9000	0.922577608655	0.0	536970	567.546337161	9.0
2745.52450155	9000	0.815609938599	0.0	536970	606.967670056	9.0
2746.04324422	7626	0.796867268731	0.0	456993	518.742669868	0.756
2746.57317717	7733	0.766934315166	0.0	467045	529.932953565	7.198
2747.07152752	7200	0.768583966902	0.0	438675	498.350348264	4.535
2747.57089185	7200	0.769219631212	0.0	438675	499.36433569	7.2
2748.0746755	7200	0.76543598308	0.0	438675	503.783648132	7.2
2748.57845915	7200	0.761652334949	0.0	438675	503.783648132	7.2
2749.0822428	7200	0.757868686817	0.0	438675	503.783648132	7.2
2749.58602645	7200	0.754085038685	0.0	438675	503.783648132	7.2
2750.06897702	6773	0.771134462325	0.0	420167	482.95057636	4.638
2750.52072287	6400	0.819388613146	0.0	396693	451.745849179	4.535
2751.00499219	7066	0.83511929805	0.0	434595	484.269315097	3.736
2751.49842834	7200	0.841683144295	0.0	442995	493.436153755	6.53
2752.02088627	7600	0.819225215863	0.0	469589	522.457928432	5.6
2752.59415114	8000	0.745960350086	0.0	496259	573.264865776	6.0
2753.18213948	8133	0.657972004674	0.0	508563	587.988345413	7.468
2753.67776116	6986	0.662350325354	0.0	427291	495.62167932	1.251
2754.16291556	6986	0.677195928674	0.0	418081	485.15439668	6.986
2754.65875772	7200	0.681353765877	0.0	427485	495.842162798	6.13
2755.14608286	7200	0.694028629801	0.0	419991	487.325136076	7.2
2755.62717701	7146	0.712934479698	0.0	413019	481.094150102	6.876
2756.12169026	7146	0.718421229846	0.0	422679	494.513249852	7.146
2756.62171258	7200	0.718398904127	0.0	427485	500.02232572	6.93
2757.10017775	6880	0.739933732126	0.0	408679	478.465172001	5.28
2757.58955333	7000	0.750558159769	0.0	418197	489.375572357	6.4
2758.07920172	6880	0.760909770088	0.0	418435	489.64838968	6.28
2758.59225737	7200	0.747854112571	0.0	438855	513.055657517	5.6
2759.13541604	7626	0.704695447575	0.0	464559	543.158664996	5.496
2759.70574295	8000	0.634368536938	0.0	487050	570.326910637	6.13
2760.27606986	8000	0.564041626302	0.0	487050	570.326910637	8.0
2760.84639677	8000	0.5	0.00628528433518	487050	570.326910637	7.68573578324
2761.41672368	8000	0.5	0.0703269106368	487050	570.326910637	4.48365446816
2761.98705059	8000	0.5	0.0703269106368	487050	570.326910637	4.48365446816
2762.55289995	7893	0.5	0.0658493573339	483158	565.849357334	4.06553213331
2763.12294185	8000	0.5	0.0700419064468	493365	570.041906447	3.96290467766
2763.67404044	8000	0.5	0.0510985851625	493365	551.098585162	5.44507074188
2764.22513903	8000	0.5	0.0510985851625	493365	551.098585162	5.44507074188
2764.70988307	6960	0.515255950528	0.0	432864	484.744049472	1.76
2765.22814078	7200	0.5	0.00300175310778	449280	518.257703636	5.84991234461
2765.75586162	7360	0.5	0.027720841683	456778	527.720841683	5.17395791585
2766.22253312	6600	0.533328503284	0.0	402915	466.671496716	2.8
2766.65354725	6120	0.602314366773	0.0	371455	431.014136511	3.72
2767.0745023	6000	0.681359323454	0.0	362580	420.95504332	5.4
2767.49545734	6000	0.760404280134	0.0	362580	420.95504332	6.0
2767.91715347	6000	0.838708150602	0.0	362580	421.696129532	6.0
2768.32525336	5760	0.93060825616	0.0	348294	408.099894442	4.56
2768.81734773	6933	0.938513894851	0.0	421780	492.094361309	1.068
2769.29556379	6826	0.960297834398	0.0	409638	478.216060453	6.291
2769.79560199	7200	0.960259626034	0.0	428730	500.038208364	5.33
2770.2956402	7200	0.960221417669	0.0	428730	500.038208364	7.2
2770.79567841	7200	0.960183209305	0.0	428730	500.038208364	7.2
2771.29609748	7200	0.959764137419	0.0	428730	500.419071886	7.2
2771.7967245	7200	0.959137123889	0.0	428730	500.627013531	7.2
2772.29860345	7200	0.957258166354	0.0	429824	501.878957535	7.2
2772.79963558	7200	0.9562260448	0.0	429084	501.032121554	7.2
2773.35544425	7946	0.900417367769	0.0	476950	555.808677031	4.216
2773.88732981	7626	0.868531807194	0.0	456045	531.885560576	6.026
2774.38670374	7200	0.86915788204	0.0	427635	499.373925154	5.07
2774.92180182	7800	0.834059804737	0.0	462222	535.098077304	4.8
2775.44958215	7800	0.806279466635	0.0	456146	527.780338101	7.8
2775.96706582	7666	0.788795799878	0.0	447075	517.483666757	6.996
2776.45506816	7133	0.800793463531	0.0	421103	488.002336347	4.468
2776.98516819	8000	0.770693433793	0.0	476265	530.100029738	3.665
2777.4732126	7733	0.782649024779	0.0	454837	488.044409014	6.398
2777.96910079	8000	0.786760826838	0.0	462300	495.888197941	6.665
2778.46287007	8000	0.792991548328	0.0	462300	493.76927851	8.0
2778.958561	8000	0.797300617323	0.0	468906	495.690931005	8.0
2779.44851761	8000	0.807344005702	0.0	467438	489.956611621	8.0
2779.9323066	7933	0.82355501857	0.0	465132	483.788987132	7.598
2780.40835623	7533	0.847505389968	0.0	455338	476.049628601	5.533
2780.86316886	7093	0.892692763327	0.0	432025	454.812626641	4.893
2781.32442472	7200	0.931436904425	0.0	438283	461.255858902	6.665
2781.83783522	8000	0.918026400957	0.0	487050	513.410503468	4.0
2782.35203131	8000	0.903830310097	0.0	487050	514.19609086	8.0
2782.8662274	8000	0.889634219237	0.0	487050	514.19609086	8.0
2783.44680669	9066	0.809054931151	0.0	555398	580.579288086	3.736
2784.02310429	9000	0.732757332309	0.0	551655	576.297598842	8.67
2784.58920331	9000	0.666658311734	0.0	551655	566.099020575	9.0
2785.15268548	9000	0.603176138603	0.0	551655	563.482173131	9.0
2785.68558435	9000	0.57027727419	0.0	551655	532.898864413	9.0
2786.19249005	8533	0.563371571574	0.0	521611	506.905702615	6.198
2786.66773459	8000	0.588127030769	0.0	487275	475.244540805	5.335
2787.13804114	8000	0.617820480991	0.0	487275	470.306549778	8.0
2787.60760248	8000	0.648259136388	0.0	487275	469.561344604	8.0
2788.00820154	7133	0.747660075717	0.0	432597	400.59906067	2.798
2788.45725504	7933	0.798606579454	0.0	483757	449.053496263	3.933
2788.91646589	8000	0.839395727638	0.0	488565	459.210851817	7.665
2789.4295944	8000	0.826267217099	0.0	488565	513.128510539	8.0
2789.94272291	8000	0.81313870656	0.0	488565	513.128510539	8.0
2790.40461111	6933	0.851250513129	0.0	419059	461.888193431	1.598
2790.88162925	6866	0.874232369866	0.0	410775	477.018143263	6.531
2791.36205133	6866	0.89381028936	0.0	413769	480.422080506	6.866

