1279.17610578	3066	0.5	0.17652623162	181435	176.52623162	-5.76031158102
1279.35537999	3120	0.820725789558	0.0	184429	179.274210442	2.85
1279.53850541	3146	1.13760037032	0.0	188625	183.125419238	3.016
1279.81705611	4800	1.3590496777	0.0	291300	278.550692618	-3.47
1280.09740595	4800	1.57869982985	0.0	291300	280.349847848	4.8
1280.46851187	6400	1.70759391792	0.0	389889	371.105911932	-1.6
1280.85561764	6666	1.8204881477	0.0	408326	387.105770223	5.336
1281.32813159	8066	1.84797419833	0.0	497055	472.513949367	1.066
1281.83286412	8466	1.84324166529	0.0	520019	504.732533043	6.466
1282.37917357	9000	1.79693221549	0.0	551265	546.309449797	6.33
1282.97908808	9266	1.69701770514	0.0	558332	599.914510353	7.936
1283.590025	9000	1.58608078675	0.0	536970	610.936918387	7.67
1284.21297629	9000	1.46312949047	0.0	536970	622.951296277	9.0
1284.84276332	9000	1.33334245894	0.0	536970	629.787031531	9.0
1285.49144513	9000	1.18466065035	0.0	536970	648.68180859	9.0
1286.14766157	9000	1.02844421536	0.0	536970	656.21643499	9.0
1286.70955402	7520	0.966551766586	0.0	440393	561.892448778	0.12
1287.24064577	7200	0.935460017652	0.0	415815	531.091748934	5.6
1287.75382269	7200	0.922283088965	0.0	415815	513.176928687	7.2
1288.24245719	7200	0.933648596613	0.0	423595	488.634492351	7.2
1288.70147576	6720	0.974630024531	0.0	400413	459.018572083	4.32
1289.11204781	6400	1.06405797223	0.0	383463	410.572052298	4.8
1289.52359995	6400	1.15250583055	0.0	383463	411.552141683	6.4
1289.96056738	6826	1.21553840434	0.0	406429	436.967426207	4.696
1290.41970383	7200	1.25640195782	0.0	427485	459.136446523	5.33
1290.87676626	7200	1.29933951995	0.0	427485	457.062437869	7.2
1291.33068002	7200	1.34542576571	0.0	427485	453.913754245	7.2
1291.79439937	7200	1.38170641015	0.0	427485	463.719355558	7.2
1292.26350175	7200	1.41260403827	0.0	427485	469.102371882	7.2
1292.77008684	7626	1.40601894251	0.0	456993	506.585095753	5.496
1293.30348918	7733	1.37261660539	0.0	467045	533.402337118	7.198
1293.97312444	9000	1.20298134429	0.0	551265	669.635261102	2.665
1294.66070957	9000	1.01539621099	0.0	551265	687.585133301	9.0
1295.36669375	9000	0.809412029091	0.0	551265	705.984181901	9.0
1295.93523897	7200	0.740866814847	0.0	438675	568.545214244	-1.8
1296.46856149	7200	0.707544298397	0.0	438675	533.32251645	7.2
1296.9868256	7200	0.689280186846	0.0	438675	518.264111552	7.2
1297.45426303	6773	0.721842750216	0.0	420167	467.43743663	4.638
1297.88738927	6400	0.788716511458	0.0	396693	433.126238758	4.535
1298.26196751	5653	0.914138274604	0.0	345821	374.578236854	1.918
1298.63974184	5760	1.03636394258	0.0	352623	377.774332028	5.225
1299.036995	6080	1.13911078315	0.0	373673	397.253159423	4.48
1299.44957845	6400	1.22652733319	0.0	394883	412.583449961	4.8
1299.87116789	6506	1.30493789452	0.0	404859	421.58943867	5.976
1300.31446516	6986	1.36164062193	0.0	427291	443.297272595	4.586
1300.74809268	6986	1.42801310386	0.0	418081	433.627518063	6.986
1301.17786915	7200	1.49823663132	0.0	427485	429.776472541	6.13
1301.59649624	7200	1.57960954403	0.0	419991	418.627087293	7.2
1302.00189048	7146	1.67421530611	0.0	413019	405.394237916	6.876
1302.36673436	7146	1.80937142035	0.0	422679	364.843885769	7.146
1302.73627401	7200	1.93983177095	0.0	427485	369.539649395	6.93
1303.11322146	6880	2.06288432114	0.0	408679	376.947449807	5.28
1303.48171272	6400	2.19439306859	0.0	383025	368.491252555	4.0
1303.85760812	6400	2.31849766292	0.0	383025	375.895405673	6.4
1304.2265822	6400	2.44952358298	0.0	383025	368.974079931	6.4
1304.59417959	6400	2.58192619613	0.0	383025	367.597386849	6.4
1304.96405448	6400	2.71205130428	0.0	383025	369.874891853	6.4
1305.34863012	6400	2.82747566421	0.0	383025	384.57564007	6.4
1305.73652056	6400	2.93958522116	0.0	383025	387.890443056	6.4
1306.12131241	6400	3.05479337307	0.0	383025	384.791848086	6.4
1306.48404633	6400	3.19205945543	0.0	383025	362.733917636	6.4
1306.84612482	6400	3.32998095924	0.0	383025	362.078496188	6.4
1307.22820986	6400	3.44789592657	0.0	383025	382.085032677	6.4
1307.62998568	6400	3.54612010354	0.0	383025	401.775823024	6.4
1308.04908474	6400	3.62702104097	0.0	383025	419.099062577	6.4
1308.4767465	6400	3.69935928856	0.0	383025	427.661752408	6.4
1308.9329716	6400	3.74313418052	0.0	383025	456.225108042	6.4
1309.39333313	6400	3.78277264989	0.0	383025	460.361530622	6.4
1309.85720278	6400	3.81890300226	0.0	383025	463.869647637	6.4
1310.32293609	6400	3.8531696962	0.0	383025	465.733306052	6.4
1310.78638769	6400	3.88971809082	0.0	383025	463.451605382	6.4
1311.24662178	6400	3.92948400275	0.0	383025	460.234088074	6.4
1311.71144154	6400	3.96466424088	0.0	383025	464.819761874	6.4
1312.18928042	6400	3.9868253638	0.0	383025	477.838877076	6.4
1312.6671193	6400	4.00898648672	0.0	383025	477.838877076	6.4
1313.13946599	6400	4.03663979688	0.0	383025	472.346689844	6.4
1313.60797423	6400	4.06813155597	0.0	383025	468.508240914	6.4
1314.08095168	6400	4.09515410805	0.0	383025	472.977447919	6.4
1314.56442794	6400	4.11167784447	0.0	383025	483.476263578	6.4
1315.0479042	6400	4.12820158089	0.0	383025	483.476263578	6.4
1315.52134697	6400	4.15475881622	0.0	383025	473.442764674	6.4
1315.99299991	6400	4.18310587761	0.0	383025	471.652938611	6.4
1316.47872785	6400	4.19737793498	0.0	383025	485.727942632	6.4
1316.98548995	6400	4.19061583205	0.0	383025	506.762102931	6.4
1317.49225205	6400	4.18385372911	0.0	383025	506.762102931	6.4
1317.99901416	6400	4.17709162618	0.0	383025	506.762102931	6.4
1318.53633473	6400	4.1397710508	0.0	383025	537.320575384	6.4
1319.07711836	6400	4.09898742171	0.0	383025	540.783629086	6.4
1319.61790199	6400	4.05820379263	0.0	383025	540.783629086	6.4
1320.15868562	6400	4.01742016354	0.0	383025	540.783629086	6.4
1320.69946925	6400	3.97663653446	0.0	383025	540.783629086	6.4
1321.2179691	6400	3.95813668258	0.0	383025	518.499851873	6.4
1321.72403365	6400	3.95207213448	0.0	383025	506.064548106	6.4
1322.2300982	6400	3.94600758637	0.0	383025	506.064548106	6.4
1322.74436136	6400	3.93174442228	0.0	383025	514.26316409	6.4
1323.27111456	6400	3.90499122379	0.0	383025	526.753198488	6.4
1323.79786776	6400	3.87823802531	0.0	383025	526.753198488	6.4
1324.32462096	6400	3.85148482682	0.0	383025	526.753198488	6.4
1324.85128745	6400	3.82481833616	0.0	383025	526.666490656	6.4
1325.37717557	6400	3.79893021815	0.0	383025	525.888118016	6.4
1325.90306368	6400	3.77304210013	0.0	383025	525.888118016	6.4
1326.4289518	6400	3.74715398212	0.0	383025	525.888118016	6.4
1326.94975152	6400	3.72635425911	0.0	383025	520.799723003	6.4
1327.42813657	6400	3.74796921085	0.0	383025	478.385048267	6.4
1327.90652162	6400	3.76958416258	0.0	383025	478.385048267	6.4
1328.39350878	6400	3.78259700231	0.0	383025	486.987160272	6.4
1328.90683012	6400	3.7692756609	0.0	383025	513.321341408	6.4
1329.42015146	6400	3.75595431949	0.0	383025	513.321341408	6.4
1329.93347281	6400	3.74263297808	0.0	383025	513.321341408	6.4
1330.43538786	6400	3.74071792498	0.0	383025	501.915053099	6.4
1330.93061095	6400	3.7454948297	0.0	383025	495.22309528	6.4
1331.41143791	6400	3.76466786968	0.0	383025	480.826960019	6.4
1331.8459588	6400	3.83014698821	0.0	383025	434.520881474	6.4
1332.26478695	6400	3.91131883046	0.0	383025	418.82815775	6.4
1332.68336432	6400	3.99274146826	0.0	383025	418.577362196	6.4
1333.10129335	6400	4.07481243666	0.0	383025	417.9290316	6.4
1333.52158648	6400	4.15451929942	0.0	383025	420.293137246	6.4
1333.94353978	6400	4.23256600004	0.0	383025	421.953299376	6.4
1334.36790151	6400	4.30820427616	0.0	383025	424.361723885	6.4
1334.79394959	6400	4.38215619449	0.0	383025	426.048081661	6.4

