3133.91500371	3066	0.5	0.222410347187	181435	222.410347187	-8.05451735934
3134.14091921	3120	0.774084504526	0.0	184429	225.915495474	2.85
3134.37174706	3146	1.04325665026	0.0	188625	230.827854262	3.016
3134.60703537	3200	1.30796833676	0.0	192435	235.288313506	2.93
3134.95806734	4800	1.45693637415	0.0	291300	351.031962607	-3.2
3135.30787706	4800	1.60712664762	0.0	290256	349.80972653	4.8
3135.6736824	5000	1.7413213162	0.0	303919	365.805331423	4.0
3136.1465165	6453	1.7684872067	0.0	395340	472.834109498	-0.812
3136.64095165	6773	1.77405206479	0.0	413791	494.435141912	5.173
3137.16451909	7200	1.75048462161	0.0	438675	523.567443173	5.065
3137.6948861	7413	1.72011761222	0.0	444483	530.36700939	6.348
3138.33368346	9000	1.58132024721	0.0	536970	638.797365012	1.065
3138.97251258	9000	1.44249112732	0.0	536970	638.829119896	9.0
3139.6113417	9000	1.30366200742	0.0	536970	638.829119896	9.0
3140.222581	9000	1.19242270664	0.0	536970	611.23930078	9.0
3140.78838431	9000	1.12661940017	0.0	536970	565.803306469	9.0
3141.38736063	9400	1.02764308054	0.0	553424	598.976319633	7.4
3142.0016933	9000	0.913310408182	0.0	522960	614.332672357	7.0
3142.61602598	9000	0.798977735825	0.0	522960	614.332672357	9.0
3143.24115195	9000	0.673851757747	0.0	532300	625.125978078	9.0
3143.84983702	8400	0.565166691088	0.0	503004	608.685066659	5.4
3144.32328252	6400	0.591721196042	0.0	383463	473.445495045	-3.6
3144.79672801	6400	0.618275700997	0.0	383463	473.445495045	6.4
3145.29792974	6826	0.617073970698	0.0	406429	501.201730299	4.696
3145.82457932	7200	0.590424391861	0.0	427485	526.649578837	5.33
3146.3512289	7200	0.563774813025	0.0	427485	526.649578837	7.2
3146.87787848	7200	0.537125234188	0.0	427485	526.649578837	7.2
3147.40452806	7200	0.510475655351	0.0	427485	526.649578837	7.2
3147.93117763	7200	0.5	0.0161739234852	427485	526.649578837	6.39130382574
3148.35273761	5720	0.578440028585	0.0	340532	421.559971415	-1.68
3148.78320239	5800	0.647975243909	0.0	347900	430.464784676	5.4
3149.32337597	7200	0.607801661219	0.0	438675	540.17358269	0.2
3149.86102839	7200	0.570149242609	0.0	438675	537.65241861	7.2
3150.39515256	7200	0.536025073288	0.0	438675	534.124169321	7.2
3150.92927673	7200	0.501900903967	0.0	438675	534.124169321	7.2
3151.4634009	7200	0.5	0.0322232653536	438675	534.124169321	5.58883673232
3151.99752507	7200	0.5	0.0341241693208	438675	534.124169321	5.49379153396
3152.50953608	6773	0.5	0.0120110100895	420167	512.011010089	4.03744949553
3152.97769394	6400	0.53184214171	0.0	396693	468.15785829	4.535
3153.37584506	5653	0.63369101897	0.0	345821	398.15112274	1.918
3153.78163078	5760	0.727905299323	0.0	352623	405.785719647	5.225
3154.21104312	6080	0.798492960316	0.0	373673	429.412339007	4.48
3154.68589129	6400	0.823644794113	0.0	394883	474.848166203	4.8
3155.17675213	6506	0.832783944663	0.0	404859	490.86084945	5.976
3155.69425601	6986	0.815280064985	0.0	427291	517.503879677	4.586
3156.20082095	6986	0.80871512559	0.0	418081	506.564939396	6.986
3156.71855525	7200	0.790980827409	0.0	427485	517.734298181	6.13
3157.22738874	7200	0.782147334708	0.0	419991	508.833492701	7.2
3157.72794142	7146	0.781594655432	0.0	413019	500.552679276	6.876
3158.23928959	7146	0.770246488381	0.0	422679	511.348167051	7.146
3158.75536405	7200	0.754172029445	0.0	427485	516.074458936	6.93
3159.24917519	6880	0.760360892672	0.0	408679	493.811136773	5.28
3159.75425413	7000	0.755281953052	0.0	418197	505.07893962	6.4
3160.25961482	6880	0.749921259169	0.0	418435	505.360693883	6.28
3160.78914956	7200	0.720386523035	0.0	438855	529.534736134	5.6
3161.34911375	7626	0.66042232647	0.0	464559	559.964196565	5.496
3161.93469108	8000	0.574844998757	0.0	487050	585.577327713	6.13
3162.51962751	8000	0.5	0.0100914353303	487050	584.936434087	7.49542823348
3163.10456395	8000	0.5	0.084936434087	487050	584.936434087	3.75317829565
3163.54257022	6000	0.561993733146	0.0	362580	438.006266854	-4.0
3163.98057648	6000	0.623987466292	0.0	362580	438.006266854	6.0
3164.41513112	5920	0.689432824801	0.0	359656	434.554641491	5.52
3164.85859105	6000	0.745972895437	0.0	367200	443.459929364	5.6
3165.26806644	6000	0.836497508325	0.0	367200	409.475387113	6.0
3165.67270532	6000	0.931858629004	0.0	367200	404.638879321	6.0
3166.14830553	6960	0.956258415413	0.0	432864	475.600213591	2.16
3166.64404522	7200	0.96051872538	0.0	449280	495.739690033	6.0
3167.14789139	7360	0.956672562332	0.0	456778	503.846163048	6.56
3167.7394243	8800	0.865139649695	0.0	541560	591.532912637	1.6
3168.27567433	8160	0.828889616176	0.0	499088	536.250033519	4.96
3168.79798378	8000	0.806580172582	0.0	487050	522.309443595	7.2
3169.30405507	8000	0.800508881881	0.0	487050	506.0712907	8.0
3169.81012636	8000	0.794437591181	0.0	487050	506.0712907	8.0
3170.30099831	7680	0.803565640317	0.0	467772	490.871950864	6.08
3170.86021452	8666	0.744349433238	0.0	530195	559.216207079	3.736
3171.42028941	8533	0.684274534105	0.0	515343	560.074899132	7.868
3172.00617074	9000	0.598393209279	0.0	539520	585.881324826	6.665
3172.59364543	9000	0.510918519533	0.0	539520	587.474689746	9.0
3173.06270124	7200	0.541862712977	0.0	428730	469.055806556	-1.8
3173.5291205	7200	0.575443453622	0.0	428730	466.419259356	7.2
3173.99331876	7200	0.611245190035	0.0	428730	464.198263586	7.2
3174.45867601	7200	0.645887938507	0.0	429824	465.357251528	7.2
3174.92668728	7200	0.67787666574	0.0	429084	468.011272767	7.2
3175.44630578	7946	0.658258172812	0.0	476950	519.618492928	4.216
3175.92853461	7626	0.676029336498	0.0	456045	482.228836314	6.026
3176.38020954	7200	0.72435441324	0.0	427635	451.674923258	5.07
3176.86985321	7800	0.734710733921	0.0	462222	489.643679319	4.8
3177.35640169	7800	0.748162257427	0.0	456146	486.548476495	7.8
3177.83291612	7666	0.771647828559	0.0	447075	476.514428868	6.996
3178.28224257	7133	0.822321374359	0.0	421103	449.3264542	4.468
3178.77950832	8000	0.82505563026	0.0	476265	497.265744099	3.665
3179.2528114	7733	0.851752544282	0.0	454837	473.303085978	6.398
3179.73312703	8000	0.871436921496	0.0	462300	480.315622786	6.665
3180.21319385	8000	0.891370100548	0.0	462300	480.066820948	8.0
3180.70503004	8000	0.89953391107	0.0	468906	491.836189479	8.0
3181.20248707	8000	0.902076879796	0.0	467438	497.457031274	8.0
3181.69809715	7933	0.906466799824	0.0	465132	495.610079972	7.598
3182.18647011	7533	0.918093843714	0.0	455338	488.37295611	5.533
3182.65035069	7093	0.954213261897	0.0	432025	463.880581817	4.893
3183.13904595	7200	0.965518000349	0.0	438283	488.695261548	6.665
3183.68917183	8000	0.915392123008	0.0	487050	550.12587734	4.0
3184.24696516	8000	0.857598792529	0.0	487050	557.793330479	8.0
3184.80780048	8000	0.796763464693	0.0	487050	560.835327836	8.0
3185.3174394	7253	0.787124551231	0.0	441782	509.638913463	3.518
3185.82376798	7200	0.780795965259	0.0	438855	506.328585972	6.935
3186.30523333	7200	0.799330622061	0.0	438855	481.465343198	7.2
3186.76863945	7200	0.835924502647	0.0	438855	463.406119414	7.2
3187.23116177	7200	0.873402183827	0.0	438855	462.52231882	7.2
3187.76389632	8533	0.840667633074	0.0	521611	532.734550753	1.868
3188.27483179	8000	0.829732155229	0.0	487275	510.935477845	5.335
3188.80400486	8000	0.80055908763	0.0	487275	529.173067599	8.0
3189.33831528	8000	0.766248672214	0.0	487275	534.310415416	8.0
3189.82234335	7133	0.782220602776	0.0	432597	484.028069438	2.798
3190.36243116	7933	0.742132791748	0.0	483757	540.087811028	3.933
3190.90973511	8000	0.694828841632	0.0	488565	547.303950117	7.665
3191.45993676	8000	0.644627187397	0.0	488565	550.201654234	8.0
3192.01013842	8000	0.594425533163	0.0	488565	550.201654234	8.0
3192.4794989	6933	0.625065049338	0.0	419059	469.360483825	1.598
3192.93584208	6866	0.668721871966	0.0	410775	456.343177372	6.531
3193.3954385	6866	0.709125450183	0.0	413769	459.596421783	6.866

