4186.21870331	3066	0.5	0.195773771683	181435	195.773771683	-6.72268858417
4186.41754268	3120	0.801160630872	0.0	184429	198.839369128	2.85
4186.62067839	3146	1.0980249201	0.0	188625	203.135710771	3.016
4186.82771521	3200	1.39098809835	0.0	192435	207.036821748	2.93
4187.14437643	4800	1.57432688005	0.0	291300	316.661218301	-3.2
4187.57295574	6400	1.64574756609	0.0	389889	428.579313962	-1.6
4188.01842089	6666	1.70028241132	0.0	408326	445.465154769	5.336
4188.4511572	6453	1.76754610176	0.0	395340	432.736309557	5.388
4188.93134853	6773	1.78735477972	0.0	413791	480.19132204	5.173
4189.43638633	7200	1.78231698095	0.0	438675	505.037798769	5.065
4189.93524884	7413	1.78345446911	0.0	444483	498.862511845	6.348
4190.53549428	9000	1.68320902346	0.0	536970	600.24544565	1.065
4191.12058694	9000	1.59811636712	0.0	536970	585.092656338	9.0
4191.72234307	9000	1.49636023607	0.0	536970	601.756131052	9.0
4192.34547264	9000	1.37323066629	0.0	536970	623.129569775	9.0
4192.97427403	9000	1.24442927745	0.0	536970	628.801388846	9.0
4193.61515876	9400	1.10354454816	0.0	553424	640.884729292	7.4
4194.21652764	9000	1.00217566279	0.0	522960	601.368885363	7.0
4194.81071081	9000	0.907992491434	0.0	522960	594.18317136	9.0
4195.41557913	9000	0.803124172147	0.0	532300	604.868319287	9.0
4195.97440075	8400	0.744302557353	0.0	503004	558.821614794	5.4
4196.49668569	8000	0.722017619297	0.0	481782	522.284938057	6.0
4197.01113325	8000	0.707570060938	0.0	481782	514.447558359	8.0
4197.55495563	8533	0.663747679501	0.0	510552	543.822381437	5.868
4198.01213697	7200	0.706566334672	0.0	427485	457.181344829	0.535
4198.48945876	7200	0.729244543544	0.0	427485	477.321791128	7.2
4198.95931402	7200	0.759389284564	0.0	427485	469.85525898	7.2
4199.42104833	7200	0.797654976272	0.0	427485	461.734308292	7.2
4199.88548343	7200	0.833219876997	0.0	427485	464.435099275	7.2
4200.38432864	7626	0.834374670213	0.0	456993	498.845206784	5.496
4200.89898341	7733	0.819719899996	0.0	467045	514.654770216	7.198
4201.37575947	7200	0.842943833108	0.0	438675	476.776066889	4.535
4201.86217692	7200	0.856526385908	0.0	438675	486.4174472	7.2
4202.35819737	7200	0.860505934738	0.0	438675	496.020451169	7.2
4202.85913309	7200	0.859570212578	0.0	438675	500.93572216	7.2
4203.35988331	7200	0.858819994099	0.0	438675	500.750218479	7.2
4203.85506096	7200	0.863642347023	0.0	438675	495.177647076	7.2
4204.31132007	6773	0.907383233981	0.0	420167	456.259113042	4.638
4204.7455134	6400	0.97318990956	0.0	396693	434.193324421	4.535
4205.25721802	7066	0.961485283712	0.0	434595	511.704625848	3.736
4205.77861977	7200	0.940083540187	0.0	442995	521.401743525	6.53
4206.30970955	7600	0.908993759646	0.0	469589	531.089780541	5.6
4206.86542048	8000	0.853282823958	0.0	496259	555.710935688	6.0
4207.42770913	8133	0.790994171155	0.0	508563	562.288652803	7.468
4207.89998096	6986	0.818722345366	0.0	427291	472.27182579	1.251
4208.33312576	6986	0.885577547103	0.0	418081	433.144798263	6.986
4208.77015925	7200	0.948544051276	0.0	427485	437.033495827	6.13
4209.21675772	7200	1.00194558956	0.0	419991	446.598461713	7.2
4209.66524436	7146	1.05345894661	0.0	413019	448.486642949	6.876
4210.13781681	7146	1.08088649508	0.0	422679	472.572451533	7.146
4210.61549578	7200	1.1032075261	0.0	427485	477.678968977	6.93
4211.07525319	6880	1.14345011146	0.0	408679	459.757414646	5.28
4211.55395755	7000	1.16474575926	0.0	418197	478.704352196	6.4
4212.04034673	6880	1.17835657969	0.0	418435	486.389179575	6.28
4212.56826593	7200	1.15043737811	0.0	438855	527.919201579	5.6
4213.13168917	7626	1.08701413563	0.0	464559	563.423242481	5.496
4213.73717869	8000	0.981524616286	0.0	487050	605.489519341	6.13
4214.34266821	8000	0.876035096945	0.0	487050	605.489519341	8.0
4214.93923492	8000	0.779468385049	0.0	487050	596.566711896	8.0
4215.53128046	8000	0.687422843554	0.0	487050	592.045541495	8.0
4216.10955242	8000	0.609150889902	0.0	487050	578.271953652	8.0
4216.67756853	7893	0.541134779428	0.0	483158	568.016110474	7.358
4217.08448119	6000	0.634222120025	0.0	367200	406.912659403	-3.465
4217.49104587	6000	0.727657436695	0.0	367200	406.56468333	6.0
4217.86631933	6000	0.852383980571	0.0	367200	375.273456124	6.0
4218.32301854	6960	0.895684769254	0.0	432864	456.699211316	2.16
4218.81729071	7200	0.901412592095	0.0	449280	494.27217716	6.0
4219.31755249	7360	0.901150815179	0.0	456778	500.261776916	6.56
4219.90007685	8800	0.818626456802	0.0	541560	582.524358377	1.6
4220.43002222	8160	0.788681082923	0.0	499088	529.945373879	4.96
4220.94820678	8000	0.77049652982	0.0	487050	518.184553103	7.2
4221.48161773	8000	0.737085575354	0.0	487050	533.410954466	8.0
4222.03363568	8000	0.685067628705	0.0	487050	552.01794665	8.0
4222.63139929	7680	0.587304013887	0.0	467772	597.763614818	6.08
4223.17137316	6933	0.54733014316	0.0	421780	539.973870727	3.198
4223.60753707	6826	0.611166236794	0.0	409638	436.163906366	6.291
4223.8516763	5400	0.867027002479	0.0	318810	244.139234315	-1.73
4224.09542612	5400	1.12327718673	0.0	318810	243.749815754	5.4
4224.36064003	5400	1.35806327126	0.0	318810	265.213915469	5.4
4224.64281938	5400	1.57588392827	0.0	318810	282.179342987	5.4
4224.97580586	5400	1.74289744902	0.0	318810	332.986479252	5.4
4225.30851429	5400	1.91018901817	0.0	319664	332.708430848	5.4
4225.63641519	5400	2.0822881189	0.0	319260	327.900899272	5.4
4226.02671074	6400	2.19199256311	0.0	383025	390.295555786	1.4
4226.4149979	6400	2.30370540568	0.0	383025	388.287157435	6.4
4226.78766952	6400	2.43103378848	0.0	383025	372.671617192	6.4
4227.15380007	6400	2.56490323149	0.0	383025	366.130556995	6.4
4227.51940345	6400	2.69929985859	0.0	383025	365.603372905	6.4
4227.92481479	6400	2.79388851252	0.0	383025	405.41134607	6.4
4228.32820732	6400	2.89049598363	0.0	383025	403.392528883	6.4
4228.72209168	6400	2.99661162479	0.0	383025	393.884358847	6.4
4229.10338958	6400	3.11531372837	0.0	383025	381.297896419	6.4
4229.48236418	6400	3.23633912876	0.0	383025	378.974599608	6.4
4229.88057573	6400	3.33812757535	0.0	383025	398.211553405	6.4
4230.27974476	6400	3.43895854352	0.0	383025	399.169031828	6.4
4230.68009125	6400	3.53861205838	0.0	383025	400.346485146	6.4
4231.08026799	6400	3.6384353176	0.0	383025	400.176740774	6.4
4231.48168916	6400	3.737014147	0.0	383025	401.421170607	6.4
4231.88355607	6400	3.83514723736	0.0	383025	401.866909635	6.4
4232.28671881	6400	3.93198449884	0.0	383025	403.162738523	6.4
4232.68983216	6400	4.02887114633	0.0	383025	403.113352506	6.4
4233.09291627	6400	4.1257870334	0.0	383025	403.084112931	6.4
4233.4939922	6400	4.22471110232	0.0	383025	401.075931087	6.4
4233.89699481	6400	4.32170850067	0.0	383025	403.002601646	6.4
4234.30603388	6400	4.41266942675	0.0	383025	409.039073918	6.4
4234.71816782	6400	4.50053548985	0.0	383025	412.1339369	6.4
4235.13030175	6400	4.58840155295	0.0	383025	412.1339369	6.4
4235.54243569	6400	4.67626761605	0.0	383025	412.1339369	6.4
4235.96412971	6400	4.75457359207	0.0	383025	421.69402398	6.4
4236.41408766	6400	4.80461564579	0.0	383025	449.957946287	6.4
4236.86404561	6400	4.8546576995	0.0	383025	449.957946287	6.4
4237.33939257	6400	4.87931074057	0.0	383025	475.346958926	6.4
4237.83383979	6400	4.88486351849	0.0	383025	494.447222085	6.4
4238.32828701	6400	4.8904162964	0.0	383025	494.447222085	6.4
4238.7703024	6400	4.94840090445	0.0	383025	442.015391956	6.4
4239.21181046	6400	5.00689284414	0.0	383025	441.508060311	6.4
4239.64036738	6400	5.07833593101	0.0	383025	428.556913131	6.4
4240.06120697	6400	5.15749633662	0.0	383025	420.839594391	6.4
4240.46806169	6400	5.25064161695	0.0	383025	406.854719666	6.4
4240.8729022	6400	5.3458011013	0.0	383025	404.840515648	6.4

