4359.83079971	3066	0.5	0.216265553369	181435	216.265553369	-7.74727766843
4360.05046901	3120	0.780330698365	0.0	184429	219.669301635	2.85
4360.27490856	3146	1.05589114699	0.0	188625	224.439551377	3.016
4360.50367954	3200	1.32712017246	0.0	192435	228.770974523	2.93
4360.84484583	4800	1.48595388318	0.0	291300	341.166289284	-3.2
4361.18482524	4800	1.64597447205	0.0	290256	339.979411131	4.8
4361.53097073	5000	1.79982898346	0.0	303919	346.145488586	4.0
4361.9650249	6453	1.8657748142	0.0	395340	434.054169263	-0.812
4362.41286111	6773	1.91793859971	0.0	413791	447.836214492	5.173
4362.88270118	7200	1.94809852632	0.0	438675	469.840073387	5.065
4363.34900376	7413	1.98179594688	0.0	444483	466.302579437	6.348
4363.85774449	9000	1.97305522012	0.0	536970	508.74072676	1.065
4364.37742854	9000	1.95337116569	0.0	536970	519.684054435	9.0
4364.91405672	9000	1.91674298964	0.0	536970	536.628176045	9.0
4365.47437404	9000	1.85642567123	0.0	536970	560.317318414	9.0
4366.0445061	9000	1.78629361174	0.0	536970	570.132059489	9.0
4366.64751656	9400	1.68328315107	0.0	553424	603.010460668	7.4
4367.21989003	9000	1.6109096776	0.0	522960	572.373473473	7.0
4367.80017208	9000	1.53062762567	0.0	522960	580.282051934	9.0
4368.38509893	9000	1.44570078391	0.0	532300	584.926841755	9.0
4368.91952017	8400	1.41127954153	0.0	503004	534.421242377	5.4
4369.43625227	8000	1.39454744253	0.0	481782	516.732099001	6.0
4369.95793934	8000	1.37286037422	0.0	481782	521.68706831	8.0
4370.53196208	8533	1.29883762828	0.0	510552	574.022745938	5.868
4371.13837678	9000	1.19242293254	0.0	536970	606.414695741	6.665
4371.74763609	9000	1.08316361953	0.0	536970	609.259313013	9.0
4372.35799394	9000	0.972805767672	0.0	536970	610.357851859	9.0
4372.94014419	9000	0.890655520408	0.0	536970	582.150247264	9.0
4373.51460385	9000	0.816195864441	0.0	536970	574.459655967	9.0
4374.02136237	7626	0.809437344347	0.0	456993	506.758520094	0.756
4374.54717863	7733	0.783621079383	0.0	467045	525.816264963	7.198
4375.06516458	7200	0.765635131838	0.0	438675	517.985947545	4.535
4375.58315053	7200	0.747649184293	0.0	438675	517.985947545	7.2
4376.09604098	7200	0.734758730048	0.0	438675	512.890454245	7.2
4376.5935815	7200	0.737218210919	0.0	438675	497.540519129	7.2
4377.08998575	7200	0.740813958816	0.0	438675	496.404252104	7.2
4377.56669066	7200	0.764109053939	0.0	438675	476.704904877	7.2
4378.02370496	6773	0.80709475003	0.0	420167	457.014303909	4.638
4378.43998607	6400	0.890813638794	0.0	396693	416.281111235	4.535
4378.89114121	7066	0.939658502098	0.0	434595	451.155136696	3.736
4379.34685234	7200	0.983947371545	0.0	442995	455.711130553	6.53
4379.82658939	7600	1.00421032255	0.0	469589	479.737048999	5.6
4380.32926434	8000	1.00153537192	0.0	496259	502.674950623	6.0
4380.83758382	8133	0.993215889637	0.0	508563	508.319482286	7.468
4381.36322728	8733	0.967572433519	0.0	536941	525.643456118	5.733
4381.87529208	8733	0.955507626323	0.0	525223	512.064807196	8.733
4382.40594866	9000	0.924851051821	0.0	536970	530.656574502	7.665
4382.94472774	9000	0.886071975401	0.0	527946	538.779076419	9.0
4383.50695882	8933	0.823840894961	0.0	519390	562.23108044	8.598
4384.07348863	8933	0.757311084491	0.0	530998	566.52981047	8.933
4384.63344446	9000	0.697355246542	0.0	536970	559.95583795	8.665
4385.16419385	8600	0.666605857148	0.0	513386	530.749389394	6.6
4385.59473765	7000	0.736062060106	0.0	418197	430.543797042	-1.0
4386.02513684	6880	0.805662871506	0.0	418435	430.3991886	6.28
4386.44324322	7200	0.887556490704	0.0	438855	418.106380803	5.6
4386.88246902	7626	0.948330695051	0.0	464559	439.225795652	5.496
4387.34206599	8000	0.98873371954	0.0	487050	459.596975511	6.13
4387.80404937	8000	1.02675034091	0.0	487050	461.983378631	8.0
4388.28425679	8000	1.04654292256	0.0	487050	480.207418354	8.0
4388.78110458	8000	1.04969513292	0.0	487050	496.847789634	8.0
4389.28305074	8000	1.04774897038	0.0	487050	501.946162539	8.0
4389.74451611	7893	1.08628360189	0.0	483158	461.465368497	7.358
4390.23691565	8000	1.09388406084	0.0	493365	492.399541043	7.465
4390.7455831	8000	1.08521661406	0.0	493365	508.667446786	8.0
4391.27013074	8000	1.0606689727	0.0	493365	524.547641359	8.0
4391.88406262	9280	0.946737092737	0.0	581337	613.931879961	2.88
4392.51325977	9600	0.81753994429	0.0	603330	629.197148447	8.0
4393.13182743	9813	0.69897228391	0.0	613526	618.567660379	8.748
4393.70982945	8800	0.620970257635	0.0	541560	578.002026276	3.735
4394.23579247	8160	0.595007237997	0.0	499088	525.963019638	4.96
4394.74283625	8000	0.587963458125	0.0	487050	507.043779872	7.2
4395.26150814	8000	0.569291569095	0.0	487050	518.671889029	8.0
4395.78437167	8000	0.546428044244	0.0	487050	522.863524851	8.0
4396.30851374	7680	0.522285973031	0.0	467772	524.142071214	6.08
4396.78211106	6933	0.548688649442	0.0	421780	473.597323588	3.198
4397.23761779	6826	0.593181916141	0.0	409638	455.506733301	6.291
4397.7122357	7200	0.618564012777	0.0	428730	474.617903364	5.33
4398.1862138	7200	0.64458591284	0.0	428730	473.978099937	7.2
4398.65969849	7200	0.671101223582	0.0	428730	473.484689258	7.2
4399.13631431	7200	0.694485404542	0.0	428730	476.615819041	7.2
4399.61675436	7200	0.714045347581	0.0	428730	480.440056961	7.2
4400.09832336	7200	0.732476351908	0.0	429824	481.568995674	7.2
4400.57043269	7200	0.760367024796	0.0	429084	472.109327112	7.2
4401.09455486	7946	0.736244846287	0.0	476950	524.122178508	4.216
4401.60732087	7626	0.723478838822	0.0	456045	512.766007465	6.026
4402.08876632	7200	0.742033385847	0.0	427635	481.445452976	5.07
4402.61161656	7800	0.719183146467	0.0	462222	522.85023938	4.8
4403.12796922	7800	0.702830488348	0.0	456146	516.35265812	7.8
4403.61383816	7666	0.716961546316	0.0	447075	485.868942032	6.996
4404.0604798	7133	0.770319914919	0.0	421103	446.641631397	4.468
4404.56174619	8000	0.769053516541	0.0	476265	501.266398378	3.665
4405.04036071	7733	0.79043899707	0.0	454837	478.61451947	6.398
4405.53371287	8000	0.797086843259	0.0	462300	493.352153812	6.665
4406.03012493	8000	0.800674784976	0.0	462300	496.412058283	8.0
4406.54021893	8000	0.790580782268	0.0	468906	510.094002708	8.0
4407.05054038	8000	0.780259332967	0.0	467438	510.321449301	8.0
4407.56057655	7933	0.770223164029	0.0	465132	510.036168938	7.598
4408.04769062	7533	0.783109092126	0.0	455338	487.114071903	5.533
4408.50389442	7093	0.8269052916	0.0	432025	456.203800526	4.893
4408.98206759	7200	0.848732124403	0.0	438283	478.173167197	6.665
4409.52487032	8000	0.805929391883	0.0	487050	542.80273252	4.0
4410.07065658	8000	0.760143132535	0.0	487050	545.786259348	8.0
4410.61907363	8000	0.711726082039	0.0	487050	548.417050496	8.0
4411.12225221	7253	0.708547503078	0.0	441782	503.178578961	3.518
4411.63274724	7200	0.698052470215	0.0	438855	510.495032863	6.935
4412.14349505	7200	0.687304660232	0.0	438855	510.747809983	7.2
4412.65424286	7200	0.676556850249	0.0	438855	510.747809983	7.2
4413.16425986	7200	0.666539845977	0.0	438855	510.017004272	7.2
4413.64634975	6826	0.684449957371	0.0	414950	482.089888606	4.956
4414.09735759	6400	0.733442116618	0.0	387630	451.007840753	4.27
4414.54967563	6400	0.781124081204	0.0	387630	452.318035414	6.4
4415.00246775	6400	0.828331959072	0.0	387630	452.792122132	6.4
4415.50662595	7133	0.824173757545	0.0	432597	504.158201527	3.468
4416.06384531	7933	0.766954402778	0.0	483757	557.219354767	3.933
4416.62721675	8000	0.703582956004	0.0	488565	563.371446774	7.665
4417.19726313	8000	0.633536583461	0.0	488565	570.046372543	8.0
4417.75892957	8000	0.571870144768	0.0	488565	561.666438693	8.0
4418.24160039	6933	0.589199319488	0.0	419059	482.67082528	1.598
4418.71492741	6866	0.615872298103	0.0	410775	473.327021385	6.531
4419.19163147	6866	0.639168242814	0.0	413769	476.704055289	6.866

