289.073397583	3066	0.5	0.203523478933	181435	203.523478933	-7.11017394663
289.280114543	3120	0.793283039678	0.0	184429	206.716960322	2.85
289.491307071	3146	1.08209051225	0.0	188625	211.192527427	3.016
289.706563447	3200	1.36683413576	0.0	192435	215.25637649	2.93
290.027271907	4800	1.54612567591	0.0	291300	320.708459851	-3.2
290.453138061	6400	1.62025952176	0.0	389889	425.866154146	-1.6
290.898669618	6666	1.67472796469	0.0	408326	445.531557079	5.336
291.330349957	6453	1.74304762649	0.0	395340	431.680338199	5.388
291.78171063	6773	1.79168695257	0.0	413791	451.360673911	5.173
292.259613252	7200	1.81378433114	0.0	438675	477.902621439	5.065
292.743710843	7413	1.82968673979	0.0	444483	484.097591349	6.348
293.316865529	9000	1.75653205415	0.0	536970	573.154685636	1.065
293.887579825	9000	1.6858177577	0.0	536970	570.714296447	9.0
294.458294122	9000	1.61510346126	0.0	536970	570.714296447	9.0
295.029008418	9000	1.54438916481	0.0	536970	570.714296447	9.0
295.599340686	9000	1.47405689685	0.0	536970	570.33226796	9.0
296.186776475	9400	1.38662110849	0.0	553424	587.43578836	7.4
296.7424265	9000	1.33097108268	0.0	522960	555.650025805	7.0
297.298076526	9000	1.27532105688	0.0	522960	555.650025805	9.0
297.863471793	9000	1.20992579006	0.0	532300	565.395266819	9.0
298.397948235	8400	1.17544934826	0.0	503004	534.476441802	5.4
298.908049617	8000	1.16534796638	0.0	481782	510.101381876	6.0
299.418150999	8000	1.15524658451	0.0	481782	510.101381876	8.0
299.958116337	8533	1.11528124599	0.0	510552	539.965338513	5.868
300.524206727	9000	1.04919085582	0.0	536970	566.090390169	6.665
301.087698695	9000	0.985698888155	0.0	536970	563.491967669	9.0
301.651190663	9000	0.922206920486	0.0	536970	563.491967669	9.0
302.21468263	9000	0.858714952816	0.0	536970	563.491967669	9.0
302.778174598	9000	0.795222985147	0.0	536970	563.491967669	9.0
303.374652074	9533	0.698745508548	0.0	573990	596.477476599	6.868
303.982466006	9666	0.59093157689	0.0	586715	607.813931658	9.001
304.551381257	9000	0.522016325616	0.0	551265	568.915251274	5.67
305.115792591	9000	0.5	0.042395008013	551265	564.411333629	6.88024959935
305.680203925	9000	0.5	0.0644113336291	551265	564.411333629	5.77943331855
306.252503371	9000	0.5	0.0722994463807	551265	572.299446381	5.38502768097
306.825248831	9000	0.5	0.0727454600367	551265	572.745460037	5.36272699816
307.397994291	9000	0.5	0.0727454600367	551265	572.745460037	5.36272699816
307.94590643	8466	0.5	0.0479121389132	527825	547.912138913	3.40039305434
308.462868128	8000	0.5	0.0169616976158	498375	516.961697616	4.82191511921
308.914950935	7066	0.547917192926	0.0	434595	452.082807074	2.396
309.375578469	7200	0.58728965897	0.0	442995	460.627533956	6.53
309.866567997	7600	0.5963001307	0.0	469589	490.98952827	5.6
310.387971239	8000	0.574896888991	0.0	496259	521.403241709	6.0
310.922053959	8133	0.540814168449	0.0	508563	534.082720542	7.468
311.372384518	6986	0.590483610105	0.0	427291	450.330558344	1.251
311.814158885	6986	0.648709242177	0.0	418081	441.774367928	6.986
312.269630434	7200	0.693237693452	0.0	427485	455.471548725	6.13
312.717292671	7200	0.745575456834	0.0	419991	447.662236618	7.2
313.157689559	7146	0.805178569029	0.0	413019	440.396887804	6.876
313.608152894	7146	0.854715234073	0.0	422679	450.463334956	7.146
314.057956527	7200	0.904911600561	0.0	427485	449.803633512	6.93
314.487007299	6880	0.975860828957	0.0	408679	429.050771605	5.28
314.925817625	7000	1.03705050219	0.0	418197	438.810326767	6.4
315.364871992	6880	1.09799613528	0.0	418435	439.054366915	6.28
315.825652016	7200	1.13721611132	0.0	438855	460.780023955	5.6
316.327010104	7626	1.13585802397	0.0	464559	501.358087354	5.496
316.852156633	8000	1.11071149479	0.0	487050	525.146529172	6.13
317.377303162	8000	1.08556496562	0.0	487050	525.146529172	8.0
317.902449691	8000	1.06041843645	0.0	487050	525.146529172	8.0
318.42759622	8000	1.03527190728	0.0	487050	525.146529172	8.0
318.947880101	8000	1.01498802659	0.0	487050	520.28388069	8.0
319.463169435	7893	0.999698692849	0.0	483158	515.289333738	7.358
319.989133306	8000	0.973734821529	0.0	493365	525.96387132	7.465
320.515097177	8000	0.947770950208	0.0	493365	525.96387132	8.0
321.04108263	8000	0.921785497553	0.0	493365	525.985452655	8.0
321.660220968	9280	0.80264715972	0.0	581337	619.138337833	2.88
322.302404079	9600	0.660464048435	0.0	603330	642.183111285	8.0
322.955270795	9813	0.507597332816	0.0	613526	652.866715619	8.748
323.532772669	8800	0.5	0.069904541114	541560	577.50187393	0.239772944298
324.06578706	8160	0.5	0.0330143915673	499088	533.014391567	3.30928042163
324.586186347	8000	0.5	0.0203992871254	487050	520.399287125	6.18003564373
325.106585635	8000	0.5	0.0203992871254	487050	520.399287125	6.98003564373
325.626984922	8000	0.5	0.0203992871254	487050	520.399287125	6.98003564373
326.137468923	7680	0.5	0.0104840013857	467772	510.484001386	5.55579993071
326.599411718	6933	0.538057205215	0.0	421780	461.942794785	3.198
327.048344201	6826	0.589124722474	0.0	409638	448.932482741	6.291
327.517734011	7200	0.619734911652	0.0	428730	469.389810822	5.33
327.987123822	7200	0.650345100831	0.0	428730	469.389810822	7.2
328.456513633	7200	0.680955290009	0.0	428730	469.389810822	7.2
328.928971343	7200	0.708497580331	0.0	428730	472.457709678	7.2
329.406849778	7200	0.730619144856	0.0	428730	477.878435474	7.2
329.88592211	7200	0.751546813437	0.0	429824	479.072331419	7.2
330.36418687	7200	0.773282053315	0.0	429084	478.264760122	7.2
330.894688397	7946	0.742780526014	0.0	476950	530.5015273	4.216
331.402376035	7626	0.73509288786	0.0	456045	507.687638154	6.026
331.879059483	7200	0.758409439643	0.0	427635	476.683448217	5.07
332.393488159	7800	0.743980763782	0.0	462222	514.428675861	4.8
332.90128602	7800	0.736182903059	0.0	456146	507.797860723	7.8
333.399184584	7666	0.738284338601	0.0	447075	497.898564457	6.996
333.871583655	7133	0.765885267664	0.0	421103	472.399070938	4.468
334.407796534	8000	0.729672389201	0.0	476265	536.212878463	3.665
334.920334169	7733	0.717134753638	0.0	454837	512.537635563	6.398
335.441117481	8000	0.696351442429	0.0	462300	520.78331121	6.665
335.961900792	8000	0.675568131219	0.0	462300	520.78331121	8.0
336.489982902	8000	0.647486021493	0.0	468906	528.082109726	8.0
337.016443056	8000	0.621025866993	0.0	467438	526.4601545	8.0
337.540355371	7933	0.597113552242	0.0	465132	523.912314751	7.598
338.053446548	7533	0.584022374739	0.0	455338	513.091177503	5.533
338.540779795	7093	0.596689127875	0.0	432025	487.333246864	4.893
339.034389413	7200	0.603079510225	0.0	438283	493.60961765	6.665
339.581058506	8000	0.556410417287	0.0	487050	546.669092938	4.0
340.127727599	8000	0.509741324349	0.0	487050	546.669092938	8.0
340.674396692	8000	0.5	0.0369277685884	487050	546.669092938	6.15361157058
341.171186026	7253	0.503210665812	0.0	441782	496.789334188	3.518
341.664750167	7200	0.509646525003	0.0	438855	493.564140809	6.935
342.158314307	7200	0.516082384194	0.0	438855	493.564140809	7.2
342.651878448	7200	0.522518243384	0.0	438855	493.564140809	7.2
343.145442589	7200	0.528954102575	0.0	438855	493.564140809	7.2
343.612666365	6826	0.561730326547	0.0	414950	467.223776028	4.956
344.049786867	6400	0.624609824555	0.0	387630	437.120501992	4.27
344.486907369	6400	0.687489322562	0.0	387630	437.120501992	6.4
344.924027871	6400	0.75036882057	0.0	387630	437.120501992	6.4
345.410696467	7133	0.763700224743	0.0	432597	486.668595827	3.468
345.95373708	7933	0.72065961209	0.0	483757	543.040612652	3.933
346.501843917	8000	0.672552774983	0.0	488565	548.106837107	7.665
347.049900403	8000	0.624496288789	0.0	488565	548.056486194	8.0
347.597956889	8000	0.576439802595	0.0	488565	548.056486194	8.0
348.069466439	6933	0.604930253101	0.0	419059	471.509549493	1.598
348.531852821	6866	0.642543870294	0.0	410775	462.386382808	6.531
348.997536495	6866	0.676860196195	0.0	413769	465.683674099	6.866

