4716.29028842	3066	0.5	0.222385333531	181435	222.385333531	-8.05326667653
4716.51617849	3120	0.774109930952	0.0	184429	225.890069048	2.85
4716.74698034	3146	1.0433080816	0.0	188625	230.801849352	3.016
4716.98224213	3200	1.30804629827	0.0	192435	235.261783327	2.93
4717.33323393	4800	1.45705449593	0.0	291300	350.991802339	-3.2
4717.68899014	4800	1.60129828752	0.0	290256	355.756208414	4.8
4718.07501777	5000	1.71527065995	0.0	303919	386.027627569	4.0
4718.57415718	6453	1.71613124358	0.0	395340	499.139416368	-0.812
4719.09612533	6773	1.69416309404	0.0	413791	521.968149538	5.173
4719.64888152	7200	1.6414069007	0.0	438675	552.756193341	5.065
4720.20882374	7413	1.58146468589	0.0	444483	559.942214817	6.348
4720.87595777	9000	1.41433065252	0.0	536970	667.134033368	1.065
4721.53507721	9000	1.25521121181	0.0	536970	659.119440706	9.0
4722.19419665	9000	1.09609177111	0.0	536970	659.119440706	9.0
4722.85331609	9000	0.9369723304	0.0	536970	659.119440706	9.0
4723.50936978	9000	0.780918646793	0.0	536970	656.053683607	9.0
4724.04044909	7520	0.749839336125	0.0	440393	531.079310669	0.12
4724.54244736	7200	0.747841067383	0.0	415815	501.998268741	5.6
4725.04444563	7200	0.745842798642	0.0	415815	501.998268741	7.2
4725.5556493	7200	0.734639122374	0.0	423595	511.203676268	7.2
4726.03062316	6720	0.759665265587	0.0	400413	474.973856787	4.32
4726.4848693	6400	0.805419128938	0.0	383463	454.246136649	4.8
4726.93911543	6400	0.851172992289	0.0	383463	454.246136649	6.4
4727.41996793	6826	0.870320490034	0.0	406429	480.852502255	4.696
4727.93882376	7200	0.85146466409	0.0	427485	518.855825945	5.33
4728.45849316	7200	0.831795266354	0.0	427485	519.669397736	7.2
4728.97816256	7200	0.812125868618	0.0	427485	519.669397736	7.2
4729.49258387	7200	0.797704557755	0.0	427485	514.421310863	7.2
4729.98548634	7200	0.804802081288	0.0	427485	492.902476467	7.2
4730.51172212	7626	0.778566303593	0.0	456993	526.235777695	5.496
4731.04787366	7733	0.742414760817	0.0	467045	536.151542776	7.198
4731.54342859	7200	0.746859833706	0.0	438675	495.55492711	4.535
4732.03898352	7200	0.751304906596	0.0	438675	495.55492711	7.2
4732.5331916	7200	0.757096827826	0.0	438675	494.20807877	7.2
4733.02638251	7200	0.763905912316	0.0	438675	493.19091551	7.2
4733.51957343	7200	0.770714996806	0.0	438675	493.19091551	7.2
4733.98500388	7200	0.805284547717	0.0	438675	465.430449089	7.2
4734.42495762	6773	0.865330806153	0.0	420167	439.953741564	4.638
4734.82295709	6400	0.967331329997	0.0	396693	397.999476156	4.535
4735.2544362	7066	1.03585222074	0.0	434595	431.479109261	3.736
4735.68045519	7200	1.10983323407	0.0	442995	426.01898667	6.53
4736.15045048	7600	1.139837948	0.0	469589	469.99528607	5.6
4736.65308154	8000	1.13720688105	0.0	496259	502.631066947	6.0
4737.17195864	8133	1.11832978928	0.0	508563	518.877091769	7.468
4737.73656615	8733	1.05372227251	0.0	536941	564.607516776	5.733
4738.29424088	8733	0.996047547987	0.0	525223	557.674724519	8.733
4738.8910264	9000	0.899262022128	0.0	536970	596.785525859	7.665
4739.45715485	9000	0.833133576658	0.0	527946	566.12844547	9.0
4740.00576911	8933	0.784519314742	0.0	519390	548.614261915	8.598
4740.55922063	8933	0.731067795205	0.0	530998	553.451519537	8.933
4741.11622828	9000	0.674060149113	0.0	536970	557.007646092	8.665
4741.64830473	8600	0.641983695826	0.0	513386	532.076453286	6.6
4742.08372179	7000	0.706566632132	0.0	418197	435.417063695	-1.0
4742.51938778	6880	0.770900646604	0.0	418435	435.665985528	6.28
4742.97840431	7200	0.811884114157	0.0	438855	459.016532447	5.6
4743.46371126	7626	0.826577161744	0.0	464559	485.306952412	5.496
4743.97154303	8000	0.818745392863	0.0	487050	507.831768882	6.13
4744.48354242	8000	0.80674600737	0.0	487050	511.999385492	8.0
4744.99559573	8000	0.794692690133	0.0	487050	512.053317237	8.0
4745.46375591	8000	0.826532514107	0.0	487050	468.160176026	8.0
4745.93336954	8000	0.856918888593	0.0	487050	469.613625514	8.0
4746.40307461	7893	0.887213810971	0.0	483158	469.705077622	7.358
4746.89451202	8000	0.895776402734	0.0	493365	491.437408237	7.465
4747.39976254	8000	0.890525886287	0.0	493365	505.250516447	8.0
4747.90566451	8000	0.884623914612	0.0	493365	505.901971675	8.0
4748.48383095	9280	0.806457475013	0.0	581337	578.166439598	2.88
4749.07474388	9600	0.715544543976	0.0	603330	590.912931038	8.0
4749.69442575	9813	0.595862679346	0.0	613526	619.68186463	8.748
4750.25883075	8800	0.531457671397	0.0	541560	564.405007948	3.735
4750.75843898	8160	0.531849440087	0.0	499088	499.60823131	4.96
4751.25451513	8000	0.535773294521	0.0	487050	496.076145566	7.2
4751.75603025	8000	0.534258176114	0.0	487050	501.515118407	8.0
4752.26367372	8000	0.526614705266	0.0	487050	507.643470848	8.0
4752.75077759	7680	0.539510839747	0.0	467772	487.103865519	6.08
4753.18636935	6933	0.603919075561	0.0	421780	435.591764186	3.198
4753.60676308	6826	0.683525341992	0.0	409638	420.393733569	6.291
4754.03378715	7200	0.756501273449	0.0	428730	427.024068543	5.33
4754.47910975	7200	0.811178679168	0.0	428730	445.322594281	7.2
4754.93310697	7200	0.857181459905	0.0	428730	453.997219263	7.2
4755.38361429	7200	0.90667413671	0.0	428730	450.507323195	7.2
4755.82722616	7200	0.96306226656	0.0	428730	443.61187015	7.2
4756.26863271	7200	1.02165571442	0.0	429824	441.406552135	7.2
4756.70555889	7200	1.08472953713	0.0	429084	436.926177293	7.2
4757.1889893	7946	1.10129912014	0.0	476950	483.430416988	4.216
4757.6513693	7626	1.13891912411	0.0	456045	462.379996031	6.026
4758.08914927	7200	1.20113915741	0.0	427635	437.779966702	5.07
4758.56404989	7800	1.2262385369	0.0	462222	474.900620511	4.8
4759.03836277	7800	1.25192565802	0.0	456146	474.312878879	7.8
4759.49863932	7666	1.2916491074	0.0	447075	460.276550623	6.996
4759.9255537	7133	1.36473472088	0.0	421103	426.914386518	4.468
4760.40606957	8000	1.38421885499	0.0	476265	480.515865888	3.665
4760.86561311	7733	1.42467531018	0.0	454837	459.543544814	6.398
4761.33745419	8000	1.45283423822	0.0	462300	471.841071953	6.665
4761.8131022	8000	1.4771862273	0.0	462300	475.64801092	8.0
4762.30137404	8000	1.48891438642	0.0	468906	488.271840885	8.0
4762.80137834	8000	1.48891008186	0.0	467438	500.004304558	8.0
4763.3108822	7933	1.47940622067	0.0	465132	509.503861193	7.598
4763.80086852	7533	1.48941990714	0.0	455338	489.986313524	5.533
4764.37403496	8866	1.41625346977	0.0	543071	573.166437369	2.201
4764.99084033	9000	1.29944809368	0.0	551023	616.80537609	8.33
4765.68123156	10000	1.109056865	0.0	612540	690.391228684	5.0
4766.43990148	10000	0.850386947976	0.0	612540	758.669917025	10.0
4767.04828554	8000	0.742002886656	0.0	487050	608.38406132	-2.0
4767.60105385	7253	0.689234572564	0.0	441782	552.768314092	3.518
4768.15022609	7200	0.640062337207	0.0	438855	549.172235357	6.935
4768.70112343	7200	0.589164994684	0.0	438855	550.897342522	7.2
4769.26170897	7200	0.528579453595	0.0	438855	560.585541089	7.2
4769.82229451	7200	0.5	0.0320060874946	438855	560.585541089	5.59969562527
4770.35288895	6826	0.5	0.0305944338678	414950	530.594433868	3.42627830661
4770.84920783	6400	0.503681117243	0.0	387630	496.318882757	4.27
4771.34552671	6400	0.507362234485	0.0	387630	496.318882757	6.4
4771.84184559	6400	0.511043351728	0.0	387630	496.318882757	6.4
4772.28360839	5706	0.569280557552	0.0	344145	441.762794176	2.236
4772.77643322	6346	0.576455723471	0.0	384845	492.824834081	3.146
4773.27406943	6400	0.57881951536	0.0	388680	497.636208111	6.13
4773.77040457	6400	0.582484377828	0.0	388680	496.335137532	6.4
4774.25355648	6400	0.599332467047	0.0	388680	483.151910781	6.4
4774.77368966	6933	0.579199281444	0.0	419059	520.133185603	4.268
4775.28373849	6866	0.569150459403	0.0	410775	510.048822042	6.531
4775.797432	6866	0.555456950676	0.0	413769	513.693508727	6.866

