3074.16254011	3066	0.5	0.184551329947	181435	184.551329947	-6.16156649737
3074.34997185	3120	0.812568262844	0.0	184429	187.431737156	2.85
3074.54144039	3146	1.12109972253	0.0	188625	191.468540311	3.016
3074.73657438	3200	1.42596573417	0.0	192435	195.133988362	2.93
3075.02655272	4800	1.63598739624	0.0	291300	289.978337927	-3.2
3075.4099298	6400	1.75261031545	0.0	389889	383.37708079	-1.6
3075.81895568	6666	1.84358443519	0.0	408326	409.025880262	5.336
3076.31889753	8066	1.84364258388	0.0	497055	499.941851316	1.066
3076.85262909	8466	1.80991101839	0.0	520019	533.731565492	6.466
3077.42378006	9000	1.73876005679	0.0	551265	571.150961596	6.33
3078.01270057	9266	1.64983954705	0.0	558332	588.92050974	7.936
3078.57947135	9000	1.58306876172	0.0	536970	566.770785331	7.67
3079.12812233	9000	1.5344177847	0.0	536970	548.650977019	9.0
3079.66200746	9000	1.50053265531	0.0	536970	533.885129393	9.0
3080.18408232	9000	1.47845779016	0.0	536970	522.074865149	9.0
3080.70006727	9000	1.46247284341	0.0	536970	515.984946745	9.0
3081.23218952	9400	1.43035058768	0.0	553424	532.122255732	7.4
3081.7373267	9000	1.42521341116	0.0	522960	505.137176515	7.0
3082.24340389	9000	1.41913622494	0.0	522960	506.077186226	9.0
3082.75630326	9000	1.40623685191	0.0	532300	512.899373026	9.0
3083.22230384	8400	1.44023627199	0.0	503004	466.000579927	5.4
3083.69123607	8000	1.47130404307	0.0	481782	468.932228914	6.0
3084.17289841	8000	1.48964170046	0.0	481782	481.662342608	8.0
3084.70178254	8533	1.46075757207	0.0	510552	528.884128391	5.868
3085.25485846	9000	1.40768165054	0.0	536970	553.075921528	6.665
3085.80436034	9000	1.35817977106	0.0	536970	549.501879483	9.0
3086.35506619	9000	1.30747392052	0.0	536970	550.705850538	9.0
3086.90643054	9000	1.25610957379	0.0	536970	551.364346732	9.0
3087.45849857	9000	1.20404154662	0.0	536970	552.068027167	9.0
3088.04392394	9533	1.1186161768	0.0	573990	585.425369829	6.868
3088.64287534	9666	1.01966477317	0.0	586715	598.951403626	9.001
3089.22481644	9000	0.937723671838	0.0	551265	581.941101331	5.67
3089.82595791	9000	0.836582207406	0.0	551265	601.141464432	9.0
3090.4398529	9000	0.722687209059	0.0	551265	613.894998346	9.0
3091.07009059	9000	0.592449519625	0.0	551265	630.237689434	9.0
3091.57995779	7200	0.582582326291	0.0	438675	509.867193334	-1.8
3092.09119145	7200	0.571348666913	0.0	438675	511.233659378	7.2
3092.57948573	6773	0.58305438467	0.0	420167	488.294282243	4.638
3093.00787354	6400	0.654666567931	0.0	396693	428.387816739	4.535
3093.38260721	5653	0.779932899395	0.0	345821	374.733668536	1.918
3093.75905658	5760	0.903483533866	0.0	352623	376.449365529	5.225
3094.14740902	6080	1.01513109428	0.0	373673	388.352439586	4.48
3094.55723707	6400	1.10530304569	0.0	394883	409.828048591	4.8
3094.98347779	6506	1.17906232731	0.0	404859	426.240718384	5.976
3095.43332138	6986	1.22921872957	0.0	427291	449.843597737	4.586
3095.88435474	6986	1.27818537229	0.0	418081	451.033357279	6.986
3096.34798051	7200	1.31455959827	0.0	427485	463.625774023	6.13
3096.80421735	7200	1.35832276072	0.0	419991	456.236837551	7.2
3097.25358658	7146	1.40895352949	0.0	413019	449.369231227	6.876
3097.70656137	7146	1.45597873972	0.0	422679	452.974789773	7.146
3098.16418579	7200	1.49835432599	0.0	427485	457.624413731	6.93
3098.6014303	6880	1.56110981364	0.0	408679	437.244512346	5.28
3099.04777739	7000	1.61476272444	0.0	418197	446.347089198	6.4
3099.49437281	6880	1.66816730585	0.0	418435	446.595418591	6.28
3099.9557979	7200	1.70674220794	0.0	438855	461.425097907	5.6
3100.44331543	7626	1.71922468313	0.0	464559	487.517524812	5.496
3100.95272251	8000	1.70981760728	0.0	487050	509.407075857	6.13
3101.45912716	8000	1.70341295193	0.0	487050	506.404655346	8.0
3101.96376112	8000	1.69877898942	0.0	487050	504.63396251	8.0
3102.47649656	8000	1.68604354921	0.0	487050	512.735440212	8.0
3102.99102836	8000	1.67151175227	0.0	487050	514.531796933	8.0
3103.50676696	7893	1.65577314851	0.0	483158	515.738603766	7.358
3104.0331896	8000	1.62935051606	0.0	493365	526.422632446	7.465
3104.58803367	8000	1.57450644143	0.0	493365	554.84407463	8.0
3105.14926811	8000	1.51327199894	0.0	493365	561.234442495	8.0
3105.79254712	9280	1.36999299644	0.0	581337	643.279002495	2.88
3106.441409	9600	1.22113111533	0.0	603330	648.86188111	8.0
3107.11559552	9813	1.04694459705	0.0	613526	674.186518277	8.748
3107.71270647	8800	0.949833639946	0.0	541560	597.110957108	3.735
3108.24207173	8160	0.920468387097	0.0	499088	529.365252849	4.96
3108.76496961	8000	0.897570503378	0.0	487050	522.897883719	7.2
3109.31558758	8000	0.846952535634	0.0	487050	550.617967744	8.0
3109.86620554	8000	0.796334567889	0.0	487050	550.617967744	8.0
3110.38758775	7680	0.77495236742	0.0	467772	521.38220047	6.08
3110.85455097	6933	0.807989139058	0.0	421780	466.963228362	3.198
3111.30307339	6826	0.859466725157	0.0	409638	448.5224139	6.291
3111.7646689	7200	0.897871217272	0.0	428730	461.595507886	5.33
3112.2262644	7200	0.936275709386	0.0	428730	461.595507886	7.2
3112.6819426	7200	0.98059751232	0.0	428730	455.678197066	7.2
3113.13668397	7200	1.02585614313	0.0	428730	454.741369187	7.2
3113.61607247	7200	1.04646763949	0.0	428730	479.388503641	7.2
3114.10394754	7200	1.05859257053	0.0	429824	487.87506896	7.2
3114.59099988	7200	1.07154022797	0.0	429084	487.052342563	7.2
3115.13898647	7946	1.02355364299	0.0	476950	547.986584977	4.216
3115.66378849	7626	0.998751625881	0.0	456045	524.802017111	6.026
3116.15511473	7200	1.00742538163	0.0	427635	491.326244254	5.07
3116.67436108	7800	0.988179035867	0.0	462222	519.24634576	4.8
3117.18691328	7800	0.975626834473	0.0	456146	512.552201394	7.8
3117.68964966	7666	0.972890449026	0.0	447075	502.736385446	6.996
3118.16385892	7133	0.998681197503	0.0	421103	474.209251524	4.468
3118.69887683	8000	0.963663282225	0.0	476265	535.017915277	3.665
3119.19380636	7733	0.968733752902	0.0	454837	494.929529323	6.398
3119.69445572	8000	0.968084395035	0.0	462300	500.649357867	6.665
3120.18120316	8000	0.981336955713	0.0	462300	486.747439322	8.0
3120.67597312	8000	0.986566996298	0.0	468906	494.769959414	8.0
3121.21462978	8000	0.947910329204	0.0	467438	538.656667094	8.0
3121.75067844	7933	0.911861670604	0.0	465132	536.0486586	7.598
3122.2734639	7533	0.889076211048	0.0	455338	522.785459556	5.533
3122.75831327	7093	0.904226844781	0.0	432025	484.849366267	4.893
3123.25004096	7200	0.912499155885	0.0	438283	491.727688896	6.665
3123.80094067	8000	0.861599444037	0.0	487050	550.899711848	4.0
3124.35832495	8000	0.804215162388	0.0	487050	557.384281649	8.0
3124.91570019	8000	0.746839918087	0.0	487050	557.375244302	8.0
3125.42162762	7253	0.740912488114	0.0	441782	505.927429973	3.518
3125.92426932	7200	0.738270795422	0.0	438855	502.641692692	6.935
3126.42461315	7200	0.7379269645	0.0	438855	500.343830921	7.2
3126.91452437	7200	0.748015743597	0.0	438855	489.911220903	7.2
3127.40443559	7200	0.758104522694	0.0	438855	489.911220903	7.2
3127.87342178	6826	0.789118337023	0.0	414950	468.986185671	4.956
3128.42496318	8000	0.737576935362	0.0	487275	551.541401661	2.13
3128.97364512	8000	0.688894995249	0.0	487275	548.681940114	8.0
3129.51599737	8000	0.646542744465	0.0	487275	542.352250783	8.0
3129.99861342	7133	0.663926692683	0.0	432597	482.616051782	2.798
3130.55493306	7933	0.607607048231	0.0	483757	556.319644452	3.933
3131.1275788	8000	0.534961311206	0.0	488565	572.645737025	7.665
3131.70022454	8000	0.5	0.0376844258196	488565	572.645737025	6.11577870902
3132.26659303	8000	0.5	0.0663684870619	488565	566.368487062	4.6815756469
3132.74986898	6933	0.516724048136	0.0	419059	483.275951864	1.598
3133.22247567	6866	0.544117354502	0.0	410775	472.606693633	6.531
3133.69259336	6866	0.573999661426	0.0	413769	470.117693076	6.866

