2441.70071916	3066	0.5	0.19880622652	181435	198.80622652	-6.87431132602
2441.90264103	3120	0.79807813514	0.0	184429	201.92186486	2.85
2442.10892937	3146	1.09178979784	0.0	188625	206.288337297	3.016
2442.31890117	3200	1.38181799403	0.0	192435	209.97180381	2.93
2442.63105873	4800	1.56966043317	0.0	291300	312.157560863	-3.2
2443.02937746	6400	1.6713417023	0.0	389889	398.318730868	-1.6
2443.44547117	6666	1.75524799058	0.0	408326	416.093711726	5.336
2443.86787314	6453	1.83284601935	0.0	395340	422.401971225	5.388
2444.3259491	6773	1.87477006282	0.0	413791	458.075956527	5.173
2444.80939838	7200	1.89132078465	0.0	438675	483.449278176	5.065
2445.29734296	7413	1.90337620096	0.0	444483	487.944583684	6.348
2445.87792562	9000	1.82279354081	0.0	536970	580.58266015	1.065
2446.4438658	9000	1.7568533624	0.0	536970	565.94017841	9.0
2446.9676836	9000	1.73303556226	0.0	536970	523.817800146	9.0
2447.47901917	9000	1.72169999222	0.0	536970	511.335570039	9.0
2448.0276816	9000	1.67303756562	0.0	536970	548.662426599	9.0
2448.63259063	9400	1.56812853539	0.0	553424	604.909030227	7.4
2449.17437791	9000	1.52634125459	0.0	522960	541.787280799	7.0
2449.69625498	9000	1.50446417903	0.0	522960	521.877075565	9.0
2450.22452429	9000	1.47619486922	0.0	532300	528.269309812	9.0
2450.72443309	8400	1.47628607462	0.0	503004	499.9087946	5.4
2451.26088781	8000	1.43983135703	0.0	481782	536.454717592	6.0
2451.79979723	8000	1.40092192897	0.0	481782	538.909428053	8.0
2452.30757322	8533	1.39314594732	0.0	510552	507.775981651	5.868
2452.85233192	9000	1.34838724279	0.0	536970	544.758704535	6.665
2453.42782943	9000	1.27288973053	0.0	536970	575.497512257	9.0
2454.02418957	9000	1.17652959315	0.0	536970	596.360137378	9.0
2454.63078273	9000	1.06993643251	0.0	536970	606.593160638	9.0
2455.22816026	9000	0.972558904518	0.0	536970	597.377527996	9.0
2455.86183211	9533	0.838887051391	0.0	573990	633.671853127	6.868
2456.5097323	9666	0.690986867259	0.0	586715	647.900184132	9.001
2457.09500228	9000	0.605716882177	0.0	551265	585.269985082	5.67
2457.52430249	7200	0.676416672827	0.0	438675	429.30020935	-1.8
2457.95987931	7200	0.740839857713	0.0	438675	435.576815114	7.2
2458.40649738	7200	0.794221784998	0.0	438675	446.618072715	7.2
2458.85518853	7200	0.845530635688	0.0	438675	448.69114931	7.2
2459.30976036	7200	0.890958799637	0.0	438675	454.571836051	7.2
2459.74597287	6773	0.954746290148	0.0	420167	436.212509489	4.638
2460.19035434	6400	1.01036482019	0.0	396693	444.381469955	4.535
2460.68793437	7066	1.01278479067	0.0	434595	497.580029522	3.736
2461.17981158	7200	1.02090758754	0.0	442995	491.877203131	6.53
2461.67717903	7600	1.02354013507	0.0	469589	497.367452473	5.6
2462.17612339	8000	1.02459576916	0.0	496259	498.944365904	6.0
2462.66022112	8133	1.04049804239	0.0	508563	484.09772677	7.468
2463.20766055	8733	0.993058611665	0.0	536941	547.439430729	5.733
2463.78170672	8733	0.919012443254	0.0	525223	574.04616841	8.733
2464.37645819	9000	0.82426097044	0.0	536970	594.751472814	7.665
2464.96092537	9000	0.739793796563	0.0	527946	584.467173877	9.0
2465.55652489	8933	0.644194277876	0.0	519390	595.599518687	8.598
2466.17423246	8933	0.526486703739	0.0	530998	617.707574137	8.933
2466.68250508	7200	0.518214084448	0.0	427485	508.272619291	-1.465
2467.17168142	6880	0.529037739512	0.0	408679	489.176344936	5.28
2467.67356166	7000	0.52715750539	0.0	418197	501.880234122	6.4
2468.17634307	6880	0.524376090527	0.0	418435	502.781414863	6.28
2468.70095449	7200	0.5	0.00023532962291	438855	524.61142015	5.58823351885
2469.1196803	5720	0.581274193848	0.0	345913	418.725806152	-1.68
2469.56160368	6000	0.639350809631	0.0	362580	441.923384217	4.6
2470.00428987	6000	0.696664624061	0.0	362580	442.686185569	6.0
2470.42787805	6000	0.773076439747	0.0	362580	423.588184314	6.0
2470.83020927	6000	0.870745221998	0.0	362580	402.33121775	6.0
2471.22363046	6000	0.977324028846	0.0	362580	393.421193152	6.0
2471.60219062	5920	1.09876387043	0.0	359656	378.560158419	5.52
2471.97958195	6000	1.22137254148	0.0	367200	377.391328945	5.6
2472.36966756	6000	1.33128693515	0.0	367200	390.08560633	6.0
2472.76187777	6000	1.43907672195	0.0	367200	392.210213197	6.0
2473.22298191	6960	1.47797257962	0.0	432864	461.10414233	2.16
2473.67318281	7200	1.5277716847	0.0	449280	450.200894924	6.0
2474.12944704	7360	1.57150745786	0.0	456778	456.26422684	6.56
2474.72357385	8800	1.47738063953	0.0	541560	594.12681833	1.6
2475.4407506	10200	1.26020389032	0.0	627772	717.176749209	3.2
2476.12453982	10000	1.07641467531	0.0	612540	683.789215011	9.0
2476.74689983	10000	0.954054664164	0.0	612540	622.360011146	10.0
2477.3245091	10000	0.876445395204	0.0	612540	577.60926896	10.0
2477.99106591	9600	0.709888586703	0.0	588186	666.556808501	7.6
2478.57365408	8666	0.627300414194	0.0	530195	582.588172509	3.996
2479.10455066	8533	0.596403831555	0.0	515343	530.896582639	7.868
2479.55097852	7200	0.649975969139	0.0	428730	446.427862416	0.535
2480.00791515	7200	0.693039345752	0.0	428730	456.936623387	7.2
2480.52007602	7200	0.680878468732	0.0	428730	512.160877019	7.2
2481.0618789	7200	0.63907559324	0.0	428730	541.802875492	7.2
2481.59590026	7200	0.605054238222	0.0	428730	534.021355018	7.2
2481.94579278	7200	0.755161710123	0.0	429824	349.8925281	7.2
2482.31379036	7200	0.887164134905	0.0	429084	367.997575218	7.2
2482.82640038	7946	0.874554118314	0.0	476950	512.610016591	4.216
2483.38601433	7626	0.814940167464	0.0	456045	559.61395085	6.026
2483.90759235	7200	0.793362146785	0.0	427635	521.578020679	5.07
2484.4721491	7800	0.728805398119	0.0	462222	564.556748666	4.8
2485.03084795	7800	0.670106542081	0.0	456146	558.698856038	7.8
2485.57491422	7666	0.626040275386	0.0	447075	544.066266694	6.996
2486.05717719	7133	0.643777306018	0.0	421103	482.262969368	4.468
2486.48989047	6400	0.711064021763	0.0	378390	432.713284255	2.735
2486.89103999	6186	0.80991450194	0.0	361396	401.149519824	5.116
2487.29457894	6400	0.906375549439	0.0	367440	403.5389525	5.33
2487.69777375	6400	1.00318074686	0.0	367440	403.194802579	6.4
2488.10513838	6400	1.0958161109	0.0	372984	407.36463596	6.4
2488.5102575	6400	1.19069699104	0.0	371752	405.119119862	6.4
2488.89227953	6346	1.30867496615	0.0	369976	382.022024884	6.076
2489.35036355	7533	1.35059094523	0.0	455338	458.08402092	1.598
2489.8876118	8866	1.31334269287	0.0	543071	537.248252362	2.201
2490.43363038	9000	1.26732411665	0.0	551023	546.018576217	8.33
2491.07519015	10000	1.12576434694	0.0	612540	641.559769715	5.0
2491.67938638	10000	1.02156810889	0.0	612540	604.196238045	10.0
2492.30748216	10000	0.893472328852	0.0	612540	628.095780043	10.0
2492.89043893	9066	0.81051556049	0.0	555398	582.956768362	4.396
2493.48373584	9000	0.717218657094	0.0	551655	593.296903396	8.67
2494.11130466	9000	0.589649833597	0.0	551655	627.568823497	9.0
2494.62771157	7200	0.573242923102	0.0	438855	516.406910495	-1.8
2495.14212748	7200	0.55882701198	0.0	438855	514.415911122	7.2
2495.61885793	6826	0.582096566905	0.0	414950	476.730445075	4.956
2496.05184335	6400	0.649111144352	0.0	387630	432.985422553	4.27
2496.46869211	6400	0.732262385251	0.0	387630	416.848759101	6.4
2496.88055898	6400	0.820395518153	0.0	387630	411.866867098	6.4
2497.33446151	7133	0.866492983794	0.0	432597	453.902534358	3.468
2497.85325281	7933	0.847701683773	0.0	483757	518.791300022	3.933
2498.39150466	8000	0.809449837992	0.0	488565	538.251845781	7.665
2498.93804631	8000	0.76290818541	0.0	488565	546.541652582	8.0
2499.48672053	8000	0.714233960593	0.0	488565	548.674224817	8.0
2499.94815609	6933	0.752798404906	0.0	419059	461.435555687	1.598
2500.3899611	6866	0.810993393388	0.0	410775	441.805011518	6.531
2500.83585686	6866	0.865097629191	0.0	413769	445.895764197	6.866

