3020.8518077	3066	0.5	0.215173626683	181435	215.173626683	-7.69268133417
3021.07036706	3120	0.781440643781	0.0	184429	218.559356219	2.85
3021.29367141	3146	1.05813629052	0.0	188625	223.304353257	3.016
3021.52128426	3200	1.33052344377	0.0	192435	227.612846754	2.93
3021.86094542	4800	1.49086228298	0.0	291300	339.661160788	-3.2
3022.20496606	4800	1.64684164204	0.0	290256	344.020640939	4.8
3022.5647098	5000	1.78709790144	0.0	303919	359.743740607	4.0
3023.04991676	6453	1.80189093933	0.0	395340	485.206962102	-0.812
3023.55945445	6773	1.79235324938	0.0	413791	509.537689958	5.173
3024.10034961	7200	1.75145808759	0.0	438675	540.895161784	5.065
3024.67848874	7413	1.6733189581	0.0	444483	578.139129491	6.348
3025.37484496	9000	1.47696274569	0.0	536970	696.356212414	1.065
3026.04793543	9000	1.30387227193	0.0	536970	673.090473754	9.0
3026.67318337	9000	1.17862433544	0.0	536970	625.247936494	9.0
3027.27833438	9000	1.07347332517	0.0	536970	605.151010266	9.0
3027.85320927	9000	0.998598431077	0.0	536970	574.874894095	9.0
3028.32744969	7520	1.02435800864	0.0	440393	474.240422435	0.12
3028.7758732	7200	1.07593450479	0.0	415815	448.423503856	5.6
3029.22557258	7200	1.12623512232	0.0	415815	449.699382467	7.2
3029.68494316	7200	1.16686453814	0.0	423595	459.370584177	7.2
3030.2051458	8400	1.14666190159	0.0	503004	520.202636555	2.4
3030.70115262	8000	1.15065508548	0.0	481782	496.006816108	6.0
3031.20375365	8000	1.14805405301	0.0	481782	502.60103247	8.0
3031.74162858	8533	1.11017912214	0.0	510552	537.87493087	5.868
3032.30016783	9000	1.05163987437	0.0	536970	558.539247774	6.665
3032.85232833	9000	0.999479374285	0.0	536970	552.160500082	9.0
3033.38987124	9000	0.961936456677	0.0	536970	537.542917608	9.0
3033.92258252	9000	0.929225182596	0.0	536970	532.711274081	9.0
3034.46302729	9000	0.888780415146	0.0	536970	540.44476745	9.0
3035.04780158	9533	0.804006122935	0.0	573990	584.77429221	6.868
3035.64814409	9666	0.703663615935	0.0	586715	600.342507001	9.001
3036.21547616	9000	0.636331539349	0.0	551265	567.332076586	5.67
3036.78343826	9000	0.568369446235	0.0	551265	567.962093114	9.0
3037.34641059	9000	0.505397109474	0.0	551265	562.972336761	9.0
3037.90742416	9000	0.5	0.0556164563435	551265	561.013565818	6.21917718283
3038.47235306	9000	0.5	0.0649289064708	551265	564.928906471	5.75355467646
3039.04856844	9000	0.5	0.0762153782858	551265	576.215378286	5.18923108571
3039.61844555	8466	0.5	0.0698771062082	527825	569.877106208	2.30214468959
3040.16027951	8000	0.5	0.0418339606914	498375	541.833960691	3.57830196543
3040.62415524	7066	0.536124265836	0.0	434595	463.875734164	2.396
3041.08748773	7200	0.572791784345	0.0	442995	463.33248149	6.53
3041.57513165	7600	0.585147856011	0.0	469589	487.643928334	5.6
3042.08396807	8000	0.576311435844	0.0	496259	508.836420167	6.0
3042.63683729	8133	0.523442217314	0.0	508563	552.86921853	7.468
3043.12266664	6986	0.537612870351	0.0	427291	485.829346962	1.251
3043.61455409	6986	0.545725420027	0.0	418081	491.887450324	6.986
3044.14745945	7200	0.512820063649	0.0	427485	532.905356378	6.13
3044.68096374	7200	0.5	0.0206842287041	419991	533.504292353	6.16578856479
3045.20536668	7146	0.5	0.0244029448456	413019	524.402944846	5.65585275772
3045.73091057	7146	0.5	0.025543886648	422679	525.543886648	5.8688056676
3046.12939896	5400	0.601511612036	0.0	318510	398.488387964	-3.33
3046.50512564	5160	0.725784931516	0.0	304474	375.72668052	3.96
3046.89664485	5600	0.834265720927	0.0	332739	391.51921059	3.4
3047.26396502	5160	0.966945546036	0.0	311634	367.32017489	2.96
3047.64084572	5400	1.09006484969	0.0	326865	376.880696347	4.2
3048.01951086	5720	1.21139971093	0.0	345913	378.665138762	4.12
3048.41158995	6000	1.31932062351	0.0	362580	392.079087416	4.6
3048.79676156	6000	1.43414900959	0.0	362580	385.171613926	6.0
3049.18848872	6000	1.54242184885	0.0	362580	391.727160734	6.0
3049.58368668	6000	1.64722389127	0.0	362580	395.197957585	6.0
3050.00053251	6000	1.73037805523	0.0	362580	416.845836041	6.0
3050.41999033	5920	1.81092024037	0.0	359656	419.457814851	5.52
3050.8341275	6000	1.89678306908	0.0	367200	414.137171292	5.6
3051.23904484	6000	1.99186572942	0.0	367200	404.917339662	6.0
3051.63298928	6000	2.09792128965	0.0	367200	393.94443977	6.0
3052.03702514	6400	2.19388542914	0.0	383025	404.035860515	4.4
3052.43921864	6400	2.29169193297	0.0	383025	402.193496168	6.4
3052.84210936	6400	2.38880121024	0.0	383025	402.890722732	6.4
3053.24668526	6400	2.48422531307	0.0	383025	404.575897166	6.4
3053.64620926	6400	2.58470130784	0.0	383025	399.52400523	6.4
3054.04292162	6400	2.68798894473	0.0	383025	396.712363106	6.4
3054.43752755	6400	2.79338302096	0.0	383025	394.605923771	6.4
3054.83689602	6400	2.89401454982	0.0	383025	399.368471139	6.4
3055.24193904	6400	2.98897153307	0.0	383025	405.043016755	6.4
3055.64020398	6400	3.09070659136	0.0	383025	398.26494171	6.4
3056.03591081	6400	3.19499976413	0.0	383025	395.706827229	6.4
3056.42341991	6400	3.30749066045	0.0	383025	387.509103676	6.4
3056.81351818	6400	3.41739238532	0.0	383025	390.098275131	6.4
3057.20522765	6400	3.52568292364	0.0	383025	391.709461688	6.4
3057.59784958	6400	3.63306099332	0.0	383025	392.621930312	6.4
3057.99285241	6400	3.73805815731	0.0	383025	395.002836011	6.4
3058.3895442	6400	3.84136636945	0.0	383025	396.691787864	6.4
3058.78556195	6400	3.94534861485	0.0	383025	396.017754605	6.4
3059.1803163	6400	4.05059427125	0.0	383025	394.754343599	6.4
3059.57329233	6400	4.15761824407	0.0	383025	392.976027172	6.4
3059.96652581	6400	4.26438476014	0.0	383025	393.233483931	6.4
3060.35983598	6400	4.37107458513	0.0	383025	393.310175017	6.4
3060.7532285	6400	4.4776820733	0.0	383025	393.392511821	6.4
3061.14495723	6400	4.58595333953	0.0	383025	391.728733776	6.4
3061.53642161	6400	4.69448895915	0.0	383025	391.464380381	6.4
3061.92791874	6400	4.80299183466	0.0	383025	391.497124491	6.4
3062.31878593	6400	4.91212464085	0.0	383025	390.867193807	6.4
3062.70883653	6400	5.02207403606	0.0	383025	390.050604787	6.4
3063.10351595	6400	5.12739461846	0.0	383025	394.6794176	6.4
3063.50126727	6400	5.22964329658	0.0	383025	397.75132188	6.4
3063.89715442	6400	5.33375615377	0.0	383025	395.887142816	6.4
3064.2916375	6400	5.43927307048	0.0	383025	394.483083284	6.4
3064.6822771	6400	5.5486334709	0.0	383025	390.639599588	6.4
3065.07142195	6400	5.65948862329	0.0	383025	389.144847606	6.4
3065.45885955	6400	5.77205102388	0.0	383025	387.437599405	6.4
3065.85107941	6400	5.87983116075	0.0	383025	392.219863135	6.4
3066.25428036	6400	5.97663021169	0.0	383025	403.200949064	6.4
3066.65748131	6400	6.07342926262	0.0	383025	403.200949064	6.4
3067.06068226	6400	6.17022831356	0.0	383025	403.200949064	6.4
3067.46393723	6400	6.26697333535	0.0	383025	403.254978203	6.4
3067.86750927	6400	6.36340130239	0.0	383025	403.572032965	6.4
3068.27148634	6400	6.45942423445	0.0	383025	403.977067942	6.4
3068.67753187	6400	6.55337869796	0.0	383025	406.04553649	6.4
3069.0964346	6400	6.63447597333	0.0	383025	418.902724628	6.4
3069.51805479	6400	6.71285577601	0.0	383025	421.62019732	6.4
3069.95964997	6400	6.77126059496	0.0	383025	441.59518105	6.4
3070.40672238	6400	6.82418819199	0.0	383025	447.072402971	6.4
3070.86086355	6400	6.87004702414	0.0	383025	454.141167847	6.4
3071.31635068	6400	6.91455988551	0.0	383025	455.487138633	6.4
3071.7711712	6400	6.95973936954	0.0	383025	454.82051597	6.4
3072.2071258	6400	7.02378476489	0.0	383025	435.954604647	6.4
3072.64791687	6400	7.08299369884	0.0	383025	440.79106605	6.4
3073.0938504	6400	7.13706017269	0.0	383025	445.933526148	6.4
3073.53667638	6400	7.19423418991	0.0	383025	442.825982781	6.4
3073.97798878	6400	7.25292178704	0.0	383025	441.312402868	6.4

