3193.58692218	3066	0.5	0.191483677877	181435	191.483677877	-6.50818389386
3193.78140066	3120	0.805521518851	0.0	184429	194.478481149	2.85
3193.98007626	3146	1.10684591194	0.0	188625	198.675606909	3.016
3194.18256289	3200	1.40435928283	0.0	192435	202.486629109	2.93
3194.48394105	4800	1.60298112886	0.0	291300	301.378153971	-3.2
3194.88195023	6400	1.70497194829	0.0	389889	398.009180573	-1.6
3195.29683864	6666	1.7900835408	0.0	408326	414.888407495	5.336
3195.72022618	6453	1.86669599586	0.0	395340	423.387544936	5.388
3196.16607332	6773	1.92084885501	0.0	413791	445.847140853	5.173
3196.75747294	9000	1.82944923426	0.0	551265	591.399620749	-2.135
3197.39469406	9266	1.69222812012	0.0	558332	637.221114137	7.936
3198.00791745	9000	1.57900473035	0.0	536970	613.223389772	7.67
3198.62114084	9000	1.46578134058	0.0	536970	613.223389772	9.0
3199.22087703	9000	1.36604514592	0.0	536970	599.736194654	9.0
3199.81779381	9000	1.26912836855	0.0	536970	596.916777372	9.0
3200.41471059	9000	1.17221159118	0.0	536970	596.916777372	9.0
3201.01683977	9400	1.07008240771	0.0	553424	602.129183473	7.4
3201.57520602	9000	1.0117161559	0.0	522960	558.366251801	7.0
3202.14439386	9000	0.942528313314	0.0	522960	569.187842591	9.0
3202.72492789	9000	0.861994286227	0.0	532300	580.534027086	9.0
3203.27383472	8400	0.813087451655	0.0	503004	548.906834573	5.4
3203.79998233	8000	0.786939844068	0.0	481782	526.147607586	6.0
3204.32368753	8000	0.763234643959	0.0	481782	523.70520011	8.0
3204.86858843	8533	0.718333749298	0.0	510552	544.900894661	5.868
3205.44116723	9000	0.64575494556	0.0	536970	572.578803738	6.665
3206.0127694	9000	0.574152775364	0.0	536970	571.602170197	9.0
3206.58430822	9000	0.502613959156	0.0	536970	571.538816207	9.0
3207.04026378	7200	0.54665839715	0.0	427485	455.955562007	-1.8
3207.49590102	7200	0.591021158292	0.0	427485	455.637238858	7.2
3207.98845026	7626	0.598471912782	0.0	456993	492.54924551	5.496
3208.49541552	7733	0.591506655269	0.0	467045	506.965257514	7.198
3208.97219331	7200	0.614728862251	0.0	438675	476.777793017	4.535
3209.44223223	7200	0.644689947802	0.0	438675	470.03891445	7.2
3209.91058891	7200	0.676333261775	0.0	438675	468.356686027	7.2
3210.38107452	7200	0.705847660728	0.0	438675	470.485601047	7.2
3210.85539915	7200	0.731523030994	0.0	438675	474.324629734	7.2
3211.32972378	7200	0.75719840126	0.0	438675	474.324629734	7.2
3211.78447429	6773	0.802447886513	0.0	420167	454.750514747	4.638
3212.21439042	6400	0.872531759597	0.0	396693	429.916126916	4.535
3212.68640214	7066	0.900520041432	0.0	434595	472.011718165	3.736
3213.18423332	7200	0.902688855648	0.0	442995	497.831185784	6.53
3213.71135013	7600	0.875572051392	0.0	469589	527.116804255	5.6
3214.26783624	8000	0.819085936592	0.0	496259	556.4861148	6.0
3214.82380998	8133	0.7631121977	0.0	508563	555.973738892	7.468
3215.4094796	8733	0.677442579299	0.0	536941	585.669618401	5.733
3215.9863229	8733	0.600599280526	0.0	525223	576.843298773	8.733
3216.4585595	7200	0.628362676388	0.0	427485	472.236604138	-0.465
3216.92269289	7200	0.664229283149	0.0	419991	464.133393239	7.2
3217.3830133	7146	0.703908878091	0.0	413019	460.320405058	6.876
3217.85416783	7146	0.732754344183	0.0	422679	471.154533908	7.146
3218.33161612	7200	0.755306058633	0.0	427485	477.44828555	6.93
3218.78948793	6880	0.797434247862	0.0	408679	457.871810771	5.28
3219.25779053	7000	0.82913164937	0.0	418197	468.302598492	6.4
3219.72635395	6880	0.860568226391	0.0	418435	468.56342298	6.28
3220.21671795	7200	0.870204228977	0.0	438855	490.363997413	5.6
3220.73507812	7626	0.85184405755	0.0	464559	518.360171427	5.496
3221.27725021	8000	0.809671967658	0.0	487050	542.172089892	6.13
3221.81921348	8000	0.767708699057	0.0	487050	541.963268601	8.0
3222.3575358	8000	0.729386378081	0.0	487050	538.322320976	8.0
3222.89128297	8000	0.695639210701	0.0	487050	533.74716738	8.0
3223.42503013	8000	0.661892043321	0.0	487050	533.74716738	8.0
3223.93817822	7893	0.648743960023	0.0	483158	513.148083298	7.358
3224.45888676	8000	0.628035413592	0.0	493365	520.708546431	7.465
3224.98148202	8000	0.605440161117	0.0	493365	522.595252474	8.0
3225.50613703	8000	0.58078515034	0.0	493365	524.655010777	8.0
3225.96823963	6960	0.618682548775	0.0	432864	462.102601565	1.76
3226.44974933	7200	0.637172844804	0.0	449280	481.509703971	6.0
3226.93912803	7360	0.647794150983	0.0	456778	489.378693822	6.56
3227.52405112	8800	0.562871058217	0.0	541560	584.923092766	1.6
3228.06561757	8160	0.521304610263	0.0	499088	541.566447954	4.96
3228.59516755	8000	0.5	0.00824536861419	487050	529.549978877	6.78773156929
3229.12471752	8000	0.5	0.0295499788772	487050	529.549978877	6.52250105614
3229.65196767	8000	0.5	0.0272501409889	487050	527.250140989	6.63749295055
3230.15746334	7680	0.5	0.00549567718459	467772	505.495677185	5.80521614077
3230.61424119	6933	0.543222153693	0.0	421780	456.777846307	3.198
3231.05543352	6826	0.602029818013	0.0	409638	441.19233568	6.291
3231.51616286	7200	0.641300483537	0.0	428730	460.729334476	5.33
3231.9769076	7200	0.680555742719	0.0	428730	460.744740818	7.2
3232.4376732	7200	0.719790137926	0.0	428730	460.765604794	7.2
3232.89835059	7200	0.759112751731	0.0	428730	460.677386195	7.2
3233.35863709	7200	0.798826251836	0.0	428730	460.286499895	7.2
3233.8200726	7200	0.837390745735	0.0	429824	461.435506101	7.2
3234.30089696	7200	0.85656638197	0.0	429084	480.824363765	7.2
3234.85301066	7946	0.804452679837	0.0	476950	552.113702132	4.216
3235.3813632	7626	0.776100141229	0.0	456045	528.352538608	6.026
3235.8774242	7200	0.780039143197	0.0	427635	496.060998032	5.07
3236.38217803	7800	0.775285316536	0.0	462222	504.753826661	4.8
3236.86494257	7800	0.792520776355	0.0	456146	482.764540181	7.8
3237.33830563	7666	0.819157715403	0.0	447075	473.363060953	6.996
3237.79723336	7133	0.860229978081	0.0	421103	458.927737322	4.468
3238.31554483	8000	0.841918509422	0.0	476265	518.311468659	3.665
3238.81845189	7733	0.839011455666	0.0	454837	502.907053755	6.398
3239.34069542	8000	0.816767921717	0.0	462300	522.243533949	6.665
3239.86293895	8000	0.794524387768	0.0	462300	522.243533949	8.0
3240.40397033	8000	0.753493016472	0.0	468906	541.031371296	8.0
3240.96746094	8000	0.690002403815	0.0	467438	563.490612657	8.0
3241.52822103	7933	0.629242312324	0.0	465132	560.760091491	7.598
3242.0773841	7533	0.580079239177	0.0	455338	549.163073147	5.533
3242.59894239	7093	0.558520953516	0.0	432025	521.558285661	4.893
3243.12791074	7200	0.529552606511	0.0	438283	528.968347004	6.665
3243.5672396	6000	0.590223740786	0.0	362580	439.328865726	0.0
3243.99332628	6000	0.664137061866	0.0	362580	426.08667892	6.0
3244.41312692	6000	0.744336423134	0.0	362580	419.800638731	6.0
3244.92244444	7253	0.735018904849	0.0	441782	509.317518285	0.988
3245.42845376	7200	0.729009584671	0.0	438855	506.009320179	6.935
3245.93651694	7200	0.720946401183	0.0	438855	508.063183488	7.2
3246.44697441	7200	0.710488932477	0.0	438855	510.457468705	7.2
3246.95743188	7200	0.700031463772	0.0	438855	510.457468705	7.2
3247.44062878	6826	0.716834561289	0.0	414950	483.196902483	4.956
3247.89267075	6400	0.764792591631	0.0	387630	452.041969658	4.27
3248.3007336	6400	0.85672974677	0.0	387630	408.062844861	6.4
3248.70408569	6400	0.953377647573	0.0	387630	403.352099197	6.4
3249.16919585	7133	0.988267491265	0.0	432597	465.110156307	3.468
3249.69425792	7933	0.963205421359	0.0	483757	525.062069906	3.933
3250.22443913	8000	0.933024214299	0.0	488565	530.18120706	7.665
3250.7131332	8000	0.944330143727	0.0	488565	488.694070572	8.0
3251.1909739	8000	0.966489443844	0.0	488565	477.840699883	8.0
3251.58534604	6933	1.07211730708	0.0	419059	394.372136767	1.598
3251.98163034	6866	1.1758330029	0.0	410775	396.284304178	6.531
3252.38950192	6866	1.26796142586	0.0	413769	407.871577037	6.866

