3888.11499928	3066	0.5	0.191689982586	181435	191.689982586	-6.51849912931
3888.30968747	3120	0.805311809748	0.0	184429	194.688190252	2.85
3888.50857755	3146	1.10642172258	0.0	188625	198.890087168	3.016
3888.711283	3200	1.40371628097	0.0	192435	202.705441613	2.93
3889.0092787	4800	1.60572057395	0.0	291300	297.995707017	-3.2
3889.39844951	6400	1.71654977074	0.0	389889	389.170803208	-1.6
3889.80341308	6666	1.81158620098	0.0	408326	404.963569758	5.336
3890.20605202	6453	1.9089472522	0.0	395340	402.638948781	5.388
3890.7692839	8466	1.84571537768	0.0	520019	563.231874525	-1.599
3891.37226414	9000	1.74273513125	0.0	551265	602.980246424	6.33
3891.98426713	9266	1.6307321428	0.0	558332	612.002988452	7.936
3892.56459708	9000	1.55040219379	0.0	536970	580.329949017	7.67
3893.12549841	9000	1.48950086479	0.0	536970	560.901328994	9.0
3893.66931893	9000	1.44568035092	0.0	536970	543.820513874	9.0
3894.20824345	9000	1.40675582144	0.0	536970	538.924529482	9.0
3894.73215588	9000	1.38284339206	0.0	536970	523.912429372	9.0
3895.29674374	9400	1.31825553918	0.0	553424	564.58785288	7.4
3895.84873749	9000	1.2662617854	0.0	522960	551.993753781	7.0
3896.41337404	9000	1.20162523121	0.0	522960	564.636554196	9.0
3896.98653982	9000	1.12845945934	0.0	532300	573.16577187	9.0
3897.52569753	8400	1.08930174417	0.0	503004	539.15771517	5.4
3898.04021392	8000	1.07478536086	0.0	481782	514.516383304	6.0
3898.54988543	8000	1.0651138437	0.0	481782	509.671517164	8.0
3899.08449771	8533	1.03050156239	0.0	510552	534.612281313	5.868
3899.63419505	9000	0.980804221261	0.0	536970	549.697341125	6.665
3900.17334946	9000	0.941649816684	0.0	536970	539.154404577	9.0
3900.74781854	9000	0.867180731411	0.0	536970	574.469085273	9.0
3901.33206569	9000	0.782933583225	0.0	536970	584.247148186	9.0
3901.91896262	9000	0.69603665801	0.0	536970	586.896925214	9.0
3902.41960102	7626	0.695398259561	0.0	456993	500.63839845	0.756
3902.91460773	7733	0.700391544058	0.0	467045	495.006715503	7.198
3903.38098206	7200	0.73401721512	0.0	438675	466.374328938	4.535
3903.85274226	7200	0.76225702067	0.0	438675	471.76019445	7.2
3904.32545509	7200	0.789544183777	0.0	438675	472.712836892	7.2
3904.79311307	7200	0.821886210843	0.0	438675	467.657972934	7.2
3905.25586581	7200	0.859133466033	0.0	438675	462.752744809	7.2
3905.70574536	7200	0.909253911677	0.0	438675	449.879554357	7.2
3906.13449811	6773	0.980501167648	0.0	420167	428.752744029	4.638
3906.53965065	6400	1.07534862819	0.0	396693	405.15253946	4.535
3906.98412531	7066	1.13087397083	0.0	434595	444.474657362	3.736
3907.43887113	7200	1.17612814241	0.0	442995	454.745828417	6.53
3907.93963101	7600	1.17536827111	0.0	469589	500.759871302	5.6
3908.46773953	8000	1.14725974478	0.0	496259	528.108526323	6.0
3909.00710836	8133	1.10789091736	0.0	508563	539.368827424	7.468
3909.57113346	8733	1.04386581324	0.0	536941	564.025104119	5.733
3910.09768751	8733	1.01731176343	0.0	525223	526.554049812	8.733
3910.68699535	9000	0.928003923912	0.0	536970	589.307839518	7.665
3911.30316155	9000	0.811837725488	0.0	527946	616.166198424	9.0
3911.88073846	8933	0.734260818144	0.0	519390	577.576907343	8.598
3912.45654878	8933	0.658450498097	0.0	530998	575.810320047	8.933
3913.00964509	9000	0.605354181333	0.0	536970	553.096316764	8.665
3913.42649382	6880	0.688505453419	0.0	408679	416.848727915	-3.72
3913.85534541	7000	0.759653869119	0.0	418197	428.8515843	6.4
3914.29248696	6880	0.822512315306	0.0	418435	437.141553812	6.28
3914.74434179	7200	0.870657483025	0.0	438855	451.854832281	5.6
3915.21654573	7626	0.898453550466	0.0	464559	472.203932559	5.496
3915.70395427	8000	0.91104500656	0.0	487050	487.408543907	6.13
3916.2433962	8000	0.871603079777	0.0	487050	539.441926782	8.0
3916.79149955	8000	0.823499722468	0.0	487050	548.10335731	8.0
3917.31041109	8000	0.804588190397	0.0	487050	518.91153207	8.0
3917.83615803	8000	0.778841247089	0.0	487050	525.746943308	8.0
3918.36564942	7893	0.749349852018	0.0	483158	529.491395071	7.358
3918.91187466	8000	0.703124614242	0.0	493365	546.225237776	7.465
3919.45707361	8000	0.657925663428	0.0	493365	545.198950814	8.0
3919.99101228	8000	0.623986991433	0.0	493365	533.938671995	8.0
3920.4556926	6960	0.659306674074	0.0	432864	464.680317358	1.76
3920.93182271	7200	0.683176569846	0.0	449280	476.130104229	6.0
3921.43250059	7360	0.682498684899	0.0	456778	500.677884946	6.56
3922.02861355	8800	0.586385730572	0.0	541560	596.112954327	1.6
3922.57742541	8160	0.537573863045	0.0	499088	548.811867527	4.96
3923.11063525	8000	0.504364028895	0.0	487050	533.20983415	7.2
3923.64229793	8000	0.5	0.0272986584479	487050	531.662687343	6.6350670776
3924.15391543	8000	0.5	0.0116174921094	487050	511.617492109	7.41912539453
3924.637281	7680	0.516634430642	0.0	467772	483.365569358	6.08
3925.06854042	6933	0.58537500751	0.0	421780	431.259423131	3.198
3925.51359922	6826	0.640316207261	0.0	409638	445.058800249	6.291
3925.98020502	7200	0.673710407958	0.0	428730	466.605799303	5.33
3926.45318846	7200	0.700726966359	0.0	428730	472.983441599	7.2
3926.92645375	7200	0.727461679402	0.0	428730	473.265286957	7.2
3927.40084238	7200	0.753073044579	0.0	428730	474.388634824	7.2
3927.87519363	7200	0.778721796362	0.0	428730	474.351248216	7.2
3928.35067656	7200	0.803238864982	0.0	429824	475.482931381	7.2
3928.82594605	7200	0.827969376768	0.0	429084	475.269488214	7.2
3929.35362353	7946	0.800291899114	0.0	476950	527.677477653	4.216
3929.85765708	7626	0.796258347467	0.0	456045	504.033551647	6.026
3930.32172248	7200	0.832192942685	0.0	427635	464.065404782	5.07
3930.73728039	7800	0.916635036363	0.0	462222	415.557906322	4.8
3931.16452777	7800	0.989387660351	0.0	456146	427.247376011	7.8
3931.62338866	7666	1.03052676517	0.0	447075	458.860895184	6.996
3932.09643404	7133	1.05748138346	0.0	421103	473.045381708	4.468
3932.63823163	8000	1.01568380027	0.0	476265	541.797583194	3.665
3933.1569074	7733	0.997008026569	0.0	454837	518.675773696	6.398
3933.68392956	8000	0.969985862191	0.0	462300	527.022164379	6.665
3934.20152498	8000	0.952390444726	0.0	462300	517.595417465	8.0
3934.72037205	8000	0.933543380874	0.0	468906	518.847063852	8.0
3935.2228376	8000	0.931077822734	0.0	467438	502.465558141	8.0
3935.71861201	7933	0.935303415868	0.0	465132	495.774406866	7.598
3936.19786481	7533	0.956050618835	0.0	455338	479.252797033	5.533
3936.65024464	7093	1.00367078192	0.0	432025	452.379836919	4.893
3937.09725603	7200	1.05665939547	0.0	438283	447.011386447	6.665
3937.59289293	8000	1.06102249929	0.0	487050	495.636896182	4.0
3938.08852982	8000	1.06538560311	0.0	487050	495.636896182	8.0
3938.60467689	8000	1.04923853964	0.0	487050	516.147063461	8.0
3939.21766381	9066	0.936251620178	0.0	555398	612.986919467	3.736
3939.83160696	9000	0.822308466324	0.0	551655	613.943153853	8.67
3940.44725219	9000	0.706663235057	0.0	551655	615.645231268	9.0
3941.06093246	9000	0.592982971106	0.0	551655	613.68026395	9.0
3941.56204417	7200	0.591871255906	0.0	438855	501.1117152	-1.8
3942.04388963	6826	0.610025800403	0.0	414950	481.845455503	4.956
3942.49779563	6400	0.656119797428	0.0	387630	453.906002975	4.27
3942.95617383	6400	0.697741593401	0.0	387630	458.378204026	6.4
3943.41455204	6400	0.739363389375	0.0	387630	458.378204026	6.4
3943.92755328	7133	0.72636214692	0.0	432597	513.001242456	3.468
3944.4015531	6346	0.752362331477	0.0	384845	473.999815443	2.411
3944.88017669	6400	0.773738734271	0.0	388680	478.623597205	6.13
3945.36330368	6400	0.790611748349	0.0	388680	483.126985922	6.4
3945.84958776	6400	0.804327667679	0.0	388680	486.28408067	6.4
3946.37309792	6933	0.780817503632	0.0	419059	523.510164047	4.268
3946.8524961	6866	0.801419326214	0.0	410775	479.398177418	6.531
3947.31453678	6866	0.839378648579	0.0	413769	462.040677635	6.866

