5861.80940157	3066	0.5	0.202143487096	181435	202.143487096	-7.04117435482
5862.01471577	3120	0.794685803832	0.0	184429	205.314196168	2.85
5862.22447362	3146	1.08492795527	0.0	188625	209.75784856	3.016
5862.43826633	3200	1.37113523645	0.0	192435	213.792718822	2.93
5862.75675917	4800	1.55264239995	0.0	291300	318.492836504	-3.2
5863.17961193	6400	1.62978964567	0.0	389889	422.852754272	-1.6
5863.61341177	6666	1.69598979936	0.0	408326	433.799846317	5.336
5864.0337335	6453	1.77566806809	0.0	395340	420.321731271	5.388
5864.47320545	6773	1.83619612114	0.0	413791	439.471946943	5.173
5864.9385044	7200	1.87089717476	0.0	438675	465.298946388	5.065
5865.43296286	7413	1.87643871004	0.0	444483	494.458464716	6.348
5866.04024656	9000	1.76915501535	0.0	536970	607.28369469	1.065
5866.64753025	9000	1.66187132066	0.0	536970	607.28369469	9.0
5867.25481395	9000	1.55458762597	0.0	536970	607.28369469	9.0
5867.86209764	9000	1.44730393128	0.0	536970	607.28369469	9.0
5868.46938133	9000	1.34002023659	0.0	536970	607.28369469	9.0
5869.07076418	9400	1.23863739545	0.0	553424	601.382841139	7.4
5869.62793255	9000	1.18146902513	0.0	522960	557.168370315	7.0
5870.18510092	9000	1.12430065482	0.0	522960	557.168370315	9.0
5870.75204165	9000	1.05735992605	0.0	532300	566.940728772	9.0
5871.28192204	8400	1.02747952766	0.0	503004	529.880398392	5.4
5871.78527704	8000	1.02412453405	0.0	481782	503.354993605	6.0
5872.28861522	8000	1.02078635003	0.0	481782	503.338184015	8.0
5872.82136441	8533	0.988037161253	0.0	510552	532.749188782	5.868
5873.38116273	9000	0.928238841199	0.0	536970	559.798320054	6.665
5873.94623298	9000	0.8631685891	0.0	536970	565.070252098	9.0
5874.51202361	9000	0.797377957501	0.0	536970	565.790631599	9.0
5875.07781425	9000	0.731587325902	0.0	536970	565.790631599	9.0
5875.64183977	9000	0.667561803876	0.0	536970	564.025522026	9.0
5876.12289193	7626	0.686509641832	0.0	456993	481.052162043	0.756
5876.61430534	7733	0.695096235015	0.0	467045	491.413406817	7.198
5877.08014561	7200	0.72925595873	0.0	438675	465.840276285	4.535
5877.552122	7200	0.757279568614	0.0	438675	471.976390116	7.2
5878.02409839	7200	0.785303178498	0.0	438675	471.976390116	7.2
5878.49607478	7200	0.813326788382	0.0	438675	471.976390116	7.2
5878.96763601	7200	0.841765563838	0.0	438675	471.561224544	7.2
5879.43583637	7200	0.873565198702	0.0	438675	468.200365136	7.2
5879.88470495	6773	0.924696622151	0.0	420167	448.86857655	4.638
5880.3090547	6400	1.00034687018	0.0	396693	424.349751973	4.535
5880.76833521	7066	1.04106636334	0.0	434595	459.280506838	3.736
5881.23422115	7200	1.07518042472	0.0	442995	465.885938624	6.53
5881.72747496	7600	1.08192661365	0.0	469589	493.253811065	5.6
5882.24994948	8000	1.05945209326	0.0	496259	522.474520393	6.0
5882.79352702	8133	1.0158745486	0.0	508563	543.577544662	7.468
5883.36687839	8733	0.942523183262	0.0	536941	573.351365335	5.733
5883.92793538	8733	0.881466187885	0.0	525223	561.056995378	8.733
5884.49801479	9000	0.811386783327	0.0	536970	570.079404558	7.665
5885.0583703	9000	0.751031271694	0.0	527946	560.355511633	9.0
5885.60980664	8933	0.699594933154	0.0	519390	551.43633854	8.598
5886.17360012	8933	0.635801448214	0.0	530998	563.79348494	8.933
5886.74377742	9000	0.565624151837	0.0	536970	570.177296376	8.665
5887.28935144	8600	0.520050131915	0.0	513386	545.574019922	6.6
5887.73320662	7000	0.576194952937	0.0	418197	443.855178978	-1.0
5888.17693876	6880	0.632462809226	0.0	418435	443.732143711	6.28
5888.64183742	7200	0.667564151303	0.0	438855	464.898657924	5.6
5889.13209591	7626	0.677305664552	0.0	464559	490.258486751	5.496
5889.63714892	8000	0.672252648569	0.0	487050	505.053015982	6.13
5890.14220194	8000	0.667199632587	0.0	487050	505.053015982	8.0
5890.65682821	8000	0.652573360831	0.0	487050	514.626271756	8.0
5891.18083853	8000	0.628563045428	0.0	487050	524.010315403	8.0
5891.70484884	8000	0.604552730025	0.0	487050	524.010315403	8.0
5892.22475172	7893	0.584649853586	0.0	483158	519.902876439	7.358
5892.75482581	8000	0.554575765203	0.0	493365	530.074088383	7.465
5893.28471505	8000	0.524686524298	0.0	493365	529.889240905	8.0
5893.81520848	8000	0.5	0.00580690808327	493365	530.493432382	7.70965459584
5894.28872349	6960	0.526484994005	0.0	432864	473.515005995	1.76
5894.7798169	7200	0.53539157461	0.0	449280	491.093419396	6.0
5895.27893926	7360	0.536269223459	0.0	456778	499.12235115	6.56
5895.72038458	6600	0.594823899662	0.0	402915	441.445323798	2.8
5896.12814223	6120	0.687066251643	0.0	371455	407.757648018	3.72
5896.5248179	6000	0.790390580742	0.0	362580	396.675670901	5.4
5896.92061213	6000	0.894596348103	0.0	362580	395.79423264	6.0
5897.31640636	6000	0.998802115463	0.0	362580	395.79423264	6.0
5897.81929423	7680	0.995914246068	0.0	467772	502.887869395	-0.72
5898.37486986	8666	0.94033861982	0.0	530195	555.575626248	3.736
5898.91516264	8533	0.900045840829	0.0	515343	540.292778991	7.868
5899.46912277	9000	0.846085709076	0.0	539520	553.960131753	6.665
5900.02167105	9000	0.793537431845	0.0	539520	552.548277231	9.0
5900.58244775	9000	0.732760725653	0.0	539520	560.776706192	9.0
5901.15307302	9000	0.662135454464	0.0	539520	570.625271189	9.0
5901.7236983	9000	0.591510183276	0.0	539520	570.625271189	9.0
5902.29514434	9000	0.520064136227	0.0	540862	571.446047049	9.0
5902.86195177	9000	0.5	0.0467432932709	539793	566.807429497	6.66283533645
5903.36393537	7946	0.5	0.00198360019265	476950	501.983600193	2.57681999037
5903.84538508	7626	0.518550292899	0.0	456045	481.449707101	6.026
5904.30874725	7200	0.555188118963	0.0	427635	463.362173936	5.07
5904.80877723	7800	0.555158138346	0.0	462222	500.029980617	4.8
5905.30236567	7800	0.561569699158	0.0	456146	493.588439188	7.8
5905.78633739	7666	0.577597985168	0.0	447075	483.971713991	6.996
5906.25622266	7133	0.607712709375	0.0	421103	469.885275793	4.468
5906.78748202	8000	0.576453356877	0.0	476265	531.259352498	3.665
5907.29528899	7733	0.568646379433	0.0	454837	507.806977444	6.398
5907.81034134	8000	0.553594033326	0.0	462300	515.052346106	6.665
5908.32255159	8000	0.541383784826	0.0	462300	512.2102485	8.0
5908.84193813	8000	0.521997241925	0.0	468906	519.386542901	8.0
5909.35972994	8000	0.504205431112	0.0	467438	517.791810812	8.0
5909.87501668	7933	0.5	0.0110813032713	465132	515.286734384	7.04393483643
5910.3796639	7533	0.5	0.00464722070451	455338	504.647220705	5.30063896477
5910.85843943	7093	0.521224471176	0.0	432025	478.775528824	4.893
5911.34242335	7200	0.537240542116	0.0	438283	483.98392906	6.665
5911.87914666	8000	0.500517231724	0.0	487050	536.723310392	4.0
5912.41586998	8000	0.5	0.0362060786685	487050	536.723310392	6.18969606657
5912.95259329	8000	0.5	0.0367233103924	487050	536.723310392	6.16383448038
5913.44036123	7253	0.512232055206	0.0	441782	487.767944794	3.518
5913.91625543	7200	0.536337860653	0.0	438855	475.894194553	6.935
5914.39072075	7200	0.561872536712	0.0	438855	474.465323941	7.2
5914.86518607	7200	0.587407212771	0.0	438855	474.465323941	7.2
5915.33973909	7200	0.612854192794	0.0	438855	474.553019977	7.2
5915.79201192	6826	0.660581362367	0.0	414950	452.272830427	4.956
5916.32137207	8000	0.631221214286	0.0	487275	529.360148081	2.13
5916.85073222	8000	0.601861066205	0.0	487275	529.360148081	8.0
5917.38467838	8000	0.567914910622	0.0	487275	533.946155583	8.0
5917.86524941	7133	0.587343876692	0.0	432597	480.57103393	2.798
5918.40147135	7933	0.551121938812	0.0	483757	536.22193788	3.933
5918.94292334	8000	0.509669947254	0.0	488565	541.451991558	7.665
5919.48437533	8000	0.5	0.0317820443044	488565	541.451991558	6.41089778478
5920.02424185	8000	0.5	0.0398665210713	488565	539.866521071	6.00667394643
5920.48192648	6933	0.542315375365	0.0	419059	457.684624635	1.598
5920.93076123	6866	0.593480624925	0.0	410775	448.83475044	6.531
5921.38279449	6866	0.641447356457	0.0	413769	452.033268468	6.866

