517.574752216	3066	0.5	0.214253455218	181435	214.253455218	-7.6466727609
517.792376216	3120	0.782375999711	0.0	184429	217.624000289	2.85
518.014723933	3146	1.06002828295	0.0	188625	222.347716761	3.016
518.24136082	3200	1.33339139561	0.0	192435	226.636887342	2.93
518.579296618	4800	1.49545559764	0.0	291300	337.935797972	-3.2
518.920204305	4800	1.65454791099	0.0	290256	340.907686646	4.8
519.285788243	5000	1.78896397313	0.0	303919	365.583937861	4.0
519.758334362	6453	1.81641785395	0.0	395340	472.546119176	-0.812
520.230476767	6773	1.84427544915	0.0	413791	472.142404799	5.173
520.721656536	7200	1.85309568039	0.0	438675	491.179768764	5.065
521.219207062	7413	1.85554515401	0.0	444483	497.55052638	6.348
521.781526364	9000	1.79322585184	0.0	536970	562.319302172	1.065
522.357943766	9000	1.71680844963	0.0	536970	576.417402206	9.0
522.942505338	9000	1.63224687826	0.0	536970	584.561571368	9.0
523.502483924	9000	1.5722682922	0.0	536970	559.978586064	9.0
524.08312289	9000	1.49162932645	0.0	536970	580.638965748	9.0
524.70428019	9400	1.37047202569	0.0	553424	621.157300759	7.4
525.308170502	9000	1.2665817144	0.0	522960	603.890311289	7.0
525.898109093	9000	1.17664312271	0.0	522960	589.938591695	9.0
526.474541167	9000	1.10021104868	0.0	532300	576.43207403	9.0
527.025286773	8400	1.04946544323	0.0	503004	550.745605449	5.4
527.555188824	8000	1.01956339203	0.0	481782	529.902051197	6.0
528.073851965	8000	1.0009002515	0.0	481782	518.663140533	8.0
528.628534229	8533	0.946217986714	0.0	510552	554.682264784	5.868
529.216775614	9000	0.857976601833	0.0	536970	588.241384881	6.665
529.774587786	9000	0.800164430363	0.0	536970	557.81217147	9.0
530.320471914	9000	0.754280302195	0.0	536970	545.884128167	9.0
530.858991521	9000	0.715760694745	0.0	536970	538.51960745	9.0
531.388781613	9000	0.685970603303	0.0	536970	529.790091442	9.0
531.829872557	7626	0.744879659204	0.0	456993	441.090944099	0.756
532.283020747	7733	0.791731468879	0.0	467045	453.148190325	7.198
532.826418367	9000	0.748333848854	0.0	551265	543.397620026	2.665
533.382401892	9000	0.692350323961	0.0	551265	555.983524893	9.0
533.94865927	9000	0.626092945635	0.0	551265	566.257378326	9.0
534.516044963	9000	0.558707253364	0.0	551265	567.385692271	9.0
535.040223792	9000	0.534528423805	0.0	551265	524.178829559	9.0
535.578461966	9000	0.5	0.00370975016284	551265	538.238173968	8.81451249186
536.129134062	8466	0.5	0.0506720957867	527825	550.672095787	3.26239521067
536.662066694	8000	0.5	0.0329326316871	498375	532.932631687	4.02336841564
537.129016831	7066	0.533049862555	0.0	434595	466.950137445	2.396
537.598328537	7200	0.563738156905	0.0	442995	469.311705651	6.53
538.101659403	7600	0.560407290989	0.0	469589	503.330865915	5.6
538.534640246	6400	0.627426447972	0.0	394883	432.980843018	0.4
539.000746213	6506	0.661320480934	0.0	404859	466.105967038	5.976
539.523126334	6986	0.63894036008	0.0	427291	522.380120854	4.586
540.002420752	6986	0.659645941729	0.0	418081	479.29441835	6.986
540.457708048	7200	0.704358646212	0.0	427485	455.287295517	6.13
540.912585933	7200	0.749480760792	0.0	419991	454.877885421	7.2
541.367627007	7146	0.794439686867	0.0	413019	455.041073925	6.876
541.824509399	7146	0.837557294637	0.0	422679	456.882392229	7.146
542.267458533	7200	0.89460816122	0.0	427485	442.949133418	6.93
542.70175726	6880	0.960309433353	0.0	408679	434.298727866	5.28
543.151560681	7000	1.01050601293	0.0	418197	449.803420427	6.4
543.613216901	6880	1.04884979251	0.0	418435	461.656220411	6.28
544.09794773	7200	1.06411896382	0.0	438855	484.730828694	5.6
544.615386306	7626	1.04668038772	0.0	464559	517.438576102	5.496
545.154281233	8000	1.00778546049	0.0	487050	538.894927232	6.13
545.688288145	8000	0.973778548807	0.0	487050	534.00691168	8.0
546.227211328	8000	0.934855366182	0.0	487050	538.923182625	8.0
546.772833219	8000	0.889233475124	0.0	487050	545.621891058	8.0
547.303872255	8000	0.858194439165	0.0	487050	531.039035959	8.0
547.830974373	7893	0.831092320902	0.0	483158	527.102118263	7.358
548.417850781	8000	0.744215913014	0.0	493365	586.876407888	7.465
549.004727189	8000	0.657339505126	0.0	493365	586.876407888	8.0
549.572104216	8000	0.58996247731	0.0	493365	567.377027816	8.0
550.067724842	6960	0.594341851406	0.0	432864	495.620625904	1.76
550.588027011	7200	0.574039682865	0.0	449280	520.302168542	6.0
551.118476924	7360	0.543589769317	0.0	456778	530.449913548	6.56
551.584675297	6600	0.577391396368	0.0	402915	466.198372948	2.8
552.012021103	6120	0.650045591205	0.0	371455	427.345805164	3.72
552.424297044	6000	0.73776964967	0.0	362580	412.275941535	5.4
552.818307615	6000	0.843759079118	0.0	362580	394.010570552	6.0
553.212318185	6000	0.949748508566	0.0	362580	394.010570552	6.0
553.711988646	7680	0.950078047357	0.0	467772	499.670461209	-0.72
554.281699325	8666	0.880367368455	0.0	530195	569.710678902	3.736
554.850171707	8533	0.811894986261	0.0	515343	568.472382194	7.868
555.478277353	9000	0.683789340824	0.0	539520	628.105645437	6.665
556.122519024	9000	0.539547669982	0.0	539520	644.241670841	9.0
556.631085801	7200	0.530980892669	0.0	428730	508.566777313	-1.8
557.133954569	7200	0.52811212507	0.0	428730	502.868767599	7.2
557.636028265	7200	0.526038428423	0.0	428730	502.073696647	7.2
558.133179687	7200	0.528887007052	0.0	429824	497.151421371	7.2
558.629492411	7200	0.532574282571	0.0	429084	496.312724481	7.2
559.034402159	5960	0.627664534549	0.0	354804	404.909748022	-0.24
559.417936644	5720	0.744130049341	0.0	339328	383.534485208	4.52
559.897735156	7200	0.764331538204	0.0	427635	479.798511138	-0.2
560.413307621	7800	0.748759072866	0.0	462222	515.572465337	4.8
560.926511453	7800	0.735555240748	0.0	456146	513.203832119	7.8
561.433213439	7666	0.728853254847	0.0	447075	506.701985901	6.996
561.910009546	7133	0.75205714727	0.0	421103	476.796107577	4.468
562.44650089	8000	0.715565803358	0.0	476265	536.491343912	3.665
562.956376655	7733	0.705690038317	0.0	454837	509.875765041	6.398
563.470591932	8000	0.691474762146	0.0	462300	514.215276171	6.665
563.978745469	8000	0.683321224867	0.0	462300	508.153537279	8.0
564.491121416	8000	0.670945278177	0.0	468906	512.37594669	8.0
564.971425458	8000	0.690641235751	0.0	467438	480.304042426	8.0
565.445067671	7933	0.716999022516	0.0	465132	473.642213235	7.598
565.902845991	7533	0.759220703005	0.0	455338	457.778319511	5.533
566.328225067	7093	0.833841626518	0.0	432025	425.379076488	4.893
566.743860053	7200	0.918206640886	0.0	438283	415.634985632	6.665
567.24537156	8000	0.916695133275	0.0	487050	501.511507611	4.0
567.849715818	8000	0.81235087542	0.0	487050	604.344257855	8.0
568.443558368	8000	0.718508325884	0.0	487050	593.842549536	8.0
568.862908686	7253	0.799158008213	0.0	441782	419.350317671	3.518
569.279763229	7200	0.882303464403	0.0	438855	416.854543811	6.935
569.73591147	7200	0.926155224007	0.0	438855	456.148240395	7.2
570.206137097	7200	0.955929596322	0.0	438855	470.225627686	7.2
570.69779389	7200	0.964272803425	0.0	438855	491.656792897	7.2
571.280534935	8533	0.881531759022	0.0	521611	582.741044403	1.868
571.817206423	8000	0.844860270456	0.0	487275	536.671488566	5.335
572.342747483	8000	0.819319210983	0.0	487275	525.541059473	8.0
572.866544477	8000	0.79552221708	0.0	487275	523.796993903	8.0
573.33268739	7133	0.829379303589	0.0	432597	466.142913491	2.798
573.852774902	7933	0.809291791651	0.0	483757	520.087511938	3.933
574.376327183	8000	0.785739510755	0.0	488565	523.552280897	7.665
574.894996375	8000	0.767070319224	0.0	488565	518.669191531	8.0
575.413458292	8000	0.748608401507	0.0	488565	518.461917717	8.0
575.85951029	6933	0.802556403319	0.0	419059	446.051998188	1.598
576.301158271	6866	0.860908422248	0.0	410775	441.64798107	6.531
576.745952389	6866	0.916114305081	0.0	413769	444.794117168	6.866

