3362.36941327	3066	0.5	0.205352346968	181435	205.352346968	-7.20161734842
3362.57798928	3120	0.791423992069	0.0	184429	208.576007931	2.85
3362.79108315	3146	1.07833012128	0.0	188625	213.093870791	3.016
3363.00827928	3200	1.36113399656	0.0	192435	217.196124722	2.93
3363.33192405	4800	1.53748922751	0.0	291300	323.644769046	-3.2
3363.65444473	4800	1.71496854064	0.0	290256	322.520686867	4.8
3363.99167647	5000	1.8777368051	0.0	303919	337.231735543	4.0
3364.42734184	6453	1.94207143265	0.0	395340	435.66537245	-0.812
3364.88287354	6773	1.98653973808	0.0	413791	455.531694571	5.173
3365.47193311	9000	1.89748016008	0.0	551265	589.059578002	-2.135
3366.04391576	9266	1.82549751125	0.0	558332	571.982648825	7.936
3366.57207573	9000	1.79733754582	0.0	536970	528.159965428	7.67
3367.08710912	9000	1.78230415343	0.0	536970	515.033392393	9.0
3367.62527956	9000	1.74413371425	0.0	536970	538.170439182	9.0
3368.17487556	9000	1.69453771024	0.0	536970	549.596004006	9.0
3368.71191117	9000	1.65750209883	0.0	536970	537.035611411	9.0
3369.25478941	9400	1.61462386819	0.0	553424	542.878230638	7.4
3369.77221198	9000	1.59720128837	0.0	522960	517.422579822	7.0
3370.30646751	9000	1.56294576053	0.0	522960	534.255527836	9.0
3370.85346695	9000	1.51594632593	0.0	532300	546.999434606	9.0
3371.37599152	8400	1.49342175063	0.0	503004	522.524575298	5.4
3371.87614671	8000	1.49326655942	0.0	481782	500.155191213	6.0
3372.37122142	8000	1.4981918513	0.0	481782	495.074708117	8.0
3372.89526276	8533	1.47415051647	0.0	510552	524.041334833	5.868
3373.45790925	9000	1.41150402757	0.0	536970	562.646488898	6.665
3374.03333986	9000	1.33607341014	0.0	536970	575.430617426	9.0
3374.60877048	9000	1.26064279272	0.0	536970	575.430617426	9.0
3375.18578554	9000	1.18362773006	0.0	536970	577.015062654	9.0
3375.76867324	9000	1.1007400335	0.0	536970	582.887696567	9.0
3376.39105719	9533	0.97835608476	0.0	573990	622.383948736	6.868
3377.02701731	9666	0.842395966148	0.0	586715	635.960118613	9.001
3377.60783883	9000	0.761574445876	0.0	551265	580.821520272	5.67
3378.1833993	9000	0.686013976995	0.0	551265	575.560468881	9.0
3378.75799224	9000	0.611421030675	0.0	551265	574.59294632	9.0
3379.33191881	9000	0.537494466049	0.0	551265	573.926564626	9.0
3379.90584537	9000	0.5	0.0364320985771	551265	573.926564626	7.17839507114
3380.49739737	9000	0.5	0.091551999436	551265	591.551999436	4.4224000282
3381.06544833	8466	0.5	0.068050955272	527825	568.050955272	2.3934522364
3381.60236282	8000	0.5	0.0369144978614	498375	536.914497861	3.82427510693
3382.08222886	7066	0.520133965667	0.0	434595	479.866034333	2.396
3382.57639348	7200	0.525969342031	0.0	442995	494.164623636	6.53
3383.09962361	7600	0.50273921201	0.0	469589	523.230130021	5.6
3383.54120496	6400	0.56115786442	0.0	394883	441.581347589	0.4
3383.99368942	6506	0.608673399899	0.0	404859	452.484464521	5.976
3384.4706906	6986	0.631672223366	0.0	427291	477.001176533	4.586
3384.93292558	6986	0.669437247974	0.0	418081	462.234975392	6.986
3385.40455894	7200	0.697803883069	0.0	427485	471.633364906	6.13
3385.86809967	7200	0.734263154014	0.0	419991	463.540729055	7.2
3386.32411146	7146	0.778251362395	0.0	413019	456.011791618	6.876
3386.79613862	7146	0.806224206616	0.0	422679	472.027155779	7.146
3387.27709452	7200	0.825268305058	0.0	427485	480.955901559	6.93
3387.73733204	6880	0.865030783523	0.0	408679	460.237521534	5.28
3388.20805545	7000	0.89430737764	0.0	418197	470.723405884	6.4
3388.67904105	6880	0.923321769563	0.0	418435	470.985608077	6.28
3389.17252317	7200	0.929839653983	0.0	438855	493.48211558	5.6
3389.69515495	7626	0.907207873192	0.0	464559	522.631780791	5.496
3390.2443545	8000	0.858008323088	0.0	487050	549.199550104	6.13
3390.79355405	8000	0.808808772984	0.0	487050	549.199550104	8.0
3391.3427536	8000	0.75960922288	0.0	487050	549.199550104	8.0
3391.89195315	8000	0.710409672776	0.0	487050	549.199550104	8.0
3392.43972967	8000	0.662633151141	0.0	487050	547.776521635	8.0
3392.96845702	7893	0.633905804306	0.0	483158	528.727346835	7.358
3393.50814279	8000	0.594220033873	0.0	493365	539.685770434	7.465
3394.04782856	8000	0.554534263439	0.0	493365	539.685770434	8.0
3394.58843031	8000	0.51393251794	0.0	493365	540.601745498	8.0
3395.06986966	6960	0.532493160698	0.0	432864	481.439357242	1.76
3395.56918796	7200	0.533174865756	0.0	449280	499.318294942	6.0
3396.07667245	7360	0.525690374733	0.0	456778	507.484491023	6.56
3396.52146399	6600	0.580898835432	0.0	402915	444.791539301	2.8
3396.92449467	6120	0.677868150156	0.0	371455	403.030685275	3.72
3397.31813486	6000	0.784227962604	0.0	362580	393.640187552	5.4
3397.71177505	6000	0.890587775052	0.0	362580	393.640187552	6.0
3398.10541524	6000	0.9969475875	0.0	362580	393.640187552	6.0
3398.60858107	7680	0.993781751104	0.0	467772	503.165836396	-0.72
3399.17422297	8666	0.928139858104	0.0	530195	565.641893	3.736
3399.7251322	8533	0.877230619778	0.0	515343	550.909238325	7.868
3400.30331055	9000	0.799052278111	0.0	539520	578.178341668	6.665
3400.88148889	9000	0.720873936443	0.0	539520	578.178341668	9.0
3401.45936983	9000	0.64299299362	0.0	539520	577.880942822	9.0
3402.03715115	9000	0.565211675319	0.0	539520	577.781318302	9.0
3402.61493247	9000	0.5	0.0125696429832	539520	577.781318302	8.37151785084
3403.19311604	9000	0.5	0.0781835678989	540862	578.183567899	5.09082160506
3403.76963418	9000	0.5	0.0765181443539	539793	576.518144354	5.1740927823
3404.28019797	7946	0.5	0.0105637882477	476950	510.563788248	2.14781058761
3404.76864235	7626	0.511555613529	0.0	456045	488.444386471	6.026
3405.2256508	7200	0.55454717213	0.0	427635	457.008441399	5.07
3405.71881316	7800	0.561384812172	0.0	462222	493.162359958	4.8
3406.20562425	7800	0.574573717406	0.0	456146	486.811094767	7.8
3406.68303042	7666	0.597167548377	0.0	447075	477.406169028	6.996
3407.1333207	7133	0.646877269222	0.0	421103	450.290279156	4.468
3407.6412864	8000	0.638911570088	0.0	476265	507.965699133	3.665
3408.12607176	7733	0.65412620447	0.0	454837	484.785365619	6.398
3408.61578703	8000	0.664410934314	0.0	462300	489.715270155	6.665
3409.10708928	8000	0.673108688405	0.0	462300	491.302245909	8.0
3409.61314077	8000	0.667057195564	0.0	468906	506.051492842	8.0
3410.11763928	8000	0.662558686884	0.0	467438	504.49850868	8.0
3410.61969829	7933	0.660499675124	0.0	465132	502.05901176	7.598
3411.11134254	7533	0.668855423589	0.0	455338	491.644251535	5.533
3411.57502748	7093	0.70517048524	0.0	432025	463.684938349	4.893
3412.04528417	7200	0.734913796775	0.0	438283	470.256688466	6.665
3412.56675283	8000	0.713445133566	0.0	487050	521.468663209	4.0
3413.08752566	8000	0.692672307355	0.0	487050	520.772826211	8.0
3413.60521463	8000	0.674983342997	0.0	487050	517.688964358	8.0
3414.07571734	7253	0.704480630643	0.0	441782	470.502712354	3.518
3414.54649209	7200	0.733705878517	0.0	438855	470.774752125	6.935
3415.0359404	7200	0.744257570635	0.0	438855	489.448307883	7.2
3415.52538871	7200	0.754809262752	0.0	438855	489.448307883	7.2
3416.01483701	7200	0.76536095487	0.0	438855	489.448307883	7.2
3416.47816915	6826	0.80202881702	0.0	414950	463.332137849	4.956
3417.03073222	8000	0.749465752039	0.0	487275	552.563064981	2.13
3417.5897384	8000	0.690459568824	0.0	487275	559.006183215	8.0
3418.14874458	8000	0.631453385609	0.0	487275	559.006183215	8.0
3418.6461458	7133	0.634052168964	0.0	432597	497.401216644	2.798
3419.08974548	6346	0.690452487923	0.0	384845	443.599681041	2.411
3419.537666	6400	0.742531964005	0.0	388680	447.920523918	6.13
3419.98558653	6400	0.794611440087	0.0	388680	447.920523918	6.4
3420.43350705	6400	0.846690916169	0.0	388680	447.920523918	6.4
3420.91565519	6933	0.864542781888	0.0	419059	482.148134281	4.268
3421.36432832	6866	0.915869650205	0.0	410775	448.673131683	6.531
3421.80963204	6866	0.970565930521	0.0	413769	445.303719684	6.866

