2501.03475489	3066	0.5	0.198898029025	181435	198.898029025	-6.87890145125
2501.23677008	3120	0.797984817731	0.0	184429	202.015182269	2.85
2501.44315385	3146	1.09160103993	0.0	188625	206.383777798	3.016
2501.65350435	3200	1.38125054408	0.0	192435	210.350495855	2.93
2501.96678649	4800	1.56796839976	0.0	291300	313.282144322	-3.2
2502.38466234	6400	1.65009255716	0.0	389889	417.875842591	-1.6
2502.82753977	6666	1.7072151273	0.0	408326	442.877429864	5.336
2503.25620102	6453	1.778553872	0.0	395340	428.661255301	5.388
2503.70162954	6773	1.83312535272	0.0	413791	445.428519276	5.173
2504.17324327	7200	1.86151162576	0.0	438675	471.613726962	5.065
2504.65421645	7413	1.88053844126	0.0	444483	480.973184506	6.348
2505.24855967	9000	1.78619522337	0.0	536970	594.343217885	1.065
2505.84290289	9000	1.69185200549	0.0	536970	594.343217885	9.0
2506.43669848	9000	1.59805641504	0.0	536970	593.79559045	9.0
2507.03022409	9000	1.50453080398	0.0	536970	593.525611053	9.0
2507.6237497	9000	1.41100519293	0.0	536970	593.525611053	9.0
2508.20605323	9400	1.32870165997	0.0	553424	582.303532963	7.4
2508.73472786	9000	1.30002703016	0.0	522960	528.674629809	7.0
2509.23143658	9000	1.30331831809	0.0	522960	496.708712066	9.0
2509.64949115	9000	1.3852637436	0.0	532300	418.054574496	9.0
2510.04534481	8400	1.48941008507	0.0	503004	395.853658522	5.4
2510.58606202	8000	1.44869287723	0.0	481782	540.717207843	6.0
2511.15229039	8000	1.38246449897	0.0	481782	566.228378266	8.0
2511.7517344	8533	1.28302049529	0.0	510552	599.444003679	5.868
2512.38167859	9000	1.15307630418	0.0	536970	629.944191102	6.665
2513.00679531	9000	1.02795958773	0.0	536970	625.116716452	9.0
2513.50612534	7200	1.02862955124	0.0	427485	499.330036495	-1.8
2514.00545538	7200	1.02929951474	0.0	427485	499.330036495	7.2
2514.51350005	7200	1.0212548473	0.0	427485	508.044667444	7.2
2515.06238496	7626	0.972369930376	0.0	456993	548.884916921	5.496
2515.62312317	7733	0.911631722081	0.0	467045	560.738208295	7.198
2516.15040755	7200	0.88434734151	0.0	438675	527.284380571	4.535
2516.67769193	7200	0.857062960939	0.0	438675	527.284380571	7.2
2517.20497631	7200	0.829778580368	0.0	438675	527.284380571	7.2
2517.69396733	7200	0.840787567614	0.0	438675	488.991012754	7.2
2518.17479676	7200	0.859958132928	0.0	438675	480.829434687	7.2
2518.66627783	7200	0.868477061915	0.0	438675	491.481071012	7.2
2519.17538891	6773	0.859365985188	0.0	420167	509.111076728	4.638
2519.65661552	6400	0.878139376815	0.0	396693	481.226608373	4.535
2520.18286543	7066	0.851889460971	0.0	434595	526.249915844	3.736
2520.7190936	7200	0.815661291136	0.0	442995	536.228169835	6.53
2521.28691245	7600	0.747842444322	0.0	469589	567.818846814	5.6
2521.76598898	6400	0.768765912106	0.0	394883	479.076532216	0.4
2522.24404561	6506	0.790709279453	0.0	404859	478.056632653	5.976
2522.74352629	6986	0.791228603292	0.0	427291	499.480676161	4.586
2523.23245651	6986	0.802298388122	0.0	418081	488.93021517	6.986
2523.73070948	7200	0.804045414569	0.0	427485	498.252973554	6.13
2524.20261158	7200	0.832143315106	0.0	419991	471.902099462	7.2
2524.66684594	7146	0.867908954804	0.0	413019	464.234360302	6.876
2525.14170427	7146	0.893050618557	0.0	422679	474.858336247	7.146
2525.60596373	7200	0.928791159814	0.0	427485	464.259458743	6.93
2526.04536986	6880	0.989385029182	0.0	408679	439.406130632	5.28
2526.49860614	7000	1.03614875568	0.0	418197	453.2362735	6.4
2526.95767303	6880	1.07708186353	0.0	418435	459.066892154	6.28
2527.43865479	7200	1.0961001078	0.0	438855	480.981755724	5.6
2527.96041123	7626	1.07434366265	0.0	464559	521.756445155	5.496
2528.51273663	8000	1.02201826447	0.0	487050	552.325398178	6.13
2529.07500801	8000	0.959746884749	0.0	487050	562.271379721	8.0
2529.64897806	8000	0.885776828787	0.0	487050	573.970055962	8.0
2530.22294812	8000	0.811806772826	0.0	487050	573.970055962	8.0
2530.79691818	8000	0.737836716864	0.0	487050	573.970055962	8.0
2531.36665471	7893	0.668100186862	0.0	483158	569.736530001	7.358
2531.95553967	8000	0.579215222493	0.0	493365	588.884964369	7.465
2532.54442464	8000	0.5	0.00966974187672	493365	588.884964369	7.51651290616
2533.1321164	8000	0.5	0.0876917601063	493365	587.691760106	3.61541199468
2533.633832	6960	0.5	0.00171560573161	432864	501.715605732	1.67421971342
2534.1541955	7200	0.5	0.020363502955	449280	520.363502955	4.98182485225
2534.68307642	7360	0.5	0.0288809209241	456778	528.880920924	5.1159539538
2535.16999487	6600	0.51308155753	0.0	402915	486.91844247	2.8
2535.62060335	6120	0.562473076581	0.0	371455	450.608480949	3.72
2536.06068458	6000	0.622391847301	0.0	362580	440.08122928	5.4
2536.50076581	6000	0.68231061802	0.0	362580	440.08122928	6.0
2536.94084704	6000	0.74222938874	0.0	362580	440.08122928	6.0
2537.36398265	5760	0.81909377268	0.0	348294	423.13561606	4.56
2537.87394227	6933	0.8091341509	0.0	421780	509.95962178	1.068
2538.36398265	6826	0.819093777162	0.0	409638	490.040373738	6.291
2538.87639627	7200	0.806680159693	0.0	428730	512.413617469	5.33
2539.38880988	7200	0.794266542224	0.0	428730	512.413617469	7.2
2539.9012235	7200	0.781852924755	0.0	428730	512.413617469	7.2
2540.41363712	7200	0.769439307287	0.0	428730	512.413617469	7.2
2540.91108555	7200	0.771990874241	0.0	428730	497.448433046	7.2
2541.37459336	7200	0.808483062608	0.0	429824	463.507811633	7.2
2541.8373204	7200	0.845756025852	0.0	429084	462.727036756	7.2
2542.28615687	7946	0.896919554916	0.0	476950	448.836470936	4.216
2542.7073876	7626	0.975688821993	0.0	456045	421.230732923	6.026
2543.11273087	7200	1.07034555239	0.0	427635	405.343269607	5.07
2543.55611971	7800	1.12695671792	0.0	462222	443.388834469	4.8
2544.01480373	7800	1.16827269691	0.0	456146	458.684021012	7.8
2544.48436416	7666	1.19871226491	0.0	447075	469.560431993	6.996
2544.92354723	7133	1.25952919112	0.0	421103	439.183073797	4.468
2545.37956421	8000	1.30351221539	0.0	476265	456.01697573	3.665
2545.82747287	7733	1.35560355026	0.0	454837	447.908665128	6.398
2546.29372405	8000	1.38935237268	0.0	462300	466.251177581	6.665
2546.79600001	8000	1.38707641881	0.0	462300	502.275953865	8.0
2547.3053103	8000	1.37776612588	0.0	468906	509.310292933	8.0
2547.83767596	8000	1.34540046389	0.0	467438	532.365661986	8.0
2548.38023327	7933	1.30284315531	0.0	465132	542.557308579	7.598
2548.91157684	7533	1.27149958021	0.0	455338	531.343575101	5.533
2549.41622798	7093	1.26684844626	0.0	432025	504.651133955	4.893
2549.92123057	7200	1.26184584983	0.0	438283	505.002596431	6.665
2550.48048023	8000	1.20259619459	0.0	487050	559.249655236	4.0
2551.03972989	8000	1.14334653935	0.0	487050	559.249655236	8.0
2551.5991336	8000	1.08394282057	0.0	487050	559.403718789	8.0
2552.23963291	9066	0.943443511604	0.0	555398	640.499308962	3.736
2552.87588309	9000	0.80719333374	0.0	551655	636.250177864	8.67
2553.49621197	9000	0.686864458441	0.0	551655	620.328875299	9.0
2554.046712	9000	0.636364425544	0.0	551655	550.500032897	9.0
2554.48019462	7200	0.702881800143	0.0	438855	433.482625401	-1.8
2554.88766996	6826	0.795406467327	0.0	414950	407.475332815	4.956
2555.44250786	8000	0.74056856427	0.0	487275	554.837903057	2.13
2556.01070425	8000	0.672372172878	0.0	487275	568.196391392	8.0
2556.57890064	8000	0.604175781487	0.0	487275	568.196391392	8.0
2557.08248089	7133	0.600595534469	0.0	432597	503.580247018	2.798
2557.52530175	6346	0.657774675046	0.0	384845	442.820859423	2.411
2557.97243569	6400	0.710640733743	0.0	388680	447.133941303	6.13
2558.41956963	6400	0.763506792441	0.0	388680	447.133941303	6.4
2558.86008078	6400	0.822995641059	0.0	388680	440.511151382	6.4
2559.30277297	6933	0.880303450824	0.0	419059	442.692190235	4.268
2559.73811706	6866	0.944959367975	0.0	410775	435.344082848	6.531
2560.19193016	6866	0.99114626506	0.0	413769	453.813102916	6.866

