5225.09431848	3066	0.5	0.195903621472	181435	195.903621472	-6.72918107359
5225.29328984	3120	0.801028638331	0.0	184429	198.971361669	2.85
5225.49656055	3146	1.09775793202	0.0	188625	203.270706314	3.016
5225.70373509	3200	1.39058338798	0.0	192435	207.17454404	2.93
5226.01220961	4800	1.58210886578	0.0	291300	308.474522197	-3.2
5226.42274645	6400	1.67157203238	0.0	389889	410.536833404	-1.6
5226.85317937	6666	1.74113911002	0.0	408326	430.432922358	5.336
5227.27024125	6453	1.82407722436	0.0	395340	417.061885663	5.388
5227.70630121	6773	1.88801726399	0.0	413791	436.059960364	5.173
5228.17099928	7200	1.92331919428	0.0	438675	464.698069716	5.065
5228.64731239	7413	1.94700608841	0.0	444483	476.313105868	6.348
5229.22065485	9000	1.87366362434	0.0	536970	573.342464071	1.065
5229.79773444	9000	1.79658403695	0.0	536970	577.07958739	9.0
5230.37524097	9000	1.71907750394	0.0	536970	577.506533003	9.0
5230.95878796	9000	1.63553052117	0.0	536970	583.546982779	9.0
5231.55393432	9000	1.54038415577	0.0	536970	595.146365392	9.0
5232.16701092	9400	1.42730755537	0.0	553424	613.076600407	7.4
5232.74689033	9000	1.34742815196	0.0	522960	579.879403403	7.0
5233.32448679	9000	1.26983169305	0.0	522960	577.596458916	9.0
5233.89185128	9000	1.20246719806	0.0	532300	567.364494985	9.0
5234.42854031	8400	1.1657781685	0.0	503004	536.689029561	5.4
5234.94300806	8000	1.15131042264	0.0	481782	514.467745863	6.0
5235.45885435	8000	1.13546412986	0.0	481782	515.846292776	8.0
5236.00508791	8533	1.08923057076	0.0	510552	546.233559105	5.868
5236.57906833	9000	1.0152501452	0.0	536970	573.980425564	6.665
5237.15307076	9000	0.941247715739	0.0	536970	574.002429457	9.0
5237.72708112	9000	0.867237360729	0.0	536970	574.01035501	9.0
5238.29577989	9000	0.798538589693	0.0	536970	568.698771035	9.0
5238.84879319	9000	0.745525289796	0.0	536970	553.013299898	9.0
5239.32092939	7626	0.77338908673	0.0	456993	472.136203065	0.756
5239.81805213	7733	0.776266348136	0.0	467045	497.122738595	7.198
5240.29649257	7200	0.797825911712	0.0	438675	478.440436424	4.535
5240.774933	7200	0.819385475288	0.0	438675	478.440436424	7.2
5241.25337344	7200	0.840945038864	0.0	438675	478.440436424	7.2
5241.74186846	7200	0.852450016916	0.0	438675	488.495021947	7.2
5242.23533758	7200	0.858980894085	0.0	438675	493.469122831	7.2
5242.72880671	7200	0.865511771254	0.0	438675	493.469122831	7.2
5243.20187794	6773	0.892440543277	0.0	420167	473.071227977	4.638
5243.64907818	6400	0.945240299946	0.0	396693	447.200243331	4.535
5244.13805068	7066	0.956267795388	0.0	434595	488.972504558	3.736
5244.64110542	7200	0.95321305615	0.0	442995	503.054739238	6.53
5245.17562234	7600	0.918696135447	0.0	469589	534.516920703	5.6
5245.73992886	8000	0.854389619428	0.0	496259	564.30651602	6.0
5246.31797858	8133	0.776339902029	0.0	508563	578.049717399	7.468
5246.92772567	8733	0.666592804207	0.0	536941	609.747097822	5.733
5247.51519649	8733	0.579121987891	0.0	525223	587.470816317	8.733
5247.99213809	7200	0.602180386408	0.0	427485	476.941601483	-0.465
5248.460894	7200	0.633424476497	0.0	419991	468.755909911	7.2
5248.9220344	7146	0.672284077879	0.0	413019	461.140398617	6.876
5249.39372641	7146	0.700592067228	0.0	422679	471.692010651	7.146
5249.85965315	7200	0.734665326793	0.0	427485	465.926740435	6.93
5250.29730379	6880	0.797014692275	0.0	408679	437.650634518	5.28
5250.74491426	7000	0.849404214605	0.0	418197	447.61047767	6.4
5251.19246872	6880	0.901849759173	0.0	418435	447.554455432	6.28
5251.66035373	7200	0.933964751768	0.0	438855	467.885007406	5.6
5252.15505733	7626	0.939261145439	0.0	464559	494.703606329	5.496
5252.67312427	8000	0.921194210812	0.0	487050	518.066934626	6.13
5253.18776236	8000	0.906556120708	0.0	487050	514.638090104	8.0
5253.70240045	8000	0.891918030605	0.0	487050	514.638090104	8.0
5254.23394097	8000	0.860377510117	0.0	487050	531.540520487	8.0
5254.76802536	8000	0.826293115583	0.0	487050	534.084394534	8.0
5255.29792182	7893	0.796396661637	0.0	483158	529.896453946	7.358
5255.83880139	8000	0.755517086009	0.0	493365	540.879575628	7.465
5256.38177595	8000	0.712542525513	0.0	493365	542.974560496	8.0
5256.92582175	8000	0.668496732955	0.0	493365	544.045792558	8.0
5257.40437788	6960	0.689940597132	0.0	432864	478.556135822	1.76
5257.90888976	7200	0.68542871424	0.0	449280	504.511882893	6.0
5258.42269488	7360	0.671623594434	0.0	456778	513.805119806	6.56
5258.87709159	6600	0.717226885647	0.0	402915	454.396708787	2.8
5259.4375627	8160	0.656755782324	0.0	499088	560.471103323	0.36
5259.99178524	8000	0.602533237362	0.0	487050	554.222544962	7.2
5260.55370865	8000	0.540609825149	0.0	487050	561.923412214	8.0
5261.11563207	8000	0.5	0.0213135870652	487050	561.923412214	6.93432064674
5261.65570971	7680	0.5	0.040077647835	467772	540.077647835	4.07611760825
5262.14366938	6933	0.512040330965	0.0	421780	487.959669035	3.198
5262.61786978	6826	0.537839935251	0.0	409638	474.200395714	6.291
5263.11370516	7200	0.542004549729	0.0	428730	495.835385522	5.33
5263.60954055	7200	0.546169164207	0.0	428730	495.835385522	7.2
5264.10097258	7200	0.554737133943	0.0	428730	491.432030264	7.2
5264.57851722	7200	0.577192490685	0.0	428730	477.544643258	7.2
5265.05606187	7200	0.599647847427	0.0	428730	477.544643258	7.2
5265.53479955	7200	0.620910159969	0.0	429824	478.737687458	7.2
5266.01273025	7200	0.642979467674	0.0	429084	477.930692295	7.2
5266.54286044	7946	0.612849274774	0.0	476950	530.1301929	4.216
5267.03038192	7626	0.625327790203	0.0	456045	487.52148457	6.026
5267.4842958	7200	0.671413917343	0.0	427635	453.91387286	5.07
5267.9741133	7800	0.681596413768	0.0	462222	489.817503575	4.8
5268.46938647	7800	0.686323246818	0.0	456146	495.27316695	7.8
5268.96006291	7666	0.695646805257	0.0	447075	490.676441561	6.996
5269.42281534	7133	0.732894377654	0.0	421103	462.752427603	4.468
5269.94487565	8000	0.710834062405	0.0	476265	522.060315249	3.665
5270.43622439	7733	0.719485322015	0.0	454837	491.348740391	6.398
5270.93118111	8000	0.72452859998	0.0	462300	494.956722035	6.665
5271.42020962	8000	0.735500096886	0.0	462300	489.028503093	8.0
5271.91032484	8000	0.745384875758	0.0	468906	490.115221128	8.0
5272.39893697	8000	0.756772747243	0.0	467438	488.612128515	8.0
5272.88644191	7933	0.769267803554	0.0	465132	487.504943689	7.598
5273.36617024	7533	0.789539473291	0.0	455338	479.728330263	5.533
5273.8218488	7093	0.833860918279	0.0	432025	455.678555012	4.893
5274.28398313	7200	0.871726587797	0.0	438283	462.134330482	6.665
5274.79038937	8000	0.865320344276	0.0	487050	506.406243521	4.0
5275.2967419	8000	0.85896781827	0.0	487050	506.352526007	8.0
5275.80905535	8000	0.846654364724	0.0	487050	512.313453546	8.0
5276.39651076	9066	0.759198957733	0.0	555398	587.455406991	3.736
5276.98043186	9000	0.675277856458	0.0	551655	583.921101275	8.67
5277.56518961	9000	0.590520107197	0.0	551655	584.757749261	9.0
5278.14994736	9000	0.505762357936	0.0	551655	584.757749261	9.0
5278.73029476	9000	0.5	0.0745850459008	551655	580.347403836	5.27074770496
5279.27682886	8533	0.5	0.0465340969721	521611	546.534096972	3.87129515139
5279.78856928	8000	0.5	0.011740423415	487275	511.740423415	4.74797882925
5280.30642074	8000	0.5	0.0178514572689	487275	517.851457269	7.10742713656
5280.82427219	8000	0.5	0.0178514572689	487275	517.851457269	7.10742713656
5281.28513673	7133	0.539135463834	0.0	432597	460.864536166	2.798
5281.80052272	7933	0.523749471813	0.0	483757	515.385992021	3.933
5282.3224872	8000	0.501784993933	0.0	488565	521.96447788	7.665
5282.84445168	8000	0.5	0.0201794839464	488565	521.96447788	6.99102580268
5283.3608368	8000	0.5	0.0163851244595	488565	516.38512446	7.18074377702
5283.79967203	6933	0.561164769616	0.0	419059	438.835230384	1.598
5284.23003001	6866	0.630806796726	0.0	410775	430.35797289	6.531
5284.66384377	6866	0.696993035293	0.0	413769	433.813761432	6.866

