6269.12831581	3066	0.5	0.205369251816	181435	205.369251816	-7.20246259082
6269.336909	3120	0.791406808261	0.0	184429	208.593191739	2.85
6269.55002045	3146	1.07829536271	0.0	188625	213.111445553	3.016
6269.7672345	3200	1.36108130824	0.0	192435	217.214054473	2.93
6270.09090641	4800	1.53740939789	0.0	291300	323.671910349	-3.2
6270.52073898	6400	1.60757682853	0.0	389889	429.832569358	-1.6
6270.97042452	6666	1.65789129312	0.0	408326	449.68553541	5.336
6271.40667463	6453	1.72164117712	0.0	395340	436.250115996	5.388
6271.86289907	6773	1.76541673575	0.0	413791	456.224441369	5.173
6272.34595795	7200	1.78235785623	0.0	438675	483.058879525	5.065
6272.83528007	7413	1.79303573861	0.0	444483	489.322117622	6.348
6273.42433843	9000	1.70397737754	0.0	536970	589.058361061	1.065
6274.01339679	9000	1.61491901648	0.0	536970	589.058361061	9.0
6274.58166794	9000	1.5466478732	0.0	536970	568.27114328	9.0
6275.14133251	9000	1.48698329953	0.0	536970	559.664573675	9.0
6275.70122896	9000	1.42708684668	0.0	536970	559.896452844	9.0
6276.28241954	9400	1.34589627168	0.0	553424	581.190575002	7.4
6276.83216813	9000	1.29614768271	0.0	522960	549.748588972	7.0
6277.38191672	9000	1.24639909374	0.0	522960	549.748588972	9.0
6277.94602383	9000	1.18229198478	0.0	532300	564.10710896	9.0
6278.51101195	8400	1.11730386219	0.0	503004	564.988122585	5.4
6279.05258483	8000	1.07573097674	0.0	481782	541.572885455	6.0
6279.59415772	8000	1.03415809128	0.0	481782	541.572885455	8.0
6280.16747391	8533	0.960841903018	0.0	510552	573.316188265	5.868
6280.76993833	9000	0.858377484873	0.0	536970	602.464418145	6.665
6281.36448328	9000	0.763832531622	0.0	536970	594.544953251	9.0
6281.95458263	9000	0.673733178635	0.0	536970	590.099352987	9.0
6282.54468198	9000	0.583633825648	0.0	536970	590.099352987	9.0
6283.13478134	9000	0.5	0.00646552733985	536970	590.099352987	8.67672363301
6283.63019266	7626	0.504588681742	0.0	456993	495.411318258	0.756
6284.12772069	7733	0.507060645136	0.0	467045	497.528036606	7.198
6284.59563452	7200	0.539146822147	0.0	438675	467.913822989	4.535
6285.06354834	7200	0.571232999158	0.0	438675	467.913822989	7.2
6285.53159977	7200	0.603181568321	0.0	438675	468.051430836	7.2
6286.00031614	7200	0.634465196809	0.0	438675	468.716371513	7.2
6286.46903251	7200	0.665748825296	0.0	438675	468.716371513	7.2
6286.93774888	7200	0.697032453784	0.0	438675	468.716371513	7.2
6287.3871117	6773	0.747669641521	0.0	420167	449.362812263	4.638
6287.8201009	6400	0.814680441701	0.0	396693	432.98919982	4.535
6288.2994682	7066	0.835313138297	0.0	434595	479.367303404	3.736
6288.78790759	7200	0.846873743985	0.0	442995	488.439394312	6.53
6289.3050688	7600	0.829712541859	0.0	469589	517.161202126	5.6
6289.85103389	8000	0.783747451097	0.0	496259	545.965090762	6.0
6290.41028743	8133	0.724493907175	0.0	508563	559.253543922	7.468
6290.99241714	8733	0.642364194858	0.0	536941	582.129712317	5.733
6291.55980581	8733	0.574975523837	0.0	525223	567.388671021	8.733
6292.02347082	7200	0.611310516723	0.0	427485	463.665007114	-0.465
6292.47918288	7200	0.655598456644	0.0	419991	455.712060079	7.2
6292.9224181	7146	0.712363232489	0.0	413019	443.235224155	6.876
6293.37548827	7146	0.759293066516	0.0	422679	453.070165973	7.146
6293.83359629	7200	0.801185046243	0.0	427485	458.108020273	6.93
6294.27199106	6880	0.862790277731	0.0	408679	438.394768511	5.28
6294.72122787	7000	0.913553472073	0.0	418197	449.236805658	6.4
6295.17784963	6880	0.95693170474	0.0	418435	456.621767332	6.28
6295.65626694	7200	0.978514398103	0.0	438855	478.417306637	5.6
6296.16211973	7626	0.972661609474	0.0	464559	505.85278863	5.496
6296.69197856	8000	0.942802774101	0.0	487050	529.858835373	6.13
6297.21538125	8000	0.91940008638	0.0	487050	523.402687721	8.0
6297.72107518	8000	0.913706153064	0.0	487050	505.693933316	8.0
6298.22676912	8000	0.908012219748	0.0	487050	505.693933316	8.0
6298.73210036	8000	0.902680974959	0.0	487050	505.33124479	8.0
6299.2150924	7893	0.919688941438	0.0	483158	482.992033521	7.358
6299.70807667	8000	0.926704670003	0.0	493365	492.984271435	7.465
6300.19042368	8000	0.944357655791	0.0	493365	482.347014212	8.0
6300.67140736	8000	0.963373981906	0.0	493365	480.983673884	8.0
6301.25527883	9280	0.879502509505	0.0	581337	583.871472402	2.88
6301.86891754	9600	0.765863793239	0.0	603330	613.638716266	8.0
6302.4949731	9813	0.639808234921	0.0	613526	626.055558317	8.748
6303.0498129	8800	0.584968436667	0.0	541560	554.839798254	3.735
6303.56176732	8160	0.573014016031	0.0	499088	511.954420636	4.96
6304.06046958	8000	0.574311754892	0.0	487050	498.702261138	7.2
6304.55928926	8000	0.57549207296	0.0	487050	498.819681932	8.0
6305.06152824	8000	0.573253100852	0.0	487050	502.238972108	8.0
6305.54428382	7680	0.590497514237	0.0	467772	482.755586615	6.08
6305.98055742	6933	0.654223920857	0.0	421780	436.27359338	3.198
6306.40308854	6826	0.731692800051	0.0	409638	422.531120806	6.291
6306.84374795	7200	0.791033388077	0.0	428730	440.659411974	5.33
6307.30143095	7200	0.833350389175	0.0	428730	457.682998901	7.2
6307.78249232	7200	0.852289018945	0.0	428730	481.06137023	7.2
6308.26355369	7200	0.871227648715	0.0	428730	481.06137023	7.2
6308.74461506	7200	0.890166278485	0.0	428730	481.06137023	7.2
6309.22687845	7200	0.907902890343	0.0	429824	482.263388141	7.2
6309.70832877	7200	0.926452567334	0.0	429084	481.45032301	7.2
6310.24197445	7946	0.892806892088	0.0	476950	533.645675246	4.216
6310.74629107	7626	0.888490265786	0.0	456045	504.316626302	6.026
6311.21981351	7200	0.914967827236	0.0	427635	473.52243855	5.07
6311.73082551	7800	0.903955822626	0.0	462222	511.01200461	4.8
6312.23525162	7800	0.899529720331	0.0	456146	504.426102295	7.8
6312.72984547	7666	0.904935862918	0.0	447075	494.593857413	6.996
6313.19628774	7133	0.938493594533	0.0	421103	466.442268385	4.468
6313.71624167	8000	0.918539667729	0.0	476265	519.953926804	3.665
6314.21204208	7733	0.922739259953	0.0	454837	495.800407776	6.398
6314.71581354	8000	0.918967802234	0.0	462300	503.77145772	6.665
6315.21958499	8000	0.915196344514	0.0	462300	503.77145772	8.0
6315.73041216	8000	0.90436917784	0.0	468906	510.827166674	8.0
6316.2427949	8000	0.891986439806	0.0	467438	512.382738033	8.0
6316.75675113	7933	0.878030203549	0.0	465132	513.956236257	7.598
6317.26009587	7533	0.874685465486	0.0	455338	503.344738063	5.533
6317.73818169	7093	0.896599646904	0.0	432025	478.085818582	4.893
6318.22304786	7200	0.911733477526	0.0	438283	484.866169378	6.665
6318.76075158	8000	0.874029761443	0.0	487050	537.703716083	4.0
6319.30380413	8000	0.830977212091	0.0	487050	543.052549352	8.0
6319.85045402	8000	0.784327313068	0.0	487050	546.649899023	8.0
6320.34722595	7253	0.78755538885	0.0	441782	496.771924218	3.518
6320.84077279	7200	0.794008542662	0.0	438855	493.546846188	6.935
6321.33431964	7200	0.800461696474	0.0	438855	493.546846188	7.2
6321.82786649	7200	0.806914850286	0.0	438855	493.546846188	7.2
6322.32141333	7200	0.813368004098	0.0	438855	493.546846188	7.2
6322.9064209	8533	0.728360441663	0.0	521611	585.007562435	1.868
6323.4577996	8000	0.676981742179	0.0	487275	551.378699485	5.335
6324.00917829	8000	0.625603042694	0.0	487275	551.378699485	8.0
6324.56055699	8000	0.574224343209	0.0	487275	551.378699485	8.0
6325.05118662	7133	0.583594716692	0.0	432597	490.629626517	2.798
6325.48876219	6346	0.646019147244	0.0	384845	437.575569449	2.411
6325.93006669	6400	0.704714642779	0.0	388680	441.304504465	6.13
6326.37023449	6400	0.764546845476	0.0	388680	440.167797303	6.4
6326.81040229	6400	0.824379048173	0.0	388680	440.167797303	6.4
6327.28419175	6933	0.850589589055	0.0	419059	473.789459118	4.268
6327.74881297	6866	0.885968366103	0.0	410775	464.621222952	6.531
6328.21674777	6866	0.918033562866	0.0	413769	467.934803237	6.866

