5632.76273798	3066	0.5	0.204045568806	181435	204.045568806	-7.13627844031
5632.96998564	3120	0.792752334393	0.0	184429	207.247665607	2.85
5633.18172095	3146	1.08101702745	0.0	188625	211.735306948	3.016
5633.39753107	3200	1.36520690794	0.0	192435	215.81011951	2.93
5633.71907776	4800	1.54366021522	0.0	291300	321.546692718	-3.2
5634.03950789	4800	1.72323008531	0.0	290256	320.430129905	4.8
5634.37455066	5000	1.88818731393	0.0	303919	335.042771384	4.0
5634.80736862	6453	1.95536936165	0.0	395340	432.817952279	-0.812
5635.25992	6773	2.00281797982	0.0	413791	452.551381827	5.173
5635.67365146	6400	2.0890865123	0.0	383025	413.731467526	4.535
5636.08693605	6400	2.17580192385	0.0	383025	413.284588449	6.4
5636.50022064	6400	2.2625173354	0.0	383025	413.284588449	6.4
5636.91350523	6400	2.34923274695	0.0	383025	413.284588449	6.4
5637.32430795	6400	2.43843002544	0.0	383025	410.802721505	6.4
5637.73479749	6400	2.52794048272	0.0	383025	410.489542724	6.4
5638.14528704	6400	2.61745094	0.0	383025	410.489542724	6.4
5638.55577658	6400	2.70696139727	0.0	383025	410.489542724	6.4
5638.96626612	6400	2.79647185455	0.0	383025	410.489542724	6.4
5639.37573706	6400	2.88700091514	0.0	383025	409.470939411	6.4
5639.77550921	6400	2.98722876991	0.0	383025	399.772145223	6.4
5640.17528135	6400	3.08745662469	0.0	383025	399.772145223	6.4
5640.5750535	6400	3.18768447947	0.0	383025	399.772145223	6.4
5640.96738371	6400	3.29535426465	0.0	383025	392.330214818	6.4
5641.35944408	6400	3.40329389938	0.0	383025	392.060365271	6.4
5641.75150444	6400	3.51123353411	0.0	383025	392.060365271	6.4
5642.14384043	6400	3.61889755126	0.0	383025	392.335982843	6.4
5642.54013449	6400	3.72260348324	0.0	383025	396.294068025	6.4
5642.93642856	6400	3.82630941521	0.0	383025	396.294068025	6.4
5643.337253	6400	3.92548497468	0.0	383025	400.824440534	6.4
5643.7421245	6400	4.02061347255	0.0	383025	404.871502127	6.4
5644.14699601	6400	4.11574197043	0.0	383025	404.871502127	6.4
5644.55264437	6400	4.21009360864	0.0	383025	405.648361787	6.4
5644.95951854	6400	4.30321943309	0.0	383025	406.874175547	6.4
5645.36639272	6400	4.39634525754	0.0	383025	406.874175547	6.4
5645.77326689	6400	4.489471082	0.0	383025	406.874175547	6.4
5646.17718505	6400	4.58555292884	0.0	383025	403.91815316	6.4
5646.57353267	6400	4.68920530361	0.0	383025	396.347625229	6.4
5646.9698803	6400	4.79285767838	0.0	383025	396.347625229	6.4
5647.36622792	6400	4.89651005315	0.0	383025	396.347625229	6.4
5647.76898466	6400	4.99375331241	0.0	383025	402.756740739	6.4
5648.17348064	6400	5.08925733598	0.0	383025	404.495976434	6.4
5648.57797662	6400	5.18476135954	0.0	383025	404.495976434	6.4
5648.98247259	6400	5.28026538311	0.0	383025	404.495976434	6.4
5649.38352337	6400	5.37921460733	0.0	383025	401.050775776	6.4
5649.78432886	6400	5.4784091161	0.0	383025	400.805491231	6.4
5650.18513435	6400	5.57760362487	0.0	383025	400.805491231	6.4
5650.58634655	6400	5.67639143038	0.0	383025	401.212194487	6.4
5650.98759694	6400	5.77514103215	0.0	383025	401.250398238	6.4
5651.38884734	6400	5.87389063391	0.0	383025	401.250398238	6.4
5651.79004404	6400	5.97269393331	0.0	383025	401.196700603	6.4
5652.19088574	6400	6.0718522329	0.0	383025	400.841700404	6.4
5652.59172744	6400	6.1710105325	0.0	383025	400.841700404	6.4
5652.99256914	6400	6.27016883209	0.0	383025	400.841700404	6.4
5653.39902717	6400	6.36371080397	0.0	383025	406.45802812	6.4
5653.80785922	6400	6.45487875918	0.0	383025	408.832044791	6.4
5654.21669126	6400	6.54604671439	0.0	383025	408.832044791	6.4
5654.62552331	6400	6.6372146696	0.0	383025	408.832044791	6.4
5655.03087806	6400	6.73185991319	0.0	383025	405.35475641	6.4
5655.43296677	6400	6.82977120482	0.0	383025	402.088708369	6.4
5655.83505548	6400	6.92768249645	0.0	383025	402.088708369	6.4
5656.24271982	6400	7.02001816139	0.0	383025	407.66433506	6.4
5656.65778637	6400	7.10495160562	0.0	383025	415.066555776	6.4
5657.07285293	6400	7.18988504984	0.0	383025	415.066555776	6.4
5657.48791948	6400	7.27481849407	0.0	383025	415.066555776	6.4
5657.90298604	6400	7.35975193829	0.0	383025	415.066555776	6.4
5658.3202595	6400	7.44247847795	0.0	383025	417.273460343	6.4
5658.73788486	6400	7.52485312106	0.0	383025	417.625356885	6.4
5659.15551021	6400	7.60722776418	0.0	383025	417.625356885	6.4
5659.57313557	6400	7.68960240729	0.0	383025	417.625356885	6.4
5659.99420793	6400	7.76853004256	0.0	383025	421.072364729	6.4
5660.41788792	6400	7.8448500609	0.0	383025	423.679981667	6.4
5660.8415679	6400	7.92117007923	0.0	383025	423.679981667	6.4
5661.26524788	6400	7.99749009756	0.0	383025	423.679981667	6.4
5661.68892786	6400	8.0738101159	0.0	383025	423.679981667	6.4
5662.11056372	6400	8.15217425738	0.0	383025	421.63585852	6.4
5662.52523972	6400	8.23749826076	0.0	383025	414.675996615	6.4
5662.93991571	6400	8.32282226415	0.0	383025	414.675996615	6.4
5663.35459171	6400	8.40814626753	0.0	383025	414.675996615	6.4
5663.77230564	6400	8.49043233521	0.0	383025	417.713932323	6.4
5664.19021196	6400	8.5725260198	0.0	383025	417.906315408	6.4
5664.60811827	6400	8.65461970439	0.0	383025	417.906315408	6.4
5665.02602459	6400	8.73671338898	0.0	383025	417.906315408	6.4
5665.4439309	6400	8.81880707358	0.0	383025	417.906315408	6.4
5665.85984027	6400	8.90289770328	0.0	383025	415.909370299	6.4
5666.27522584	6400	8.98751213633	0.0	383025	415.385566942	6.4
5666.69061141	6400	9.07212656939	0.0	383025	415.385566942	6.4
5667.11644007	6400	9.14629790247	0.0	383025	425.828666927	6.4
5667.54401518	6400	9.21872280078	0.0	383025	427.575101685	6.4
5667.97159028	6400	9.29114769909	0.0	383025	427.575101685	6.4
5668.39916538	6400	9.36357259741	0.0	383025	427.575101685	6.4
5668.82674048	6400	9.43599749572	0.0	383025	427.575101685	6.4
5669.26005162	6400	9.50268635732	0.0	383025	433.311138404	6.4
5669.69383804	6400	9.56889994126	0.0	383025	433.786416057	6.4
5670.12762445	6400	9.63511352521	0.0	383025	433.786416057	6.4
5670.56141087	6400	9.70132710915	0.0	383025	433.786416057	6.4
5670.99519728	6400	9.76754069309	0.0	383025	433.786416057	6.4
5671.4289837	6400	9.83375427703	0.0	383025	433.786416057	6.4
5671.86277012	6400	9.89996786098	0.0	383025	433.786416057	6.4
5672.29763351	6400	9.96510446881	0.0	383025	434.863392163	6.4
5673.23277079	6400	9.5299671903	0.0	383025	435.137278512	6.4
5673.66790807	6400	9.59482991179	0.0	383025	435.137278512	6.4
5674.10304534	6400	9.65969263328	0.0	383025	435.137278512	6.4
5674.53818262	6400	9.72455535476	0.0	383025	435.137278512	6.4
5674.9733199	6400	9.78941807625	0.0	383025	435.137278512	6.4
5675.40845718	6400	9.85428079774	0.0	383025	435.137278512	6.4
5675.84179045	6400	9.92094752516	0.0	383025	433.333272578	6.4
5676.27432704	6400	9.98841094186	0.0	383025	432.536583305	6.4
5677.20686362	6400	9.55587435855	0.0	383025	432.536583305	6.4
5677.6394002	6400	9.62333777525	0.0	383025	432.536583305	6.4
5678.07193678	6400	9.69080119194	0.0	383025	432.536583305	6.4
5678.50484226	6400	9.75789571859	0.0	383025	432.905473355	6.4
5678.94017315	6400	9.82256482229	0.0	383025	435.330896296	6.4
5679.37550405	6400	9.887233926	0.0	383025	435.330896296	6.4
5679.81083495	6400	9.9519030297	0.0	383025	435.330896296	6.4
5680.74616584	6400	9.51657213341	0.0	383025	435.330896296	6.4
5681.18149674	6400	9.58124123711	0.0	383025	435.330896296	6.4
5681.61682764	6400	9.64591034081	0.0	383025	435.330896296	6.4
5682.04630138	6400	9.71643660032	0.0	383025	429.473740494	6.4
5682.47574932	6400	9.78698865381	0.0	383025	429.447946512	6.4
5682.90519727	6400	9.8575407073	0.0	383025	429.447946512	6.4

