6985.04148922	3066	0.5	0.20746611073	181435	207.46611073	-7.30730553649
6985.25221387	3120	0.789275347448	0.0	184429	210.724652552	2.85
6985.46750527	3146	1.07398394757	0.0	188625	215.291399876	3.016
6985.68694332	3200	1.3545459063	0.0	192435	219.438041273	2.93
6986.0139818	4800	1.52750741838	0.0	291300	327.038487919	-3.2
6986.33988405	4800	1.70160517551	0.0	290256	325.902242875	4.8
6986.68065652	5000	1.86083270654	0.0	303919	340.772468966	4.0
6987.1209277	6453	1.92056152283	0.0	395340	440.271183707	-0.812
6987.58128016	6773	1.96020905818	0.0	413791	460.352464657	5.173
6988.06871531	7200	1.97277390992	0.0	438675	487.435148259	5.065
6988.56247164	7413	1.97901758233	0.0	444483	493.756327586	6.348
6989.15688687	9000	1.8846023511	0.0	536970	594.415231232	1.065
6989.7513021	9000	1.79018711987	0.0	536970	594.415231232	9.0
6990.35287229	9000	1.68861693326	0.0	536970	601.570186611	9.0
6990.95515194	9000	1.5863372831	0.0	536970	602.279650157	9.0
6991.55743159	9000	1.48405763294	0.0	536970	602.279650157	9.0
6992.17786005	9400	1.36362916746	0.0	553424	620.428465479	7.4
6992.76468663	9000	1.27680259271	0.0	522960	586.826574755	7.0
6993.3515132	9000	1.18997601795	0.0	522960	586.826574755	9.0
6993.94919124	9000	1.09229798475	0.0	532300	597.678033204	9.0
6994.5162706	8400	1.02521862264	0.0	503004	567.079362107	5.4
6995.05984649	8000	0.981642728148	0.0	481782	543.575894495	6.0
6995.60342239	8000	0.938066833653	0.0	481782	543.575894495	8.0
6996.1788612	8533	0.86262802505	0.0	510552	575.438808603	5.868
6996.78355807	9000	0.757931153712	0.0	536970	604.696871338	6.665
6997.38825494	9000	0.653234282374	0.0	536970	604.696871338	9.0
6997.99295181	9000	0.548537411035	0.0	536970	604.696871338	9.0
6998.47639352	7200	0.565095706575	0.0	427485	483.44170446	-1.8
6998.95983522	7200	0.581654002115	0.0	427485	483.44170446	7.2
6999.47595718	7626	0.565532044979	0.0	456993	516.121957136	5.496
7000.00321177	7733	0.53827744924	0.0	467045	527.254595739	7.198
7000.49904646	7200	0.542442765674	0.0	438675	495.834683566	4.535
7000.98849293	7200	0.552996291189	0.0	438675	489.446474485	7.2
7001.47522232	7200	0.566266904737	0.0	438675	486.729386453	7.2
7001.9619517	7200	0.579537518284	0.0	438675	486.729386453	7.2
7002.44868109	7200	0.592808131831	0.0	438675	486.729386453	7.2
7002.93541048	7200	0.606078745379	0.0	438675	486.729386453	7.2
7003.40202632	6773	0.639462899667	0.0	420167	466.615845712	4.638
7003.84313183	6400	0.698357387613	0.0	396693	441.105512053	4.535
7004.32540208	7066	0.716087146707	0.0	434595	482.270240906	3.736
7004.81576189	7200	0.725727330165	0.0	442995	490.359816542	6.53
7005.3349588	7600	0.706530418484	0.0	469589	519.196911681	5.6
7005.88307522	8000	0.658414001375	0.0	496259	548.116417109	6.0
7006.44453343	8133	0.596955792185	0.0	508563	561.45820919	7.468
7006.91786468	6986	0.623624543819	0.0	427291	473.331248366	1.251
7007.3812091	6986	0.660280121286	0.0	418081	463.344422532	6.986
7007.85475071	7200	0.686738509813	0.0	427485	473.541611473	6.13
7008.32016624	7200	0.721322986592	0.0	419991	465.415523221	7.2
7008.7780217	7146	0.763467523058	0.0	413019	457.855463534	6.876
7009.24599028	7146	0.795498942237	0.0	422679	467.968580821	7.146
7009.71877784	7200	0.822711378047	0.0	427485	472.78756419	6.93
7010.17120637	6880	0.870282850858	0.0	408679	452.428527189	5.28
7010.63393891	7000	0.90755030824	0.0	418197	462.732542619	6.4
7011.09692911	6880	0.944560111106	0.0	418435	462.990197134	6.28
7011.58202563	7200	0.959463589632	0.0	438855	485.096521474	5.6
7012.09058929	7626	0.950899928014	0.0	464559	508.563661618	5.496
7012.62069824	8000	0.920790978431	0.0	487050	530.108949583	6.13
7013.15080719	8000	0.890682028848	0.0	487050	530.108949583	8.0
7013.68091614	8000	0.860573079265	0.0	487050	530.108949583	8.0
7014.21093383	8000	0.830555388244	0.0	487050	530.01769102	8.0
7014.73426409	8000	0.807225129626	0.0	487050	523.330258619	8.0
7015.25349235	7893	0.78799687566	0.0	483158	519.228253965	7.358
7015.78347835	8000	0.758010872081	0.0	493365	529.98600358	7.465
7016.31346435	8000	0.728024868501	0.0	493365	529.98600358	8.0
7016.84280625	8000	0.698682972738	0.0	493365	529.341895763	8.0
7017.30308151	6960	0.738407712234	0.0	432864	460.275260504	1.76
7017.78043308	7200	0.761056144446	0.0	449280	477.351567788	6.0
7018.26558424	7360	0.775904981627	0.0	456778	485.151162819	6.56
7018.83892762	8800	0.702561598767	0.0	541560	573.34338286	1.6
7019.36864248	8160	0.672846737474	0.0	499088	529.714861294	4.96
7019.88612021	8000	0.655369011426	0.0	487050	517.477726048	7.2
7020.40359794	8000	0.637891285378	0.0	487050	517.477726048	8.0
7020.92107566	8000	0.620413559331	0.0	487050	517.477726048	8.0
7021.4155178	7680	0.625971422064	0.0	467772	494.442137266	6.08
7021.85710679	6933	0.684382433524	0.0	421780	441.58898854	3.198
7022.2862714	6826	0.755217821433	0.0	409638	429.164612091	6.291
7022.73497202	7200	0.806517202492	0.0	428730	448.700618941	5.33
7023.18459558	7200	0.856893639196	0.0	428730	449.623563296	7.2
7023.63433533	7200	0.907153890728	0.0	428730	449.739748469	7.2
7024.08407508	7200	0.957414142259	0.0	428730	449.739748469	7.2
7024.53381483	7200	1.00767439379	0.0	428730	449.739748469	7.2
7024.98613144	7200	1.05535777706	0.0	429824	452.316616734	7.2
7025.43913589	7200	1.1023533271	0.0	429084	453.004449953	7.2
7025.94155923	7946	1.09992999646	0.0	476950	502.423330642	4.216
7026.42239935	7626	1.11908987103	0.0	456045	480.840125427	6.026
7026.87286942	7200	1.16861979731	0.0	427635	450.470073727	5.07
7027.35760788	7800	1.18388134137	0.0	462222	484.738455942	4.8
7027.83610581	7800	1.20538341672	0.0	456146	478.497924642	7.8
7028.3052871	7666	1.23620212464	0.0	447075	469.181292085	6.996
7028.74672696	7133	1.29476225747	0.0	421103	441.439867166	4.468
7029.24167514	8000	1.29981408646	0.0	476265	494.948171012	3.665
7029.71480464	7733	1.32668458659	0.0	454837	473.129499876	6.398
7030.19788265	8000	1.34360657199	0.0	462300	483.078014591	6.665
7030.69069683	8000	1.35079239611	0.0	462300	492.81417588	8.0
7031.19041014	8000	1.35107908451	0.0	468906	499.713311606	8.0
7031.68859031	8000	1.35289891418	0.0	467438	498.180170333	8.0
7032.18436215	7933	1.35712707066	0.0	465132	495.771843512	7.598
7032.67077946	7533	1.37070976383	0.0	455338	486.417306834	5.533
7033.24956948	8866	1.29191974654	0.0	543071	578.790017288	2.201
7033.83668809	9000	1.20480113462	0.0	551023	587.118611924	8.33
7034.48778499	10000	1.05370423205	0.0	612540	651.096902565	5.0
7035.13542606	10000	0.906063158779	0.0	612540	647.641073274	10.0
7035.78306714	10000	0.758422085505	0.0	612540	647.641073274	10.0
7036.37122461	9066	0.670264615276	0.0	555398	588.157470229	4.396
7036.95425855	9000	0.587230671379	0.0	551655	583.033943897	8.67
7037.53695871	9000	0.504530512709	0.0	551655	582.70015867	9.0
7038.12167783	9000	0.5	0.0801886100593	551655	584.719122768	4.99056949703
7038.71437717	9000	0.5	0.0926993364635	551655	592.699336463	4.36503317683
7039.27534178	8533	0.5	0.0609646130136	521611	560.964613014	3.14976934932
7039.80003814	8000	0.5	0.0246963576424	487275	524.696357642	4.10018211788
7040.3247345	8000	0.5	0.0246963576424	487275	524.696357642	6.76518211788
7040.85140982	8000	0.5	0.0266753212858	487275	526.675321286	6.66623393571
7041.32618661	7133	0.525223204902	0.0	432597	474.776795098	2.798
7041.85592907	7933	0.5	0.00451925301122	483757	529.742457914	3.70703734944
7042.39083718	8000	0.5	0.0349081128553	488565	534.908112855	5.91959435723
7042.92133502	8000	0.5	0.0304978366952	488565	530.497836695	6.47510816524
7043.43866835	8000	0.5	0.0173333293195	488565	517.333329319	7.13333353403
7043.88382559	6933	0.554842758586	0.0	419059	445.157241414	1.598
7044.3203806	6866	0.61828774881	0.0	410775	436.555009776	6.531
7044.7599147	6866	0.678753654599	0.0	413769	439.534094211	6.866

