4894.85918775	3066	0.5	0.207923991043	181435	207.923991043	-7.33019955215
4895.07037784	3120	0.788809911296	0.0	184429	211.190088704	2.85
4895.28614526	3146	1.07304248599	0.0	188625	215.767425307	3.016
4895.50606895	3200	1.35311880414	0.0	192435	219.92368185	2.93
4895.83384258	4800	1.52534517396	0.0	291300	327.773630175	-3.2
4896.16047733	4800	1.69871042353	0.0	290256	326.63475043	4.8
4896.50201678	5000	1.85717096624	0.0	303919	341.539457292	4.0
4896.9454248	6453	1.91376295046	0.0	395340	443.408015781	-0.812
4897.42239011	6773	1.93679763551	0.0	413791	476.965314956	5.173
4897.92743715	7200	1.93175059597	0.0	438675	505.04703954	5.065
4898.43903855	7413	1.92014919795	0.0	444483	511.601398019	6.348
4899.05536888	9000	1.80381886857	0.0	536970	616.330329375	1.065
4899.67284672	9000	1.68634102965	0.0	536970	617.477838924	9.0
4900.29032456	9000	1.56886319072	0.0	536970	617.477838924	9.0
4900.9078024	9000	1.4513853518	0.0	536970	617.477838924	9.0
4901.52528024	9000	1.33390751288	0.0	536970	617.477838924	9.0
4902.17700976	9400	1.18217799481	0.0	553424	651.729518062	7.4
4902.79965865	9000	1.05952910083	0.0	522960	622.648893989	7.0
4903.42230754	9000	0.936880206837	0.0	522960	622.648893989	9.0
4904.05589827	9000	0.803289480452	0.0	532300	633.590726385	9.0
4904.65516866	8400	0.704019088314	0.0	503004	599.270392137	5.4
4905.22957743	8000	0.629610320065	0.0	481782	574.40876825	6.0
4905.81042871	8000	0.548759042531	0.0	481782	580.851277533	8.0
4906.30266301	6826	0.556524743019	0.0	406429	492.234299512	0.956
4906.81988058	7200	0.539307173586	0.0	427485	517.217569433	5.33
4907.33709815	7200	0.522089604154	0.0	427485	517.217569433	7.2
4907.85431572	7200	0.504872034721	0.0	427485	517.217569433	7.2
4908.37153329	7200	0.5	0.0123455347118	427485	517.217569433	6.58272326441
4908.88875085	7200	0.5	0.0172175694327	427485	517.217569433	6.33912152836
4909.44098012	7626	0.5	0.0522292681797	456993	552.22926818	2.88453659102
4910.00513624	7733	0.5	0.064156121772	467045	564.156121772	3.9901939114
4910.53563092	7200	0.5	0.0304946776399	438675	530.49467764	3.010266118
4911.0661256	7200	0.5	0.0304946776399	438675	530.49467764	5.675266118
4911.59662028	7200	0.5	0.0304946776399	438675	530.49467764	5.675266118
4912.12474932	7200	0.5	0.0281290420954	438675	528.129042095	5.79354789523
4912.65196796	7200	0.5	0.0272186451987	438675	527.218645199	5.83906774006
4913.17918661	7200	0.5	0.0272186451987	438675	527.218645199	5.83906774006
4913.68458344	6773	0.5	0.00539683478021	420167	505.39683478	4.36815826099
4914.16230332	6400	0.522280125332	0.0	396693	477.719874668	4.535
4914.58004269	5653	0.604540753129	0.0	345821	417.739372203	1.918
4915.00580194	5760	0.678781500092	0.0	352623	425.759253037	5.225
4915.45559719	6080	0.72898625249	0.0	373673	449.795247602	4.48
4915.92897526	6400	0.755608184684	0.0	394883	473.378067806	4.8
4916.41405973	6506	0.770523713704	0.0	404859	485.08447098	5.976
4916.92546718	6986	0.759116263976	0.0	427291	511.407449728	4.586
4917.42606709	6986	0.758516349656	0.0	418081	500.59991432	6.986
4917.9377022	7200	0.746881249344	0.0	427485	511.635100311	6.13
4918.44054341	7200	0.744040032893	0.0	419991	502.841216452	7.2
4918.917917	7146	0.7666664416	0.0	413019	477.373591292	6.876
4919.39014885	7146	0.794434594872	0.0	422679	472.231846728	7.146
4919.86763643	7200	0.816947019198	0.0	427485	477.487575675	6.93
4920.3245582	6880	0.860025244307	0.0	408679	456.921774891	5.28
4920.79169978	7000	0.89288366071	0.0	418197	467.141583597	6.4
4921.25894568	6880	0.925637760399	0.0	418435	467.24590031	6.28
4921.74850559	7200	0.93607785365	0.0	438855	489.559906749	5.6
4922.26615361	7626	0.918429836151	0.0	464559	517.648017499	5.496
4922.80765582	8000	0.876927622657	0.0	487050	541.502213494	6.13
4923.34898013	8000	0.835603309946	0.0	487050	541.324312711	8.0
4923.89030445	8000	0.794278997235	0.0	487050	541.324312711	8.0
4924.43573481	8000	0.748848629791	0.0	487050	545.430367444	8.0
4924.98484058	8000	0.699742869364	0.0	487050	549.105760427	8.0
4925.52963836	7893	0.65494508475	0.0	483158	544.797784614	7.358
4926.07095089	8000	0.613632549808	0.0	493365	541.312534942	7.465
4926.59866745	8000	0.585915994282	0.0	493365	527.716555527	8.0
4927.12638401	8000	0.558199438755	0.0	493365	527.716555527	8.0
4927.60176028	6960	0.582823163416	0.0	432864	475.376275339	1.76
4928.09671348	7200	0.587869965576	0.0	449280	494.95319784	6.0
4928.59976002	7360	0.584823420431	0.0	456778	503.046545145	6.56
4929.04150144	6600	0.643082002656	0.0	402915	441.741417775	2.8
4929.44826723	6120	0.736316213994	0.0	371455	406.765788662	3.72
4929.84555328	6000	0.839030164128	0.0	362580	397.286049866	5.4
4930.24283933	6000	0.941744114262	0.0	362580	397.286049866	6.0
4930.63808884	6000	1.04649460428	0.0	362580	395.249509979	6.0
4931.14481786	7680	1.03976558264	0.0	467772	506.729021641	-0.72
4931.71505588	8666	0.969527566811	0.0	530195	570.238015832	3.736
4932.26528048	8533	0.919302967373	0.0	515343	550.224599437	7.868
4932.84131309	9000	0.843270358012	0.0	539520	576.032609362	6.665
4933.43027218	9000	0.754311263661	0.0	539520	588.95909435	9.0
4934.01923128	9000	0.665352169311	0.0	539520	588.95909435	9.0
4934.59816399	9000	0.586419452018	0.0	539520	578.932717293	9.0
4935.17285795	9000	0.511725490576	0.0	539520	574.693961442	9.0
4935.74711534	9000	0.5	0.0625318910871	540862	574.257381663	5.87340544564
4936.31847924	9000	0.5	0.0713639008046	539793	571.363900805	5.43180495977
4936.82394318	7946	0.5	0.00546393969985	476950	505.4639397	2.40280301501
4937.30761503	7626	0.516328150597	0.0	456045	483.671849403	6.026
4937.76070905	7200	0.56323412669	0.0	427635	453.094023908	5.07
4938.23812076	7800	0.585822412972	0.0	462222	477.411713717	4.8
4938.70506539	7800	0.618877790609	0.0	456146	466.944622363	7.8
4939.15987108	7666	0.664072093307	0.0	447075	454.805697302	6.996
4939.58324042	7133	0.740702752663	0.0	421103	423.369340645	4.468
4940.05873793	8000	0.765205241384	0.0	476265	475.497511278	3.665
4940.50211055	7733	0.821832624206	0.0	454837	443.372617178	6.398
4940.9487424	8000	0.875200775405	0.0	462300	446.631848801	6.665
4941.41567505	8000	0.908268125624	0.0	462300	466.932649781	8.0
4941.89467328	8000	0.929269893212	0.0	468906	478.998232412	8.0
4942.37399585	8000	0.949947330199	0.0	467438	479.322563013	8.0
4942.85173934	7933	0.972203837882	0.0	465132	477.743492317	7.598
4943.31297689	7533	1.01096628601	0.0	455338	461.23755187	5.533
4943.85185592	8866	0.972087256752	0.0	543071	538.87902926	2.201
4944.39329679	9000	0.930646383575	0.0	551023	541.440873178	8.33
4945.00426632	10000	0.819676851977	0.0	612540	610.969531597	5.0
4945.62037539	10000	0.703567790299	0.0	612540	616.109061679	10.0
4946.23746609	10000	0.586477082121	0.0	612540	617.090708178	10.0
4946.79411013	9066	0.529833044695	0.0	555398	556.644037425	4.396
4947.34668105	9000	0.5	0.022737872462	551655	552.570917157	7.5331063769
4947.92307529	9000	0.5	0.0763942385411	551655	576.394238541	5.18028807295
4948.50028215	9000	0.5	0.0772068659318	551655	577.206865932	5.13965670341
4949.08458399	9000	0.5	0.0843018347515	551655	584.301834752	4.78490826242
4949.63765598	8533	0.5	0.0530719961007	521611	553.071996101	3.54440019496
4950.15873605	8000	0.5	0.0210800681326	487275	521.080068133	4.28099659337
4950.67981612	8000	0.5	0.0210800681326	487275	521.080068133	6.94599659337
4951.20159395	8000	0.5	0.0217778334006	487275	521.777833401	6.91110832997
4951.6698715	7133	0.531722449908	0.0	432597	468.277550092	2.798
4952.1923461	7933	0.509247853921	0.0	483757	522.474595987	3.933
4952.72102389	8000	0.5	0.019429937137	488565	528.677791058	6.69350314315
4953.25072994	8000	0.5	0.0297060501193	488565	529.706050119	6.51469749403
4953.78043599	8000	0.5	0.0297060501193	488565	529.706050119	6.51469749403
4954.21744434	6933	0.562991654217	0.0	419059	437.008345783	1.598
4954.64555371	6866	0.634882280535	0.0	410775	428.109373682	6.531
4955.0844357	6866	0.696000292303	0.0	413769	438.881988233	6.866

