8099.75612282	3066	0.5	0.212366148683	181435	212.366148683	-7.55230743417
8099.97182837	3120	0.784294450158	0.0	184429	215.705549842	2.85
8100.19221399	3146	1.06390883109	0.0	188625	220.385619067	3.016
8100.41684914	3200	1.33927367348	0.0	192435	224.635157615	2.93
8100.75175481	4800	1.50436800968	0.0	291300	334.9056638	-3.2
8101.08549603	4800	1.67062678636	0.0	290256	333.741223316	4.8
8101.43447648	5000	1.82164633859	0.0	303919	348.980447773	4.0
8101.88542466	6453	1.87069815758	0.0	395340	450.948181004	-0.812
8102.35695243	6773	1.89917038714	0.0	413791	471.52777044	5.173
8102.85623493	7200	1.89988788777	0.0	438675	499.282499373	5.065
8103.36199547	7413	1.89412735168	0.0	444483	505.760536089	6.348
8103.97091271	9000	1.78521010386	0.0	536970	608.917247822	1.065
8104.57982996	9000	1.67629285604	0.0	536970	608.917247822	9.0
8105.18874721	9000	1.56737560822	0.0	536970	608.917247822	9.0
8105.79766446	9000	1.45845836039	0.0	536970	608.917247822	9.0
8106.4065817	9000	1.34954111257	0.0	536970	608.917247822	9.0
8107.01563827	9400	1.24048454994	0.0	553424	609.056562633	7.4
8107.58996207	9000	1.16616074257	0.0	522960	574.323807373	7.0
8108.16428588	9000	1.09183693519	0.0	522960	574.323807373	9.0
8108.76812194	9000	0.988000873063	0.0	532300	603.836062131	9.0
8109.33958312	8400	0.916539692611	0.0	503004	571.461180451	5.4
8109.88735597	8000	0.868766850963	0.0	481782	547.772841648	6.0
8110.43512881	8000	0.820994009315	0.0	481782	547.772841648	8.0
8111.01501519	8533	0.741107629482	0.0	510552	579.886379834	5.868
8111.50218084	7200	0.753941975282	0.0	427485	487.1656542	0.535
8111.9893465	7200	0.766776321081	0.0	427485	487.1656542	7.2
8112.47179771	7200	0.784325110743	0.0	427485	482.451210338	7.2
8112.94729278	7200	0.808830036388	0.0	427485	475.495074355	7.2
8113.42278786	7200	0.833334962034	0.0	427485	475.495074355	7.2
8113.93041465	7626	0.825708166907	0.0	456993	507.626795126	5.496
8114.44898723	7733	0.807135592426	0.0	467045	518.572574481	7.198
8114.93414251	7200	0.821980304159	0.0	438675	485.155288267	4.535
8115.4178411	7200	0.838281714078	0.0	438675	483.698590081	7.2
8115.90153969	7200	0.854583123997	0.0	438675	483.698590081	7.2
8116.38523828	7200	0.870884533916	0.0	438675	483.698590081	7.2
8116.86893687	7200	0.887185943835	0.0	438675	483.698590081	7.2
8117.35263546	7200	0.903487353754	0.0	438675	483.698590081	7.2
8117.81486701	6773	0.941255811207	0.0	420167	462.231542547	4.638
8118.25098624	6400	1.00513657917	0.0	396693	436.119232038	4.535
8118.727819	7066	1.02830382022	0.0	434595	476.832758953	3.736
8119.21326608	7200	1.042856734	0.0	442995	485.447086218	6.53
8119.70689904	7600	1.04922377968	0.0	469589	493.632954313	5.6
8120.22799961	8000	1.02812320818	0.0	496259	521.100571509	6.0
8120.7646172	8133	0.991505622113	0.0	508563	536.617586063	7.468
8121.33307901	8733	0.923043806957	0.0	536941	568.461815156	5.733
8121.88935316	8733	0.86676965404	0.0	525223	556.274152917	8.733
8122.45640993	9000	0.799712892146	0.0	536970	567.056761893	7.665
8123.0124146	9000	0.743708218164	0.0	527946	556.004673982	9.0
8123.55957061	8933	0.696552206717	0.0	519390	547.156011447	8.598
8124.1161607	8933	0.639962112645	0.0	530998	556.590094073	8.933
8124.67630573	9000	0.579817088083	0.0	536970	560.145024562	8.665
8125.2122881	8600	0.543834717411	0.0	513386	535.982370672	6.6
8125.65492085	7000	0.601201970238	0.0	418197	442.632747173	-1.0
8126.09985897	6880	0.656263850287	0.0	418435	444.93811995	6.28
8126.56602245	7200	0.690100363412	0.0	438855	466.163486876	5.6
8127.06174164	7626	0.694381172867	0.0	464559	495.719190545	5.496
8127.58255987	8000	0.67356294904	0.0	487050	520.818223827	6.13
8128.10337809	8000	0.652744725213	0.0	487050	520.818223827	8.0
8128.62420542	8000	0.631917395761	0.0	487050	520.827329452	8.0
8129.14525121	8000	0.61087161069	0.0	487050	521.045785071	8.0
8129.66629699	8000	0.589825825619	0.0	487050	521.045785071	8.0
8130.18325903	7893	0.572863790051	0.0	483158	516.962035568	7.358
8130.70723953	8000	0.548883291418	0.0	493365	523.980498634	7.465
8131.2301001	8000	0.526022718601	0.0	493365	522.860572817	8.0
8131.75296067	8000	0.503162145784	0.0	493365	522.860572817	8.0
8132.22549449	6960	0.530628323466	0.0	432864	472.533822317	1.76
8132.73058264	7200	0.525540172919	0.0	449280	505.088150548	6.0
8133.24393328	7360	0.512189533605	0.0	456778	513.350639314	6.56
8133.6979291	6600	0.55819371323	0.0	402915	453.995820375	2.8
8134.11725729	6120	0.638865523767	0.0	371455	419.328189463	3.72
8134.5268056	6000	0.729317220648	0.0	362580	409.54830312	5.4
8134.92193041	6000	0.834192404563	0.0	362580	395.124816085	6.0
8135.31558538	6000	0.940537435329	0.0	362580	393.654969234	6.0
8135.82054664	7680	0.935576179141	0.0	467772	504.961256188	-0.72
8136.39155923	8666	0.864563584918	0.0	530195	571.012594222	3.736
8136.94031811	8533	0.815804708305	0.0	515343	548.758876613	7.868
8137.51295966	9000	0.743163156747	0.0	539520	572.641551558	6.665
8138.08408202	9000	0.672040793834	0.0	539520	571.122362912	9.0
8138.64627991	9000	0.609842905679	0.0	539520	562.197888155	9.0
8139.2084778	9000	0.547645017524	0.0	539520	562.197888155	9.0
8139.76960834	9000	0.5	0.013485521291	539520	561.130538815	8.32572393545
8140.33147662	9000	0.5	0.0618682763958	540862	561.868276396	5.90658618021
8140.89944247	9000	0.5	0.0679658575827	539793	567.965857583	5.60170712086
8141.40466186	7946	0.5	0.00521938244987	476950	505.21938245	2.41503087751
8141.88817548	7626	0.516486375366	0.0	456045	483.513624634	6.026
8142.34217998	7200	0.562481873415	0.0	427635	454.004501951	5.07
8142.83206309	7800	0.572598765501	0.0	462222	489.883107914	4.8
8143.31662211	7800	0.588039740816	0.0	456146	484.559024685	7.8
8143.80168563	7666	0.602976228346	0.0	447075	485.06351247	6.996
8144.2591512	7133	0.64551065704	0.0	421103	457.465571306	4.468
8144.77523211	8000	0.629429744964	0.0	476265	516.080912076	3.665
8145.28015505	7733	0.624506802496	0.0	454837	504.922942468	6.398
8145.79661616	8000	0.608045700057	0.0	462300	516.461102439	6.665
8146.31307726	8000	0.591584597618	0.0	462300	516.461102439	8.0
8146.8367754	8000	0.56788645853	0.0	468906	523.698139088	8.0
8147.35886531	8000	0.545796549808	0.0	467438	522.089908721	8.0
8147.87259309	7933	0.532068766918	0.0	465132	513.72778289	7.598
8148.36902211	7533	0.535639740387	0.0	455338	496.429026531	5.533
8148.8405463	7093	0.564115553547	0.0	432025	471.52418684	4.893
8149.31875579	7200	0.585906062938	0.0	438283	478.20949061	6.665
8149.84906215	8000	0.555599702888	0.0	487050	530.306360049	4.0
8150.3627916	8000	0.541870256513	0.0	487050	513.729446375	8.0
8150.87416721	8000	0.530494641463	0.0	487050	511.375615051	8.0
8151.33894336	7253	0.565718495341	0.0	441782	464.776146121	3.518
8151.79028338	7200	0.614378471281	0.0	438855	451.340024061	6.935
8152.24047563	7200	0.664186230019	0.0	438855	450.192241262	7.2
8152.69359121	7200	0.711070647517	0.0	438855	453.115582501	7.2
8153.16301539	7200	0.741646469082	0.0	438855	469.424178435	7.2
8153.71873816	8533	0.685923699826	0.0	521611	555.722769256	1.868
8154.2276559	8000	0.677005959928	0.0	487275	508.917739898	5.335
8154.73657364	8000	0.668088220031	0.0	487275	508.917739898	8.0
8155.24549138	8000	0.659170480133	0.0	487275	508.917739898	8.0
8155.70168554	7133	0.70297631111	0.0	432597	456.194169023	2.798
8156.21120008	7933	0.693461773249	0.0	483757	509.514537861	3.933
8156.72567923	8000	0.6789826232	0.0	488565	514.479150049	7.665
8157.2445983	8000	0.66006355364	0.0	488565	518.91906956	8.0
8157.76748523	8000	0.637176624853	0.0	488565	522.886928787	8.0
8158.21740599	6933	0.687255870214	0.0	419059	449.92075464	1.598
8158.66011593	6866	0.744545924442	0.0	410775	442.709945772	6.531
8159.11010073	6866	0.794561123186	0.0	413769	449.984801256	6.866

