5073.92315515	3066	0.5	0.202139663503	181435	202.139663503	-7.04098317516
5074.12846546	3120	0.794689690522	0.0	184429	205.310309478	2.85
5074.33821933	3146	1.08493581708	0.0	188625	209.753873444	3.016
5074.55200799	3200	1.37114715367	0.0	192435	213.788663412	2.93
5074.87049469	4800	1.55266045607	0.0	291300	318.486697597	-3.2
5075.18787579	4800	1.73527935446	0.0	290256	317.381101605	4.8
5075.51972601	5000	1.90342913597	0.0	303919	331.850218493	4.0
5075.84131664	4840	2.0818385094	0.0	294231	321.590626573	4.04
5076.25694011	6400	2.16621503756	0.0	383025	415.62347184	-1.4
5076.66843178	6400	2.25472336277	0.0	383025	411.491674783	6.4
5077.0773927	6400	2.34576244671	0.0	383025	408.960916064	6.4
5077.48635362	6400	2.43680153065	0.0	383025	408.960916064	6.4
5077.89531453	6400	2.52784061458	0.0	383025	408.960916064	6.4
5078.28533383	6400	2.6378213213	0.0	383025	390.019293286	6.4
5078.66761618	6400	2.75553897051	0.0	383025	382.282350791	6.4
5079.04989853	6400	2.87325661972	0.0	383025	382.282350791	6.4
5079.43218088	6400	2.99097426892	0.0	383025	382.282350791	6.4
5079.82985839	6400	3.09329675407	0.0	383025	397.677514852	6.4
5080.22882843	6400	3.1943267213	0.0	383025	398.970032776	6.4
5080.62779846	6400	3.29535668852	0.0	383025	398.970032776	6.4
5081.02347581	6400	3.39967933424	0.0	383025	395.677354285	6.4
5081.41590314	6400	3.50725200494	0.0	383025	392.427329299	6.4
5081.80833047	6400	3.61482467564	0.0	383025	392.427329299	6.4
5082.2007578	6400	3.72239734634	0.0	383025	392.427329299	6.4
5082.60501615	6400	3.8181389994	0.0	383025	404.258346942	6.4
5083.03447808	6400	3.88867706608	0.0	383025	429.461933321	6.4
5083.46394001	6400	3.95921513276	0.0	383025	429.461933321	6.4
5083.89340195	6400	4.02975319943	0.0	383025	429.461933321	6.4
5084.32286388	6400	4.10029126611	0.0	383025	429.461933321	6.4
5084.75232581	6400	4.17082933279	0.0	383025	429.461933321	6.4
5085.1756469	6400	4.24750824497	0.0	383025	423.321087825	6.4
5085.59483716	6400	4.32831798947	0.0	383025	419.190255495	6.4
5086.01402741	6400	4.40912773398	0.0	383025	419.190255495	6.4
5086.43321767	6400	4.48993747848	0.0	383025	419.190255495	6.4
5086.85240792	6400	4.57074722299	0.0	383025	419.190255495	6.4
5087.2441296	6400	4.67902555124	0.0	383025	391.721671749	6.4
5087.63454265	6400	4.78861249336	0.0	383025	390.413057879	6.4
5088.02495571	6400	4.89819943548	0.0	383025	390.413057879	6.4
5088.42121186	6400	5.00194329199	0.0	383025	396.256143486	6.4
5088.82368211	6400	5.09947303278	0.0	383025	402.470259209	6.4
5089.22615237	6400	5.19700277358	0.0	383025	402.470259209	6.4
5089.62862263	6400	5.29453251437	0.0	383025	402.470259209	6.4
5090.0358705	6400	5.38728464503	0.0	383025	407.247869331	6.4
5090.45395627	6400	5.46919887779	0.0	383025	418.085767243	6.4
5090.87204204	6400	5.55111311055	0.0	383025	418.085767243	6.4
5091.2901278	6400	5.63302734331	0.0	383025	418.085767243	6.4
5091.70821357	6400	5.71494157606	0.0	383025	418.085767243	6.4
5092.12629934	6400	5.79685580882	0.0	383025	418.085767243	6.4
5092.54530623	6400	5.87784891804	0.0	383025	419.006890786	6.4
5092.96471852	6400	5.95843662418	0.0	383025	419.412293856	6.4
5093.38413082	6400	6.03902433032	0.0	383025	419.412293856	6.4
5093.80354311	6400	6.11961203647	0.0	383025	419.412293856	6.4
5094.2229554	6400	6.20019974261	0.0	383025	419.412293856	6.4
5094.64711374	6400	6.27604141145	0.0	383025	424.158331158	6.4
5095.07162128	6400	6.35153386459	0.0	383025	424.507546862	6.4
5095.49612883	6400	6.42702631773	0.0	383025	424.507546862	6.4
5095.92063638	6400	6.50251877087	0.0	383025	424.507546862	6.4
5096.34514392	6400	6.57801122401	0.0	383025	424.507546862	6.4
5096.76965147	6400	6.65350367715	0.0	383025	424.507546862	6.4
5097.19385868	6400	6.72929646907	0.0	383025	424.207208074	6.4
5097.61298709	6400	6.81016805683	0.0	383025	419.128412237	6.4
5098.0321155	6400	6.8910396446	0.0	383025	419.128412237	6.4
5098.45124391	6400	6.97191123236	0.0	383025	419.128412237	6.4
5098.87037233	6400	7.05278282012	0.0	383025	419.128412237	6.4
5099.28950074	6400	7.13365440789	0.0	383025	419.128412237	6.4
5099.71597031	6400	7.20718483607	0.0	383025	426.469571816	6.4
5100.1463219	6400	7.276833244	0.0	383025	430.351592071	6.4
5100.5766735	6400	7.34648165193	0.0	383025	430.351592071	6.4
5101.00702509	6400	7.41613005986	0.0	383025	430.351592071	6.4
5101.43737668	6400	7.48577846779	0.0	383025	430.351592071	6.4
5101.86772827	6400	7.55542687572	0.0	383025	430.351592071	6.4
5102.29807986	6400	7.62507528364	0.0	383025	430.351592071	6.4
5102.72843146	6400	7.69472369157	0.0	383025	430.351592071	6.4
5103.16252617	6400	7.76062897737	0.0	383025	434.094714207	6.4
5103.60045078	6400	7.82270436769	0.0	383025	437.924609681	6.4
5104.03837539	6400	7.884779758	0.0	383025	437.924609681	6.4
5104.4763	6400	7.94685514832	0.0	383025	437.924609681	6.4
5104.91422461	6400	8.00893053864	0.0	383025	437.924609681	6.4
5105.35214922	6400	8.07100592896	0.0	383025	437.924609681	6.4
5105.79007383	6400	8.13308131928	0.0	383025	437.924609681	6.4
5106.22799844	6400	8.1951567096	0.0	383025	437.924609681	6.4
5106.66592305	6400	8.25723209992	0.0	383025	437.924609681	6.4
5107.10216153	6400	8.3209936208	0.0	383025	436.238479119	6.4
5107.53503449	6400	8.38812065445	0.0	383025	432.872966345	6.4
5107.96790746	6400	8.45524768811	0.0	383025	432.872966345	6.4
5108.40078043	6400	8.52237472176	0.0	383025	432.872966345	6.4
5108.83365339	6400	8.58950175542	0.0	383025	432.872966345	6.4
5109.26652636	6400	8.65662878907	0.0	383025	432.872966345	6.4
5109.69939932	6400	8.72375582273	0.0	383025	432.872966345	6.4
5110.13227229	6400	8.79088285638	0.0	383025	432.872966345	6.4
5110.56514526	6400	8.85800989004	0.0	383025	432.872966345	6.4
5110.9898342	6400	8.93332094807	0.0	383025	424.688941961	6.4
5111.4081048	6400	9.01505034877	0.0	383025	418.2705993	6.4
5111.8263754	6400	9.09677974947	0.0	383025	418.2705993	6.4
5112.244646	6400	9.17850915017	0.0	383025	418.2705993	6.4
5112.6629166	6400	9.26023855087	0.0	383025	418.2705993	6.4
5113.07210548	6400	9.35104966991	0.0	383025	409.188880959	6.4
5113.47493796	6400	9.44821719209	0.0	383025	402.832477829	6.4
5113.87777043	6400	9.54538471426	0.0	383025	402.832477829	6.4
5114.28060291	6400	9.64255223643	0.0	383025	402.832477829	6.4
5114.68233748	6400	9.74081766907	0.0	383025	401.734567361	6.4
5115.08352643	6400	9.83962872123	0.0	383025	401.188947839	6.4
5115.48471537	6400	9.93843977339	0.0	383025	401.188947839	6.4
5116.38520279	6400	9.53795235597	0.0	383025	400.487417414	6.4
5116.78552022	6400	9.63763492489	0.0	383025	400.317431082	6.4
5117.18583765	6400	9.73731749381	0.0	383025	400.317431082	6.4
5117.58841588	6400	9.83473926274	0.0	383025	402.578231073	6.4
5117.99108559	6400	9.93206956113	0.0	383025	402.669701603	6.4
5118.89440844	6400	9.52874670259	0.0	383025	403.322858542	6.4
5119.29887495	6400	9.62428019985	0.0	383025	404.466502747	6.4
5119.70305723	6400	9.72009791633	0.0	383025	404.182283516	6.4
5120.10642807	6400	9.81672707824	0.0	383025	403.370838087	6.4
5120.50979891	6400	9.91335624016	0.0	383025	403.370838087	6.4
5121.12532409	6400	9.50998540207	0.0	383025	403.370838087	6.4
5121.53648764	6400	9.59882185725	0.0	383025	411.163544821	6.4
5121.94765118	6400	9.68765831243	0.0	383025	411.163544821	6.4
5122.35881473	6400	9.7764947676	0.0	383025	411.163544821	6.4
5122.76997827	6400	9.86533122278	0.0	383025	411.163544821	6.4
5123.18419848	6400	9.95111101943	0.0	383025	414.22020335	6.4
5124.10225198	6400	9.53305750957	0.0	383025	418.053509863	6.4

