6746.57790516	3066	0.5	0.198232908725	181435	198.232908725	-6.84564543624
6746.77924424	3120	0.798660913698	0.0	184429	201.339086302	2.85
6746.98493654	3146	1.09296861393	0.0	188625	205.692299767	3.016
6747.19458159	3200	1.38332356314	0.0	192435	209.645050792	2.93
6747.50679586	4800	1.57110929185	0.0	291300	312.21427129	-3.2
6747.92129301	6400	1.65661214108	0.0	389889	414.497150769	-1.6
6748.35584242	6666	1.7220627357	0.0	408326	434.549405379	5.336
6748.77712583	6453	1.80077932179	0.0	395340	421.283413913	5.388
6749.21780541	6773	1.86009974124	0.0	413791	440.679580547	5.173
6749.68463505	7200	1.89327010142	0.0	438675	466.829639823	5.065
6750.15630686	7413	1.92159829924	0.0	444483	471.671802181	6.348
6750.70767485	9000	1.87023030603	0.0	536970	551.36799321	1.065
6751.25904284	9000	1.81886231282	0.0	536970	551.36799321	9.0
6751.81315259	9000	1.76475256476	0.0	536970	554.109748061	9.0
6752.36731725	9000	1.71058790606	0.0	536970	554.164658697	9.0
6752.91775357	9000	1.66015158946	0.0	536970	550.436316599	9.0
6753.48406485	9400	1.59384031023	0.0	553424	566.311279236	7.4
6754.01684221	9000	1.56106294468	0.0	522960	532.777365545	7.0
6754.55431613	9000	1.52358902943	0.0	522960	537.473915249	9.0
6755.12364985	9000	1.45425530591	0.0	532300	569.333723523	9.0
6755.66219973	8400	1.41570542752	0.0	503004	538.54987839	5.4
6756.15699649	8000	1.42090866769	0.0	481782	494.796759825	6.0
6756.62959013	8000	1.44831502815	0.0	481782	472.593639549	8.0
6757.15954078	8533	1.41836437485	0.0	510552	529.950653297	5.868
6757.730194	9000	1.34771115276	0.0	536970	570.653222085	6.665
6758.3028039	9000	1.27510125214	0.0	536970	572.609900621	9.0
6758.88182014	9000	1.19608501828	0.0	536970	579.016233864	9.0
6759.4600014	9000	1.11790375944	0.0	536970	578.181258838	9.0
6760.01656862	9000	1.06133653861	0.0	536970	556.567220834	9.0
6760.61086336	9533	0.967041792437	0.0	573990	594.29474617	6.868
6761.24198544	9666	0.835919720506	0.0	586715	631.122071931	9.001
6761.83557859	9000	0.742326563722	0.0	551265	593.593156785	5.67
6762.44134424	9000	0.636560912393	0.0	551265	605.765651329	9.0
6763.04944974	9000	0.528455412352	0.0	551265	608.105500041	9.0
6763.53539857	7200	0.542506585144	0.0	438675	485.948827208	-1.8
6764.01954739	7200	0.558357763963	0.0	438675	484.148821181	7.2
6764.50312749	7200	0.574777667193	0.0	438675	483.58009677	7.2
6764.96557009	6773	0.612335061924	0.0	420167	462.442605269	4.638
6765.39643946	6400	0.68146569617	0.0	396693	430.869365754	4.535
6765.86752075	7066	0.710384401542	0.0	434595	471.081294628	3.736
6766.34751398	7200	0.730391170802	0.0	442995	479.99323074	6.53
6766.85554595	7600	0.722359203739	0.0	469589	508.031967063	5.6
6767.39178152	8000	0.686123632951	0.0	496259	536.235570788	6.0
6767.94669976	8133	0.631205391154	0.0	508563	554.918241796	7.468
6768.4153355	6986	0.662569654328	0.0	427291	468.635736826	1.251
6768.87382643	6986	0.70407872627	0.0	418081	458.490928059	6.986
6769.34107218	7200	0.736832974674	0.0	427485	467.245751596	6.13
6769.80030221	7200	0.777602942138	0.0	419991	459.230032536	7.2
6770.25207487	7146	0.825830287943	0.0	413019	451.772654195	6.876
6770.71337536	7146	0.864529798807	0.0	422679	461.300489136	7.146
6771.17952118	7200	0.898383977478	0.0	427485	466.14582133	6.93
6771.62560015	6880	0.952305008356	0.0	408679	446.078969122	5.28
6772.0822735	7000	0.995631654798	0.0	418197	456.673353558	6.4
6772.55484991	6880	1.02305524166	0.0	418435	472.576413138	6.28
6773.05000047	7200	1.02790468832	0.0	438855	495.150553342	5.6
6773.57356658	7626	1.00433857671	0.0	464559	523.566111609	5.496
6774.12104524	8000	0.956859912622	0.0	487050	547.478664088	6.13
6774.65363298	8000	0.924272177864	0.0	487050	532.587734757	8.0
6775.18622071	8000	0.891684443107	0.0	487050	532.587734757	8.0
6775.71708798	8000	0.860817173835	0.0	487050	530.867269273	8.0
6776.23831439	8000	0.839590768309	0.0	487050	521.226405525	8.0
6776.75789357	7893	0.82001158536	0.0	483158	519.57918295	7.358
6777.291103	8000	0.786802159134	0.0	493365	533.209426226	7.465
6777.82431242	8000	0.753592732908	0.0	493365	533.209426226	8.0
6778.34939865	8000	0.728506500621	0.0	493365	525.086232287	8.0
6778.80050672	6960	0.777398438595	0.0	432864	451.108062026	1.76
6779.26834343	7200	0.80956172751	0.0	449280	467.836711085	6.0
6779.7438631	7360	0.834042053779	0.0	456778	475.519673731	6.56
6780.30580493	8800	0.772100226477	0.0	541560	561.941827302	1.6
6780.84431522	8160	0.73358993052	0.0	499088	538.510295957	4.96
6781.37566633	8000	0.702238824692	0.0	487050	531.351105828	7.2
6781.91088416	8000	0.667020990936	0.0	487050	535.217833756	8.0
6782.45591689	8000	0.621988265807	0.0	487050	545.032725128	8.0
6782.9797724	7680	0.598132752207	0.0	467772	523.8555136	6.08
6783.45310492	6933	0.624800234386	0.0	421780	473.332517821	3.198
6783.91368182	6826	0.664223332151	0.0	409638	460.576902235	6.291
6784.39606753	7200	0.681837626124	0.0	428730	482.385706028	5.33
6784.87845324	7200	0.699451920096	0.0	428730	482.385706028	7.2
6785.36083894	7200	0.717066214068	0.0	428730	482.385706028	7.2
6785.83307978	7200	0.744825373978	0.0	428730	472.24084009	7.2
6786.29192221	7200	0.785982944962	0.0	428730	458.842429016	7.2
6786.75190996	7200	0.825995194608	0.0	429824	459.987750354	7.2
6787.21064561	7200	0.867259542426	0.0	429084	458.735652181	7.2
6787.70885771	7946	0.869047443702	0.0	476950	498.212098725	4.216
6788.18567119	7626	0.892233969411	0.0	456045	476.81347429	6.026
6788.64148949	7200	0.936415666684	0.0	427635	455.818302728	5.07
6789.13681975	7800	0.941085403966	0.0	462222	495.330262718	4.8
6789.6264027	7800	0.95150245294	0.0	456146	489.582951026	7.8
6790.12427119	7666	0.953633963406	0.0	447075	497.868489534	6.996
6790.59379786	7133	0.984107296632	0.0	421103	469.526666774	4.468
6791.1235198	8000	0.954385356985	0.0	476265	529.721939647	3.665
6791.62897783	7733	0.94892732546	0.0	454837	505.458031525	6.398
6792.14134669	8000	0.936558463936	0.0	462300	512.368861524	6.665
6792.65371555	8000	0.924189602411	0.0	462300	512.368861524	8.0
6793.17198998	8000	0.905915175524	0.0	468906	518.274426888	8.0
6793.67510827	8000	0.902796880662	0.0	467438	503.118294861	8.0
6794.17579388	7933	0.902111273747	0.0	465132	500.685606915	7.598
6794.66177438	7533	0.916130773105	0.0	455338	485.980500642	5.533
6795.1068754	7093	0.97102975911	0.0	432025	445.101013995	4.893
6795.56112185	7200	1.01678330598	0.0	438283	454.24645313	6.665
6796.09032869	8000	0.987576461987	0.0	487050	529.206843992	4.0
6796.61953554	8000	0.958369617995	0.0	487050	529.206843992	8.0
6797.14874238	8000	0.929162774003	0.0	487050	529.206843992	8.0
6797.75055814	9066	0.827347012965	0.0	555398	601.815761038	3.736
6798.34835145	9000	0.729553705559	0.0	551655	597.793307407	8.67
6798.94040495	9000	0.637500208007	0.0	551655	592.053497552	9.0
6799.52450982	9000	0.553395330521	0.0	551655	584.104877486	9.0
6800.10886022	9000	0.5	0.0309550621899	551655	584.350392711	7.45224689051
6800.66265765	8533	0.5	0.05379743214	521611	553.79743214	3.508128393
6801.18065862	8000	0.5	0.0180009695846	487275	518.000969585	4.43495152077
6801.6985836	8000	0.5	0.0179249807675	487275	517.924980768	7.10375096162
6802.21650047	8000	0.5	0.0179168661917	487275	517.916866192	7.10415669041
6802.67660109	7133	0.539899375658	0.0	432597	460.100624342	2.798
6803.1886433	7933	0.527857165875	0.0	483757	512.042209783	3.933
6803.70567524	8000	0.510825221691	0.0	488565	517.031944184	7.665
6804.23566283	8000	0.5	0.0191623588624	488565	529.987580554	7.04188205688
6804.76940809	8000	0.5	0.0337452695308	488565	533.745269531	6.31273652346
6805.22864242	6933	0.540765673136	0.0	419059	459.234326864	1.598
6805.67178074	6866	0.597627355609	0.0	410775	443.138317527	6.531
6806.11562566	6866	0.653782436917	0.0	413769	443.844918692	6.866

