1394.01648846	3066	0.5	0.18281782411	181435	182.81782411	-6.07489120552
1394.20215809	3120	0.814330374609	0.0	184429	185.669625391	2.85
1394.39182443	3146	1.1246640364	0.0	188625	189.666338208	3.016
1394.67940567	4800	1.33708279762	0.0	291300	287.581238782	-3.47
1394.96893843	4800	1.54755003819	0.0	291300	289.532759432	4.8
1395.35052632	6400	1.66596214732	0.0	389889	381.587890867	-1.6
1395.74758387	6666	1.76890459496	0.0	408326	397.057552356	5.336
1396.24346048	8066	1.77302798173	0.0	497055	495.876613238	1.066
1396.78438514	8466	1.73210332409	0.0	520019	540.924657639	6.466
1397.36697721	9000	1.64951125062	0.0	551265	582.592073463	6.33
1397.9791163	9266	1.53737216685	0.0	558332	612.139083776	7.936
1398.54073755	9000	1.47575091192	0.0	536970	561.621254931	7.67
1399.08758241	9000	1.42890605879	0.0	536970	546.844853123	9.0
1399.62895128	9000	1.3875371889	0.0	536970	541.368869896	9.0
1400.16307718	9000	1.35341128221	0.0	536970	534.125906685	9.0
1400.71105319	9000	1.30543527676	0.0	536970	547.976005454	9.0
1401.27673991	9400	1.23974855858	0.0	553424	565.686718174	7.4
1401.81238394	9000	1.20410452008	0.0	522960	535.644038509	7.0
1402.34333206	9000	1.1731564073	0.0	522960	530.948112777	9.0
1402.87281855	9000	1.14366991511	0.0	532300	529.486492191	9.0
1403.3733568	8400	1.1431316686	0.0	503004	500.538246512	5.4
1403.85565084	8000	1.16083762439	0.0	481782	482.294044203	6.0
1404.33854937	8000	1.17793909634	0.0	481782	482.898528055	8.0
1404.84902911	8533	1.16745935187	0.0	510552	510.479744464	5.868
1405.37949228	9000	1.13699618472	0.0	536970	530.463167159	6.665
1405.88952299	9000	1.12696547033	0.0	536970	510.030714383	9.0
1406.41311006	9000	1.10337840332	0.0	536970	523.587067012	9.0
1406.99018953	9000	1.02629893412	0.0	536970	577.079469206	9.0
1407.56504551	9000	0.951442958385	0.0	536970	574.855975731	9.0
1408.1727574	9533	0.843731064784	0.0	573990	607.711893601	6.868
1408.73276221	9666	0.783726254433	0.0	586715	560.00481035	9.001
1409.23444484	9000	0.782043621605	0.0	551265	501.682632828	5.67
1409.76768497	9000	0.748803495737	0.0	551265	533.240125868	9.0
1410.32284713	9000	0.693641336703	0.0	551265	555.162159034	9.0
1410.88257062	9000	0.633917846849	0.0	551265	559.723489854	9.0
1411.43625298	9000	0.580235481744	0.0	551265	553.682365105	9.0
1411.97583816	9000	0.540650307492	0.0	551265	539.585174252	9.0
1412.48116596	8466	0.535322508074	0.0	527825	505.327799418	5.796
1412.97135407	8000	0.5451343914	0.0	498375	490.188116674	5.67
1413.40006744	7066	0.616421022963	0.0	434595	428.713368437	2.396
1413.84515906	7200	0.671329400728	0.0	442995	445.091622235	6.53
1414.32310937	7600	0.69337909394	0.0	469589	477.950306788	5.6
1414.83584914	8000	0.680639327317	0.0	496259	512.739766623	6.0
1415.36716647	8133	0.649321997773	0.0	508563	531.317329544	7.468
1415.92524683	8733	0.591241632663	0.0	536941	558.080365109	5.733
1416.46251363	8733	0.553974836323	0.0	525223	537.26679634	8.733
1417.00035606	9000	0.51613240087	0.0	536970	537.842435453	7.665
1417.52605855	9000	0.5	0.0095700872448	527946	525.702488115	8.52149563776
1418.07101998	8933	0.5	0.0449614261955	519390	544.961426196	6.34992869022
1418.53650669	7146	0.534513289325	0.0	422679	465.486710675	-1.789
1419.05993538	7200	0.511084594156	0.0	427485	523.42869517	6.93
1419.56077723	6880	0.510242750083	0.0	408679	500.841844072	5.28
1419.96718913	5600	0.603830843119	0.0	332739	406.411906964	-0.8
1420.33340321	5160	0.73761676795	0.0	311634	366.214075169	2.96
1420.71702712	5400	0.853992857593	0.0	326865	383.623910357	4.2
1421.09564756	5720	0.97537241891	0.0	345913	378.620438683	4.12
1421.47361497	6000	1.09740501123	0.0	362580	377.96740768	4.6
1421.8459214	6000	1.22509857496	0.0	362580	372.30643627	6.0
1422.21148317	6000	1.35953680855	0.0	362580	365.561766406	6.0
1422.57594135	6000	1.49507862366	0.0	362580	364.458184895	6.0
1422.93995446	6000	1.63106551942	0.0	362580	364.013104241	6.0
1423.29795615	5920	1.77306383073	0.0	359656	358.001688683	5.52
1423.6644144	6000	1.90660557719	0.0	367200	366.458253548	5.6
1424.03376409	6000	2.0372558912	0.0	367200	369.349685985	6.0
1424.42115616	6400	2.14986381404	0.0	383025	387.392077161	4.4
1424.81007023	6400	2.26094974621	0.0	383025	388.914067828	6.4
1425.20018845	6400	2.37083152459	0.0	383025	390.118221627	6.4
1425.59628778	6400	2.47473219531	0.0	383025	396.099329278	6.4
1426.01522776	6400	2.55579222138	0.0	383025	418.939973926	6.4
1426.43940277	6400	2.6316172109	0.0	383025	424.175010484	6.4
1426.87256771	6400	2.6984522728	0.0	383025	433.164938092	6.4
1427.30760042	6400	2.76341955614	0.0	383025	435.032716664	6.4
1427.75594686	6400	2.81507312127	0.0	383025	448.346434868	6.4
1428.20429329	6400	2.8667266864	0.0	383025	448.346434868	6.4
1428.65913101	6400	2.9118889671	0.0	383025	454.837719305	6.4
1429.1189063	6400	2.95211368107	0.0	383025	459.775286028	6.4
1429.57893692	6400	2.99208305849	0.0	383025	460.030622577	6.4
1430.04330397	6400	3.02771601075	0.0	383025	464.367047748	6.4
1430.50767102	6400	3.063348963	0.0	383025	464.367047748	6.4
1430.97119012	6400	3.0998298585	0.0	383025	463.519104499	6.4
1431.4325558	6400	3.1384641765	0.0	383025	461.365681996	6.4
1431.89392148	6400	3.17709849451	0.0	383025	461.365681996	6.4
1432.35980177	6400	3.21121820977	0.0	383025	465.880284733	6.4
1432.82866971	6400	3.24235026953	0.0	383025	468.867940246	6.4
1433.29753765	6400	3.27348232928	0.0	383025	468.867940246	6.4
1433.79084823	6400	3.28017175022	0.0	383025	493.310579061	6.4
1434.28827473	6400	3.28274524834	0.0	383025	497.426501885	6.4
1434.78570123	6400	3.28531874645	0.0	383025	497.426501885	6.4
1435.28312773	6400	3.28789224457	0.0	383025	497.426501885	6.4
1435.78055424	6400	3.29046574268	0.0	383025	497.426501885	6.4
1436.29448542	6400	3.27653456091	0.0	383025	513.931181769	6.4
1436.80887301	6400	3.26214696656	0.0	383025	514.387594355	6.4
1437.32326061	6400	3.2477593722	0.0	383025	514.387594355	6.4
1437.8376482	6400	3.23337177785	0.0	383025	514.387594355	6.4
1438.35203579	6400	3.21898418349	0.0	383025	514.387594355	6.4
1438.86642339	6400	3.20459658914	0.0	383025	514.387594355	6.4
1439.29969867	6400	3.27132130977	0.0	383025	433.275279371	6.4
1439.72392739	6400	3.34709259229	0.0	383025	424.228717476	6.4
1440.15781509	6400	3.4132048868	0.0	383025	433.887705495	6.4
1440.61681921	6400	3.45420077085	0.0	383025	459.004115952	6.4
1441.07582332	6400	3.49519665489	0.0	383025	459.004115952	6.4
1441.53497078	6400	3.53604920055	0.0	383025	459.147454346	6.4
1442.049614	6400	3.52140597439	0.0	383025	514.643226157	6.4
1442.56425723	6400	3.50676274823	0.0	383025	514.643226157	6.4
1443.07890046	6400	3.49211952208	0.0	383025	514.643226157	6.4
1443.59354368	6400	3.47747629592	0.0	383025	514.643226157	6.4
1444.10818691	6400	3.46283306976	0.0	383025	514.643226157	6.4
1444.62168466	6400	3.44933532275	0.0	383025	513.49774701	6.4
1445.12655672	6400	3.44446325682	0.0	383025	504.872065934	6.4
1445.63142879	6400	3.43959119088	0.0	383025	504.872065934	6.4
1446.13630085	6400	3.43471912495	0.0	383025	504.872065934	6.4
1446.64117292	6400	3.42984705902	0.0	383025	504.872065934	6.4
1447.14591744	6400	3.42510254134	0.0	383025	504.744517681	6.4
1447.62420455	6400	3.44681543132	0.0	383025	478.28711002	6.4
1448.10018191	6400	3.47083807231	0.0	383025	475.977359005	6.4
1448.586708	6400	3.48431197659	0.0	383025	486.526095717	6.4
1449.07653432	6400	3.49448566037	0.0	383025	489.826316227	6.4
1449.55939393	6400	3.51162604561	0.0	383025	482.859614757	6.4
1450.04131184	6400	3.52970813927	0.0	383025	481.917906342	6.4
1450.52322975	6400	3.54779023293	0.0	383025	481.917906342	6.4

