349.201636366	3066	0.5	0.204099870869	181435	204.099870869	-7.13899354344
349.40893923	3120	0.79269713625	0.0	184429	207.30286375	2.85
349.620626921	3146	1.08100944544	0.0	188625	211.687690808	3.016
349.834870856	3200	1.36676551025	0.0	192435	214.243935191	2.93
350.147005895	4800	1.55463047151	0.0	291300	312.135038738	-3.2
350.555712961	6400	1.6459234052	0.0	389889	408.707066313	-1.6
350.972270326	6666	1.72936604027	0.0	408326	416.557364929	5.336
351.363161678	6453	1.8384746881	0.0	395340	390.891352174	5.388
351.768916506	6773	1.93271986023	0.0	413791	405.754827865	5.173
352.224645625	7200	1.97699074121	0.0	438675	455.729119024	5.065
352.69188049	7413	2.00975587663	0.0	444483	467.234864577	6.348
353.089672275	6400	2.11196409104	0.0	383025	397.79178559	1.335
353.476634298	6400	2.22500206814	0.0	383025	386.962022897	6.4
353.863647299	6400	2.33798906762	0.0	383025	387.01300052	6.4
354.27069958	6400	2.43093678599	0.0	383025	407.052281639	6.4
354.681066158	6400	2.52057020866	0.0	383025	410.366577325	6.4
355.085329512	6400	2.61630685436	0.0	383025	404.263354299	6.4
355.464245453	6400	2.73739091361	0.0	383025	378.915940751	6.4
355.843276467	6400	2.8583598992	0.0	383025	379.031014406	6.4
356.231798102	6400	2.96983826403	0.0	383025	388.521635179	6.4
356.625154891	6400	3.07648147558	0.0	383025	393.356788449	6.4
357.017746534	6400	3.18388983197	0.0	383025	392.591643605	6.4
357.410568161	6400	3.29106820529	0.0	383025	392.821626684	6.4
357.803290061	6400	3.39834630512	0.0	383025	392.721900168	6.4
358.190165692	6400	3.51147067476	0.0	383025	386.875630362	6.4
358.572664913	6400	3.62897145368	0.0	383025	382.499221081	6.4
358.954639159	6400	3.74699720738	0.0	383025	381.974246298	6.4
359.357476417	6400	3.84415994893	0.0	383025	402.837258449	6.4
359.772141515	6400	3.92949485151	0.0	383025	414.665097417	6.4
360.180793892	6400	4.02084247485	0.0	383025	408.652376665	6.4
360.573663915	6400	4.12797245104	0.0	383025	392.870023805	6.4
360.961439939	6400	4.2401964276	0.0	383025	387.776023444	6.4
361.408295099	6400	4.29334126741	0.0	383025	446.855160189	6.4
361.892481146	6400	4.30915521997	0.0	383025	484.18604744	6.4
362.364885209	6400	4.33675115697	0.0	383025	472.404062997	6.4
362.828414164	6400	4.37322220279	0.0	383025	463.528954186	6.4
363.278871224	6400	4.42276514218	0.0	383025	450.457060611	6.4
363.714573968	6400	4.48706239806	0.0	383025	435.702744118	6.4
364.147177429	6400	4.55445893733	0.0	383025	432.603460726	6.4
364.593109527	6400	4.60852683897	0.0	383025	445.932098368	6.4
365.045923195	6400	4.65571317101	0.0	383025	452.81366796	6.4
365.493709357	6400	4.70792700911	0.0	383025	447.786161901	6.4
365.938249105	6400	4.76338726179	0.0	383025	444.539747319	6.4
366.387451189	6400	4.81418517732	0.0	383025	449.202084467	6.4
366.844385343	6400	4.85725102369	0.0	383025	456.934153633	6.4
367.29875949	6400	4.90287687645	0.0	383025	454.37414724	6.4
367.744737894	6400	4.95689847262	0.0	383025	445.978403826	6.4
368.187483789	6400	5.01415257768	0.0	383025	442.745894938	6.4
368.629145413	6400	5.07249095318	0.0	383025	441.661624504	6.4
369.069861751	6400	5.13177461508	0.0	383025	440.716338102	6.4
369.523576715	6400	5.178059651	0.0	383025	453.71496408	6.4
370.006728643	6400	5.19490772345	0.0	383025	483.151927544	6.4
370.482651557	6400	5.21898480947	0.0	383025	475.922913984	6.4
370.927391773	6400	5.27424459295	0.0	383025	444.740216522	6.4
371.371519181	6400	5.33011718549	0.0	383025	444.127407463	6.4
371.808395704	6400	5.3932406626	0.0	383025	436.876522887	6.4
372.245055398	6400	5.45658096834	0.0	383025	436.659694258	6.4
372.687973169	6400	5.51366319775	0.0	383025	442.917770589	6.4
373.130981003	6400	5.57065536324	0.0	383025	443.007834512	6.4
373.569891587	6400	5.63174477942	0.0	383025	438.910583819	6.4
374.006899923	6400	5.69473644376	0.0	383025	437.008335658	6.4
374.437061089	6400	5.76457527747	0.0	383025	430.16116629	6.4
374.854227118	6400	5.84740924823	0.0	383025	417.166029237	6.4
375.263554993	6400	5.93808137341	0.0	383025	409.327874821	6.4
375.656736452	6400	6.04489991417	0.0	383025	393.18145924	6.4
376.047104374	6400	6.15453199216	0.0	383025	390.367922017	6.4
376.437472296	6400	6.26416407014	0.0	383025	390.367922017	6.4
376.853570885	6400	6.34806548129	0.0	383025	416.098588852	6.4
377.273506816	6400	6.42812955057	0.0	383025	419.935930712	6.4
377.67862421	6400	6.52301215659	0.0	383025	405.117393987	6.4
378.069603326	6400	6.63203304081	0.0	383025	390.979115779	6.4
378.457890937	6400	6.74374542945	0.0	383025	388.287611359	6.4
378.873109981	6400	6.82852638541	0.0	383025	415.219044035	6.4
379.306917461	6400	6.89471890525	0.0	383025	433.807480165	6.4
379.723225705	6400	6.97841066134	0.0	383025	416.308243912	6.4
380.119092894	6400	7.08254347241	0.0	383025	395.867188929	6.4
380.511320496	6400	7.19031587025	0.0	383025	392.227602161	6.4
380.919125258	6400	7.28251110793	0.0	383025	407.80476232	6.4
381.332693649	6400	7.36894271725	0.0	383025	413.568390679	6.4
381.745445867	6400	7.45619049981	0.0	383025	412.752217437	6.4
382.154685093	6400	7.54695127368	0.0	383025	409.239226131	6.4
382.562139574	6400	7.63949679229	0.0	383025	407.454481387	6.4
383.008652452	6400	7.69298391457	0.0	383025	446.512877725	6.4
383.462330789	6400	7.73930557758	0.0	383025	453.678336991	6.4
383.882308963	6400	7.81932740298	0.0	383025	419.978174598	6.4
384.281310968	6400	7.92032539794	0.0	383025	399.002005036	6.4
384.67701246	6400	8.02462390681	0.0	383025	395.701491138	6.4
385.094449913	6400	8.10718645382	0.0	383025	417.437452984	6.4
385.515487336	6400	8.18614903072	0.0	383025	421.037423104	6.4
385.923004456	6400	8.2786319106	0.0	383025	407.517120123	6.4
386.302917238	6400	8.39871912838	0.0	383025	379.912782211	6.4
386.690254646	6400	8.51138171995	0.0	383025	387.337408432	6.4
387.101656964	6400	8.59997940207	0.0	383025	411.402317882	6.4
387.55488357	6400	8.64675279623	0.0	383025	453.226605843	6.4
388.024328869	6400	8.6773074972	0.0	383025	469.445299026	6.4
388.461910722	6400	8.73972564403	0.0	383025	437.581853173	6.4
388.91055889	6400	8.79107747613	0.0	383025	448.648167896	6.4
389.443150241	6400	8.75848612533	0.0	383025	532.591350805	6.4
389.947181651	6400	8.75445471578	0.0	383025	504.031409548	6.4
390.35034308	6400	8.85129328595	0.0	383025	403.16142983	6.4
390.747548525	6400	8.95408784185	0.0	383025	397.205444102	6.4
391.20944789	6400	8.99218847665	0.0	383025	461.899365199	6.4
391.68607142	6400	9.01556494673	0.0	383025	476.623529919	6.4
392.103961128	6400	9.0976752382	0.0	383025	417.889708534	6.4
392.495010778	6400	9.20662558861	0.0	383025	391.049649582	6.4
392.883115544	6400	9.31852082263	0.0	383025	388.104765979	6.4
393.316629261	6400	9.38500710555	0.0	383025	433.513717087	6.4
393.759660841	6400	9.44197552485	0.0	383025	443.031580695	6.4
394.16829536	6400	9.5333410065	0.0	383025	408.634518349	6.4
394.562510624	6400	9.63912574278	0.0	383025	394.215263718	6.4
394.958293235	6400	9.74334313147	0.0	383025	395.78261131	6.4
395.365569333	6400	9.83606703311	0.0	383025	407.276098364	6.4
395.775539305	6400	9.9260970609	0.0	383025	409.969972206	6.4
396.264567939	6400	9.5305841203	0.0	383025	395.512940606	6.4
396.660492522	6400	9.6346595375	0.0	383025	395.9245828	6.4
397.092292038	6400	9.70286002198	0.0	383025	431.799515523	6.4
397.519992135	6400	9.7751599249	0.0	383025	427.700097076	6.4
397.928363875	6400	9.86678818442	0.0	383025	408.371740481	6.4
398.322215457	6400	9.97293660308	0.0	383025	393.851581343	6.4
398.943304618	6400	9.56797364202	0.0	383025	404.962961051	6.4

