8219.18335369	3066	0.5	0.20132719387	181435	201.32719387	-7.00035969348
8219.38783813	3120	0.795515567348	0.0	184429	204.484432652	2.85
8219.59674733	3146	1.0866063605	0.0	188625	208.909206844	3.016
8219.80967427	3200	1.37367942495	0.0	192435	212.926935554	2.93
8220.12685652	4800	1.5564971747	0.0	291300	317.182250251	-3.2
8220.54800304	6400	1.63535065782	0.0	389889	421.146516883	-1.6
8220.98859177	6666	1.69476191935	0.0	408326	440.588738468	5.336
8221.41548649	6453	1.7678672032	0.0	395340	426.894716149	5.388
8221.86183819	6773	1.82151550216	0.0	413791	446.351701042	5.173
8222.33443062	7200	1.84892307638	0.0	438675	472.592425777	5.065
8222.78712044	7413	1.89623325292	0.0	444483	452.689823461	6.348
8223.32568607	9000	1.85766761913	0.0	536970	538.565633789	1.065
8223.87214397	9000	1.8112097257	0.0	536970	546.457893433	9.0
8224.4260336	9000	1.75732009772	0.0	536970	553.889627976	9.0
8224.97992322	9000	1.70343046975	0.0	536970	553.889627976	9.0
8225.53232446	9000	1.6510292332	0.0	536970	552.401236546	9.0
8226.09699573	9400	1.58635796221	0.0	553424	564.671270994	7.4
8226.63113434	9000	1.55221934899	0.0	522960	534.138613213	7.0
8227.17652803	9000	1.50682566569	0.0	522960	545.393683302	9.0
8227.73455794	9000	1.44879575103	0.0	532300	558.029914657	9.0
8228.26242614	8400	1.42092755792	0.0	503004	527.868193109	5.4
8228.7684452	8000	1.41490849284	0.0	481782	506.019065082	6.0
8229.27478396	8000	1.40856973121	0.0	481782	506.338761637	8.0
8229.81129645	8533	1.3720572452	0.0	510552	536.512486005	5.868
8230.37505279	9000	1.30830089989	0.0	536970	563.756345309	6.665
8230.92486765	9000	1.25848604546	0.0	536970	549.814854432	9.0
8231.4701007	9000	1.2132529969	0.0	536970	545.233048562	9.0
8232.02658048	9000	1.15677320846	0.0	536970	556.479788438	9.0
8232.5923368	9000	1.09101689342	0.0	536970	565.756315038	9.0
8233.19640829	9533	0.986945404757	0.0	573990	604.071488665	6.868
8233.81483368	9666	0.868520011544	0.0	586715	618.425393213	9.001
8234.4266182	9000	0.756735490668	0.0	551265	611.784520877	5.67
8235.03840272	9000	0.644950969791	0.0	551265	611.784520877	9.0
8235.65018724	9000	0.533166448914	0.0	551265	611.784520877	9.0
8236.13906369	7200	0.54429000166	0.0	438675	488.876447254	-1.8
8236.62794014	7200	0.555413554406	0.0	438675	488.876447254	7.2
8237.11681659	7200	0.566537107151	0.0	438675	488.876447254	7.2
8237.58548891	6773	0.59786478661	0.0	420167	468.672320541	4.638
8238.028536	6400	0.654817691401	0.0	396693	443.047095209	4.535
8238.51499021	7066	0.668363479998	0.0	434595	486.454211404	3.736
8239.0108625	7200	0.672491197658	0.0	442995	495.87228234	6.53
8239.5359028	7600	0.647450894287	0.0	469589	525.040303371	5.6
8240.09019448	8000	0.59315921388	0.0	496259	554.291680407	6.0
8240.65798106	8133	0.525372634971	0.0	508563	567.786578909	7.468
8241.13662936	6986	0.54672433557	0.0	427291	478.648299401	1.251
8241.60517623	6986	0.578177467833	0.0	418081	468.546867737	6.986
8242.0840373	7200	0.599316391261	0.0	427485	478.861076572	6.13
8242.55467904	7200	0.628674655503	0.0	419991	470.641735758	7.2
8243.01538757	7146	0.667966122271	0.0	413019	460.708533232	6.876
8243.48539231	7146	0.697961382872	0.0	422679	470.004739399	7.146
8243.96062746	7200	0.722726237473	0.0	427485	475.235145399	6.93
8244.41539589	6880	0.767957803525	0.0	408679	454.768433948	5.28
8244.88052283	7000	0.802830858485	0.0	418197	465.12694504	6.4
8245.3459088	6880	0.837444896252	0.0	418435	465.385962233	6.28
8245.833518	7200	0.849835694213	0.0	438855	487.60920204	5.6
8246.34572121	7626	0.837632480935	0.0	464559	512.203213278	5.496
8246.88090086	8000	0.802452833601	0.0	487050	535.179647333	6.13
8247.41608051	8000	0.767273186268	0.0	487050	535.179647333	8.0
8247.95126015	8000	0.732093538935	0.0	487050	535.179647333	8.0
8248.4864398	8000	0.696913891602	0.0	487050	535.179647333	8.0
8249.02161945	8000	0.661734244269	0.0	487050	535.179647333	8.0
8249.55075833	7893	0.632595359199	0.0	483158	529.13888507	7.358
8250.0829933	8000	0.600360394237	0.0	493365	532.234964962	7.465
8250.61522826	8000	0.568125429275	0.0	493365	532.234964962	8.0
8251.14746323	8000	0.535890464313	0.0	493365	532.234964962	8.0
8251.61565689	6960	0.567696802676	0.0	432864	468.193661637	1.76
8252.09367825	7200	0.589675447142	0.0	449280	478.021355534	6.0
8252.56973813	7360	0.613615558382	0.0	456778	476.059888759	6.56
8252.99084051	6600	0.692513184626	0.0	402915	421.102373756	2.8
8253.51007015	8160	0.673283541865	0.0	499088	519.229642761	0.36
8254.02142119	8000	0.661932508047	0.0	487050	511.351033818	7.2
8254.53510243	8000	0.648251262674	0.0	487050	513.681245373	8.0
8255.04878368	8000	0.634570017301	0.0	487050	513.681245373	8.0
8255.54720133	7680	0.636152360599	0.0	467772	498.417656702	6.08
8256.00467535	6933	0.678678347851	0.0	421780	457.474012747	3.198
8256.44926769	6826	0.734086001998	0.0	409638	444.592345853	6.291
8256.91411508	7200	0.769238608842	0.0	428730	464.847393156	5.33
8257.37896248	7200	0.804391215687	0.0	428730	464.847393156	7.2
8257.84380987	7200	0.839543822531	0.0	428730	464.847393156	7.2
8258.3050453	7200	0.878308395321	0.0	428730	461.23542721	7.2
8258.76470402	7200	0.918649671238	0.0	428730	459.658724083	7.2
8259.22551015	7200	0.957843542858	0.0	429824	460.80612838	7.2
8259.68554016	7200	0.997813538042	0.0	429084	460.030004815	7.2
8260.19860871	7946	0.984744984917	0.0	476950	513.068553125	4.216
8260.6947229	7626	0.988630796146	0.0	456045	496.114188771	6.026
8261.16055388	7200	1.02279981211	0.0	427635	465.830984037	5.07
8261.66325235	7800	1.02010134472	0.0	462222	502.698467393	4.8
8262.1594742	7800	1.02387949654	0.0	456146	496.221848175	7.8
8262.64602695	7666	1.037326742	0.0	447075	486.552754541	6.996
8263.10342695	7133	1.07992674547	0.0	421103	457.399996526	4.468
8263.61904013	8000	1.06431356782	0.0	476265	515.613177659	3.665
8264.11190488	7733	1.07144881629	0.0	454837	492.864751529	6.398
8264.61269251	8000	1.07066118328	0.0	462300	500.787633002	6.665
8265.12803297	8000	1.05532072436	0.0	462300	515.340458926	8.0
8265.65119977	8000	1.03215391965	0.0	468906	523.166804709	8.0
8266.17276001	8000	1.01059368186	0.0	467438	521.560237787	8.0
8266.69179658	7933	0.99155711119	0.0	465132	519.036570673	7.598
8267.20011468	7533	0.983239012205	0.0	455338	508.318098985	5.533
8267.68291923	7093	1.00043446544	0.0	432025	482.804546763	4.893
8268.17257248	7200	1.01078121582	0.0	438283	489.653249624	6.665
8268.71559592	8000	0.967757769255	0.0	487050	543.023446562	4.0
8269.25861937	8000	0.924734322693	0.0	487050	543.023446562	8.0
8269.7932424	8000	0.890111297524	0.0	487050	534.62302517	8.0
8270.40142444	9066	0.781929253759	0.0	555398	608.182043765	3.736
8271.00557515	9000	0.677778544982	0.0	551655	604.150708777	8.67
8271.60927126	9000	0.574082435381	0.0	551655	603.6961096	9.0
8272.21248314	9000	0.5	0.0291294447576	551655	603.211880139	7.54352776212
8272.81569502	9000	0.5	0.103211880139	551655	603.211880139	3.83940599306
8273.38659965	8533	0.5	0.0709046270061	521611	570.904627006	2.65276864969
8273.92131256	8000	0.5	0.0347129172678	487275	534.712917268	3.59935413661
8274.46318172	8000	0.5	0.0418691578324	487275	541.869157832	5.90654210838
8275.00505088	8000	0.5	0.0418691578324	487275	541.869157832	5.90654210838
8275.48723805	7133	0.517812832444	0.0	432597	482.187167556	2.798
8275.91730307	6346	0.587747805414	0.0	384845	430.06502703	2.411
8276.35155407	6400	0.653496809023	0.0	388680	434.250996391	6.13
8276.78580507	6400	0.719245812633	0.0	388680	434.250996391	6.4
8277.22005606	6400	0.784994816242	0.0	388680	434.250996391	6.4
8277.68746627	6933	0.817584611712	0.0	419059	467.410204529	4.268
8278.1413415	6866	0.863709379099	0.0	410775	453.875232613	6.531
8278.59391119	6866	0.911139692397	0.0	413769	452.569686703	6.866

