1450.72286661	3066	0.5	0.199636865358	181435	199.636865358	-6.91584326792
1450.92563282	3120	0.797233789284	0.0	184429	202.766210716	2.85
1451.13278471	3146	1.09008189616	0.0	188625	207.15189312	3.016
1451.34391884	3200	1.37894776997	0.0	192435	211.13412619	2.93
1451.65838721	4800	1.56447939905	0.0	291300	314.468370926	-3.2
1451.97176439	4800	1.7511022227	0.0	290256	313.377176352	4.8
1452.29942221	5000	1.92344440319	0.0	303919	327.65781951	4.0
1452.630152	4840	2.09271460618	0.0	294231	330.729797009	4.04
1453.05788808	6400	2.16497853091	0.0	383025	427.736075264	-1.4
1453.48562415	6400	2.23724245565	0.0	383025	427.736075264	6.4
1453.91336023	6400	2.30950638038	0.0	383025	427.736075264	6.4
1454.33072486	6400	2.39214175238	0.0	383025	417.364628004	6.4
1454.74699517	6400	2.4758714361	0.0	383025	416.27031628	6.4
1455.16326549	6400	2.55960111982	0.0	383025	416.27031628	6.4
1455.57953581	6400	2.64333080354	0.0	383025	416.27031628	6.4
1455.99047306	6400	2.73239354997	0.0	383025	410.937253567	6.4
1456.39742745	6400	2.82543915985	0.0	383025	406.954390122	6.4
1456.80438184	6400	2.91848476973	0.0	383025	406.954390122	6.4
1457.21593061	6400	3.00693599987	0.0	383025	411.548769858	6.4
1457.63609045	6400	3.08677616316	0.0	383025	420.159836706	6.4
1458.05625028	6400	3.16661632646	0.0	383025	420.159836706	6.4
1458.47641012	6400	3.24645648975	0.0	383025	420.159836706	6.4
1458.89656996	6400	3.32629665305	0.0	383025	420.159836706	6.4
1459.31205509	6400	3.4108115214	0.0	383025	415.485131649	6.4
1459.71972389	6400	3.50314271963	0.0	383025	407.668801764	6.4
1460.12739269	6400	3.59547391787	0.0	383025	407.668801764	6.4
1460.52731916	6400	3.69554745458	0.0	383025	399.926463293	6.4
1460.92570951	6400	3.79715710508	0.0	383025	398.390349495	6.4
1461.32823913	6400	3.89462748344	0.0	383025	402.529621638	6.4
1461.73891381	6400	3.9839528023	0.0	383025	410.674681142	6.4
1462.14958849	6400	4.07327812116	0.0	383025	410.674681142	6.4
1462.56026317	6400	4.16260344002	0.0	383025	410.674681142	6.4
1462.95445851	6400	4.26840810485	0.0	383025	394.195335171	6.4
1463.34135695	6400	4.38150966393	0.0	383025	386.898440916	6.4
1463.72825539	6400	4.49461122301	0.0	383025	386.898440916	6.4
1464.12703548	6400	4.59583113026	0.0	383025	398.780092752	6.4
1464.52630716	6400	4.69655944632	0.0	383025	399.271683936	6.4
1464.92557885	6400	4.79728776239	0.0	383025	399.271683936	6.4
1465.32051127	6400	4.90235534046	0.0	383025	394.932421929	6.4
1465.71483843	6400	5.00802817853	0.0	383025	394.327161931	6.4
1466.10689695	6400	5.11596966411	0.0	383025	392.058514416	6.4
1466.49653484	6400	5.22633176953	0.0	383025	389.637894578	6.4
1466.88617274	6400	5.33669387496	0.0	383025	389.637894578	6.4
1467.27360072	6400	5.44926588805	0.0	383025	387.427986905	6.4
1467.65963142	6400	5.56323518768	0.0	383025	386.03070037	6.4
1468.0470681	6400	5.67579850636	0.0	383025	387.436681324	6.4
1468.44555844	6400	5.77730817518	0.0	383025	398.490331173	6.4
1468.84404877	6400	5.87881784401	0.0	383025	398.490331173	6.4
1469.24271115	6400	5.98015546353	0.0	383025	398.662380485	6.4
1469.64466299	6400	6.0782036167	0.0	383025	401.951846823	6.4
1470.04661484	6400	6.17625176988	0.0	383025	401.951846823	6.4
1470.4501812	6400	6.27268541511	0.0	383025	403.566354766	6.4
1470.85620683	6400	6.36665978287	0.0	383025	406.025632239	6.4
1471.26223246	6400	6.46063415064	0.0	383025	406.025632239	6.4
1471.67058827	6400	6.55227833668	0.0	383025	408.355813952	6.4
1472.10295857	6400	6.61990803621	0.0	383025	432.370300471	6.4
1472.53532887	6400	6.68753773574	0.0	383025	432.370300471	6.4
1472.96769918	6400	6.75516743527	0.0	383025	432.370300471	6.4
1473.40006948	6400	6.8227971348	0.0	383025	432.370300471	6.4
1473.81970305	6400	6.9031635623	0.0	383025	419.633572502	6.4
1474.2286031	6400	6.99426350893	0.0	383025	408.900053364	6.4
1474.63750315	6400	7.08536345557	0.0	383025	408.900053364	6.4
1475.05301241	6400	7.16985419996	0.0	383025	415.509255609	6.4
1475.49020818	6400	7.23265843138	0.0	383025	437.195768575	6.4
1475.92740395	6400	7.29546266281	0.0	383025	437.195768575	6.4
1476.36459972	6400	7.35826689423	0.0	383025	437.195768575	6.4
1476.79580777	6400	7.42705884375	0.0	383025	431.208050482	6.4
1477.18033421	6400	7.54253240207	0.0	383025	384.52644168	6.4
1477.56486065	6400	7.65800596039	0.0	383025	384.52644168	6.4
1477.95380183	6400	7.7690647846	0.0	383025	388.941175791	6.4
1478.34964096	6400	7.8732256458	0.0	383025	395.839138799	6.4
1478.73873778	6400	7.98412882768	0.0	383025	389.096818122	6.4
1479.12104535	6400	8.10182126537	0.0	383025	382.307562309	6.4
1479.50235039	6400	8.22051622053	0.0	383025	381.305044845	6.4
1479.88232697	6400	8.340539643	0.0	383025	379.976577523	6.4
1480.26230354	6400	8.46056306548	0.0	383025	379.976577523	6.4
1480.66285361	6400	8.56001299873	0.0	383025	400.550066745	6.4
1481.06345531	6400	8.65941129795	0.0	383025	400.601700786	6.4
1481.46405701	6400	8.75880959716	0.0	383025	400.601700786	6.4
1481.86799159	6400	8.85487502319	0.0	383025	403.93457397	6.4
1482.27338948	6400	8.94947712896	0.0	383025	405.397894233	6.4
1482.67878738	6400	9.04407923473	0.0	383025	405.397894233	6.4
1483.09634073	6400	9.12652587654	0.0	383025	417.553358188	6.4
1483.52349072	6400	9.19937589148	0.0	383025	427.149985056	6.4
1483.9506407	6400	9.27222590643	0.0	383025	427.149985056	6.4
1484.37779069	6400	9.34507592137	0.0	383025	427.149985056	6.4
1484.7999124	6400	9.42295421005	0.0	383025	422.121711316	6.4
1485.20139211	6400	9.52147450413	0.0	383025	401.479705921	6.4
1485.60864335	6400	9.61422326536	0.0	383025	407.251238772	6.4
1486.03279857	6400	9.69006803591	0.0	383025	424.155229449	6.4
1486.4569538	6400	9.76591280646	0.0	383025	424.155229449	6.4
1486.88110903	6400	9.84175757701	0.0	383025	424.155229449	6.4
1487.30526426	6400	9.91760234756	0.0	383025	424.155229449	6.4
1487.72858283	6400	9.99428377969	0.0	383025	423.318567872	6.4
1488.65120613	6400	9.571660484	0.0	383025	422.623295694	6.4
1489.07382942	6400	9.64903718831	0.0	383025	422.623295694	6.4
1489.50459329	6400	9.71827332033	0.0	383025	430.763867972	6.4
1489.95688358	6400	9.76598302579	0.0	383025	452.29029454	6.4
1490.40917388	6400	9.81369273125	0.0	383025	452.29029454	6.4
1490.86146417	6400	9.86140243671	0.0	383025	452.29029454	6.4
1491.31375447	6400	9.90911214218	0.0	383025	452.29029454	6.4
1491.76604476	6400	9.95682184764	0.0	383025	452.29029454	6.4
1492.71833506	6400	9.5045315531	0.0	383025	452.29029454	6.4
1493.15600157	6400	9.56686504303	0.0	383025	437.666510066	6.4
1493.57710531	6400	9.64576129858	0.0	383025	421.103744453	6.4
1493.99820906	6400	9.72465755412	0.0	383025	421.103744453	6.4
1494.41960801	6400	9.80325859978	0.0	383025	421.398954344	6.4
1494.84536465	6400	9.87750196224	0.0	383025	425.756637542	6.4
1495.27112129	6400	9.9517453247	0.0	383025	425.756637542	6.4
1496.19687792	6400	9.52598868716	0.0	383025	425.756637542	6.4
1496.63161655	6400	9.59125006155	0.0	383025	434.738625607	6.4
1497.06776348	6400	9.65510313511	0.0	383025	436.146926443	6.4
1497.5039104	6400	9.71895620866	0.0	383025	436.146926443	6.4
1497.94005733	6400	9.78280928222	0.0	383025	436.146926443	6.4
1498.37620425	6400	9.84666235578	0.0	383025	436.146926443	6.4
1498.80581787	6400	9.91704873626	0.0	383025	429.613619521	6.4
1499.23233512	6400	9.99053149303	0.0	383025	426.517243233	6.4
1500.15885236	6400	9.56401424979	0.0	383025	426.517243233	6.4
1500.5853696	6400	9.63749700656	0.0	383025	426.517243233	6.4
1501.01180044	6400	9.71106616828	0.0	383025	426.430838276	6.4

