5921.59148619	3066	0.5	0.208691694279	181435	208.691694279	-7.36858471396
5921.80345665	3120	0.788029539591	0.0	184429	211.970460409	2.85
5922.0200222	3146	1.07146398811	0.0	188625	216.565551484	3.016
5922.24076013	3200	1.35072605888	0.0	192435	220.737929223	2.93
5922.56976633	4800	1.52171985532	0.0	291300	329.006203563	-3.2
5922.89762924	4800	1.69385694897	0.0	290256	327.862906356	4.8
5923.24045467	5000	1.8510315237	0.0	303919	342.825425269	4.0
5923.68339635	6453	1.90808983981	0.0	395340	442.941683889	-0.812
5924.13261687	6773	1.95886932238	0.0	413791	449.220517432	5.173
5924.6064442	7200	1.98504198664	0.0	438675	473.827335737	5.065
5925.08641255	7413	2.00507363724	0.0	444483	479.968349394	6.348
5925.50139908	6400	2.09008710902	0.0	383025	414.986528229	1.335
5925.9416019	6400	2.14988428931	0.0	383025	440.202819705	6.4
5926.38814756	6400	2.20333862517	0.0	383025	446.545664145	6.4
5926.83469323	6400	2.25679296102	0.0	383025	446.545664145	6.4
5927.28123889	6400	2.31024729688	0.0	383025	446.545664145	6.4
5927.72778456	6400	2.36370163273	0.0	383025	446.545664145	6.4
5928.17433022	6400	2.41715596859	0.0	383025	446.545664145	6.4
5928.62087588	6400	2.47061030444	0.0	383025	446.545664145	6.4
5929.06742155	6400	2.5240646403	0.0	383025	446.545664145	6.4
5929.49730667	6400	2.59417952262	0.0	383025	429.885117675	6.4
5929.91489582	6400	2.67659036571	0.0	383025	417.589156911	6.4
5930.33248498	6400	2.7590012088	0.0	383025	417.589156911	6.4
5930.75007414	6400	2.84141205189	0.0	383025	417.589156911	6.4
5931.16766329	6400	2.92382289498	0.0	383025	417.589156911	6.4
5931.58559334	6400	3.00589284662	0.0	383025	417.930048359	6.4
5932.0045386	6400	3.08694758671	0.0	383025	418.945259908	6.4
5932.42348386	6400	3.1680023268	0.0	383025	418.945259908	6.4
5932.84242912	6400	3.24905706689	0.0	383025	418.945259908	6.4
5933.27478654	6400	3.31669964436	0.0	383025	432.357422538	6.4
5933.70749276	6400	3.38399342604	0.0	383025	432.706218317	6.4
5934.14019898	6400	3.45128720772	0.0	383025	432.706218317	6.4
5934.5729052	6400	3.5185809894	0.0	383025	432.706218317	6.4
5935.00526189	6400	3.58622430091	0.0	383025	432.356688496	6.4
5935.43517074	6400	3.6563154527	0.0	383025	429.908848207	6.4
5935.86507958	6400	3.72640660449	0.0	383025	429.908848207	6.4
5936.29498843	6400	3.79649775629	0.0	383025	429.908848207	6.4
5936.72489728	6400	3.86658890808	0.0	383025	429.908848207	6.4
5937.15480613	6400	3.93668005987	0.0	383025	429.908848207	6.4
5937.58547623	6400	4.00600996294	0.0	383025	430.670096932	6.4
5938.01748917	6400	4.07399702206	0.0	383025	432.012940879	6.4
5938.44950211	6400	4.14198408118	0.0	383025	432.012940879	6.4
5938.88151505	6400	4.20997114031	0.0	383025	432.012940879	6.4
5939.31352799	6400	4.27795819943	0.0	383025	432.012940879	6.4
5939.74554093	6400	4.34594525855	0.0	383025	432.012940879	6.4
5940.1806998	6400	4.41078639311	0.0	383025	435.158865435	6.4
5940.62256453	6400	4.46892166027	0.0	383025	441.864732844	6.4
5941.06442926	6400	4.52705692742	0.0	383025	441.864732844	6.4
5941.50629399	6400	4.58519219458	0.0	383025	441.864732844	6.4
5941.94815873	6400	4.64332746174	0.0	383025	441.864732844	6.4
5942.39002346	6400	4.70146272889	0.0	383025	441.864732844	6.4
5942.83188819	6400	4.75959799605	0.0	383025	441.864732844	6.4
5943.27375293	6400	4.8177332632	0.0	383025	441.864732844	6.4
5943.71352666	6400	4.87795953252	0.0	383025	439.773730683	6.4
5944.15045203	6400	4.94103416049	0.0	383025	436.925372031	6.4
5944.5873774	6400	5.00410878846	0.0	383025	436.925372031	6.4
5945.02430277	6400	5.06718341643	0.0	383025	436.925372031	6.4
5945.46122814	6400	5.13025804439	0.0	383025	436.925372031	6.4
5945.89815352	6400	5.19333267236	0.0	383025	436.925372031	6.4
5946.31440892	6400	5.27707726587	0.0	383025	416.255406488	6.4
5946.72763055	6400	5.36385563573	0.0	383025	413.221630146	6.4
5947.14085218	6400	5.45063400558	0.0	383025	413.221630146	6.4
5947.55407381	6400	5.53741237544	0.0	383025	413.221630146	6.4
5947.9544681	6400	5.63701808455	0.0	383025	400.394290886	6.4
5948.34950963	6400	5.74197656203	0.0	383025	395.041522519	6.4
5948.74455115	6400	5.84693503951	0.0	383025	395.041522519	6.4
5949.13939599	6400	5.95209019428	0.0	383025	394.844845237	6.4
5949.53418236	6400	6.05730382464	0.0	383025	394.786369636	6.4
5949.92896873	6400	6.162517455	0.0	383025	394.786369636	6.4
5950.33386524	6400	6.25762094621	0.0	383025	404.896508789	6.4
5950.74479634	6400	6.34668984753	0.0	383025	410.93109868	6.4
5951.15572744	6400	6.43575874885	0.0	383025	410.93109868	6.4
5951.56301571	6400	6.52847048131	0.0	383025	407.28826754	6.4
5951.96503378	6400	6.62645240538	0.0	383025	402.018075938	6.4
5952.36705186	6400	6.72443432944	0.0	383025	402.018075938	6.4
5952.76930968	6400	6.82217651156	0.0	383025	402.257817881	6.4
5953.17490459	6400	6.91658160374	0.0	383025	405.594907814	6.4
5953.58049949	6400	7.01098669593	0.0	383025	405.594907814	6.4
5953.9860944	6400	7.10539178812	0.0	383025	405.594907814	6.4
5954.39054849	6400	7.20093769869	0.0	383025	404.454089426	6.4
5954.79488592	6400	7.29660026746	0.0	383025	404.337431229	6.4
5955.19922335	6400	7.39226283623	0.0	383025	404.337431229	6.4
5955.6030339	6400	7.48845228914	0.0	383025	403.810547092	6.4
5956.00638555	6400	7.5851006427	0.0	383025	403.351646436	6.4
5956.40946747	6400	7.68201872123	0.0	383025	403.081921478	6.4
5956.80655708	6400	7.78492911173	0.0	383025	397.089609493	6.4
5957.20364669	6400	7.88783950224	0.0	383025	397.089609493	6.4
5957.6007363	6400	7.99074989275	0.0	383025	397.089609493	6.4
5958.00366976	6400	8.08781642427	0.0	383025	402.933468476	6.4
5958.40929458	6400	8.18219160981	0.0	383025	405.624814464	6.4
5958.81497182	6400	8.27651436688	0.0	383025	405.677242926	6.4
5959.22072457	6400	8.3707616141	0.0	383025	405.752752783	6.4
5959.62647733	6400	8.46500886132	0.0	383025	405.752752783	6.4
5960.02873702	6400	8.56274916653	0.0	383025	402.259694788	6.4
5960.42788924	6400	8.66359695067	0.0	383025	399.152215857	6.4
5960.82704145	6400	8.76444473481	0.0	383025	399.152215857	6.4
5961.22476016	6400	8.86672603166	0.0	383025	397.718703157	6.4
5961.62002215	6400	8.97146403844	0.0	383025	395.261993219	6.4
5962.01528414	6400	9.07620204522	0.0	383025	395.261993219	6.4
5962.41186507	6400	9.17962111518	0.0	383025	396.580930034	6.4
5962.8254372	6400	9.26604899023	0.0	383025	413.572124957	6.4
5963.23900932	6400	9.35247686527	0.0	383025	413.572124957	6.4
5963.65258145	6400	9.43890474031	0.0	383025	413.572124957	6.4
5964.06584381	6400	9.52564238073	0.0	383025	413.262359583	6.4
5964.47807688	6400	9.61340930718	0.0	383025	412.233073548	6.4
5964.89030996	6400	9.70117623364	0.0	383025	412.233073548	6.4
5965.30254303	6400	9.78894316009	0.0	383025	412.233073548	6.4
5965.70376954	6400	9.88771664658	0.0	383025	401.226513513	6.4
5966.09408378	6400	9.9974024075	0.0	383025	390.314239075	6.4
5966.99443597	6400	9.59705021806	0.0	383025	400.352189443	6.4
5967.39934319	6400	9.69214299679	0.0	383025	404.90722127	6.4
5967.80327926	6400	9.78820692564	0.0	383025	403.936071152	6.4
5968.20073323	6400	9.89075296152	0.0	383025	397.45396412	6.4
5968.59818719	6400	9.9932989974	0.0	383025	397.45396412	6.4
5969.41848785	6400	9.59584503328	0.0	383025	397.45396412	6.4
5969.82586996	6400	9.68846293087	0.0	383025	407.38210241	6.4
5970.23325206	6400	9.78108082846	0.0	383025	407.38210241	6.4
5970.63451042	6400	9.87982246338	0.0	383025	401.25836508	6.4
5971.03483887	6400	9.97949402129	0.0	383025	400.328442088	6.4
5971.93714816	6400	9.57718472481	0.0	383025	402.309296472	6.4

