2323.64531756	3066	0.5	0.192370314209	181435	192.370314209	-6.55251571045
2323.84069731	3120	0.804620251444	0.0	184429	195.379748556	2.85
2324.04029469	3146	1.10502287212	0.0	188625	199.597379324	3.016
2324.24372171	3200	1.40159585189	0.0	192435	203.427020227	2.93
2324.54694736	4800	1.59837019871	0.0	291300	303.225653178	-3.2
2324.95025797	6400	1.69505959184	0.0	389889	403.310606877	-1.6
2325.37339805	6666	1.77191950589	0.0	408326	423.140085951	5.336
2325.79140257	6453	1.85391498499	0.0	395340	418.004520896	5.388
2326.23596727	6773	1.90935029237	0.0	413791	444.564692624	5.173
2326.72066868	7200	1.92464887827	0.0	438675	484.701414101	5.065
2327.20942303	7413	1.93589452386	0.0	444483	488.754354405	6.348
2327.79077959	9000	1.85453796364	0.0	536970	581.356560224	1.065
2328.37100055	9000	1.77431700743	0.0	536970	580.220956211	9.0
2328.99134075	9000	1.6539768094	0.0	536970	620.340198022	9.0
2329.63636228	9000	1.50895527493	0.0	536970	645.021534479	9.0
2330.36186812	9000	1.2834494404	0.0	536970	725.505834526	9.0
2331.1092987	9400	1.03601885588	0.0	553424	747.430584514	7.4
2331.6712656	7200	0.974051962661	0.0	415815	561.966893224	-3.8
2332.1235921	7200	1.02172546146	0.0	415815	452.326501202	7.2
2332.57904284	7200	1.06627471372	0.0	423595	455.450747735	7.2
2333.00137665	6720	1.14394090429	0.0	400413	422.33380943	4.32
2333.40233921	6400	1.24297834821	0.0	383463	400.962556084	4.8
2333.80400756	6400	1.34130999487	0.0	383463	401.668353339	6.4
2334.23107795	6826	1.41423961179	0.0	406429	427.070383084	4.696
2334.6817246	7200	1.46359296104	0.0	427485	450.646650745	5.33
2335.13313925	7200	1.51217830566	0.0	427485	451.414655386	7.2
2335.58539523	7200	1.55992232566	0.0	427485	452.255979998	7.2
2336.02730306	7200	1.61801449965	0.0	427485	441.907826002	7.2
2336.46763198	7200	1.67768557287	0.0	427485	440.328926782	7.2
2336.93603579	7626	1.70928177051	0.0	456993	468.403802367	5.496
2337.4121562	7733	1.7331613586	0.0	467045	476.120411906	7.198
2337.97429816	9000	1.67101939672	0.0	551265	562.141961876	2.665
2338.538606	9000	1.60671156073	0.0	551265	564.307835989	9.0
2339.11766619	9000	1.52765136556	0.0	551265	579.060195173	9.0
2339.70153759	9000	1.44377996311	0.0	551265	583.871402449	9.0
2340.2666026	9000	1.37871496156	0.0	551265	565.065001553	9.0
2340.8256822	9000	1.31963536042	0.0	551265	559.079601136	9.0
2341.37044294	8466	1.27487461756	0.0	527825	544.760742866	5.796
2341.8895487	8000	1.2557688529	0.0	498375	519.105764657	5.67
2342.34458528	7066	1.30073227701	0.0	434595	455.036575893	2.396
2342.81001562	7200	1.33530193815	0.0	442995	465.430338862	6.53
2343.30442241	7600	1.34089514994	0.0	469589	494.406788207	5.6
2343.82993316	8000	1.31538439661	0.0	496259	525.510753335	6.0
2344.37573329	8133	1.26958426671	0.0	508563	545.800129891	7.468
2344.95684659	8733	1.18847097197	0.0	536941	581.113294743	5.733
2345.52601786	8733	1.11929969402	0.0	525223	569.17127795	8.733
2346.10026369	9000	1.04505386671	0.0	536970	574.245827316	7.665
2346.62749206	9000	1.0178254999	0.0	527946	527.228366802	9.0
2347.16111745	8933	0.98420010867	0.0	519390	533.625391233	8.598
2347.72182504	8933	0.923492516583	0.0	530998	560.707592087	8.933
2348.32212932	9000	0.823188236591	0.0	536970	600.304279993	8.665
2348.91845077	8600	0.726866792485	0.0	513386	596.321444105	6.6
2349.41962684	7000	0.725690721725	0.0	418197	501.17607076	-1.0
2349.92365963	6880	0.721657929035	0.0	418435	504.03279269	6.28
2350.4603433	7200	0.684974253504	0.0	438855	536.683675531	5.6
2351.02496449	7626	0.620353064527	0.0	464559	564.621188977	5.496
2351.46136893	6000	0.683948628531	0.0	362580	436.404435997	-2.13
2351.89777337	6000	0.747544192534	0.0	362580	436.404435997	6.0
2352.32850974	6000	0.816807818869	0.0	362580	430.736373665	6.0
2352.75889049	6000	0.886427066939	0.0	362580	430.38075193	6.0
2353.17783492	6000	0.967482634666	0.0	362580	418.944432273	6.0
2353.59337092	5920	1.0519466388	0.0	359656	415.535995863	5.52
2354.0142493	6000	1.1310682621	0.0	367200	420.878376702	5.6
2354.43314354	6000	1.21217402191	0.0	367200	418.894240192	6.0
2354.8498028	6000	1.29551475277	0.0	367200	416.659269135	6.0
2355.33795696	6960	1.30736059542	0.0	432864	488.154157355	2.16
2355.82628972	7200	1.31902783746	0.0	449280	488.332757959	6.0
2356.31740834	7360	1.3279092135	0.0	456778	491.118623961	6.56
2356.89335917	8800	1.25195838821	0.0	541560	575.950825286	1.6
2357.42455468	8160	1.2207628766	0.0	499088	531.195511618	4.96
2357.95012757	8000	1.19518998601	0.0	487050	525.572890589	7.2
2358.48432898	8000	1.16098857862	0.0	487050	534.201407382	8.0
2359.02430964	8000	1.12100792066	0.0	487050	539.980657967	8.0
2359.54566412	7680	1.09965343757	0.0	467772	521.354483093	6.08
2360.13340875	8666	1.01190880334	0.0	530195	587.744634225	3.736
2360.69663657	8533	0.948680991592	0.0	515343	563.227811749	7.868
2361.27390486	9000	0.871412694923	0.0	539520	577.268296669	6.665
2361.84159893	9000	0.803718625743	0.0	539520	567.69406918	9.0
2362.40165902	9000	0.743658538872	0.0	539520	560.060086871	9.0
2362.96558907	9000	0.679728483855	0.0	539520	563.930055017	9.0
2363.52701178	9000	0.618305782339	0.0	539520	561.422701517	9.0
2364.08246037	9000	0.562857187274	0.0	540862	555.448595065	9.0
2364.63902329	9000	0.5062942649	0.0	539793	556.562922374	9.0
2365.1356892	7946	0.509628356472	0.0	476950	496.665908427	2.676
2365.61412507	7626	0.531192486124	0.0	456045	478.435870348	6.026
2366.06506478	7200	0.580252780532	0.0	427635	450.939705592	5.07
2366.55685172	7800	0.588465841249	0.0	462222	491.786939282	4.8
2367.05790663	7800	0.587410930455	0.0	456146	501.054910794	7.8
2367.54800538	7666	0.597312181522	0.0	447075	490.098748933	6.996
2368.00229812	7133	0.643019437398	0.0	421103	454.292744124	4.468
2368.4974819	8000	0.647835655691	0.0	476265	495.183781707	3.665
2368.96466363	7733	0.680653928881	0.0	454837	467.181726811	6.398
2369.44017526	8000	0.705142297894	0.0	462300	475.511630986	6.665
2369.91781691	8000	0.727500647279	0.0	462300	477.641650615	8.0
2370.40908048	8000	0.736237073134	0.0	468906	491.263574146	8.0
2370.91001181	8000	0.735305750716	0.0	467438	500.931322418	8.0
2371.42334302	7933	0.721974541634	0.0	465132	513.331209081	7.598
2371.92296812	7533	0.722349438506	0.0	455338	499.625103128	5.533
2372.39274088	7093	0.752576679267	0.0	432025	469.77275924	4.893
2372.86816381	7200	0.777153748096	0.0	438283	475.422931171	6.665
2373.41998133	8000	0.725336230356	0.0	487050	551.81751774	4.0
2373.98435929	8000	0.660958264691	0.0	487050	564.377965665	8.0
2374.61798937	8000	0.52732818763	0.0	487050	633.630077061	8.0
2375.06639376	5440	0.578923797014	0.0	329012	448.404390616	-7.36
2375.5119373	5400	0.633380257147	0.0	326865	445.543539867	5.2
2375.95748084	5400	0.68783671728	0.0	326865	445.543539867	5.4
2376.3909083	5400	0.754409256066	0.0	326865	433.427461214	5.4
2376.74861354	5400	0.896704022211	0.0	326865	357.705233855	5.4
2377.08734558	5120	1.05797197469	0.0	309029	338.732047521	3.72
2377.49701429	6400	1.14830326662	0.0	387630	409.668708071	0.0
2377.90406108	6400	1.24125647543	0.0	387630	407.046791192	6.4
2378.30925632	6400	1.33606123275	0.0	387630	405.195242674	6.4
2378.76276342	7133	1.38255413694	0.0	432597	453.507095809	3.468
2379.27064122	7933	1.37467633286	0.0	483757	507.877804086	3.933
2379.78502181	8000	1.36029574399	0.0	488565	514.380588871	7.665
2380.30028063	8000	1.34503693185	0.0	488565	515.258812137	8.0
2380.80311466	8000	1.34220289976	0.0	488565	502.834032095	8.0
2381.23458293	6933	1.41073462843	0.0	419059	431.468271322	1.598
2381.65629359	6866	1.48902396591	0.0	410775	421.710662522	6.531
2382.07924347	6866	1.56607408589	0.0	413769	422.94988002	6.866

