1847.17674605	3066	0.5	0.180995683184	181435	180.995683184	-5.98378415921
1847.36056347	3120	0.816182584099	0.0	184429	183.817415901	2.85
1847.54833545	3146	1.12841059556	0.0	188625	187.771988539	3.016
1847.83287478	4800	1.34387127012	0.0	291300	284.539325442	-3.47
1848.11874812	4800	1.55799792549	0.0	291300	285.873344632	4.8
1848.53823077	6400	1.63851527695	0.0	389889	419.482648539	-1.6
1848.97707696	6666	1.69966908753	0.0	408326	438.846189421	5.336
1849.39627425	6453	1.78047180153	0.0	395340	419.197285998	5.388
1849.8241737	6773	1.85257234802	0.0	413791	427.89945351	5.173
1850.27720422	7200	1.89954182592	0.0	438675	453.030522096	5.065
1850.73610041	7413	1.94064563728	0.0	444483	458.896188642	6.348
1851.25708082	9000	1.91966523219	0.0	536970	520.980405095	1.065
1851.79779777	9000	1.878948276	0.0	536970	540.71695619	9.0
1852.40615212	9000	1.77059393435	0.0	536970	608.354341644	9.0
1853.01450646	9000	1.66223959271	0.0	536970	608.354341644	9.0
1853.6228608	9000	1.55388525106	0.0	536970	608.354341644	9.0
1854.2495501	9400	1.42719595153	0.0	553424	626.689299532	7.4
1854.84912983	9000	1.32761622189	0.0	522960	599.579729642	7.0
1855.46906053	9000	1.20768552257	0.0	522960	619.93069932	9.0
1856.09988451	9000	1.07686153747	0.0	532300	630.823985101	9.0
1856.69654044	8400	0.980205614491	0.0	503004	596.655922979	5.4
1857.26844504	8000	0.908301009588	0.0	481782	571.904604903	6.0
1857.84034965	8000	0.836396404685	0.0	481782	571.904604903	8.0
1858.44580884	8533	0.730937213926	0.0	510552	605.459190759	5.868
1858.94516141	7200	0.731584643711	0.0	427485	499.352570216	0.535
1859.43723208	7200	0.739513967105	0.0	427485	492.070676605	7.2
1859.92930276	7200	0.7474432905	0.0	427485	492.070676605	7.2
1860.42137344	7200	0.755372613895	0.0	427485	492.070676605	7.2
1860.91344411	7200	0.76330193729	0.0	427485	492.070676605	7.2
1861.44144818	7626	0.735297872567	0.0	456993	528.004064723	5.496
1861.98209487	7733	0.69465118065	0.0	467045	540.646691917	7.198
1862.49050816	7200	0.686237885193	0.0	438675	508.413295457	4.535
1862.99892146	7200	0.677824589736	0.0	438675	508.413295457	7.2
1863.50733476	7200	0.669411294279	0.0	438675	508.413295457	7.2
1864.01574805	7200	0.660997998822	0.0	438675	508.413295457	7.2
1864.52397771	7200	0.65276833884	0.0	438675	508.229659982	7.2
1865.03082407	7200	0.645921978194	0.0	438675	506.846360646	7.2
1865.51670814	6773	0.660037907268	0.0	420167	485.884070926	4.638
1865.9760054	6400	0.700740652253	0.0	396693	459.297255015	4.535
1866.47823072	7066	0.698515328027	0.0	434595	502.225324226	3.736
1866.98996994	7200	0.686776105289	0.0	442995	511.739222737	6.53
1867.53182972	7600	0.644916332908	0.0	469589	541.859772381	5.6
1868.11257255	8000	0.564173497393	0.0	496259	580.742835515	6.0
1868.71052647	8133	0.5	0.0337804174731	508563	597.953914866	5.77897912634
1869.21452115	6986	0.5	0.00399467959129	427291	503.994679591	1.05126602044
1869.70786807	6986	0.506653078024	0.0	418081	493.346921976	6.986
1870.21208703	7200	0.502434113419	0.0	427485	504.218964605	6.13
1870.70764212	7200	0.506879024553	0.0	419991	495.555088865	7.2
1871.19513682	7146	0.519384322886	0.0	413019	487.494701667	6.876
1871.69379953	7146	0.520721614861	0.0	422679	498.662708026	7.146
1872.19622256	7200	0.518298588732	0.0	427485	502.423026128	6.93
1872.66838544	6880	0.54613570583	0.0	408679	472.162882903	5.28
1873.15131195	7000	0.563209200819	0.0	418197	482.926505011	6.4
1873.6345076	6880	0.580013548712	0.0	418435	483.195652107	6.28
1874.14079562	7200	0.573725528098	0.0	438855	506.288020613	5.6
1874.67673922	7626	0.537781927533	0.0	464559	535.943600566	5.496
1875.24395191	8000	0.5	0.0294307618914	487050	567.212689424	4.65846190543
1875.8111646	8000	0.5	0.0672126894242	487050	567.212689424	4.63936552879
1876.37837729	8000	0.5	0.0672126894242	487050	567.212689424	4.63936552879
1876.94558998	8000	0.5	0.0672126894242	487050	567.212689424	4.63936552879
1877.51280267	8000	0.5	0.0672126894242	487050	567.212689424	4.63936552879
1878.07556269	7893	0.5	0.0627600217572	483158	562.760021757	4.21999891214
1878.65232007	8000	0.5	0.0767573866841	493365	576.757386684	3.6271306658
1879.23211873	8000	0.5	0.0797986556862	493365	579.798655686	4.01006721569
1879.81191739	8000	0.5	0.0797986556862	493365	579.798655686	4.01006721569
1880.32184204	6960	0.5	0.00992465070476	432864	509.924650705	1.26376746476
1880.85072591	7200	0.5	0.028883868995	449280	528.883868995	4.55580655025
1881.38826939	7360	0.5	0.0375434827096	456778	537.54348271	4.68282586452
1881.86360525	6600	0.524664142459	0.0	402915	475.335857541	2.8
1882.30260722	6120	0.585662166948	0.0	371455	439.001975511	3.72
1882.72765581	6000	0.660613574387	0.0	362580	425.048592561	5.4
1883.15034068	6000	0.737928713186	0.0	362580	422.684861201	6.0
1883.57302554	6000	0.815243851986	0.0	362580	422.684861201	6.0
1883.97945022	5760	0.908819170407	0.0	348294	406.424681579	4.56
1884.46951592	6933	0.918753472472	0.0	421780	490.065697935	1.068
1884.94576171	6826	0.942507675207	0.0	409638	476.245797265	6.291
1885.44373783	7200	0.944531558094	0.0	428730	497.976117112	5.33
1885.94034338	7200	0.947926009644	0.0	428730	496.60554845	7.2
1886.42376878	7200	0.964500610592	0.0	428730	483.425399052	7.2
1886.90719418	7200	0.98107521154	0.0	428730	483.425399052	7.2
1887.39061958	7200	0.997649812488	0.0	428730	483.425399052	7.2
1887.87533109	7200	1.01293829586	0.0	429824	484.711516631	7.2
1888.35976904	7200	1.02850034639	0.0	429084	484.437949467	7.2
1888.8971324	7946	0.991136986306	0.0	476950	537.363360084	4.216
1889.41138112	7626	0.976888273548	0.0	456045	514.248712757	6.026
1889.89421691	7200	0.994052482607	0.0	427635	482.835790942	5.07
1890.41637441	7800	0.971894979286	0.0	462222	522.15750332	4.8
1890.93255137	7800	0.955718013898	0.0	456146	516.176965389	7.8
1891.43866242	7666	0.949606973132	0.0	447075	506.111040766	6.996
1891.9159528	7133	0.972316590982	0.0	421103	477.29038215	4.468
1892.4530975	8000	0.935171893087	0.0	476265	537.144697896	3.665
1892.9641898	7733	0.924079592509	0.0	454837	511.092300577	6.398
1893.48350406	8000	0.904765331451	0.0	462300	519.314261058	6.665
1894.00281832	8000	0.885451070393	0.0	462300	519.314261058	8.0
1894.52808594	8000	0.860183450416	0.0	468906	525.267619976	8.0
1895.04754514	8000	0.840724247707	0.0	467438	519.459202709	8.0
1895.56449104	7933	0.823778347128	0.0	465132	516.945900578	7.598
1896.06807072	7533	0.820198668652	0.0	455338	503.579678476	5.533
1896.54330058	7093	0.84496881067	0.0	432025	475.229857982	4.893
1897.02526942	7200	0.86299997126	0.0	438283	481.96883941	6.665
1897.55975342	8000	0.828515966098	0.0	487050	534.484005162	4.0
1898.08413619	8000	0.804133199442	0.0	487050	524.382766655	8.0
1898.60249189	8000	0.785777494771	0.0	487050	518.355704671	8.0
1899.07108356	7253	0.817185825904	0.0	441782	468.591668867	3.518
1899.53616481	7200	0.852104576161	0.0	438855	465.081249743	6.935
1899.98786687	7200	0.900402521149	0.0	438855	451.702055012	7.2
1900.42331917	7200	0.964950217751	0.0	438855	435.452303398	7.2
1900.85608004	7200	1.03218934969	0.0	438855	432.76086806	7.2
1901.35971891	8533	1.02855047433	0.0	521611	503.638875366	1.868
1901.84571968	8000	1.04254971302	0.0	487275	486.00076131	5.335
1902.36103185	8000	1.02723753467	0.0	487275	515.312178342	8.0
1902.87634403	8000	1.01192535633	0.0	487275	515.312178342	8.0
1903.30521171	7133	1.0830576745	0.0	432597	428.867681828	2.798
1903.77288813	7933	1.1153812541	0.0	483757	467.676420399	3.933
1904.22895416	8000	1.15931523271	0.0	488565	456.066021396	7.665
1904.70307888	8000	1.18519050434	0.0	488565	474.12472837	8.0
1905.18009168	8000	1.20817770953	0.0	488565	477.012794808	8.0
1905.5862783	6933	1.30199108827	0.0	419059	406.186621258	1.598
1905.98346355	6866	1.40480584119	0.0	410775	397.185247085	6.531
1906.37513097	6866	1.5131384183	0.0	413769	391.667422884	6.866

