5802.3539264	3066	0.5	0.200945068497	181435	200.945068497	-6.98125342483
5802.5580224	3120	0.795903998469	0.0	184429	204.096001531	2.85
5802.76653434	3146	1.08739206006	0.0	188625	208.511938409	3.016
5802.97905598	3200	1.37487041729	0.0	192435	212.521642771	2.93
5803.29562472	4800	1.55830168219	0.0	291300	316.568735101	-3.2
5803.71595008	6400	1.63797632153	0.0	389889	420.325360658	-1.6
5804.15567883	6666	1.69824756997	0.0	408326	439.728751558	5.336
5804.58174091	6453	1.77218549055	0.0	395340	426.062079419	5.388
5805.02722111	6773	1.82670528641	0.0	413791	445.480204141	5.173
5805.49888963	7200	1.85503676643	0.0	438675	471.668519981	5.065
5805.97667059	7413	1.87725581523	0.0	444483	477.780951198	6.348
5806.55178632	9000	1.80214007995	0.0	536970	575.11573528	1.065
5807.1208514	9000	1.73307500281	0.0	536970	569.065077144	9.0
5807.68956296	9000	1.66436344254	0.0	536970	568.711560273	9.0
5808.25827452	9000	1.59565188226	0.0	536970	568.711560273	9.0
5808.82698608	9000	1.52694032199	0.0	536970	568.711560273	9.0
5809.41422933	9400	1.43969706814	0.0	553424	587.243253845	7.4
5809.9717053	9000	1.38222110385	0.0	522960	557.475964292	7.0
5810.52918126	9000	1.32474513956	0.0	522960	557.475964292	9.0
5811.09643508	9000	1.25749132322	0.0	532300	567.253816339	9.0
5811.63301952	8400	1.22090688092	0.0	503004	536.584442295	5.4
5812.14738709	8000	1.20653930974	0.0	481782	514.367571188	6.0
5812.66175466	8000	1.19217173855	0.0	481782	514.367571188	8.0
5813.20716069	8533	1.14676571292	0.0	510552	545.406025625	5.868
5813.78747649	9000	1.06644991234	0.0	536970	580.315800587	6.665
5814.36779229	9000	0.986134111749	0.0	536970	580.315800587	9.0
5814.94810809	9000	0.905818311161	0.0	536970	580.315800587	9.0
5815.52842389	9000	0.825502510574	0.0	536970	580.315800587	9.0
5816.10873969	9000	0.745186709987	0.0	536970	580.315800587	9.0
5816.60807335	7626	0.745853048219	0.0	456993	499.333661767	0.756
5817.11941661	7733	0.734509791894	0.0	467045	511.343256325	7.198
5817.60030647	7200	0.753619935524	0.0	438675	480.88985637	4.535
5818.08119632	7200	0.772730079154	0.0	438675	480.88985637	7.2
5818.56208618	7200	0.791840222784	0.0	438675	480.88985637	7.2
5819.04297603	7200	0.810950366414	0.0	438675	480.88985637	7.2
5819.52386589	7200	0.830060510044	0.0	438675	480.88985637	7.2
5820.00475575	7200	0.849170653674	0.0	438675	480.88985637	7.2
5820.46577844	6773	0.888147964254	0.0	420167	461.02268942	4.638
5820.89272719	6400	0.961199206091	0.0	396693	426.948758163	4.535
5821.35582043	7066	0.998105970911	0.0	434595	463.09323518	3.736
5821.82767121	7200	1.02625519555	0.0	442995	471.850775362	6.53
5822.32724794	7600	1.026678465	0.0	469589	499.576730553	5.6
5822.85462986	8000	0.999296544364	0.0	496259	527.381920632	6.0
5823.39483949	8133	0.959086912494	0.0	508563	540.20963187	7.468
5823.96803677	8733	0.885889630243	0.0	536941	573.197282252	5.733
5824.53301749	8733	0.82090891494	0.0	525223	564.980715303	8.733
5825.11041075	9000	0.743515646373	0.0	536970	577.393268566	7.665
5825.67826875	9000	0.675657653251	0.0	527946	567.857993122	9.0
5826.23708598	8933	0.616840419959	0.0	519390	558.817233292	8.598
5826.80816889	8933	0.545757508768	0.0	530998	571.082911191	8.933
5827.26987404	7200	0.584052364322	0.0	427485	461.705144446	-1.465
5827.71186957	6880	0.642056831009	0.0	408679	441.995533313	5.28
5828.16456673	7000	0.689359667597	0.0	418197	452.697163412	6.4
5828.61751584	6880	0.736410560903	0.0	418435	452.949106694	6.28
5829.09208126	7200	0.761845144008	0.0	438855	474.565416895	5.6
5829.59385655	7626	0.760069852608	0.0	464559	501.7752914	5.496
5830.11944048	8000	0.734485921017	0.0	487050	525.583931592	6.13
5830.64502441	8000	0.708901989425	0.0	487050	525.583931592	8.0
5831.17060834	8000	0.683318057834	0.0	487050	525.583931592	8.0
5831.69357446	8000	0.660351940282	0.0	487050	522.966117552	8.0
5832.20820399	8000	0.645722410128	0.0	487050	514.629530154	8.0
5832.71880104	7893	0.635125357403	0.0	483158	510.597052725	7.358
5833.23997351	8000	0.613952894321	0.0	493365	521.172463082	7.465
5833.76114597	8000	0.592780431238	0.0	493365	521.172463082	8.0
5834.29367245	8000	0.560253952425	0.0	493365	532.526478813	8.0
5834.76460015	6960	0.589326248491	0.0	432864	470.927703934	1.76
5835.25300815	7200	0.600918252391	0.0	449280	488.4079961	6.0
5835.74940026	7360	0.604526141364	0.0	456778	496.392111027	6.56
5836.18843729	6600	0.665489109338	0.0	402915	439.037032026	2.8
5836.72988247	8160	0.62404393048	0.0	499088	541.445178858	0.36
5837.25850919	8000	0.59541720661	0.0	487050	528.62672387	7.2
5837.78713592	8000	0.56679048274	0.0	487050	528.62672387	8.0
5838.31576264	8000	0.53816375887	0.0	487050	528.62672387	8.0
5838.82771696	7680	0.526209444494	0.0	467772	511.954314377	6.08
5839.29192176	6933	0.562004638009	0.0	421780	464.204806484	3.198
5839.74305114	6826	0.610875261276	0.0	409638	451.129376734	6.291
5840.21474023	7200	0.639186165813	0.0	428730	471.689095462	5.33
5840.68642933	7200	0.667497070351	0.0	428730	471.689095462	7.2
5841.15811843	7200	0.695807974889	0.0	428730	471.689095462	7.2
5841.62980752	7200	0.724118879426	0.0	428730	471.689095462	7.2
5842.10149662	7200	0.752429783964	0.0	428730	471.689095462	7.2
5842.57436381	7200	0.779562586035	0.0	429824	472.867197929	7.2
5843.04643412	7200	0.807492276429	0.0	429084	472.070309606	7.2
5843.57005019	7946	0.78387621485	0.0	476950	523.616061579	4.216
5844.07093978	7626	0.782986617444	0.0	456045	500.889597407	6.026
5844.53794565	7200	0.815980750281	0.0	427635	467.005867162	5.07
5845.04191403	7800	0.812012375542	0.0	462222	503.968374739	4.8
5845.53938909	7800	0.814537313205	0.0	456146	497.475062337	7.8
5846.02717013	7666	0.82675626614	0.0	447075	487.781047065	6.996
5846.48719537	7133	0.866731030414	0.0	421103	460.025235726	4.468
5847.00617125	8000	0.847755153032	0.0	476265	518.975877382	3.665
5847.50224741	7733	0.851678995555	0.0	454837	496.076157477	6.398
5848.00629914	8000	0.847627263613	0.0	462300	504.051731942	6.665
5848.51035087	8000	0.84357553167	0.0	462300	504.051731942	8.0
5849.02146231	8000	0.832464085817	0.0	468906	511.111445854	8.0
5849.53564361	8000	0.818282785764	0.0	467438	514.181300052	8.0
5850.04798592	7933	0.805940476503	0.0	465132	512.342309261	7.598
5850.54975072	7533	0.804175681962	0.0	455338	501.764794541	5.533
5851.02633749	7093	0.827588914854	0.0	432025	476.586767108	4.893
5851.50968289	7200	0.844243511119	0.0	438283	483.345403735	6.665
5852.04569663	8000	0.808229773673	0.0	487050	536.013737446	4.0
5852.58171036	8000	0.772216036227	0.0	487050	536.013737446	8.0
5853.1177241	8000	0.736202298781	0.0	487050	536.013737446	8.0
5853.60484842	7253	0.749077976933	0.0	441782	487.124321849	3.518
5854.08881159	7200	0.765114813506	0.0	438855	483.963163426	6.935
5854.57057758	7200	0.783348819241	0.0	438855	481.765994265	7.2
5855.04840755	7200	0.805518850757	0.0	438855	477.829968485	7.2
5855.52623752	7200	0.827688882272	0.0	438855	477.829968485	7.2
5856.09228737	8533	0.761639030519	0.0	521611	566.049851753	1.868
5856.62173422	8000	0.732192179296	0.0	487275	529.446851223	5.335
5857.15118107	8000	0.702745328073	0.0	487275	529.446851223	8.0
5857.68062792	8000	0.673298476851	0.0	487275	529.446851223	8.0
5858.15178671	7133	0.702139686643	0.0	432597	471.158790208	2.798
5858.67748329	7933	0.6764431079	0.0	483757	525.696578743	3.933
5859.20696934	8000	0.646957062584	0.0	488565	529.486045317	7.665
5859.73403682	8000	0.619889580293	0.0	488565	527.067482291	8.0
5860.2611043	8000	0.592822098002	0.0	488565	527.067482291	8.0
5860.71461086	6933	0.639315538872	0.0	419059	453.50655913	1.598
5861.15935014	6866	0.694576261522	0.0	410775	444.739277349	6.531
5861.60725808	6866	0.746668316663	0.0	413769	447.907944859	6.866

