0.173101401816	3066	0.5	0.173101401816	181435	173.101401816	-5.58907009078
0.348894266673	3120	0.824207135142	0.0	184429	175.792864858	2.85
0.52845913518	3146	1.14464226664	0.0	188625	179.564868506	3.016
0.807294719533	4800	1.36580668228	0.0	291300	278.835584354	-3.47
1.18536590371	6400	1.48773549811	0.0	391425	378.071184177	-1.6
1.56481602576	6400	1.60828537605	0.0	389889	379.45012205	6.4
1.96321885198	6666	1.70988254984	0.0	408326	398.402826217	5.336
2.34975351275	6453	1.82334788907	0.0	395340	386.534660768	5.388
2.85624200027	8466	1.81685940155	0.0	520019	506.488487521	-1.599
3.39702695998	9000	1.77607444183	0.0	551265	540.784959718	6.33
3.95678431062	9266	1.7163170912	0.0	558332	559.757350633	7.936
4.51301114291	9000	1.66009025891	0.0	536970	556.226832289	7.67
5.06756634346	9000	1.60553505836	0.0	536970	554.555200549	9.0
5.60891446603	9000	1.56418693579	0.0	536970	541.348122571	9.0
6.13860118105	9000	1.53450022077	0.0	536970	529.686715024	9.0
6.65707875413	9000	1.51602264769	0.0	536970	518.477573076	9.0
7.19590011677	9400	1.47720128504	0.0	553424	538.821362648	7.4
7.7060103325	9000	1.46709106932	0.0	522960	510.110215726	7.0
8.20507768333	9000	1.46802371849	0.0	522960	499.067350829	9.0
8.70647250536	9000	1.46662889646	0.0	532300	501.394822027	9.0
9.17866065659	8400	1.49444074523	0.0	503004	472.18815123	5.4
9.63182828437	8000	1.54127311744	0.0	481782	453.167627785	6.0
10.0850081359	8000	1.58809326594	0.0	481782	453.179851506	8.0
10.5682122526	8533	1.60488914921	0.0	510552	483.204116734	5.868
11.0744676424	9000	1.59863375945	0.0	536970	506.255389757	6.665
11.5776921965	9000	1.59540920532	0.0	536970	503.224554133	9.0
12.1002691374	9000	1.57283226437	0.0	536970	522.576940944	9.0
12.6888872316	9000	1.48421417023	0.0	536970	588.618094139	9.0
13.2743916763	9000	1.39870972551	0.0	536970	585.504444726	9.0
13.8961418879	9533	1.27695951393	0.0	573990	621.750211577	6.868
14.4754855108	9666	1.19761589099	0.0	586715	579.343622941	9.001
15.006122322	9000	1.16697907986	0.0	551265	530.636811129	5.67
15.5408028171	9000	1.13229858471	0.0	551265	534.68049515	9.0
16.0870647791	9000	1.08603662268	0.0	551265	546.261962027	9.0
16.6580215083	9000	1.01507989352	0.0	551265	570.956729163	9.0
17.2311519364	9000	0.941949465443	0.0	551265	573.130428076	9.0
17.7893057255	9000	0.883795676295	0.0	551265	558.153789148	9.0
18.3183751581	8466	0.854726243678	0.0	527825	529.069432616	5.796
18.8059963708	8000	0.867105031035	0.0	498375	487.621212643	5.67
19.2408024174	7066	0.932298984448	0.0	434595	434.806046587	2.396
19.6939507069	7200	0.979150694951	0.0	442995	453.148289497	6.53
20.1854517885	7600	0.987649613312	0.0	469589	491.501081639	5.6
20.7253791458	8000	0.947722255972	0.0	496259	539.92735734	6.0
21.271103257	8133	0.901998144787	0.0	508563	545.724111184	7.468
21.826245407	8733	0.846855994776	0.0	536941	555.142150011	5.733
22.379883868	8733	0.793217533826	0.0	525223	553.63846095	8.733
22.9552501942	9000	0.717851207636	0.0	536970	575.36632619	7.665
23.5346618269	9000	0.638439574903	0.0	527946	579.411632733	9.0
24.1077331564	8933	0.565368245436	0.0	519390	573.071329466	8.598
24.6379368509	8933	0.535164550925	0.0	530998	530.203694512	8.933
25.0602912496	7200	0.612810152216	0.0	427485	422.354398709	-1.465
25.4785423312	6880	0.694559070647	0.0	408679	418.251081569	5.28
25.9173437506	7000	0.755757651184	0.0	418197	438.801419463	6.4
26.3673011467	6880	0.805800255137	0.0	418435	449.957396046	6.28
26.8472230262	7200	0.825878375645	0.0	438855	479.921879493	5.6
27.3580306403	7626	0.815070761535	0.0	464559	510.80761411	5.496
27.890964071	8000	0.782137330777	0.0	487050	532.933430757	6.13
28.4222183873	8000	0.750883014523	0.0	487050	531.254316254	8.0
28.9520746126	8000	0.721026789206	0.0	487050	529.856225317	8.0
29.4832240824	8000	0.68987731946	0.0	487050	531.149469746	8.0
30.0143861122	8000	0.658715289577	0.0	487050	531.162029884	8.0
30.5428557434	7893	0.630245658424	0.0	483158	528.469631152	7.358
31.0802031778	8000	0.592898223969	0.0	493365	537.347434456	7.465
31.5985382399	8000	0.574563161933	0.0	493365	518.335062036	8.0
32.1001548797	8000	0.572946522119	0.0	493365	501.616639814	8.0
32.5305251826	6960	0.642576219251	0.0	432864	430.370302868	1.76
32.9666690248	7200	0.706432377021	0.0	449280	436.143842229	6.0
33.4079465289	7360	0.765154872949	0.0	456778	441.277504072	6.56
33.9290668393	8800	0.744034562536	0.0	541560	521.120310413	1.6
34.4267242373	8160	0.746377164548	0.0	499088	497.657397987	4.96
34.9502816144	8000	0.722819787376	0.0	487050	523.557377172	7.2
35.4789336283	8000	0.694167773481	0.0	487050	528.652013895	8.0
35.9972123104	8000	0.675889091406	0.0	487050	518.278682075	8.0
36.5318036521	7680	0.641297749692	0.0	467772	534.591341714	6.08
37.0877560502	6933	0.585345351589	0.0	421780	555.952398103	3.198
37.6795698077	6826	0.5	0.00646840589098	409638	591.81375748	5.96757970545
38.1557176534	5400	0.523852154341	0.0	318810	476.147845659	-1.73
38.64402018	5400	0.535549627663	0.0	318810	488.302526678	5.4
39.1435937559	5400	0.535976051847	0.0	318810	499.573575816	5.4
39.4775037786	3600	0.702066029116	0.0	210930	333.910022731	-5.4
39.8114138013	3600	0.868156006386	0.0	210930	333.910022731	3.6
40.1461929895	3600	1.03337681818	0.0	211496	334.779188202	3.6
40.4715709519	3600	1.20799885578	0.0	211350	325.377962407	3.6
40.8314524157	3973	1.34811739197	0.0	234776	359.881463804	2.108
41.17620905	3813	1.50336075769	0.0	224627	344.756634281	3.013
41.6697092748	5400	1.50986053287	0.0	318360	493.500224818	-2.535
42.2652221082	6240	1.41434769955	0.0	367423	595.512833326	2.04
42.8529965846	6240	1.32657322315	0.0	362567	587.774476395	6.24
43.429246391	6133	1.25032341672	0.0	355335	576.249806435	5.598
43.9767515971	5706	1.20281821056	0.0	334503	547.50520616	3.571
44.5996010075	6400	1.07996880021	0.0	378390	622.849410347	2.93
45.1949265328	6186	0.984643274955	0.0	361396	595.325525257	5.116
45.8141753904	6400	0.865394417265	0.0	367440	619.24885769	5.33
46.449326733	6400	0.730243074699	0.0	367440	635.151342567	6.4
47.0939104701	6400	0.58565933761	0.0	372984	644.583737089	6.4
47.574618262	4800	0.604951545753	0.0	276664	480.707791857	-3.2
48.0531653141	4760	0.626404493622	0.0	275394	478.547052131	4.56
48.522106432	4520	0.65746337574	0.0	269748	468.941117882	3.32
48.8945339416	3546	0.785035866092	0.0	213021	372.427509648	-1.324
49.2721744485	3600	0.907395359183	0.0	216085	377.640506909	3.33
49.6904521746	4000	0.98911763309	0.0	239970	418.277726093	2.0
50.1034594616	4000	1.07611034608	0.0	239970	413.007287013	4.0
50.5081808222	4000	1.17138898552	0.0	239970	404.721360558	4.0
51.0593654048	5440	1.12020440295	0.0	329012	551.184582572	-1.76
51.6070184344	5400	1.07255137332	0.0	326865	547.653029623	5.2
52.1425164895	5400	1.03705331821	0.0	326865	535.498055111	5.4
52.672248843	5400	1.00732096476	0.0	326865	529.732353456	5.4
53.2019811964	5400	0.9775886113	0.0	326865	529.732353456	5.4
53.706013037	5120	0.973556770725	0.0	309029	504.031840575	3.72
54.183488748	4800	0.996081059659	0.0	288645	477.475711066	3.2
54.6609644591	4800	1.01860534859	0.0	288645	477.475711066	4.8
55.1384401702	4800	1.04112963753	0.0	288645	477.475711066	4.8
55.7058010411	5706	0.973768766613	0.0	344145	567.360870914	1.176
56.332939112	6346	0.846630695712	0.0	384845	627.138070901	3.146
56.9599245185	6400	0.719645289191	0.0	388680	626.98540652	6.13
57.586909925	6400	0.592659882671	0.0	388680	626.98540652	6.4
58.2138953316	6400	0.5	0.0343255238495	388680	626.98540652	4.68372380753
58.6844940474	5546	0.529401284197	0.0	333384	470.598715803	1.276
59.1203797522	5493	0.593515579372	0.0	326825	435.885704825	5.228
59.5262286895	5493	0.687666642027	0.0	329183	405.848937346	5.493

