6090.96769694	3066	0.5	0.19731926997	181435	197.31926997	-6.79996349849
6091.16810731	3120	0.799589629116	0.0	184429	200.410370884	2.85
6091.37284977	3146	1.09484717425	0.0	188625	204.742454863	3.016
6091.58152579	3200	1.3861711541	0.0	192435	208.676020154	2.93
6091.89227318	4800	1.57542376059	0.0	291300	310.747393514	-3.2
6092.3105663	6400	1.65713064699	0.0	389889	418.293113595	-1.6
6092.75098229	6666	1.71671465137	0.0	408326	440.415995618	5.336
6093.17770976	6453	1.78998718433	0.0	395340	426.727467043	5.388
6093.62389963	6773	1.84379731612	0.0	413791	446.189868205	5.173
6094.09804896	7200	1.86964798489	0.0	438675	474.149331235	5.065
6094.57834357	7413	1.88935337682	0.0	444483	480.29460807	6.348
6095.15649599	9000	1.81120094873	0.0	536970	578.152428092	1.065
6095.73347804	9000	1.73421890218	0.0	536970	576.982046545	9.0
6096.2922275	9000	1.67546944033	0.0	536970	558.749461852	9.0
6096.85097696	9000	1.61671997848	0.0	536970	558.749461852	9.0
6097.41008605	9000	1.55761089403	0.0	536970	559.109084444	9.0
6097.9870123	9400	1.48068463874	0.0	553424	576.926255292	7.4
6098.53273131	9000	1.43496563402	0.0	522960	545.719004719	7.0
6099.07850059	9000	1.38919635404	0.0	522960	545.769279978	9.0
6099.63388973	9000	1.33380721017	0.0	532300	555.38914387	9.0
6100.16004014	8400	1.30765679874	0.0	503004	526.150411438	5.4
6100.66853527	8000	1.29916167241	0.0	481782	508.495126326	6.0
6101.1770304	8000	1.29066654608	0.0	481782	508.495126326	8.0
6101.71529356	8533	1.25240338196	0.0	510552	538.26316412	5.868
6102.2815706	9000	1.18612634352	0.0	536970	566.277038442	6.665
6102.84798792	9000	1.11970902089	0.0	536970	566.417322633	9.0
6103.41442462	9000	1.0532723207	0.0	536970	566.436700193	9.0
6103.98351892	9000	0.984178024187	0.0	536970	569.094296509	9.0
6104.55261322	9000	0.915083727678	0.0	536970	569.094296509	9.0
6105.16025281	9533	0.807444129091	0.0	573990	607.639598587	6.868
6105.77888902	9666	0.68880792507	0.0	586715	618.636204021	9.001
6106.36064093	9000	0.607056014509	0.0	551265	581.751910561	5.67
6106.93721774	9000	0.530479199048	0.0	551265	576.576815461	9.0
6107.50978105	9000	0.5	0.0420841059818	551265	572.56330503	6.89579470091
6107.9674468	7200	0.542334253337	0.0	438675	457.665746663	-1.8
6108.43096955	7200	0.578811502693	0.0	438675	463.522750644	7.2
6108.89696605	7200	0.612814997428	0.0	438675	465.996505265	7.2
6109.34372375	6773	0.666057298385	0.0	420167	446.757699043	4.638
6109.76438456	6400	0.745396484994	0.0	396693	420.660813391	4.535
6110.21951806	7066	0.790262988943	0.0	434595	455.13349605	3.736
6110.68325525	7200	0.826525801256	0.0	442995	463.737187687	6.53
6111.1750581	7600	0.834722951491	0.0	469589	491.802849765	5.6
6111.70115442	8000	0.808626627504	0.0	496259	526.096323986	6.0
6112.24004658	8133	0.769734466726	0.0	508563	538.892160778	7.468
6112.79990979	8733	0.709871255747	0.0	536941	559.863210979	5.733
6113.34522926	8733	0.664551792985	0.0	525223	545.319462763	8.733
6113.90252153	9000	0.607259515381	0.0	536970	557.292277603	7.665
6114.4685889	9000	0.541192151447	0.0	527946	566.067363934	9.0
6115.02698257	8933	0.5	0.0172015257923	519390	558.39367724	7.73792371039
6115.47391202	7146	0.553070555026	0.0	422679	446.929444974	-1.789
6115.92034596	7200	0.606636617839	0.0	427485	446.433937187	6.93
6116.34758021	6880	0.67940236397	0.0	408679	427.23425387	5.28
6116.78591535	7000	0.741067226779	0.0	418197	438.335137191	6.4
6117.22468961	6880	0.802292962406	0.0	418435	438.774264373	6.28
6117.68438844	7200	0.842594132739	0.0	438855	459.698829667	5.6
6118.17583912	7626	0.85114345014	0.0	464559	491.450682599	5.496
6118.6953119	8000	0.831670674002	0.0	487050	519.472776137	6.13
6119.21478468	8000	0.812197897865	0.0	487050	519.472776137	8.0
6119.73425745	8000	0.792725121728	0.0	487050	519.472776137	8.0
6120.25994021	8000	0.767042366921	0.0	487050	525.682754806	8.0
6120.78725678	8000	0.739725794646	0.0	487050	527.316572275	8.0
6121.31043949	7893	0.716543081522	0.0	483158	523.182713124	7.358
6121.84444105	8000	0.682541527314	0.0	493365	534.001554208	7.465
6122.3776299	8000	0.64935267477	0.0	493365	533.188852543	8.0
6122.91081875	8000	0.616163822227	0.0	493365	533.188852543	8.0
6123.37984933	6960	0.647133247567	0.0	432864	469.03057466	1.76
6123.86505247	7200	0.66193010091	0.0	449280	485.203146657	6.0
6124.35155711	7360	0.675425464649	0.0	456778	486.504636261	6.56
6124.92822625	8800	0.598756325418	0.0	541560	576.669139231	1.6
6125.47483284	8160	0.552149738413	0.0	499088	546.606587005	4.96
6126.00849648	8000	0.518486099535	0.0	487050	533.663638879	7.2
6126.54216011	8000	0.5	0.0151775393444	487050	533.663638879	7.24112303278
6127.07582375	8000	0.5	0.0336636388789	487050	533.663638879	6.31681805606
6127.58806954	7680	0.5	0.0122457838148	467772	512.245783815	5.46771080926
6128.04929327	6933	0.538776269554	0.0	421780	461.223730446	3.198
6128.49752739	6826	0.590542151075	0.0	409638	448.234118479	6.291
6128.96618628	7200	0.62188325318	0.0	428730	468.658897895	5.33
6129.43484518	7200	0.653224355286	0.0	428730	468.658897895	7.2
6129.90406904	7200	0.684000497426	0.0	428730	469.22385786	7.2
6130.37584516	7200	0.712224372444	0.0	428730	471.776124982	7.2
6130.84762129	7200	0.740448247462	0.0	428730	471.776124982	7.2
6131.32057574	7200	0.767493797939	0.0	429824	472.954449523	7.2
6131.79273315	7200	0.795336386954	0.0	429084	472.157410985	7.2
6132.3095175	7946	0.778552035057	0.0	476950	516.784351897	4.216
6132.80166444	7626	0.786405093993	0.0	456045	492.146941064	6.026
6133.26377532	7200	0.82429421208	0.0	427635	462.110881913	5.07
6133.76598212	7800	0.822087418826	0.0	462222	502.206793253	4.8
6134.268127	7800	0.81994253653	0.0	456146	502.144882296	7.8
6134.760485	7666	0.827584534372	0.0	447075	492.358002158	6.996
6135.2248213	7133	0.863248233342	0.0	421103	464.33630103	4.468
6135.74867297	8000	0.839396566624	0.0	476265	523.851666718	3.665
6136.25513607	7733	0.832933466075	0.0	454837	506.463100549	6.398
6136.77640075	8000	0.811668789662	0.0	462300	521.264676413	6.665
6137.29766542	8000	0.790404113248	0.0	462300	521.264676413	8.0
6137.82623578	8000	0.761833759888	0.0	468906	528.57035336	8.0
6138.35318265	8000	0.734886890294	0.0	467438	526.946869594	8.0
6138.87757928	7933	0.710490261548	0.0	465132	524.396628747	7.598
6139.39232143	7533	0.695748107319	0.0	455338	514.742154228	5.533
6139.88383401	7093	0.704235525383	0.0	432025	491.512581936	4.893
6140.38232143	7200	0.70574810232	0.0	438283	498.487423063	6.665
6140.93516202	8000	0.652907518946	0.0	487050	552.840583374	4.0
6141.4880026	8000	0.600066935572	0.0	487050	552.840583374	8.0
6142.04084318	8000	0.547226352198	0.0	487050	552.840583374	8.0
6142.54323041	7253	0.544839125827	0.0	441782	502.387226371	3.518
6143.04235536	7200	0.545714181332	0.0	438855	499.124944496	6.935
6143.5414803	7200	0.546589236836	0.0	438855	499.124944496	7.2
6144.0299303	7200	0.55813923596	0.0	438855	488.450000876	7.2
6144.51042259	7200	0.577646942779	0.0	438855	480.492293182	7.2
6144.96528656	6826	0.622782973915	0.0	414950	454.863968864	4.956
6145.39086102	6400	0.697208518557	0.0	387630	425.574455358	4.27
6145.81643547	6400	0.771634063199	0.0	387630	425.574455358	6.4
6146.23685384	6400	0.851215693158	0.0	387630	420.418370041	6.4
6146.70383641	7133	0.884233128839	0.0	432597	466.982564319	3.468
6147.22486287	7933	0.863206666872	0.0	483757	521.026461967	3.933
6147.75083662	8000	0.837232913413	0.0	488565	525.973753459	7.665
6148.2752671	8000	0.812802432167	0.0	488565	524.430481246	8.0
6148.79969759	8000	0.788371950921	0.0	488565	524.430481246	8.0
6149.2509423	6933	0.837127238261	0.0	419059	451.24471266	1.598
6149.69467582	6866	0.89339371438	0.0	410775	443.733523881	6.531
6150.14463824	6866	0.943431296662	0.0	413769	449.962417718	6.866

