7044.95683258	3066	0.5	0.196917883238	181435	196.917883238	-6.77989416188
7045.15683494	3120	0.799997639443	0.0	184429	200.002360557	2.85
7045.3611601	3146	1.09567247767	0.0	188625	204.32516177	3.016
7045.5694104	3200	1.38742217944	0.0	192435	208.250298238	2.93
7045.87951335	4800	1.57731922583	0.0	291300	310.102953604	-3.2
7046.29118462	6400	1.66564795746	0.0	389889	411.671268375	-1.6
7046.72470526	6666	1.73212732186	0.0	408326	433.520635592	5.336
7047.15152919	6453	1.80530339197	0.0	395340	426.823929893	5.388
7047.5978068	6773	1.85902578087	0.0	413791	446.277611106	5.173
7048.07004893	7200	1.8867836477	0.0	438675	472.242133164	5.065
7048.5481567	7413	1.90867587646	0.0	444483	478.107771241	6.348
7049.12366726	9000	1.83316531717	0.0	536970	575.510559286	1.065
7049.69739918	9000	1.75943339989	0.0	536970	573.731917287	9.0
7050.26277666	9000	1.69405592088	0.0	536970	565.377479002	9.0
7050.82815414	9000	1.62867844188	0.0	536970	565.377479002	9.0
7051.40443967	9000	1.55239291072	0.0	536970	576.285531161	9.0
7051.99899157	9400	1.45784100746	0.0	553424	594.551903262	7.4
7052.561366	9000	1.39546658327	0.0	522960	562.374424185	7.0
7053.12728164	9000	1.32955093932	0.0	522960	565.915643957	9.0
7053.70883279	9000	1.24799978623	0.0	532300	581.551153083	9.0
7054.25892769	8400	1.19790488448	0.0	503004	550.094901757	5.4
7054.78328236	8000	1.17355021567	0.0	481782	524.354668809	6.0
7055.30708885	8000	1.14974372683	0.0	481782	523.80648884	8.0
7055.86134641	8533	1.09548616409	0.0	510552	554.257562737	5.868
7056.4414455	9000	1.01538707555	0.0	536970	580.099088538	6.665
7057.02154459	9000	0.935287987014	0.0	536970	580.099088538	9.0
7057.60164368	9000	0.855188898476	0.0	536970	580.099088538	9.0
7058.1587808	9000	0.798051778114	0.0	536970	557.137120363	9.0
7058.71557989	9000	0.741252691787	0.0	536970	556.799086327	9.0
7059.2012293	7626	0.755603280199	0.0	456993	485.649411587	0.756
7059.70800949	7733	0.748823085624	0.0	467045	506.780194575	7.198
7060.18461346	7200	0.772219114154	0.0	438675	476.60397147	4.535
7060.66121744	7200	0.795615142685	0.0	438675	476.60397147	7.2
7061.13388165	7200	0.822950929106	0.0	438675	472.664213578	7.2
7061.60574658	7200	0.851086002036	0.0	438675	471.864927071	7.2
7062.0776115	7200	0.879221074965	0.0	438675	471.864927071	7.2
7062.55139975	7200	0.905432826818	0.0	438675	473.788248147	7.2
7063.00575899	6773	0.951073591653	0.0	420167	454.359235165	4.638
7063.43529264	6400	1.02153993462	0.0	396693	429.533657035	4.535
7063.90370754	7066	1.05312503622	0.0	434595	468.414898394	3.736
7064.36610329	7200	1.09072928695	0.0	442995	462.395749271	6.53
7064.85565739	7600	1.10117518927	0.0	469589	489.554097686	5.6
7065.37463284	8000	1.08219973523	0.0	496259	518.975454039	6.0
7065.90866777	8133	1.04816480854	0.0	508563	534.034926694	7.468
7066.47194404	8733	0.984888542717	0.0	536941	563.276265819	5.733
7067.02380868	8733	0.933023894441	0.0	525223	551.864648276	8.733
7067.58790661	9000	0.868925973195	0.0	536970	564.097921246	7.665
7068.14210393	9000	0.814728650701	0.0	527946	554.197322493	9.0
7068.68723673	8933	0.769595849292	0.0	519390	545.132801409	8.598
7069.24617932	8933	0.710653259674	0.0	530998	558.942589619	8.933
7069.81922699	9000	0.637605589488	0.0	536970	573.047670186	8.665
7070.36754531	8600	0.589287264059	0.0	513386	548.318325429	6.6
7070.81377034	7000	0.643062242122	0.0	418197	446.225021937	-1.0
7071.25876512	6880	0.698067462422	0.0	418435	444.9947797	6.28
7071.72498803	7200	0.73184455075	0.0	438855	466.222911671	5.6
7072.22106059	7626	0.73577198837	0.0	464559	496.07256238	5.496
7072.74404077	8000	0.712791806486	0.0	487050	522.980181885	6.13
7073.26730629	8000	0.689526286777	0.0	487050	523.265519708	8.0
7073.79165308	8000	0.66517949421	0.0	487050	524.346792567	8.0
7074.31599988	8000	0.640832701643	0.0	487050	524.346792567	8.0
7074.84034667	8000	0.616485909076	0.0	487050	524.346792567	8.0
7075.34668265	7893	0.610149926976	0.0	483158	506.3359821	7.358
7075.86297129	8000	0.593861293034	0.0	493365	516.288633942	7.465
7076.39018342	8000	0.566649163513	0.0	493365	527.212129521	8.0
7076.91739554	8000	0.539437033993	0.0	493365	527.212129521	8.0
7077.38659466	6960	0.570237922469	0.0	432864	469.199111523	1.76
7077.8755257	7200	0.581306878314	0.0	449280	488.931044156	6.0
7078.37244959	7360	0.584382990121	0.0	456778	496.923888193	6.56
7078.81188881	6600	0.644943772026	0.0	402915	439.439218094	2.8
7079.3364812	8160	0.620351375123	0.0	499088	524.592396904	0.36
7079.84866163	8000	0.608170944193	0.0	487050	512.18043093	7.2
7080.36122997	8000	0.595602609614	0.0	487050	512.568334579	8.0
7080.8772354	8000	0.57959717594	0.0	487050	516.005433674	8.0
7081.37321256	7680	0.583620020164	0.0	467772	495.977155776	6.08
7081.82156253	6933	0.635270047306	0.0	421780	448.349972858	3.198
7082.25795145	6826	0.698881127788	0.0	409638	436.388919517	6.291
7082.71421308	7200	0.742619498095	0.0	428730	456.261629694	5.33
7083.17046629	7200	0.786366283977	0.0	428730	456.253214117	7.2
7083.62002325	7200	0.83680932956	0.0	428730	449.556954418	7.2
7084.07133903	7200	0.88549354414	0.0	428730	451.315785419	7.2
7084.53385334	7200	0.922979237293	0.0	428730	462.514306848	7.2
7084.99752234	7200	0.959310239493	0.0	429824	463.6689978	7.2
7085.46041028	7200	0.996422294074	0.0	429084	462.887945419	7.2
7085.97259603	7946	0.984236552384	0.0	476950	512.18574169	4.216
7086.4603472	7626	0.996485376693	0.0	456045	487.751175691	6.026
7086.91833616	7200	1.03849641943	0.0	427635	457.988957266	5.07
7087.41255834	7800	1.04427423975	0.0	462222	494.222179676	4.8
7087.89788142	7800	1.05895115793	0.0	456146	485.323081819	7.8
7088.37347895	7666	1.08335362816	0.0	447075	475.597529773	6.996
7088.82269194	7133	1.1341406373	0.0	421103	449.212990855	4.468
7089.33650313	8000	1.1203294457	0.0	476265	513.811191604	3.665
7089.82764697	7733	1.1291856057	0.0	454837	491.143839996	6.398
7090.32471612	8000	1.13211645553	0.0	462300	497.069150177	6.665
7090.81761137	8000	1.13922121112	0.0	462300	492.895244411	8.0
7091.31740691	8000	1.13942567256	0.0	468906	499.795538558	8.0
7091.81484057	8000	1.14199200686	0.0	467438	497.433665694	8.0
7092.30793237	7933	1.14890021134	0.0	465132	493.091795525	7.598
7092.79085199	7533	1.16598058424	0.0	455338	482.919627097	5.533
7093.37770026	8866	1.07913231606	0.0	543071	586.848268184	2.201
7093.98327116	9000	0.973561416422	0.0	551023	605.570899637	8.33
7094.51969711	8000	0.937135465657	0.0	487050	536.425950765	3.0
7095.05612306	8000	0.900709514892	0.0	487050	536.425950765	8.0
7095.58508433	8000	0.87174825048	0.0	487050	528.961264412	8.0
7096.05901093	7253	0.897821650689	0.0	441782	473.926599792	3.518
7096.52986381	7200	0.926968768608	0.0	438855	470.852882081	6.935
7097.00719671	7200	0.949635865448	0.0	438855	477.33290316	7.2
7097.49370109	7200	0.96313148815	0.0	438855	486.504377298	7.2
7097.98020547	7200	0.976627110851	0.0	438855	486.504377298	7.2
7098.55656548	8533	0.900267095022	0.0	521611	576.360015829	1.868
7099.08265543	8000	0.874177152061	0.0	487275	526.08994296	5.335
7099.60126524	8000	0.855567335744	0.0	487275	518.609816318	8.0
7100.11987506	8000	0.836957519426	0.0	487275	518.609816318	8.0
7100.58437862	7133	0.872453962447	0.0	432597	464.50355698	2.798
7101.10345895	7933	0.853373630651	0.0	483757	519.080331795	3.933
7101.62759897	8000	0.829233613445	0.0	488565	524.140017206	7.665
7102.15989904	8000	0.796933535388	0.0	488565	532.300078057	8.0
7102.69447997	8000	0.76235260367	0.0	488565	534.580931718	8.0
7103.15443108	6933	0.802401500613	0.0	419059	459.951103057	1.598
7103.6054875	6866	0.851345075723	0.0	410775	451.05642489	6.531
7104.05892391	6866	0.897908667412	0.0	413769	453.436408311	6.866

