4066.76241381	3066	0.5	0.228801143822	181435	228.801143822	-8.37405719112
4066.99482557	3120	0.767588248386	0.0	184429	232.411751614	2.85
4067.23229747	3146	1.03011633969	0.0	188625	237.471908692	3.016
4067.47436404	3200	1.28804976979	0.0	192435	242.066569909	2.93
4067.71643061	3200	1.54598319988	0.0	192435	242.066569909	3.2
4068.07646421	4800	1.68594960767	0.0	290256	360.033592203	-3.2
4068.45297466	5000	1.80943915032	0.0	303919	376.51045735	4.0
4068.93973408	6453	1.82267973677	0.0	395340	486.759413557	-0.812
4069.42965028	6773	1.83276353066	0.0	413791	489.916206111	5.173
4069.93852855	7200	1.82388526496	0.0	438675	508.878265696	5.065
4070.45537996	7413	1.80703385157	0.0	444483	516.851413387	6.348
4071.08043088	9000	1.68198293102	0.0	536970	625.050920551	1.065
4071.7054818	9000	1.55693201047	0.0	536970	625.050920551	9.0
4072.30735302	9000	1.45506078941	0.0	536970	601.871221058	9.0
4072.91053716	9000	1.3518766565	0.0	536970	603.184132908	9.0
4073.52052413	9000	1.24188968534	0.0	536970	609.986971159	9.0
4074.14889608	9400	1.11351772876	0.0	553424	628.371956583	7.4
4074.71750817	9000	1.04490564008	0.0	522960	568.612088681	7.0
4075.28147145	9000	0.980942366042	0.0	522960	563.963274038	9.0
4075.85116694	9000	0.91124687123	0.0	532300	569.695494812	9.0
4076.38349975	8400	0.878914068207	0.0	503004	532.332803023	5.4
4076.89234916	8000	0.870064658325	0.0	481782	508.849409882	6.0
4077.40023467	8000	0.862179139946	0.0	481782	507.88551838	8.0
4077.94399926	8533	0.818414557347	0.0	510552	543.764582599	5.868
4078.51770448	9000	0.744709335634	0.0	536970	573.705221713	6.665
4079.095981	9000	0.666432818626	0.0	536970	578.276517008	9.0
4079.66168094	9000	0.600732874522	0.0	536970	565.699944103	9.0
4080.22348679	9000	0.538927023574	0.0	536970	561.805850948	9.0
4080.78025008	9000	0.5	0.0178362624943	536970	556.763286068	8.10818687528
4081.25456813	7626	0.52568194541	0.0	456993	474.31805459	0.756
4081.73976134	7733	0.540488733931	0.0	467045	485.193211479	7.198
4082.2009399	7200	0.57931017975	0.0	438675	461.178554182	4.535
4082.70214668	7200	0.57810339608	0.0	438675	501.20678367	7.2
4083.2305859	7200	0.549664179081	0.0	438675	528.439216998	7.2
4083.75902511	7200	0.521224962083	0.0	438675	528.439216998	7.2
4084.291784	7200	0.5	0.0115339210552	438675	532.758883138	6.62330394724
4084.82979972	7200	0.5	0.0380157274156	438675	538.015727416	5.29921362922
4085.34553811	6773	0.5	0.0157383806714	420167	515.738380671	3.85108096643
4085.81828104	6400	0.527257061837	0.0	396693	472.742938163	4.535
4086.16726344	5653	0.678274669105	0.0	345821	348.982392731	1.918
4086.52328011	5760	0.822257999026	0.0	352623	356.01667008	5.225
4086.90150235	6080	0.94403575405	0.0	373673	378.222244976	4.48
4087.31014351	6400	1.03539459104	0.0	394883	408.641163014	4.8
4087.73232749	6506	1.11321061385	0.0	404859	422.183977187	5.976
4088.18503346	6986	1.16050464981	0.0	427291	452.705964039	4.586
4088.63662354	6986	1.20891456338	0.0	418081	451.590086426	6.986
4089.10661675	7200	1.2389213553	0.0	427485	469.993208085	6.13
4089.56835471	7200	1.2771833948	0.0	419991	461.737960501	7.2
4090.02248337	7146	1.32305473957	0.0	413019	454.128655225	6.876
4090.47947726	7146	1.36606084131	0.0	422679	456.993898261	7.146
4090.93368204	7200	1.41185606215	0.0	427485	454.204779162	6.93
4091.37580491	6880	1.46973319484	0.0	408679	442.122867312	5.28
4091.84003639	7000	1.50550171038	0.0	418197	464.23148446	6.4
4092.30453231	6880	1.54100580006	0.0	418435	464.495910322	6.28
4092.79122977	7200	1.55430833716	0.0	438855	486.697462896	5.6
4093.30492626	7626	1.54061184967	0.0	464559	513.696487487	5.496
4093.83913313	8000	1.50640497969	0.0	487050	534.206869983	6.13
4094.36655162	8000	1.4789864851	0.0	487050	527.418494584	8.0
4094.89332269	8000	1.45221541473	0.0	487050	526.771070373	8.0
4095.40970635	8000	1.43583175415	0.0	487050	516.383660582	8.0
4095.92682253	8000	1.41871557484	0.0	487050	517.116179307	8.0
4096.44174236	7893	1.40379574535	0.0	483158	514.919829494	7.358
4096.97629205	8000	1.36924605247	0.0	493365	534.549692879	7.465
4097.51154754	8000	1.33399056292	0.0	493365	535.255489546	8.0
4098.04048081	8000	1.30505729268	0.0	493365	528.933270245	8.0
4098.67301734	9280	1.1725207627	0.0	581337	632.536529982	2.88
4099.33845661	9600	1.00708149691	0.0	603330	665.439265787	8.0
4100.02895237	9813	0.816585736776	0.0	613526	690.495760134	8.748
4100.63762275	8800	0.707915358748	0.0	541560	608.670378028	3.735
4101.19072537	8160	0.654812740262	0.0	499088	553.102618486	4.96
4101.73395761	8000	0.611580493548	0.0	487050	543.232246714	7.2
4102.28222418	8000	0.56331392491	0.0	487050	548.266568639	8.0
4102.82065087	8000	0.524887238392	0.0	487050	538.426686517	8.0
4103.32780969	7680	0.517728417621	0.0	467772	507.158820772	6.08
4103.79779656	6933	0.547741543413	0.0	421780	469.986874207	3.198
4104.26121673	6826	0.584321379519	0.0	409638	463.420163894	6.291
4104.73887234	7200	0.606665769677	0.0	428730	477.655609842	5.33
4105.20441307	7200	0.641125033539	0.0	428730	465.540736138	7.2
4105.66216134	7200	0.683376768753	0.0	428730	457.748264786	7.2
4106.10344513	7200	0.742092980048	0.0	428730	441.283788705	7.2
4106.57058628	7200	0.774951828921	0.0	428730	467.141151128	7.2
4107.04481278	7200	0.800725320861	0.0	429824	474.226508059	7.2
4107.52404587	7200	0.821492238336	0.0	429084	479.233082526	7.2
4108.06378568	7946	0.781752429991	0.0	476950	539.739808345	4.216
4108.5736509	7626	0.771887200612	0.0	456045	509.865229379	6.026
4109.03844265	7200	0.807095460079	0.0	427635	464.791740533	5.07
4109.54025108	7800	0.80528702553	0.0	462222	501.808434549	4.8
4110.03594055	7800	0.809597554196	0.0	456146	495.689471334	7.8
4110.51552973	7666	0.830008370958	0.0	447075	479.589183238	6.996
4110.96353022	7133	0.882007885336	0.0	421103	448.000485622	4.468
4111.45073785	8000	0.894800259778	0.0	476265	487.207625558	3.665
4111.91494335	7733	0.930594758202	0.0	454837	464.205501576	6.398
4112.39853011	8000	0.947007998787	0.0	462300	483.586759415	6.665
4112.88310706	8000	0.962431040756	0.0	462300	484.57695803	8.0
4113.37562361	8000	0.969914496105	0.0	468906	492.516544651	8.0
4113.87309984	8000	0.972438268494	0.0	467438	497.476227611	8.0
4114.37085555	7933	0.974682558726	0.0	465132	497.755709768	7.598
4114.86396028	7533	0.981577821032	0.0	455338	493.104737694	5.533
4115.33004339	7093	1.01549471842	0.0	432025	466.083102612	4.893
4115.79874982	7200	1.04678828236	0.0	438283	468.706436059	6.665
4116.31566644	8000	1.02987166982	0.0	487050	516.916612538	4.0
4116.83076224	8000	1.0147758679	0.0	487050	515.095801925	8.0
4117.34135403	8000	1.00418407951	0.0	487050	510.591788384	8.0
4117.93628104	9066	0.909257067884	0.0	555398	594.927011629	3.736
4118.5381218	9000	0.807416306721	0.0	551655	601.840761162	8.67
4119.14816447	9000	0.697373631465	0.0	551655	610.042675256	9.0
4119.75924926	9000	0.586288846444	0.0	551655	611.084785021	9.0
4120.37250534	9000	0.5	0.0269672316596	551655	613.256078104	7.65163841702
4120.95603876	8533	0.5	0.083533419819	521611	583.533419819	2.02132900905
4121.50126393	8000	0.5	0.0452251755769	487275	545.225175577	3.07374122116
4122.04099372	8000	0.5	0.039729789847	487275	539.729789847	6.01351050765
4122.5887264	8000	0.5	0.0477326752258	487275	547.732675226	5.61336623871
4123.07611913	7133	0.512607270833	0.0	432597	487.392729167	2.798
4123.5019205	6346	0.58680589608	0.0	384845	425.801374753	2.411
4123.92882112	6400	0.659905277209	0.0	388680	426.900618871	6.13
4124.36467993	6400	0.72404647244	0.0	388680	435.858804769	6.4
4124.80700612	6400	0.781720282127	0.0	388680	442.326190313	6.4
4125.28226482	6933	0.806461579192	0.0	419059	475.258702935	4.268
4125.70870518	6866	0.880021220102	0.0	410775	426.44035909	6.531
4126.14178024	6866	0.946946153259	0.0	413769	433.075066843	6.866

