4007.08642541	3066	0.5	0.212430559041	181435	212.430559041	-7.55552795205
4007.30219643	3120	0.784228976915	0.0	184429	215.771023085	2.85
4007.52264901	3146	1.063776395	0.0	188625	220.452581911	3.016
4007.74735249	3200	1.33907292197	0.0	192435	224.703473029	2.93
4008.08236156	4800	1.50406384518	0.0	291300	335.009076797	-3.2
4008.41620583	4800	1.67021957949	0.0	290256	333.844265687	4.8
4008.76529417	5000	1.82113123891	0.0	303919	349.08834058	4.0
4009.20798067	6453	1.87844474393	0.0	395340	442.686494982	-0.812
4009.66296339	6773	1.92346202261	0.0	413791	454.982721316	5.173
4010.14165184	7200	1.94477357412	0.0	438675	478.68844849	5.065
4010.61645448	7413	1.96997092884	0.0	444483	474.802645279	6.348
4011.18797219	9000	1.89845321853	0.0	536970	571.517710318	1.065
4011.73782614	9000	1.84859926462	0.0	536970	549.853953902	9.0
4012.27135377	9000	1.81507164231	0.0	536970	533.527622314	9.0
4012.80773106	9000	1.77869434996	0.0	536970	536.377292353	9.0
4013.3445902	9000	1.74183520891	0.0	536970	536.859141049	9.0
4013.89926112	9400	1.6871642846	0.0	553424	554.670924308	7.4
4014.42355334	9000	1.66287206507	0.0	522960	524.292219534	7.0
4014.95364576	9000	1.63277965105	0.0	522960	530.092414019	9.0
4015.49570383	9000	1.59072158291	0.0	532300	542.058068131	9.0
4015.99484507	8400	1.59158033992	0.0	503004	499.141242993	5.4
4016.46914727	8000	1.61727814153	0.0	481782	474.302198391	6.0
4016.92940236	8000	1.6570230534	0.0	481782	460.255088134	8.0
4017.41087248	8533	1.67555292986	0.0	510552	481.470123539	5.868
4017.92896129	9000	1.65746411993	0.0	536970	518.088809923	6.665
4018.46699025	9000	1.6194351602	0.0	536970	538.028959735	9.0
4019.00623377	9000	1.58019163871	0.0	536970	539.243521484	9.0
4019.54274236	9000	1.5436830446	0.0	536970	536.508594116	9.0
4020.0689399	9000	1.51748551105	0.0	536970	526.197533548	9.0
4020.62817291	9533	1.45825250403	0.0	573990	559.233007017	6.868
4021.21057305	9666	1.37585235833	0.0	586715	582.400145707	9.001
4021.76786695	9000	1.31855846053	0.0	551265	557.293897795	5.67
4022.29961827	9000	1.28680713656	0.0	551265	531.751323972	9.0
4022.85746842	9000	1.22895698437	0.0	551265	557.850152189	9.0
4023.42646707	9000	1.15995833508	0.0	551265	568.998649295	9.0
4024.00576003	9000	1.08066537832	0.0	551265	579.292956751	9.0
4024.59074872	9000	0.995676685064	0.0	551265	584.988693261	9.0
4025.15320862	8466	0.933216791332	0.0	527825	562.459893732	5.796
4025.69405373	8000	0.892371677136	0.0	498375	540.845114196	5.67
4026.17159464	7066	0.914830765032	0.0	434595	477.540912104	2.396
4026.65343387	7200	0.932991534906	0.0	442995	481.839230126	6.53
4027.16335096	7600	0.923074453717	0.0	469589	509.917081189	5.6
4027.71023766	8000	0.876187750577	0.0	496259	546.886703139	6.0
4028.2709769	8133	0.815448507217	0.0	508563	560.73924336	7.468
4028.8682442	8733	0.718181208169	0.0	536941	597.267299048	5.733
4029.45706307	8733	0.629362343539	0.0	525223	588.81886463	8.733
4030.05882764	9000	0.527597767844	0.0	536970	601.764575695	7.665
4030.53184325	7200	0.554582156538	0.0	419991	473.015611307	-1.8
4030.99721516	7146	0.589210250951	0.0	413019	465.371905587	6.876
4031.47323765	7146	0.613187763653	0.0	422679	476.022487298	7.146
4031.93278088	7200	0.653644527821	0.0	427485	459.543235832	6.93
4032.36275634	6880	0.723669069343	0.0	408679	429.975458478	5.28
4032.80341525	7000	0.78301015743	0.0	418197	440.658911913	6.4
4033.24558992	6880	0.8408354844	0.0	418435	442.174673031	6.28
4033.72292274	7200	0.863502669009	0.0	438855	477.332815391	5.6
4034.22940795	7626	0.857017454588	0.0	464559	506.485214421	5.496
4034.7619975	8000	0.824427905096	0.0	487050	532.589549492	6.13
4035.30373811	8000	0.782687303573	0.0	487050	541.740601523	8.0
4035.84547871	8000	0.74094670205	0.0	487050	541.740601523	8.0
4036.38781224	8000	0.698613167355	0.0	487050	542.333534696	8.0
4036.9310315	8000	0.65539390473	0.0	487050	543.219262624	8.0
4037.46952712	7893	0.616898287318	0.0	483158	538.495617412	7.358
4038.01004567	8000	0.576379734898	0.0	493365	540.51855242	7.465
4038.54996404	8000	0.536461373268	0.0	493365	539.918361629	8.0
4039.07849841	8000	0.507927002525	0.0	493365	528.534370743	8.0
4039.54344528	6960	0.542980133863	0.0	432864	464.946868662	1.76
4040.03156063	7200	0.554864781056	0.0	449280	488.115352806	6.0
4040.52949349	7360	0.556931916205	0.0	456778	497.932864851	6.56
4040.96784192	6600	0.618583484953	0.0	402915	438.348431253	2.8
4041.36865342	6120	0.717771994232	0.0	371455	400.811490721	3.72
4041.76012743	6000	0.82629797906	0.0	362580	391.474015172	5.4
4042.15159396	6000	0.934831451856	0.0	362580	391.466527204	6.0
4042.54269244	6000	1.04373297087	0.0	362580	391.098480989	6.0
4043.04435552	7680	1.04206989334	0.0	467772	501.663077525	-0.72
4043.60683955	8666	0.979585863468	0.0	530195	562.484029875	3.736
4044.15180959	8533	0.934615821755	0.0	515343	544.970041713	7.868
4044.71881494	9000	0.867610473375	0.0	539520	567.00534838	6.665
4045.2856492	9000	0.800776210724	0.0	539520	566.834262651	9.0
4045.85525686	9000	0.731168550902	0.0	539520	569.607659823	9.0
4046.42412023	9000	0.662305176155	0.0	539520	568.863374746	9.0
4046.99113879	9000	0.595286618617	0.0	539520	567.018557538	9.0
4047.5626283	9000	0.523797108076	0.0	540862	571.489510541	9.0
4048.13693146	9000	0.5	0.0505060508536	539793	574.30315893	6.47469745732
4048.66213631	7946	0.5	0.0252048489277	476950	525.204848928	1.41575755362
4049.1696288	7626	0.5	0.0074924936304	456045	507.49249363	5.65137531848
4049.64612926	7200	0.523499539489	0.0	427635	476.500460511	5.07
4050.17676671	7800	0.5	0.00713791180573	462222	530.637451295	4.44310440971
4050.71017485	7800	0.5	0.0334081368995	456146	533.408136899	6.12959315503
4051.2331744	7666	0.5	0.0229995501535	447075	522.999550154	5.84602249232
4051.72637219	7133	0.506802215359	0.0	421103	493.197784641	4.468
4052.16253437	6400	0.570640028644	0.0	378390	436.162186715	2.735
4052.57761937	6186	0.655555030018	0.0	361396	415.084998626	5.116
4052.99947903	6400	0.733695374972	0.0	367440	421.859655046	5.33
4053.42133868	6400	0.811835719925	0.0	367440	421.859655046	6.4
4053.87084046	6400	0.862333945333	0.0	372984	449.501774592	6.4
4054.32265555	6400	0.910518856302	0.0	371752	451.815089032	6.4
4054.77235992	6346	0.960814485163	0.0	369976	449.704371139	6.076
4055.32351423	7533	0.909660169895	0.0	455338	551.154315268	1.598
4055.84696181	7093	0.886212592373	0.0	432025	523.447577522	4.893
4056.37760536	7200	0.855569042094	0.0	438283	530.643550279	6.665
4056.93016431	8000	0.803010086757	0.0	487050	552.558955337	4.0
4057.48272327	8000	0.750451131421	0.0	487050	552.558955337	8.0
4058.03524874	8000	0.697925662079	0.0	487050	552.525469342	8.0
4058.53724464	7253	0.695929760016	0.0	441782	501.995902063	3.518
4059.03598085	7200	0.697193547133	0.0	438855	498.736212883	6.935
4059.53471707	7200	0.69845733425	0.0	438855	498.736212883	7.2
4060.03779029	7200	0.695384109117	0.0	438855	503.073225133	7.2
4060.54134984	7200	0.691824560834	0.0	438855	503.559548284	7.2
4061.01802456	6826	0.715149840117	0.0	414950	476.674720717	4.956
4061.58802768	8000	0.645146726396	0.0	487275	570.00311372	2.13
4062.165828	8000	0.567346403939	0.0	487275	577.800322457	8.0
4062.74362832	8000	0.5	0.0104539185186	487275	577.800322457	7.47730407407
4063.25771475	7133	0.5	0.0140864318795	432597	514.08643188	2.09367840602
4063.70998815	6346	0.547726606006	0.0	384845	452.273393994	2.411
4064.16422634	6400	0.59348841569	0.0	388680	454.238190315	6.13
4064.61846453	6400	0.639250225375	0.0	388680	454.238190315	6.4
4065.07270272	6400	0.68501203506	0.0	388680	454.238190315	6.4
4065.56324749	6933	0.694467264786	0.0	419059	490.544770274	4.268
4066.04670464	6866	0.711010107955	0.0	410775	483.457156831	6.531
4066.53361267	6866	0.72410208209	0.0	413769	486.908025865	6.866

