457.86886971	3066	0.5	0.190170942238	181435	190.170942238	-6.44254711189
458.062013793	3120	0.806855916962	0.0	184429	193.144083038	2.85
458.259324642	3146	1.10954506746	0.0	188625	197.310849503	3.016
458.460418948	3200	1.40845076223	0.0	192435	201.094305231	2.93
458.75660739	4800	1.61226231985	0.0	291300	296.188442378	-3.2
459.147349428	6400	1.72152028156	0.0	389889	390.74203829	-1.6
459.554256554	6666	1.8146131561	0.0	408326	406.907125459	5.336
459.969102678	6453	1.89976703214	0.0	395340	414.846123959	5.388
460.525522104	8466	1.84334760541	0.0	520019	556.419426733	-1.599
461.123879681	9000	1.74499002886	0.0	551265	598.357576544	6.33
461.740934756	9266	1.62793495336	0.0	558332	617.055075502	7.936
462.327194571	9000	1.54167513836	0.0	536970	586.259815	7.67
462.899860286	9000	1.46900942433	0.0	536970	572.665714036	9.0
463.46434807	9000	1.40452163967	0.0	536970	564.487784653	9.0
464.02399791	9000	1.34487179939	0.0	536970	559.649840279	9.0
464.595152032	9000	1.27371767819	0.0	536970	571.154121209	9.0
465.191762591	9400	1.17710711868	0.0	553424	596.610559503	7.4
465.74926922	9000	1.11960048989	0.0	522960	557.506628788	7.0
466.292673232	9000	1.07619647747	0.0	522960	543.404012425	9.0
466.830354921	9000	1.03851478893	0.0	532300	537.681688544	9.0
467.348317623	8400	1.02055208683	0.0	503004	517.962702094	5.4
467.849393053	8000	1.01947665698	0.0	481782	501.075429851	6.0
468.356588695	8000	1.01228101532	0.0	481782	507.195641657	8.0
468.900898679	8533	0.967971030918	0.0	510552	544.309984404	5.868
469.495696433	9000	0.873173276643	0.0	536970	594.797754275	6.665
470.075625366	9000	0.793244344309	0.0	536970	579.928932334	9.0
470.640034928	9000	0.728834782011	0.0	536970	564.409562297	9.0
471.18935426	9000	0.679515449392	0.0	536970	549.31933262	9.0
471.733934405	9000	0.634935304381	0.0	536970	544.58014501	9.0
472.181473833	7626	0.687395876392	0.0	456993	447.539427989	0.756
472.628234093	7733	0.740635617097	0.0	467045	446.760259296	7.198
473.051544017	7200	0.81732569268	0.0	438675	423.309924416	4.535
473.481432882	7200	0.887436828337	0.0	438675	429.888864343	7.2
473.91306491	7200	0.955804799388	0.0	438675	431.632028949	7.2
474.35604928	7200	1.0128204298	0.0	438675	442.98436959	7.2
474.803262247	7200	1.06560746276	0.0	438675	447.212967033	7.2
475.253389268	7200	1.11548044137	0.0	438675	450.127021398	7.2
475.69046838	6773	1.17840132956	0.0	420167	437.079111806	4.638
476.098287347	6400	1.27058236257	0.0	396693	407.818966989	4.535
476.540785056	7066	1.32808465379	0.0	434595	442.497708779	3.736
476.985545529	7200	1.38332418112	0.0	442995	444.760472667	6.53
477.456710755	7600	1.41215895458	0.0	469589	471.165226543	5.6
477.953767669	8000	1.41510204055	0.0	496259	497.056914034	6.0
478.47707206	8133	1.39179765024	0.0	508563	523.304390309	7.468
479.044292998	8733	1.3245767114	0.0	536941	567.220938833	5.733
479.608088678	8733	1.26078103169	0.0	525223	563.795679712	8.733
480.196258855	9000	1.17261085445	0.0	536970	588.170177244	7.665
480.771837052	9000	1.09703265791	0.0	527946	575.578196538	9.0
481.336986263	8933	1.03188344662	0.0	519390	565.149211291	8.598
481.912175794	8933	0.956693916282	0.0	530998	575.189530338	8.933
482.487763143	9000	0.881106566604	0.0	536970	575.587349678	8.665
483.025877551	8600	0.842992159298	0.0	513386	538.114407306	6.6
483.486827039	7000	0.882042670511	0.0	418197	460.949488787	-1.0
483.953714568	6880	0.915155141887	0.0	418435	466.887528624	6.28
484.431252913	7200	0.937616796533	0.0	438855	477.538345354	5.6
484.930888833	7626	0.937980877186	0.0	464559	499.635919347	5.496
485.449323839	8000	0.919545870565	0.0	487050	518.435006621	6.13
485.979977314	8000	0.888892396305	0.0	487050	530.65347426	8.0
486.505419158	8000	0.863450552025	0.0	487050	525.44184428	8.0
487.028005994	8000	0.840863715639	0.0	487050	522.586836386	8.0
487.54929383	8000	0.819575879896	0.0	487050	521.287835742	8.0
488.06729828	7893	0.801571429503	0.0	483158	518.004450394	7.358
488.606435823	8000	0.762433886458	0.0	493365	539.137543045	7.465
489.152466197	8000	0.716403512657	0.0	493365	546.030373801	8.0
489.702074929	8000	0.666794780543	0.0	493365	549.608732114	8.0
490.1979672	6960	0.670902510115	0.0	432864	495.892270428	1.76
490.715701651	7200	0.653168059032	0.0	449280	517.734451082	6.0
491.255581386	7360	0.613288324074	0.0	456778	539.879734959	6.56
491.727536255	6600	0.641333455262	0.0	402915	471.954868812	2.8
492.131958828	6120	0.73691088151	0.0	371455	404.422573752	3.72
492.543529292	6000	0.82534041812	0.0	362580	411.570463389	5.4
492.974319116	6000	0.894550593363	0.0	362580	430.789824758	6.0
493.410791633	6000	0.958078076634	0.0	362580	436.472516729	6.0
493.848827213	5760	1.02004249644	0.0	348294	438.035580191	4.56
494.377173343	6933	0.991696366412	0.0	421780	528.346130031	1.068
494.865081099	6826	1.00378861036	0.0	409638	487.907756051	6.291
495.358863736	7200	1.01000597431	0.0	428730	493.782636049	5.33
495.787561962	7200	1.08130774746	0.0	428730	428.698226852	7.2
496.20875111	7200	1.16011860031	0.0	428730	421.189147144	7.2
496.633872248	7200	1.23499746157	0.0	428730	425.121138746	7.2
497.097390776	7200	1.27147893402	0.0	428730	463.518527549	7.2
497.56119456	7200	1.30767515007	0.0	429824	463.803783951	7.2
498.025522881	7200	1.34334682892	0.0	429084	464.328321149	7.2
498.542826256	7946	1.3260434536	0.0	476950	517.303375317	4.216
499.041473466	7626	1.32739624384	0.0	456045	498.647209763	6.026
499.515033861	7200	1.35383584853	0.0	427635	473.560395307	5.07
500.028233465	7800	1.34063624532	0.0	462222	513.199603207	4.8
500.537363601	7800	1.3315061088	0.0	456146	509.130136525	7.8
501.028933817	7666	1.33993589247	0.0	447075	491.570216327	6.996
501.520624663	7133	1.34824504681	0.0	421103	491.690845663	4.468
502.075414158	8000	1.29345555206	0.0	476265	554.789494755	3.665
502.605692615	7733	1.26317709484	0.0	454837	530.278457215	6.398
503.127030841	8000	1.2418388686	0.0	462300	521.33822624	6.665
503.635624256	8000	1.23324545378	0.0	462300	508.593414822	8.0
504.168808791	8000	1.20006091901	0.0	468906	533.184534763	8.0
504.698169828	8000	1.17069988226	0.0	467438	529.361036752	8.0
505.217435393	7933	1.15143431661	0.0	465132	519.265565655	7.598
505.719307702	7533	1.14956200792	0.0	455338	501.872308692	5.533
506.191523707	7093	1.17734600265	0.0	432025	472.216005266	4.893
506.664963633	7200	1.20390607664	0.0	438283	473.439926006	6.665
507.18486684	8000	1.18400286956	0.0	487050	519.903207084	4.0
507.697436418	8000	1.17143329214	0.0	487050	512.569577421	8.0
508.208168785	8000	1.16070092507	0.0	487050	510.732367071	8.0
508.787771902	9066	1.08109780741	0.0	555398	579.603117656	3.736
509.420392491	9000	0.948477219138	0.0	551655	632.620588274	8.67
510.039885113	9000	0.828984597266	0.0	551655	619.492621872	9.0
510.64378222	9000	0.725087489445	0.0	551655	603.897107821	9.0
511.233951408	9000	0.63491830135	0.0	551655	590.169188095	9.0
511.783795999	8533	0.585073711291	0.0	521611	549.844590059	6.198
512.294107358	8000	0.574762351414	0.0	487275	510.311359877	5.335
512.803017181	8000	0.565852529072	0.0	487275	508.909822343	8.0
513.311334209	8000	0.557535501048	0.0	487275	508.317028024	8.0
513.762412255	7133	0.606457454742	0.0	432597	451.078046306	2.798
514.31645191	7933	0.552417800293	0.0	483757	554.03965445	3.933
514.880319762	8000	0.5	0.0114500521319	488565	563.867852424	7.0924973934
515.43465711	8000	0.5	0.0543373484387	488565	554.337348439	5.28313257807
515.982078415	8000	0.5	0.0474213048906	488565	547.421304891	5.62893475547
516.450350897	6933	0.531727518677	0.0	419059	468.272481323	1.598
516.905616417	6866	0.576461998081	0.0	410775	455.265520596	6.531
517.360498761	6866	0.621579654417	0.0	413769	454.882343664	6.866

