983.124498532	3066	0.5	0.233290096864	181435	233.290096864	-8.59850484318
983.361473313	3120	0.763025219641	0.0	184429	236.974780359	2.85
983.603612065	3146	1.02088646736	0.0	188625	242.138752285	3.016
983.850439743	3200	1.27405878918	0.0	192435	246.827678176	2.93
984.097267421	3200	1.527231111	0.0	192435	246.827678176	3.2
984.464482349	4800	1.66001618359	0.0	290256	367.214927413	-3.2
984.848512183	5000	1.7759863495	0.0	303919	384.029834093	4.0
985.345052855	6453	1.77944567711	0.0	395340	496.540672384	-0.812
985.835180206	6773	1.78931832686	0.0	413791	490.127350257	5.173
986.342914444	7200	1.78158408873	0.0	438675	507.734238123	5.065
986.860975128	7413	1.76352340496	0.0	444483	518.060683771	6.348
987.486135165	9000	1.63836336734	0.0	536970	625.160037617	1.065
988.111210195	9000	1.51328833791	0.0	536970	625.07502944	9.0
988.735789751	9000	1.38870878103	0.0	536970	624.579556874	9.0
989.360369308	9000	1.26412922416	0.0	536970	624.579556874	9.0
989.949972679	9000	1.1745258538	0.0	536970	589.603370354	9.0
990.543458053	9400	1.08104047943	0.0	553424	593.485374371	7.4
991.11595417	9000	1.00854436271	0.0	522960	572.496116718	7.0
991.706845806	9000	0.917652726435	0.0	522960	590.891636279	9.0
992.321075012	9000	0.803423520306	0.0	532300	614.229206129	9.0
992.940385602	8400	0.68411293008	0.0	503004	619.310590226	5.4
993.538311404	8000	0.586187128241	0.0	481782	597.925801839	6.0
994.016257055	6400	0.608241476991	0.0	383463	477.94565125	-1.6
994.517574499	6826	0.606924033681	0.0	406429	501.317443311	4.696
995.025207797	7200	0.599290735665	0.0	427485	507.633298015	5.33
995.532841095	7200	0.59165743765	0.0	427485	507.633298015	7.2
996.031003727	7200	0.593494805638	0.0	427485	498.162632012	7.2
996.507063051	7200	0.617435481005	0.0	427485	476.059324633	7.2
996.98426434	7200	0.640234192223	0.0	427485	477.201288782	7.2
997.503454026	7626	0.621044506462	0.0	456993	519.189685761	5.496
998.030396744	7733	0.594101788137	0.0	467045	526.942718325	7.198
998.518816425	7200	0.605682107027	0.0	438675	488.419681111	4.535
999.006009048	7200	0.618489484163	0.0	438675	487.192622864	7.2
999.483950889	7200	0.640547643823	0.0	438675	477.941840339	7.2
999.963604233	7200	0.66089429922	0.0	438675	479.653344603	7.2
1000.44878184	7200	0.675716694921	0.0	438675	485.1776043	7.2
1000.93186456	7200	0.692633976777	0.0	438675	483.082718143	7.2
1001.38179997	6773	0.742698566769	0.0	420167	449.935410008	4.638
1001.8073907	6400	0.817107833189	0.0	396693	425.59073358	4.535
1002.27297576	7066	0.851522773156	0.0	434595	465.585060033	3.736
1002.77300362	7200	0.851494916587	0.0	442995	500.027856569	6.53
1003.32454065	7600	0.799957882213	0.0	469589	551.537034373	5.6
1003.90543206	8000	0.719066477292	0.0	496259	580.891404922	6.0
1004.49827051	8133	0.62622801817	0.0	508563	592.838459122	7.468
1004.99636525	6986	0.628133285006	0.0	427291	498.094733164	1.251
1005.47198337	6986	0.652515162118	0.0	418081	475.618122888	6.986
1005.95784834	7200	0.666650190444	0.0	427485	485.864971674	6.13
1006.4350269	7200	0.689471635833	0.0	419991	477.17855461	7.2
1006.90445012	7146	0.720048411415	0.0	413019	469.423224418	6.876
1007.39914106	7146	0.725357472769	0.0	422679	494.690938647	7.146
1007.8998712	7200	0.724627329233	0.0	427485	500.730143536	6.93
1008.37432856	6880	0.750169974371	0.0	408679	474.457354861	5.28
1008.85883518	7000	0.765663349364	0.0	418197	484.506625007	6.4
1009.33152129	6880	0.792977244279	0.0	418435	472.686105084	6.28
1009.82678689	7200	0.797711645927	0.0	438855	495.265598353	5.6
1010.32924419	7626	0.79525434513	0.0	464559	502.457300797	5.496
1010.8515252	8000	0.772973328253	0.0	487050	522.281016876	6.13
1011.33658583	8000	0.787912706555	0.0	487050	485.060621698	8.0
1011.82589988	8000	0.798598657091	0.0	487050	489.314049463	8.0
1012.31712813	8000	0.807370405398	0.0	487050	491.228251693	8.0
1012.8051085	8000	0.819390029352	0.0	487050	487.980376046	8.0
1013.28456129	7893	0.839937239607	0.0	483158	479.452789745	7.358
1013.75651039	8000	0.867988141048	0.0	493365	471.94909856	7.465
1014.22075848	8000	0.903740053599	0.0	493365	464.248087448	8.0
1014.69456593	8000	0.929932604811	0.0	493365	473.807448788	8.0
1015.28393232	9280	0.840566212121	0.0	581337	589.36639269	2.88
1015.89648789	9600	0.728010637484	0.0	603330	612.555574637	8.0
1016.51647247	9813	0.608026061845	0.0	613526	619.98457564	8.748
1017.07976362	8800	0.54473491218	0.0	541560	563.291149665	3.735
1017.59822192	8160	0.526276611003	0.0	499088	518.458301177	4.96
1018.09878514	8000	0.525713394216	0.0	487050	500.563216787	7.2
1018.60068742	8000	0.52381111428	0.0	487050	501.902279936	8.0
1019.11221632	8000	0.512282215886	0.0	487050	511.528898395	8.0
1019.61408436	7680	0.510414173102	0.0	467772	501.868042784	6.08
1020.06282079	6933	0.561677746389	0.0	421780	448.736426713	3.198
1020.49745162	6826	0.627046916951	0.0	409638	434.630829437	6.291
1020.94264576	7200	0.68185276781	0.0	428730	445.194149141	5.33
1021.38709127	7200	0.73740725971	0.0	428730	444.4455081	7.2
1021.8306158	7200	0.793882733403	0.0	428730	443.524526307	7.2
1022.28257741	7200	0.841921117567	0.0	428730	451.961615836	7.2
1022.73779038	7200	0.886708153176	0.0	428730	455.212964391	7.2
1023.17748494	7200	0.947013587666	0.0	429824	439.69456551	7.2
1023.61116937	7200	1.01332916728	0.0	429084	433.684420388	7.2
1024.11493072	7946	1.00956781619	0.0	476950	503.761351085	4.216
1024.59924646	7626	1.02525207103	0.0	456045	484.31574516	6.026
1025.05625979	7200	1.06823874658	0.0	427635	457.013324452	5.07
1025.53463891	7800	1.0898596271	0.0	462222	478.379119487	4.8
1026.00309461	7800	1.12140392658	0.0	456146	468.455700516	7.8
1026.46458386	7666	1.15991467024	0.0	447075	461.489256336	6.996
1026.89544471	7133	1.22905382478	0.0	421103	430.860845464	4.468
1027.37661967	8000	1.24787886528	0.0	476265	481.174959496	3.665
1027.83038397	7733	1.29411456691	0.0	454837	453.764298371	6.398
1028.32662789	8000	1.29787064309	0.0	462300	496.243923825	6.665
1028.83725189	8000	1.28724664267	0.0	462300	510.624000413	8.0
1029.37796538	8000	1.24653315298	0.0	468906	540.713489695	8.0
1029.92220858	8000	1.20228995435	0.0	467438	544.243198624	8.0
1030.44274825	7933	1.18175028124	0.0	465132	520.539673112	7.598
1030.9279696	7533	1.19652893657	0.0	455338	485.221344669	5.533
1031.4170216	7093	1.2074769283	0.0	432025	489.052008274	4.893
1031.91683781	7200	1.20766072072	0.0	438283	499.81620758	6.665
1032.50170032	8000	1.12279820916	0.0	487050	584.862511557	4.0
1033.09560908	8000	1.02888945018	0.0	487050	593.908758983	8.0
1033.69012767	8000	0.934370867311	0.0	487050	594.518582869	8.0
1034.23645184	7253	0.888046688495	0.0	441782	546.324178816	3.518
1034.77922264	7200	0.845275893184	0.0	438855	542.770795311	6.935
1035.31932967	7200	0.805168860417	0.0	438855	540.107032767	7.2
1035.81600068	7200	0.808497853012	0.0	438855	496.671007405	7.2
1036.31267169	7200	0.811826845607	0.0	438855	496.671007405	7.2
1036.76568183	6826	0.858816702054	0.0	414950	453.010143553	4.956
1037.18110318	6400	0.943395350677	0.0	387630	415.421351378	4.27
1037.57607273	6400	1.04842580548	0.0	387630	394.969545195	6.4
1037.96236567	6400	1.16213286369	0.0	387630	386.292941792	6.4
1038.40086761	7133	1.22363091756	0.0	432597	438.501946128	3.468
1038.89486171	7933	1.22963682049	0.0	483757	493.994097075	3.933
1039.40848282	8000	1.21601570885	0.0	488565	513.621111636	7.665
1039.92625715	8000	1.19824138419	0.0	488565	517.774324661	8.0
1040.44019019	8000	1.1843083468	0.0	488565	513.933037387	8.0
1040.87117414	6933	1.25332439517	0.0	419059	430.983951629	1.598
1041.28917257	6866	1.33532596141	0.0	410775	417.998433763	6.531
1041.71299681	6866	1.41150172559	0.0	413769	423.824235822	6.866

