2680.15285758	3066	0.5	0.204286607059	181435	204.286607059	-7.14833035295
2680.36035026	3120	0.792507318581	0.0	184429	207.492681419	2.85
2680.57233615	3146	1.08052142139	0.0	188625	211.985897189	3.016
2680.78840193	3200	1.36445565002	0.0	192435	216.065771375	2.93
2681.11033561	4800	1.54252196227	0.0	291300	321.933687747	-3.2
2681.43115135	4800	1.7217062243	0.0	290256	320.81573797	4.8
2681.75705195	5000	1.89580562232	0.0	303919	325.900601981	4.0
2682.17727547	6453	1.97558210425	0.0	395340	420.223518069	-0.812
2682.62196657	6773	2.03089100324	0.0	413791	444.691101012	5.173
2683.03515809	6400	2.11769948449	0.0	383025	413.191518747	4.535
2683.47711617	6400	2.17574140548	0.0	383025	441.958079012	6.4
2683.93033286	6400	2.22252471857	0.0	383025	453.216686908	6.4
2684.38354954	6400	2.26930803166	0.0	383025	453.216686908	6.4
2684.83676623	6400	2.31609134476	0.0	383025	453.216686908	6.4
2685.29106745	6400	2.36179012779	0.0	383025	454.301216965	6.4
2685.76673345	6400	2.38612412874	0.0	383025	475.665999047	6.4
2686.24239945	6400	2.4104581297	0.0	383025	475.665999047	6.4
2686.71806544	6400	2.43479213065	0.0	383025	475.665999047	6.4
2687.19373144	6400	2.4591261316	0.0	383025	475.665999047	6.4
2687.66939744	6400	2.48346013256	0.0	383025	475.665999047	6.4
2688.14506344	6400	2.50779413351	0.0	383025	475.665999047	6.4
2688.62072944	6400	2.53212813446	0.0	383025	475.665999047	6.4
2689.09670532	6400	2.55615225199	0.0	383025	475.97588247	6.4
2689.57449891	6400	2.57835866574	0.0	383025	477.793586256	6.4
2690.0522925	6400	2.60056507948	0.0	383025	477.793586256	6.4
2690.53008608	6400	2.62277149322	0.0	383025	477.793586256	6.4
2691.00787967	6400	2.64497790697	0.0	383025	477.793586256	6.4
2691.48567325	6400	2.66718432071	0.0	383025	477.793586256	6.4
2691.96346684	6400	2.68939073446	0.0	383025	477.793586256	6.4
2692.44126043	6400	2.7115971482	0.0	383025	477.793586256	6.4
2692.91905401	6400	2.73380356195	0.0	383025	477.793586256	6.4
2693.39439761	6400	2.75845996151	0.0	383025	475.343600432	6.4
2693.86957621	6400	2.78328136251	0.0	383025	475.178599003	6.4
2694.34475481	6400	2.80810276351	0.0	383025	475.178599003	6.4
2694.81993341	6400	2.8329241645	0.0	383025	475.178599003	6.4
2695.29511201	6400	2.8577455655	0.0	383025	475.178599003	6.4
2695.77029061	6400	2.8825669665	0.0	383025	475.178599003	6.4
2696.23099978	6400	2.92185779315	0.0	383025	460.709173352	6.4
2696.68558827	6400	2.96726930287	0.0	383025	454.588490277	6.4
2697.14017676	6400	3.01268081259	0.0	383025	454.588490277	6.4
2697.59476525	6400	3.05809232231	0.0	383025	454.588490277	6.4
2698.04935374	6400	3.10350383204	0.0	383025	454.588490277	6.4
2698.4846918	6400	3.16816577087	0.0	383025	435.338061168	6.4
2698.91707179	6400	3.23578578495	0.0	383025	432.379985916	6.4
2699.34945178	6400	3.30340579904	0.0	383025	432.379985916	6.4
2699.78964811	6400	3.36320946992	0.0	383025	440.19632912	6.4
2700.23328588	6400	3.4195716929	0.0	383025	443.637777021	6.4
2700.67692366	6400	3.47593391587	0.0	383025	443.637777021	6.4
2701.12056144	6400	3.53229613885	0.0	383025	443.637777021	6.4
2701.56812637	6400	3.58473120265	0.0	383025	447.564936205	6.4
2702.01699393	6400	3.63586364089	0.0	383025	448.867561756	6.4
2702.4658615	6400	3.68699607914	0.0	383025	448.867561756	6.4
2702.91153966	6400	3.74131791141	0.0	383025	445.678167723	6.4
2703.34585074	6400	3.8070068348	0.0	383025	434.311076612	6.4
2703.78016182	6400	3.87269575819	0.0	383025	434.311076612	6.4
2704.21447289	6400	3.93838468158	0.0	383025	434.311076612	6.4
2704.67988108	6400	3.97297649669	0.0	383025	465.408184887	6.4
2705.15082283	6400	4.00203474124	0.0	383025	470.941755447	6.4
2705.62176459	6400	4.0310929858	0.0	383025	470.941755447	6.4
2706.09270634	6400	4.06015123035	0.0	383025	470.941755447	6.4
2706.5636481	6400	4.0892094749	0.0	383025	470.941755447	6.4
2707.03458986	6400	4.11826771946	0.0	383025	470.941755447	6.4
2707.51541408	6400	4.13744349526	0.0	383025	480.824224194	6.4
2707.99678067	6400	4.15607690485	0.0	383025	481.366590416	6.4
2708.47814726	6400	4.17471031443	0.0	383025	481.366590416	6.4
2708.95951385	6400	4.19334372401	0.0	383025	481.366590416	6.4
2709.44088044	6400	4.2119771336	0.0	383025	481.366590416	6.4
2709.92224703	6400	4.23061054318	0.0	383025	481.366590416	6.4
2710.40361362	6400	4.24924395277	0.0	383025	481.366590416	6.4
2710.88498021	6400	4.26787736235	0.0	383025	481.366590416	6.4
2711.36481369	6400	4.28804388915	0.0	383025	479.833473199	6.4
2711.80552607	6400	4.34733151023	0.0	383025	440.712378928	6.4
2712.24623844	6400	4.4066191313	0.0	383025	440.712378928	6.4
2712.6742667	6400	4.47859087495	0.0	383025	428.028256352	6.4
2713.07815997	6400	4.57469760391	0.0	383025	403.89327104	6.4
2713.48205324	6400	4.67080433287	0.0	383025	403.89327104	6.4
2713.87229416	6400	4.78056341708	0.0	383025	390.240915787	6.4
2714.25738465	6400	4.89547292831	0.0	383025	385.090488767	6.4
2714.64374223	6400	5.00911534287	0.0	383025	386.357585442	6.4
2715.02698164	6400	5.12587593328	0.0	383025	383.239409595	6.4
2715.40751599	6400	5.24534158396	0.0	383025	380.53434932	6.4
2715.78859488	6400	5.36426269135	0.0	383025	381.078892607	6.4
2716.17019411	6400	5.48266346535	0.0	383025	381.599226001	6.4
2716.55408514	6400	5.59877243845	0.0	383025	383.891026895	6.4
2716.94393482	6400	5.70892275119	0.0	383025	389.849687265	6.4
2717.33874184	6400	5.81411573626	0.0	383025	394.807014925	6.4
2717.75746652	6400	5.89539105815	0.0	383025	418.724678114	6.4
2718.1761912	6400	5.97666638003	0.0	383025	418.724678114	6.4
2718.59780358	6400	6.05505399618	0.0	383025	421.612383853	6.4
2719.02286209	6400	6.12999548412	0.0	383025	425.058512061	6.4
2719.44747164	6400	6.20538593602	0.0	383025	424.609548097	6.4
2719.8717516	6400	6.28110597717	0.0	383025	424.279958853	6.4
2720.29603156	6400	6.35682601832	0.0	383025	424.279958853	6.4
2720.7141511	6400	6.43870647873	0.0	383025	418.119539586	6.4
2721.11905859	6400	6.53379898501	0.0	383025	404.907493723	6.4
2721.52396608	6400	6.62889149129	0.0	383025	404.907493723	6.4
2721.92936614	6400	6.72349143836	0.0	383025	405.400052926	6.4
2722.33496758	6400	6.817889997	0.0	383025	405.60144136	6.4
2722.74730633	6400	6.90555124459	0.0	383025	412.338752414	6.4
2723.16610241	6400	6.98675516183	0.0	383025	418.79608276	6.4
2723.5925324	6400	7.06032517498	0.0	383025	426.429986843	6.4
2724.05837861	6400	7.0944789653	0.0	383025	465.846209686	6.4
2724.52422482	6400	7.12863275561	0.0	383025	465.846209686	6.4
2724.99007103	6400	7.16278654593	0.0	383025	465.846209686	6.4
2725.45591724	6400	7.19694033624	0.0	383025	465.846209686	6.4
2725.92176345	6400	7.23109412655	0.0	383025	465.846209686	6.4
2726.38018405	6400	7.27267352148	0.0	383025	458.420605075	6.4
2726.8298374	6400	7.32302017591	0.0	383025	449.653345566	6.4
2727.27949074	6400	7.37336683035	0.0	383025	449.653345566	6.4
2727.72914409	6400	7.42371348478	0.0	383025	449.653345566	6.4
2728.15301682	6400	7.49984075768	0.0	383025	423.8727271	6.4
2728.55343803	6400	7.59941954615	0.0	383025	400.421211529	6.4
2728.95385924	6400	7.69899833462	0.0	383025	400.421211529	6.4
2729.3355105	6400	7.81734707711	0.0	383025	381.65125751	6.4
2729.71343255	6400	7.93942502461	0.0	383025	377.922052505	6.4
2730.10759905	6400	8.04525852448	0.0	383025	394.166500132	6.4
2730.50295686	6400	8.14990071445	0.0	383025	395.357810028	6.4
2730.88246554	6400	8.27039203388	0.0	383025	379.508680569	6.4
2731.25810516	6400	8.39475241834	0.0	383025	375.639615539	6.4
2731.62873946	6400	8.52411811723	0.0	383025	370.634301109	6.4

