8159.31064417	3066	0.5	0.20054343853	181435	200.54343853	-6.96117192651
8159.51433191	3120	0.796312256044	0.0	184429	203.687743956	2.85
8159.72242631	3146	1.0882178636	0.0	188625	208.094392442	3.016
8159.93452197	3200	1.37612220073	0.0	192435	212.095662874	2.93
8160.25044587	4800	1.56019829606	0.0	291300	315.92390467	-3.2
8160.66990817	6400	1.6407360054	0.0	389889	419.462290655	-1.6
8161.10873303	6666	1.70191113654	0.0	408326	438.824868858	5.336
8161.53391998	6453	1.77672419362	0.0	395340	425.186942919	5.388
8161.96333946	6773	1.84730471466	0.0	413791	429.419478968	5.173
8162.41736047	7200	1.89328370097	0.0	438675	454.021013685	5.065
8162.877625	7413	1.93301917264	0.0	444483	460.264528331	6.348
8163.43534248	9000	1.87530168936	0.0	536970	557.717483277	1.065
8163.99305996	9000	1.81758420609	0.0	536970	557.717483277	9.0
8164.55606418	9000	1.75457999387	0.0	536970	563.004212214	9.0
8165.13436528	9000	1.67627889361	0.0	536970	578.301100259	9.0
8165.71266638	9000	1.59797779335	0.0	536970	578.301100259	9.0
8166.30030738	9400	1.51033679311	0.0	553424	587.641000248	7.4
8166.8412431	9000	1.46940106777	0.0	522960	540.935725334	7.0
8167.38217883	9000	1.42846534244	0.0	522960	540.935725334	9.0
8167.93186316	9000	1.37878100783	0.0	532300	549.68433461	9.0
8168.4492073	8400	1.36143687355	0.0	503004	517.344134277	5.4
8168.94676247	8000	1.36388170561	0.0	481782	497.555167945	6.0
8169.4495279	8000	1.36111627252	0.0	481782	502.76543309	8.0
8169.98171922	8533	1.32892495488	0.0	510552	532.191317639	5.868
8170.54163392	9000	1.26901024616	0.0	536970	559.914708715	6.665
8171.10161656	9000	1.20902761348	0.0	536970	559.982632687	9.0
8171.66388546	9000	1.14675871249	0.0	536970	562.268900986	9.0
8172.23761049	9000	1.07303367719	0.0	536970	573.725035296	9.0
8172.81133553	9000	0.999308641898	0.0	536970	573.725035296	9.0
8173.42392512	9533	0.886719050283	0.0	573990	612.589591615	6.868
8174.03444599	9666	0.776198176006	0.0	586715	610.520874277	9.001
8174.6085359	9000	0.702108275495	0.0	551265	574.089900511	5.67
8175.17806626	9000	0.632577906781	0.0	551265	569.530368714	9.0
8175.74235906	9000	0.56828511284	0.0	551265	564.29279394	9.0
8176.31475468	9000	0.5	0.00411051333166	551265	572.395626172	8.79447433342
8176.89472126	9000	0.5	0.0799665788686	551265	579.966578869	5.00167105657
8177.47468784	9000	0.5	0.0799665788686	551265	579.966578869	5.00167105657
8178.01878345	8466	0.5	0.044095612883	527825	544.095612883	3.59121935585
8178.52644782	8000	0.5	0.00766436815189	498375	507.664368152	5.28678159241
8178.97381023	7066	0.552637592369	0.0	434595	447.362407631	2.396
8179.44276224	7200	0.583685582669	0.0	442995	468.9520097	6.53
8179.93926619	7600	0.587181637291	0.0	469589	496.503945379	5.6
8180.4634008	8000	0.563047018657	0.0	496259	524.134618634	6.0
8180.99643514	8133	0.530012680552	0.0	508563	533.034338105	7.468
8181.44541631	6986	0.581031510573	0.0	427291	448.981169979	1.251
8181.88553636	6986	0.640911463628	0.0	418081	440.120046945	6.986
8182.33878691	7200	0.687660913118	0.0	427485	453.25055051	6.13
8182.78426708	7200	0.74218073964	0.0	419991	445.480173478	7.2
8183.22251813	7146	0.803929691952	0.0	413019	438.251047688	6.876
8183.67068763	7146	0.855760194145	0.0	422679	448.169497807	7.146
8184.12374173	7200	0.902706094512	0.0	427485	453.054099633	6.93
8184.55730491	6880	0.969142913619	0.0	408679	433.563180892	5.28
8185.00223984	7000	1.02420798524	0.0	418197	444.934928379	6.4
8185.45240919	6880	1.0740386297	0.0	418435	450.169355544	6.28
8185.9240592	7200	1.10238861828	0.0	438855	471.650011417	5.6
8186.42274833	7626	1.1036994894	0.0	464559	498.689128879	5.496
8186.94549292	8000	1.08095490017	0.0	487050	522.744589232	6.13
8187.4685536	8000	1.0578942207	0.0	487050	523.06067947	8.0
8187.99161428	8000	1.03483354123	0.0	487050	523.06067947	8.0
8188.51442518	8000	1.01202264004	0.0	487050	522.810901187	8.0
8189.03723188	8000	0.989215939859	0.0	487050	522.806700182	8.0
8189.55594076	7893	0.970507060593	0.0	483158	518.708879266	7.358
8190.08297003	8000	0.943477797302	0.0	493365	527.029263292	7.465
8190.60236624	8000	0.924081577866	0.0	493365	519.396219436	8.0
8191.12208043	8000	0.904367393348	0.0	493365	519.714184518	8.0
8191.57994676	6960	0.946501064972	0.0	432864	457.866328376	1.76
8192.05479804	7200	0.971649786018	0.0	449280	474.851278953	6.0
8192.54238481	7360	0.984063010739	0.0	456778	487.58677528	6.56
8193.1231485	8800	0.903299326004	0.0	541560	580.763684734	1.6
8193.65914987	8160	0.867297948712	0.0	499088	536.001377293	4.96
8194.18265649	8000	0.843791330104	0.0	487050	523.506618608	7.2
8194.70703995	8000	0.819407875911	0.0	487050	524.383454193	8.0
8195.2314234	8000	0.795024421717	0.0	487050	524.383454193	8.0
8195.73544697	7680	0.791000857125	0.0	467772	504.023564593	6.08
8196.3070571	8666	0.719390723699	0.0	530195	571.610133426	3.736
8196.86594858	8533	0.660499239915	0.0	515343	558.891483784	7.868
8197.45059097	9000	0.57585684964	0.0	539520	584.642390274	6.665
8198.03523336	9000	0.5	0.00878554063388	539520	584.642390274	8.56072296831
8198.49419071	7200	0.541042653747	0.0	428730	458.957346253	-1.8
8198.95251294	7200	0.582720426214	0.0	428730	458.322227533	7.2
8199.41083516	7200	0.624398198682	0.0	428730	458.322227533	7.2
8199.87482149	7200	0.660411878052	0.0	429824	463.98632063	7.2
8200.34797982	7200	0.687253538845	0.0	429084	473.158339207	7.2
8200.87280529	7946	0.662428073703	0.0	476950	524.825465142	4.216
8201.38449908	7626	0.650734286823	0.0	456045	511.69378688	6.026
8201.87634975	7200	0.658883611316	0.0	427635	491.850675507	5.07
8202.40717238	7800	0.628060987036	0.0	462222	530.822624281	4.8
8202.93114868	7800	0.604084679601	0.0	456146	523.976307435	7.8
8203.44490397	7666	0.590329395884	0.0	447075	513.755283717	6.996
8203.92939451	7133	0.60583884902	0.0	421103	484.490546864	4.468
8204.3657569	6400	0.669476467304	0.0	378390	436.362381716	2.735
8204.78297077	6186	0.752262589288	0.0	361396	417.213878016	5.116
8205.20699491	6400	0.828238451394	0.0	367440	424.024137894	5.33
8205.63101905	6400	0.9042143135	0.0	367440	424.024137894	6.4
8206.0610453	6400	0.974188061096	0.0	372984	430.026252404	6.4
8206.48664097	6400	1.04859239244	0.0	371752	425.595668654	6.4
8206.91025118	6346	1.12498218159	0.0	369976	423.610210856	6.076
8207.42929081	7533	1.10594255147	0.0	455338	519.039630113	1.598
8207.92226795	7093	1.11296540878	0.0	432025	492.977142693	4.893
8208.42224115	7200	1.1129922104	0.0	438283	499.973198382	6.665
8208.97673283	8000	1.05850053203	0.0	487050	554.491678372	4.0
8209.53122451	8000	1.00400885365	0.0	487050	554.491678372	8.0
8210.08571619	8000	0.949517175281	0.0	487050	554.491678372	8.0
8210.72303476	9066	0.812198600643	0.0	555398	637.318574638	3.736
8211.35649937	9000	0.678733996608	0.0	551655	633.464604035	8.67
8211.98996397	9000	0.545269392573	0.0	551655	633.464604035	9.0
8212.49594526	7200	0.539288102085	0.0	438855	505.981290487	-1.8
8213.00192655	7200	0.533306811598	0.0	438855	505.981290487	7.2
8213.4808911	6826	0.55434226411	0.0	414950	478.964547488	4.956
8213.92897937	6400	0.606253994336	0.0	387630	448.088269774	4.27
8214.37636398	6400	0.658869384431	0.0	387630	447.384609905	6.4
8214.82157038	6400	0.713662987254	0.0	387630	445.206397178	6.4
8215.31726287	7133	0.717970492349	0.0	432597	495.692494905	3.468
8215.87039457	7933	0.664838791811	0.0	483757	553.131700538	3.933
8216.42892439	8000	0.60630897359	0.0	488565	558.529818221	7.665
8216.98745421	8000	0.547779155368	0.0	488565	558.529818221	8.0
8217.54598403	8000	0.5	0.0107506628533	488565	558.529818221	7.46246685733
8218.02897401	6933	0.517010014754	0.0	419059	482.989985246	1.598
8218.50380625	6866	0.542177773231	0.0	410775	474.832241523	6.531
8218.9820265	6866	0.563957526764	0.0	413769	478.220246467	6.866

