3590.91193692	3066	0.5	0.219043287245	181435	219.043287245	-7.88616436226
3591.13442979	3120	0.777507126942	0.0	184429	222.492873058	2.85
3591.36175716	3146	1.05017976421	0.0	188625	227.327362728	3.016
3591.59347427	3200	1.318462648	0.0	192435	231.717116218	2.93
3591.93910031	4800	1.47283661347	0.0	291300	345.626034528	-3.2
3592.28352348	4800	1.62841344053	0.0	290256	344.423172941	4.8
3592.6436887	5000	1.76824821983	0.0	303919	360.165220692	4.0
3593.10918611	6453	1.80275080655	0.0	395340	465.497413286	-0.812
3593.59594215	6773	1.81599477341	0.0	413791	486.756033138	5.173
3594.11136869	7200	1.8005682348	0.0	438675	515.426538608	5.065
3594.62825142	7413	1.78368550278	0.0	444483	516.882732027	6.348
3595.24346698	9000	1.6684699358	0.0	536970	615.215566974	1.065
3595.85868255	9000	1.55325436883	0.0	536970	615.215566974	9.0
3596.47389812	9000	1.43803880185	0.0	536970	615.215566974	9.0
3597.11265251	9000	1.29928440972	0.0	536970	638.754392131	9.0
3597.75216964	9000	1.1597672764	0.0	536970	639.517133325	9.0
3598.41097664	9400	1.00096028533	0.0	553424	658.806991067	7.4
3599.03406914	9000	0.877867784734	0.0	522960	623.092500594	7.0
3599.65716164	9000	0.75477528414	0.0	522960	623.092500594	9.0
3600.29120389	9000	0.620733028392	0.0	532300	634.042255748	9.0
3600.89090096	8400	0.521035957548	0.0	503004	599.697070844	5.4
3601.34873389	6400	0.563203033658	0.0	383463	457.832923891	-3.6
3601.79684076	6400	0.615096163281	0.0	383463	448.106870376	6.4
3602.27118631	6826	0.640750614375	0.0	406429	474.345548906	4.696
3602.76958836	7200	0.642348563897	0.0	427485	498.402050479	5.33
3603.26799041	7200	0.643946513418	0.0	427485	498.402050479	7.2
3603.76639246	7200	0.645544462939	0.0	427485	498.402050479	7.2
3604.26479451	7200	0.64714241246	0.0	427485	498.402050479	7.2
3604.75135229	7200	0.660584633344	0.0	427485	486.557779116	7.2
3605.26839529	7626	0.64354163235	0.0	456993	517.043000994	5.496
3605.79659119	7733	0.615345733509	0.0	467045	528.195898841	7.198
3606.29331	7200	0.618626924992	0.0	438675	496.718808518	4.535
3606.79063669	7200	0.621300232414	0.0	438675	497.326692577	7.2
3607.30462224	7200	0.607314680014	0.0	438675	513.9855524	7.2
3607.81860779	7200	0.593329127614	0.0	438675	513.9855524	7.2
3608.33259335	7200	0.579343575214	0.0	438675	513.9855524	7.2
3608.8465789	7200	0.565358022814	0.0	438675	513.9855524	7.2
3609.31017688	6773	0.601760039574	0.0	420167	463.597983239	4.638
3609.74551496	6400	0.666421960464	0.0	396693	435.338079111	4.535
3610.22183874	7066	0.690098179041	0.0	434595	476.323781423	3.736
3610.70868156	7200	0.703255364489	0.0	442995	486.842814553	6.53
3611.22415033	7600	0.687786588446	0.0	469589	515.468776043	5.6
3611.76854742	8000	0.643389503286	0.0	496259	544.397085159	6.0
3612.33071497	8133	0.581221947361	0.0	508563	562.167555925	7.468
3612.80464221	6986	0.607294710935	0.0	427291	473.927236427	1.251
3613.26856977	6986	0.643367146505	0.0	418081	463.927564429	6.986
3613.7333347	7200	0.678602218331	0.0	427485	464.764928175	6.13
3614.18458839	7200	0.727348531642	0.0	419991	451.253686689	7.2
3614.62851711	7146	0.783419813116	0.0	413019	443.928718526	6.876
3615.0801868	7146	0.831750122294	0.0	422679	451.669690822	7.146
3615.53558061	7200	0.876356312502	0.0	427485	455.393809793	6.93
3615.9696526	6880	0.94228431581	0.0	408679	434.071996692	5.28
3616.40901499	7000	1.0029219333	0.0	418197	439.362382505	6.4
3616.84862172	6880	1.06331519647	0.0	418435	439.606736834	6.28
3617.31582432	7200	1.09611260344	0.0	438855	467.20259303	5.6
3617.81617024	7626	1.095766678	0.0	464559	500.345925443	5.496
3618.34025561	8000	1.0716813132	0.0	487050	524.085364802	6.13
3618.8518191	8000	1.06011782548	0.0	487050	511.563487716	8.0
3619.36253371	8000	1.04940321139	0.0	487050	510.714614093	8.0
3619.88426518	8000	1.02767173603	0.0	487050	521.731475357	8.0
3620.41334576	8000	0.99859115964	0.0	487050	529.08057639	8.0
3620.93796898	7893	0.973967938424	0.0	483158	524.623221216	7.358
3621.47257821	8000	0.939358715247	0.0	493365	534.609223178	7.465
3622.00718743	8000	0.904749492069	0.0	493365	534.609223178	8.0
3622.53682265	8000	0.875114267872	0.0	493365	529.635224197	8.0
3622.99968798	6960	0.912248944072	0.0	432864	462.8653238	1.76
3623.47822339	7200	0.933713525936	0.0	449280	478.535418137	6.0
3623.95868319	7360	0.953253730847	0.0	456778	480.459795089	6.56
3624.52645488	8800	0.88548204389	0.0	541560	567.771686957	1.6
3625.0491144	8160	0.862822522369	0.0	499088	522.659521521	4.96
3625.56465479	8000	0.847282131971	0.0	487050	515.540390398	7.2
3626.08902103	8000	0.822915888926	0.0	487050	524.366243045	8.0
3626.61338727	8000	0.798549645882	0.0	487050	524.366243045	8.0
3627.10357413	7680	0.808362792576	0.0	467772	490.186853306	6.08
3627.65154348	8666	0.760393437272	0.0	530195	547.969355304	3.736
3628.19968216	8533	0.712254758942	0.0	515343	548.13867833	7.868
3628.77092416	9000	0.641012761317	0.0	539520	571.241997625	6.665
3629.33906366	9000	0.572873263661	0.0	539520	568.139497657	9.0
3629.90359786	9000	0.508339061478	0.0	539520	564.534202183	9.0
3630.46019319	9000	0.5	0.0482562715777	539520	556.595333056	6.58718642111
3631.01701162	9000	0.5	0.0568184273332	539520	556.818427333	6.15907863334
3631.57595324	9000	0.5	0.0589416211011	540862	558.941621101	6.05291894495
3632.14239014	9000	0.5	0.0664368991113	539793	566.436899111	5.67815504443
3632.65822054	7946	0.5	0.015830403722	476950	515.830403722	1.8844798139
3633.1518801	7626	0.506340441419	0.0	456045	493.659558581	6.026
3633.62458586	7200	0.533634680425	0.0	427635	472.705760993	5.07
3634.13832488	7800	0.519895666224	0.0	462222	513.739014201	4.8
3634.62790675	7800	0.530313795536	0.0	456146	489.581870689	7.8
3635.09864984	7666	0.559570700338	0.0	447075	470.743095197	6.996
3635.54262692	7133	0.615593627997	0.0	421103	443.977072341	4.468
3636.06037259	8000	0.597847954192	0.0	476265	517.745673806	3.665
3636.55753571	7733	0.60068483689	0.0	454837	497.163117302	6.398
3637.06269223	8000	0.595528310204	0.0	462300	505.156526687	6.665
3637.56833755	8000	0.589882992002	0.0	462300	505.645318202	8.0
3638.08122429	8000	0.576996254938	0.0	468906	512.886737064	8.0
3638.59019961	8000	0.568020934871	0.0	467438	508.975320067	8.0
3639.0860339	7933	0.572186643352	0.0	465132	495.834291519	7.598
3639.57226915	7533	0.585951391371	0.0	455338	486.235251981	5.533
3640.06607867	7093	0.592141872923	0.0	432025	493.809518448	4.893
3640.5668963	7200	0.591324241596	0.0	438283	500.817631327	6.665
3641.12232637	8000	0.53589417167	0.0	487050	555.430069927	4.0
3641.67644131	8000	0.5	0.0182207669272	487050	554.114938597	7.08896165364
3642.2030205	8000	0.5	0.0265791930069	487050	526.579193007	6.67104034966
3642.68158716	7253	0.52143334556	0.0	441782	478.56665444	3.518
3643.16066732	7200	0.542353180833	0.0	438855	479.080164727	6.935
3643.64527411	7200	0.557746396119	0.0	438855	484.606784715	7.2
3644.12988089	7200	0.573139611404	0.0	438855	484.606784715	7.2
3644.61448768	7200	0.58853282669	0.0	438855	484.606784715	7.2
3645.06541582	6826	0.637604686246	0.0	414950	450.928140443	4.956
3645.58818293	8000	0.614837570161	0.0	487275	522.767116086	2.13
3646.11018365	8000	0.592836853369	0.0	487275	522.000716791	8.0
3646.62848789	8000	0.574532608948	0.0	487275	518.304244422	8.0
3647.08975441	7133	0.613266093686	0.0	432597	461.266515262	2.798
3647.62154085	7933	0.581479656627	0.0	483757	531.78643706	3.933
3648.1629632	8000	0.5400573064	0.0	488565	541.422350227	7.665
3648.70438555	8000	0.5	0.00136504382684	488565	541.422350227	7.93174780866
3649.22205281	8000	0.5	0.017667266616	488565	517.667266616	7.1166366692
3649.66342481	6933	0.558628003131	0.0	419059	441.371996869	1.598
3650.09501812	6866	0.627034692562	0.0	410775	431.593310569	6.531
3650.52803834	6866	0.694014478442	0.0	413769	433.020214119	6.866

