119.331361309	3066	0.5	0.211912720337	181435	211.912720337	-7.52963601684
119.546605948	3120	0.784755360879	0.0	184429	215.244639121	2.85
119.76652017	3146	1.06484113885	0.0	188625	219.914222027	3.016
119.990674409	3200	1.34068689993	0.0	192435	224.154238918	2.93
120.323911156	4800	1.50745015353	0.0	291300	333.236746404	-3.2
120.654682347	4800	1.67667896206	0.0	290256	330.771191472	4.8
120.998353489	5000	1.83300781961	0.0	303919	343.67114245	4.0
121.440227951	6453	1.89113335818	0.0	395340	441.87446143	-0.812
121.906678201	6773	1.92468310823	0.0	413791	466.450249951	5.173
122.402638565	7200	1.9287227444	0.0	438675	495.96036383	5.065
122.874211875	7413	1.9571494341	0.0	444483	471.573310297	6.348
123.429550882	9000	1.90181042695	0.0	536970	555.339007144	1.065
123.959204435	9000	1.87215687409	0.0	536970	529.653552864	9.0
124.485137395	9000	1.84622391416	0.0	536970	525.932959931	9.0
125.015244584	9000	1.81611672507	0.0	536970	530.107189086	9.0
125.545647644	9000	1.7857136653	0.0	536970	530.403059777	9.0
126.086345659	9400	1.74501564969	0.0	553424	540.698015605	7.4
126.591449662	9000	1.73991164719	0.0	522960	505.104002503	7.0
127.089057203	9000	1.74230410588	0.0	522960	497.607541308	9.0
127.602737904	9000	1.72862340523	0.0	532300	513.680700648	9.0
128.113146123	8400	1.71821518632	0.0	503004	510.408218916	5.4
128.610967682	8000	1.72039362677	0.0	481782	497.82155955	6.0
129.095838449	8000	1.73552285972	0.0	481782	484.870767048	8.0
129.607180463	8533	1.72418084569	0.0	510552	511.342014026	5.868
130.164039622	9000	1.66732168753	0.0	536970	556.859158166	6.665
130.726262112	9000	1.60509919742	0.0	536970	562.222490107	9.0
131.29360037	9000	1.53776093887	0.0	536970	567.338258548	9.0
131.866837805	9000	1.46452350423	0.0	536970	573.237434648	9.0
132.446868392	9000	1.38449291731	0.0	536970	580.030586915	9.0
133.112575391	9533	1.21878591849	0.0	573990	665.70699882	6.868
133.84172156	9666	0.989639749037	0.0	586715	729.146169454	9.001
134.57733624	9000	0.754025068762	0.0	551265	735.614680275	5.67
135.164751857	7200	0.666609452189	0.0	438675	587.415616572	-1.8
135.691906337	7200	0.639454971767	0.0	438675	527.154480422	7.2
136.175351628	7200	0.656009681455	0.0	438675	483.445290312	7.2
136.637202156	7200	0.694159153213	0.0	438675	461.850528241	7.2
137.096646717	7200	0.734714591859	0.0	438675	459.444561354	7.2
137.536232481	6773	0.795128827779	0.0	420167	439.585764081	4.638
137.948838669	6400	0.882522639795	0.0	396693	412.606187983	4.535
138.38713717	7066	0.944224138734	0.0	434595	438.298501061	3.736
138.834343031	7200	0.997018278368	0.0	442995	447.205860366	6.53
139.321280148	7600	1.01008116066	0.0	469589	486.937117705	5.6
139.844390336	8000	0.986970972818	0.0	496259	523.110187845	6.0
140.381173083	8133	0.950188226084	0.0	508563	536.782746733	7.468
140.941134035	8733	0.890227274336	0.0	536941	559.960951749	5.733
141.451644137	8733	0.879717172303	0.0	525223	510.510102033	8.733
141.9641225	9000	0.86723880899	0.0	536970	512.478363312	7.665
142.481219758	9000	0.850141551506	0.0	527946	517.097257485	9.0
142.989593528	8933	0.8417677813	0.0	519390	508.373770206	8.598
143.508236829	8933	0.823124480055	0.0	530998	518.643301244	8.933
144.031801713	9000	0.799559595601	0.0	536970	523.564884454	8.665
144.573154895	8600	0.758206413998	0.0	513386	541.353181603	6.6
145.019960773	7000	0.811400536248	0.0	418197	446.80587775	-1.0
145.466866587	6880	0.864494722034	0.0	418435	446.905814214	6.28
145.933321996	7200	0.898039313393	0.0	438855	466.455408642	5.6
146.440184769	7626	0.891176540192	0.0	464559	506.862773201	5.496
146.974255797	8000	0.857105512191	0.0	487050	534.071028001	6.13
147.506009423	8000	0.8253518864	0.0	487050	531.753625791	8.0
148.028264796	8000	0.80309651355	0.0	487050	522.255372851	8.0
148.553600867	8000	0.777760441668	0.0	487050	525.336071882	8.0
149.077430757	8000	0.753930552148	0.0	487050	523.82988952	8.0
149.592474168	7893	0.738887141426	0.0	483158	515.043410723	7.358
150.111013454	8000	0.720347855279	0.0	493365	518.539286147	7.465
150.634346239	8000	0.697015070245	0.0	493365	523.332785034	8.0
151.15716328	8000	0.67419802905	0.0	493365	522.817041195	8.0
151.602862444	6960	0.728498865203	0.0	432864	445.699163847	1.76
152.051135223	7200	0.780226086547	0.0	449280	448.272778656	6.0
152.508163063	7360	0.823198246422	0.0	456778	457.027840125	6.56
153.051875819	8800	0.779485489912	0.0	541560	543.712756511	1.6
153.544114055	8160	0.787247254227	0.0	499088	492.238235685	4.96
154.003180986	8000	0.828180323544	0.0	487050	459.066930683	7.2
154.474014205	8000	0.857347104437	0.0	487050	470.833219107	8.0
154.96875709	8000	0.862604219549	0.0	487050	494.742884888	8.0
155.453649479	7680	0.877711829876	0.0	467772	484.892389673	6.08
156.012730269	8666	0.818631040347	0.0	530195	559.080789529	3.736
156.564912462	8533	0.766448847451	0.0	515343	552.182192897	7.868
157.150959999	9000	0.680401310498	0.0	539520	586.047536953	6.665
157.742173686	9000	0.589187623242	0.0	539520	591.213687256	9.0
158.33737231	9000	0.5	0.00601100041205	539520	595.198623654	8.6994499794
158.799310106	7200	0.5380622038	0.0	428730	461.9377962	-1.8
159.257080143	7200	0.580292166751	0.0	428730	457.77003705	7.2
159.715992765	7200	0.621379544809	0.0	429824	458.912621941	7.2
160.174477471	7200	0.662894838894	0.0	429084	458.484705915	7.2
160.689570165	7946	0.647802144205	0.0	476950	515.092694689	4.216
161.185824919	7626	0.651547390394	0.0	456045	496.254753811	6.026
161.655386764	7200	0.681985545625	0.0	427635	469.561844769	5.07
162.161201124	7800	0.67617118589	0.0	462222	505.814359735	4.8
162.663440998	7800	0.673931311113	0.0	456146	502.239874777	7.8
163.158064588	7666	0.679307721797	0.0	447075	494.623589316	6.996
163.626233982	7133	0.711138327794	0.0	421103	468.169394003	4.468
164.153589871	8000	0.683782438777	0.0	476265	527.355889017	3.665
164.662124738	7733	0.675247571036	0.0	454837	508.534867741	6.398
165.193547697	8000	0.643824612421	0.0	462300	531.422958615	6.665
165.726506358	8000	0.610865951782	0.0	462300	532.958660639	8.0
166.264961256	8000	0.572411053822	0.0	468906	538.45489796	8.0
166.795807334	8000	0.541564975912	0.0	467438	530.84607791	8.0
167.312255645	7933	0.525116664874	0.0	465132	516.448311037	7.598
167.815622925	7533	0.521749384497	0.0	455338	503.367280377	5.533
168.312227733	7093	0.525144576885	0.0	432025	496.604807612	4.893
168.831257801	7200	0.506114508059	0.0	438283	519.030068825	6.665
169.267262255	6000	0.570110054097	0.0	362580	436.004453962	0.0
169.698170294	6000	0.639202015607	0.0	362580	430.908038491	6.0
170.12352263	6000	0.71384967916	0.0	362580	425.352336446	6.0
170.632346878	7253	0.70502543146	0.0	441782	508.824247701	0.988
171.131050949	7200	0.706321360947	0.0	438855	498.704070513	6.935
171.62899165	7200	0.708380659489	0.0	438855	497.940701458	7.2
172.125390429	7200	0.711981880634	0.0	438855	496.398778854	7.2
172.619900811	7200	0.717471498351	0.0	438855	494.510382283	7.2
173.082373428	6826	0.754998881283	0.0	414950	462.472617068	4.956
173.623334581	8000	0.71403772819	0.0	487275	540.961153093	2.13
174.166810977	8000	0.670561332483	0.0	487275	543.476395706	8.0
174.73496968	8000	0.602402629453	0.0	487275	568.158703031	8.0
175.235559196	7133	0.601813113733	0.0	432597	500.58951572	2.798
175.681092547	6346	0.656279762244	0.0	384845	445.533351489	2.411
176.130633321	6400	0.706738988553	0.0	388680	449.540773691	6.13
176.580738251	6400	0.75663405865	0.0	388680	450.104929903	6.4
177.031314245	6400	0.806058064315	0.0	388680	450.575994335	6.4
177.549551322	6933	0.787820987242	0.0	419059	518.237077073	4.268
178.058308966	6866	0.779063343247	0.0	410775	508.757643995	6.531
178.586087344	6866	0.751284965835	0.0	413769	527.778377412	6.866

