7453.70973117	3066	0.5	0.205585712962	181435	205.585712962	-7.21328564809
7453.91854439	3120	0.791186775122	0.0	184429	208.813224878	2.85
7454.13188088	3146	1.07785029039	0.0	188625	213.336484732	3.016
7454.34932452	3200	1.36040665121	0.0	192435	217.443639175	2.93
7454.67334396	4800	1.53638720521	0.0	291300	324.019446004	-3.2
7454.99623798	4800	1.7134931842	0.0	290256	322.894021007	4.8
7455.33386063	5000	1.87587054084	0.0	303919	337.622643358	4.0
7455.77003449	6453	1.93969667273	0.0	395340	436.17386812	-0.812
7456.22609842	6773	1.98363275037	0.0	413791	456.063922353	5.173
7456.83035839	9000	1.87937277817	0.0	551265	604.259972199	-2.135
7457.4418623	9266	1.7678688664	0.0	558332	611.503911772	7.936
7458.00393809	9000	1.70579307406	0.0	536970	562.075792342	7.67
7458.56601389	9000	1.64371728172	0.0	536970	562.075792342	9.0
7459.13859799	9000	1.57113318033	0.0	536970	572.584101392	9.0
7459.71404275	9000	1.49568842193	0.0	536970	575.444758397	9.0
7460.2894875	9000	1.42024366353	0.0	536970	575.444758397	9.0
7460.88225879	9400	1.32747237282	0.0	553424	592.771290707	7.4
7461.43867776	9000	1.27105340499	0.0	522960	556.418967833	7.0
7461.99412671	9000	1.21560445361	0.0	522960	555.448951385	9.0
7462.55931732	9000	1.15041385237	0.0	532300	565.190601236	9.0
7463.09196424	8400	1.11776692663	0.0	503004	532.646925738	5.4
7463.60190186	8000	1.10782930551	0.0	481782	509.937621124	6.0
7464.11183948	8000	1.09789168438	0.0	481782	509.937621124	8.0
7464.65163128	8533	1.05809988573	0.0	510552	539.791798657	5.868
7465.22143054	9000	0.988300627211	0.0	536970	569.799258516	6.665
7465.79409637	9000	0.915634792524	0.0	536970	572.665834687	9.0
7466.36676221	9000	0.842968957837	0.0	536970	572.665834687	9.0
7466.93295363	9000	0.776777533656	0.0	536970	566.191424181	9.0
7467.49811265	9000	0.711618521263	0.0	536970	565.159012393	9.0
7468.10280167	9533	0.606929494465	0.0	573990	604.689026798	6.868
7468.72289526	9666	0.5	0.0131640960208	586715	620.093590486	8.34279519896
7469.18904997	7200	0.533845298303	0.0	438675	466.154701697	-5.13
7469.65520467	7200	0.567690596605	0.0	438675	466.154701697	7.2
7470.12282589	7200	0.600069369485	0.0	438675	467.621227121	7.2
7470.59123137	7200	0.631663889885	0.0	438675	468.405479599	7.2
7471.05963685	7200	0.663258410286	0.0	438675	468.405479599	7.2
7471.52804233	7200	0.694852930687	0.0	438675	468.405479599	7.2
7471.97782824	6773	0.745067021886	0.0	420167	449.7859088	4.638
7472.40461094	6400	0.818284323601	0.0	396693	426.782698285	4.535
7472.87121511	7066	0.851680156749	0.0	434595	466.604166852	3.736
7473.34664467	7200	0.876250589233	0.0	442995	475.429567516	6.53
7473.85001504	7600	0.872880223472	0.0	469589	503.370365761	5.6
7474.3788298	8000	0.8440654653	0.0	496259	528.814758172	6.0
7474.91999982	8133	0.8028954405	0.0	508563	541.1700248	7.468
7475.49080933	8733	0.732085935511	0.0	536941	570.80950499	5.733
7476.04487175	8733	0.678023514394	0.0	525223	554.062421117	8.733
7476.61060614	9000	0.612289122421	0.0	536970	565.734391973	7.665
7477.16700119	9000	0.555894073713	0.0	527946	556.395048708	9.0
7477.71236082	8933	0.510534442449	0.0	519390	545.359631264	8.598
7478.15652574	7146	0.566369521865	0.0	422679	444.164920585	-1.789
7478.60562726	7200	0.617268002565	0.0	427485	449.1015193	6.93
7479.03557868	6880	0.687316585112	0.0	408679	429.951417453	5.28
7479.48150467	7000	0.741390589573	0.0	418197	445.925995539	6.4
7479.92767876	6880	0.795216504289	0.0	418435	446.174085284	6.28
7480.39513853	7200	0.827756735872	0.0	438855	467.459768416	5.6
7480.88939199	7626	0.833503275035	0.0	464559	494.253460837	5.496
7481.41133031	8000	0.811564950235	0.0	487050	521.9383248	6.13
7481.93411837	8000	0.788776897818	0.0	487050	522.788052417	8.0
7482.45690642	8000	0.765988845402	0.0	487050	522.788052417	8.0
7482.97473684	8000	0.748158421026	0.0	487050	517.830424375	8.0
7483.48673218	8000	0.736163084297	0.0	487050	511.995336729	8.0
7483.99471609	7893	0.728179175245	0.0	483158	507.983909051	7.358
7484.51417678	8000	0.708718480586	0.0	493365	519.460694659	7.465
7485.04259284	8000	0.680302420624	0.0	493365	528.416059963	8.0
7485.5710089	8000	0.651886360661	0.0	493365	528.416059963	8.0
7486.03585197	6960	0.687043294413	0.0	432864	464.843066248	1.76
7486.5187491	7200	0.704146159418	0.0	449280	482.897134995	6.0
7487.01052657	7360	0.712368693134	0.0	456778	491.777466284	6.56
7487.59172616	8800	0.631169106812	0.0	541560	581.199586322	1.6
7488.12812925	8160	0.59476601364	0.0	499088	536.403093172	4.96
7488.65112202	8000	0.571773245668	0.0	487050	522.992767972	7.2
7489.17359705	8000	0.549298212551	0.0	487050	522.475033117	8.0
7489.69607208	8000	0.526823179434	0.0	487050	522.475033117	8.0
7490.19511527	7680	0.527779993891	0.0	467772	499.043185543	6.08
7490.64485384	6933	0.578041424225	0.0	421780	449.738569666	3.198
7491.08193343	6826	0.640961837235	0.0	409638	437.07958699	6.291
7491.53891791	7200	0.683977350126	0.0	428730	456.984487109	5.33
7491.99593376	7200	0.726961503242	0.0	428730	457.015846884	7.2
7492.45304367	7200	0.769851589022	0.0	428730	457.109914221	7.2
7492.91015359	7200	0.812741674801	0.0	428730	457.109914221	7.2
7493.36596355	7200	0.856931712813	0.0	428730	455.809961988	7.2
7493.82191226	7200	0.90098300616	0.0	429824	455.948706653	7.2
7494.2770932	7200	0.945802060364	0.0	429084	455.180945795	7.2
7494.79084446	7946	0.932050804641	0.0	476950	513.751255723	4.216
7495.29644387	7626	0.926451388827	0.0	456045	505.599415815	6.026
7495.77116919	7200	0.95172607404	0.0	427635	474.725314787	5.07
7496.28348136	7800	0.939413904897	0.0	462222	512.312169143	4.8
7496.78919053	7800	0.93370472899	0.0	456146	505.709175906	7.8
7497.28504195	7666	0.937853313395	0.0	447075	495.851415596	6.996
7497.74964679	7133	0.973248471322	0.0	421103	464.604842073	4.468
7498.26735346	8000	0.955541803164	0.0	476265	517.706668158	3.665
7498.76221751	7733	0.960677750957	0.0	454837	494.864052208	6.398
7499.26503725	8000	0.957858012598	0.0	462300	502.819738358	6.665
7499.76785699	8000	0.95503827424	0.0	462300	502.819738358	8.0
7500.27847886	8000	0.944416403358	0.0	468906	510.621870882	8.0
7500.79043231	8000	0.932462957121	0.0	467438	511.953446237	8.0
7501.29990948	7933	0.922985785057	0.0	465132	509.477172064	7.598
7501.79886947	7533	0.924025798273	0.0	455338	498.959986785	5.533
7502.27279503	7093	0.950100234646	0.0	432025	473.925563627	4.893
7502.75221737	7200	0.97067789142	0.0	438283	479.422343226	6.665
7503.27806588	8000	0.944829385655	0.0	487050	525.848505765	4.0
7503.80391438	8000	0.91898087989	0.0	487050	525.848505765	8.0
7504.32976289	8000	0.893132374126	0.0	487050	525.848505765	8.0
7504.92626127	9066	0.796633989573	0.0	555398	596.498384552	3.736
7505.51347	9000	0.709425258622	0.0	551655	587.208730952	8.67
7506.10000473	9000	0.622890532076	0.0	551655	586.534726546	9.0
7506.68413884	9000	0.538756419024	0.0	551655	584.134113052	9.0
7507.26827296	9000	0.5	0.0453776940273	551655	584.134113052	6.73111529864
7507.82113882	8533	0.5	0.0528658651566	521611	552.865865157	3.55470674217
7508.34669754	8000	0.5	0.0255587175989	487275	525.558717599	4.05706412006
7508.87743466	8000	0.5	0.0307371155524	487275	530.737115552	6.46314422238
7509.40817177	8000	0.5	0.0307371155524	487275	530.737115552	6.46314422238
7509.88047604	7133	0.527695728333	0.0	432597	472.304271667	2.798
7510.30174909	6346	0.606422678751	0.0	384845	421.273049581	2.411
7510.72689026	6400	0.68128151313	0.0	388680	425.141165621	6.13
7511.15133294	6400	0.756838831504	0.0	388680	424.442681626	6.4
7511.57577562	6400	0.832396149878	0.0	388680	424.442681626	6.4
7512.0326109	6933	0.875560872221	0.0	419059	456.835277656	4.268
7512.48061309	6866	0.927558678785	0.0	410775	448.002193437	6.531
7512.93259468	6866	0.975577087171	0.0	413769	451.981591613	6.866

