4597.39821783	3066	0.5	0.198116148917	181435	198.116148917	-6.83980744584
4597.59943823	3120	0.79877960025	0.0	184429	201.22039975	2.85
4597.80500915	3146	1.09320868731	0.0	188625	205.570912941	3.016
4598.01453036	3200	1.38368747521	0.0	192435	209.521212097	2.93
4598.32655717	4800	1.57166066572	0.0	291300	312.026809488	-3.2
4598.74080341	6400	1.65741442225	0.0	389889	414.246243476	-1.6
4599.17416558	6666	1.72405225606	0.0	408326	433.36216619	5.336
4599.59412394	6453	1.8040938933	0.0	395340	419.958362758	5.388
4600.03329319	6773	1.86492464053	0.0	413791	439.169252775	5.173
4600.49827124	7200	1.89994659132	0.0	438675	464.978049211	5.065
4600.96927314	7413	1.92894469185	0.0	444483	471.001899464	6.348
4601.54815475	9000	1.85006308685	0.0	536970	578.881605006	1.065
4602.13070715	9000	1.76751068207	0.0	536970	582.552404773	9.0
4602.71325956	9000	1.6849582773	0.0	536970	582.552404773	9.0
4603.29581196	9000	1.60240587253	0.0	536970	582.552404773	9.0
4603.87836437	9000	1.51985346775	0.0	536970	582.552404773	9.0
4604.47990999	9400	1.41830784335	0.0	553424	601.5456244	7.4
4605.05091353	9000	1.34730429993	0.0	522960	571.003543426	7.0
4605.62191708	9000	1.2763007565	0.0	522960	571.003543426	9.0
4606.20294007	9000	1.19527776016	0.0	532300	581.022996339	9.0
4606.75650961	8400	1.141708224	0.0	503004	553.569536162	5.4
4607.28787891	8000	1.11033892952	0.0	481782	531.369294484	6.0
4607.8192482	8000	1.07896963503	0.0	481782	531.369294484	8.0
4608.38175148	8533	1.01646635339	0.0	510552	562.503281644	5.868
4608.97137085	9000	0.926846982334	0.0	536970	589.619371055	6.665
4609.55646786	9000	0.841749973902	0.0	536970	585.097008432	9.0
4610.14156487	9000	0.756652965471	0.0	536970	585.097008432	9.0
4610.72666188	9000	0.671555957039	0.0	536970	585.097008432	9.0
4611.31175889	9000	0.586458948607	0.0	536970	585.097008432	9.0
4611.81497721	7626	0.583240624531	0.0	456993	503.218324076	0.756
4612.33622633	7733	0.561991503808	0.0	467045	521.249120724	7.198
4612.82642033	7200	0.571797501017	0.0	438675	490.194002791	4.535
4613.31661434	7200	0.581603498226	0.0	438675	490.194002791	7.2
4613.80680834	7200	0.591409495435	0.0	438675	490.194002791	7.2
4614.29700234	7200	0.601215492644	0.0	438675	490.194002791	7.2
4614.78719635	7200	0.611021489853	0.0	438675	490.194002791	7.2
4615.27739035	7200	0.620827487062	0.0	438675	490.194002791	7.2
4615.74771527	6773	0.650502569525	0.0	420167	470.324917538	4.638
4616.19291096	6400	0.705306874312	0.0	396693	445.195695212	4.535
4616.67968739	7066	0.718530442258	0.0	434595	486.776432054	3.736
4617.17567912	7200	0.722538713136	0.0	442995	495.991729122	6.53
4617.70084604	7600	0.697371792321	0.0	469589	525.166920815	5.6
4618.25527153	8000	0.642946303315	0.0	496259	554.425489006	6.0
4618.82319524	8133	0.575022598222	0.0	508563	567.923705092	7.468
4619.30195875	6986	0.596259086381	0.0	427291	478.763511842	1.251
4619.75742776	6986	0.640790074535	0.0	418081	455.469011846	6.986
4620.20213538	7200	0.69608245169	0.0	427485	444.707622845	6.13
4620.63922239	7200	0.758995444599	0.0	419991	437.087007091	7.2
4621.06891672	7146	0.829301112821	0.0	413019	429.694331778	6.876
4621.50764425	7146	0.890573587208	0.0	422679	438.727525613	7.146
4621.95124655	7200	0.946971287859	0.0	427485	443.602299349	6.93
4622.37577373	6880	1.02244410189	0.0	408679	424.527185973	5.28
4622.80526037	7000	1.09295746266	0.0	418197	429.48663923	6.4
4623.22918793	6880	1.16902990726	0.0	418435	423.927555392	6.28
4623.67331552	7200	1.22490231917	0.0	438855	444.127588088	5.6
4624.15570496	7626	1.24251287539	0.0	464559	482.389443785	5.496
4624.67197274	8000	1.22624509191	0.0	487050	516.267783476	6.13
4625.18824053	8000	1.20997730844	0.0	487050	516.267783476	8.0
4625.70450831	8000	1.19370952496	0.0	487050	516.267783476	8.0
4626.22475454	8000	1.17346329672	0.0	487050	520.246228236	8.0
4626.74711338	8000	1.15110445255	0.0	487050	522.358844176	8.0
4627.26537798	7893	1.13283985049	0.0	483158	518.264602062	7.358
4627.79524115	8000	1.10297668748	0.0	493365	529.863163007	7.465
4628.33433723	8000	1.06388060001	0.0	493365	539.09608747	8.0
4628.87343332	8000	1.02478451254	0.0	493365	539.09608747	8.0
4629.50687263	9280	0.891345208572	0.0	581337	633.439303967	2.88
4630.16389773	9600	0.734320100481	0.0	603330	657.025108091	8.0
4630.83428146	9813	0.563936371231	0.0	613526	670.38372925	8.748
4631.42918268	8800	0.5	0.0309648425038	541560	594.901213734	2.18675787481
4631.97821284	8160	0.5	0.0490301664824	499088	549.030166482	2.50849167588
4632.51424161	8000	0.5	0.0360287616318	487050	536.028761632	5.39856191841
4633.05027037	8000	0.5	0.0360287616318	487050	536.028761632	6.19856191841
4633.59121126	8000	0.5	0.0409408947821	487050	540.940894782	5.9529552609
4634.11268287	7680	0.5	0.0214716037169	467772	521.471603717	5.00641981416
4634.58386586	6933	0.528817002694	0.0	421780	471.182997306	3.198
4635.04177255	6826	0.570910319944	0.0	409638	457.90668275	6.291
4635.52055482	7200	0.592128048535	0.0	428730	478.782271409	5.33
4635.99933709	7200	0.613345777126	0.0	428730	478.782271409	7.2
4636.47811936	7200	0.634563505717	0.0	428730	478.782271409	7.2
4636.9603344	7200	0.652348463985	0.0	428730	482.215041732	7.2
4637.44821861	7200	0.664464257585	0.0	428730	487.8842064	7.2
4637.93732224	7200	0.675360623289	0.0	429824	489.103634296	7.2
4638.42560104	7200	0.687081830531	0.0	429084	488.278792757	7.2
4638.9672337	7946	0.645449166052	0.0	476950	541.63266448	4.216
4639.48556459	7626	0.62711827503	0.0	456045	518.330891022	6.026
4639.97222825	7200	0.640454611177	0.0	427635	486.663663853	5.07
4640.49744434	7800	0.615238522611	0.0	462222	525.216088565	4.8
4641.01088185	7800	0.601801020195	0.0	456146	513.437502416	7.8
4641.50816565	7666	0.604517218797	0.0	447075	497.283801398	6.996
4641.97714159	7133	0.635541273776	0.0	421103	468.975945021	4.468
4642.50624067	8000	0.606442197172	0.0	476265	529.099076604	3.665
4643.01198456	7733	0.60069830101	0.0	454837	505.743896162	6.398
4643.52586266	8000	0.586820201393	0.0	462300	513.878099617	6.665
4644.03974076	8000	0.572942101775	0.0	462300	513.878099617	8.0
4644.55929009	8000	0.553392773986	0.0	468906	519.54932779	8.0
4645.05963789	8000	0.553044978623	0.0	467438	500.347795362	8.0
4645.55756666	7933	0.555116203572	0.0	465132	497.928775051	7.598
4646.04928533	7533	0.563397533576	0.0	455338	491.718669996	5.533
4646.52300165	7093	0.589681218462	0.0	432025	473.716315115	4.893
4647.00343502	7200	0.609247846001	0.0	438283	480.433372461	6.665
4647.53621271	8000	0.576470156569	0.0	487050	532.777689432	4.0
4648.0689904	8000	0.543692467138	0.0	487050	532.777689432	8.0
4648.6057529	8000	0.50692996594	0.0	487050	536.762501197	8.0
4649.09394807	7253	0.518734800603	0.0	441782	488.195165337	3.518
4649.57897498	7200	0.533707888498	0.0	438855	485.026912106	6.935
4650.06400189	7200	0.548680976392	0.0	438855	485.026912106	7.2
4650.5490288	7200	0.563654064286	0.0	438855	485.026912106	7.2
4651.03405571	7200	0.57862715218	0.0	438855	485.026912106	7.2
4651.48479332	6826	0.627889547144	0.0	414950	450.737605037	4.956
4651.90190306	6400	0.710779801755	0.0	387630	417.109745389	4.27
4652.31901281	6400	0.793670056366	0.0	387630	417.109745389	6.4
4652.73612255	6400	0.876560310977	0.0	387630	417.109745389	6.4
4653.20045905	7133	0.912223818637	0.0	432597	464.336492341	3.468
4653.71532394	7933	0.897358926769	0.0	483757	514.864891868	3.933
4654.22923102	8000	0.883451847534	0.0	488565	513.907079235	7.665
4654.7431381	8000	0.869544768299	0.0	488565	513.907079235	8.0
4655.25704518	8000	0.855637689064	0.0	488565	513.907079235	8.0
4655.69832244	6933	0.914360427641	0.0	419059	441.277261424	1.598
4656.13102218	6866	0.98166068515	0.0	410775	432.699742491	6.531
4656.56680284	6866	1.04588002725	0.0	413769	435.780657905	6.866

