6447.65421452	3066	0.5	0.205824030643	181435	205.824030643	-7.22520153213
6447.86326999	3120	0.790944524775	0.0	184429	209.055475225	2.85
6448.07685424	3146	1.07736027819	0.0	188625	213.584246589	3.016
6448.29455065	3200	1.35966387266	0.0	192435	217.696405527	2.93
6448.61895272	4800	1.5352617996	0.0	291300	324.402073063	-3.2
6449.04976257	6400	1.60445194768	0.0	389889	430.809851921	-1.6
6449.5004716	6666	1.65374291614	0.0	408326	450.709031533	5.336
6449.93716476	6453	1.71704976281	0.0	395340	436.693153329	5.388
6450.3937722	6773	1.76044231958	0.0	413791	456.607443237	5.173
6450.87908636	7200	1.77512815953	0.0	438675	485.314160049	5.065
6451.37570516	7413	1.77850935947	0.0	444483	496.618800063	6.348
6451.97357848	9000	1.68063603907	0.0	536970	597.873320397	1.065
6452.5714518	9000	1.58276271867	0.0	536970	597.873320397	9.0
6453.16932512	9000	1.48488939827	0.0	536970	597.873320397	9.0
6453.76999892	9000	1.38421560077	0.0	536970	600.673797506	9.0
6454.37659182	9000	1.27762270093	0.0	536970	606.592899839	9.0
6455.0014657	9400	1.15274881784	0.0	553424	624.873883085	7.4
6455.59249299	9000	1.06172152973	0.0	522960	591.027288116	7.0
6456.18352028	9000	0.970694241613	0.0	522960	591.027288116	9.0
6456.78492464	9000	0.869289879015	0.0	532300	601.404362598	9.0
6457.3537801	8400	0.800434421558	0.0	503004	568.855457457	5.4
6457.87183738	8000	0.78237714219	0.0	481782	518.057279369	6.0
6458.37883917	8000	0.775375353001	0.0	481782	507.001789189	8.0
6458.91551982	8533	0.738694701848	0.0	510552	536.680651153	5.868
6459.39269938	7200	0.761515140111	0.0	427485	477.179561738	0.535
6459.87005055	7200	0.784163973061	0.0	427485	477.351167049	7.2
6460.34740171	7200	0.806812806012	0.0	427485	477.351167049	7.2
6460.82475288	7200	0.829461638962	0.0	427485	477.351167049	7.2
6461.30210405	7200	0.852110471913	0.0	427485	477.351167049	7.2
6461.81171505	7626	0.842499463612	0.0	456993	509.611008301	5.496
6462.33231549	7733	0.821899031282	0.0	467045	520.60043233	7.198
6462.80996371	7200	0.844250812249	0.0	438675	477.648219033	4.535
6463.28745878	7200	0.866755733297	0.0	438675	477.495078952	7.2
6463.76495386	7200	0.889260654346	0.0	438675	477.495078952	7.2
6464.2352852	7200	0.918929318197	0.0	438675	470.331336149	7.2
6464.70275505	7200	0.951459471066	0.0	438675	467.469847131	7.2
6465.17022489	7200	0.983989623934	0.0	438675	467.469847131	7.2
6465.62375647	6773	1.03045804576	0.0	420167	453.531578173	4.638
6466.05460196	6400	1.09961255533	0.0	396693	430.845490427	4.535
6466.5256571	7066	1.1285574172	0.0	434595	471.055138135	3.736
6467.00562367	7200	1.14859084851	0.0	442995	479.966568686	6.53
6467.51990967	7600	1.13430485189	0.0	469589	514.285996627	5.6
6468.08012381	8000	1.07409071307	0.0	496259	560.214138817	6.0
6468.65397968	8133	1.00023483725	0.0	508563	573.855875821	7.468
6469.25929892	8733	0.894915598886	0.0	536941	605.319238362	5.733
6469.85162613	8733	0.802588385412	0.0	525223	592.327213475	8.733
6470.45697752	9000	0.697236994061	0.0	536970	605.351391351	7.665
6471.05052104	9000	0.603693479154	0.0	527946	593.543514906	9.0
6471.62916846	8933	0.525046053875	0.0	519390	578.647425279	8.598
6472.1019331	7146	0.552281416378	0.0	422679	472.764637497	-1.789
6472.57995953	7200	0.574254991927	0.0	427485	478.026424451	6.93
6473.03739644	6880	0.616818073396	0.0	408679	457.436918531	5.28
6473.50525402	7000	0.648960495643	0.0	418197	467.857577754	6.4
6473.97782509	6880	0.67638943221	0.0	418435	472.571063433	6.28
6474.48052687	7200	0.673687646928	0.0	438855	502.701785281	5.6
6475.01208649	7626	0.642128023206	0.0	464559	531.559623722	5.496
6475.56889673	8000	0.585317790848	0.0	487050	556.810232358	6.13
6476.12570696	8000	0.528507558491	0.0	487050	556.810232358	8.0
6476.68251719	8000	0.5	0.0283026738669	487050	556.810232358	6.58486630666
6477.23932742	8000	0.5	0.0568102323577	487050	556.810232358	5.15948838212
6477.79140257	8000	0.5	0.0520751406722	487050	552.075140672	5.39624296639
6478.33846697	7893	0.5	0.0470644024159	483158	547.064402416	5.0047798792
6478.89687717	8000	0.5	0.0584102072157	493365	558.410207216	4.54448963921
6479.45528738	8000	0.5	0.0584102072157	493365	558.410207216	5.07948963921
6480.01369759	8000	0.5	0.0584102072157	493365	558.410207216	5.07948963921
6480.50485664	6960	0.508840947501	0.0	432864	491.159052499	1.76
6481.01426324	7200	0.5	0.000565653895375	449280	509.406601396	5.97171730523
6481.5264038	7360	0.5	0.0121405608606	456778	512.140560861	5.95297195697
6481.97908578	6600	0.547318027576	0.0	402915	452.681972424	2.8
6482.3972027	6120	0.629201099521	0.0	371455	418.116928054	3.72
6482.80556869	6000	0.72083511771	0.0	362580	408.365981812	5.4
6483.21393467	6000	0.812469135898	0.0	362580	408.365981812	6.0
6483.62230065	6000	0.904103154086	0.0	362580	408.365981812	6.0
6484.1391803	7680	0.887223506264	0.0	467772	516.879647823	-0.72
6484.71575361	8666	0.810650197095	0.0	530195	576.573309169	3.736
6485.27645587	8533	0.749947929313	0.0	515343	560.702267782	7.868
6485.862994	9000	0.663409803222	0.0	539520	586.538126091	6.665
6486.43724329	9000	0.589160510732	0.0	539520	574.24929249	9.0
6487.00469173	9000	0.521712075816	0.0	539520	567.448434916	9.0
6487.45935147	7200	0.567052335145	0.0	428730	454.659740671	-1.8
6487.93130787	7200	0.595095932973	0.0	428730	471.956402172	7.2
6488.40444306	7200	0.621960746242	0.0	429824	473.135186731	7.2
6488.87678089	7200	0.649622909212	0.0	429084	472.337837029	7.2
6489.40069433	7946	0.625709476478	0.0	476950	523.913432734	4.216
6489.90248396	7626	0.623919839213	0.0	456045	501.789637265	6.026
6490.37454746	7200	0.651856347376	0.0	427635	472.063491837	5.07
6490.88398252	7800	0.642421288685	0.0	462222	509.435058692	4.8
6491.3868524	7800	0.639551403041	0.0	456146	502.869885644	7.8
6491.87992099	7666	0.646482815079	0.0	447075	493.068587961	6.996
6492.35674617	7133	0.669657630998	0.0	421103	476.825184082	4.468
6492.89528827	8000	0.631115529176	0.0	476265	538.542101822	3.665
6493.41005034	7733	0.61635346611	0.0	454837	514.762063066	6.398
6493.93309458	8000	0.593309228822	0.0	462300	523.044237288	6.665
6494.45613881	8000	0.570264991533	0.0	462300	523.044237288	8.0
6494.98651416	8000	0.539889648402	0.0	468906	530.375343132	8.0
6495.49457174	8000	0.531832062979	0.0	467438	508.057585423	8.0
6495.98353221	7933	0.542871598221	0.0	465132	488.960464758	7.598
6496.46105236	7533	0.565351446668	0.0	455338	477.520151552	5.533
6496.91063411	7093	0.61576969224	0.0	432025	449.581754428	4.893
6497.36658333	7200	0.659820476162	0.0	438283	455.949216078	6.665
6497.87215255	8000	0.65425125333	0.0	487050	505.569222833	4.0
6498.38291796	8000	0.643485839456	0.0	487050	510.765413874	8.0
6498.89267423	8000	0.633729570071	0.0	487050	509.756269386	8.0
6499.33769269	7253	0.688711111647	0.0	441782	445.018458424	3.518
6499.77982896	7200	0.746574841786	0.0	438855	442.136269861	6.935
6500.2297945	7200	0.796609307457	0.0	438855	449.965534329	7.2
6500.68031412	7200	0.846089686778	0.0	438855	450.519620678	7.2
6501.13009596	7200	0.896307846795	0.0	438855	449.781839983	7.2
6501.65177874	8533	0.874625067487	0.0	521611	521.682779309	1.868
6502.13977906	8000	0.886624744856	0.0	487275	488.000322631	5.335
6502.63345878	8000	0.89294502698	0.0	487275	493.679717876	8.0
6503.13084008	8000	0.895563720674	0.0	487275	497.381306305	8.0
6503.57442771	7133	0.951976092102	0.0	432597	443.587628572	2.798
6504.09693193	7933	0.929471875588	0.0	483757	522.504216514	3.933
6504.62452986	8000	0.901873944103	0.0	488565	527.597931485	7.665
6505.15212779	8000	0.874276012618	0.0	488565	527.597931485	8.0
6505.68154136	8000	0.844862443617	0.0	488565	529.413569001	8.0
6506.13871007	6933	0.887693737038	0.0	419059	457.168706579	1.598
6506.5870391	6866	0.939364705936	0.0	410775	448.329031103	6.531
6507.03416691	6866	0.992236892589	0.0	413769	447.127813346	6.866

