6328.41450408	3066	0.5	0.197756305187	181435	197.756305187	-6.82181525935
6328.6153587	3120	0.799145382041	0.0	184429	200.854617959	2.85
6328.82055551	3146	1.0939485729	0.0	188625	205.196809138	3.016
6329.02969506	3200	1.38480902106	0.0	192435	209.139551843	2.93
6329.34114413	4800	1.57335995279	0.0	291300	311.449068267	-3.2
6329.7546171	6400	1.65988698411	0.0	389889	413.472968683	-1.6
6330.20866891	6666	1.7058351719	0.0	408326	454.05181221	5.336
6330.65031161	6453	1.76419246819	0.0	395340	441.642703708	5.388
6331.11209961	6773	1.80240447302	0.0	413791	461.787995169	5.173
6331.60105661	7200	1.81344746627	0.0	438675	488.957006752	5.065
6332.09635495	7413	1.81814913098	0.0	444483	495.298335287	6.348
6332.69263305	9000	1.72187103464	0.0	536970	596.278096348	1.065
6333.28891114	9000	1.62559293829	0.0	536970	596.278096348	9.0
6333.88518924	9000	1.52931484194	0.0	536970	596.278096348	9.0
6334.47580117	9000	1.43870290735	0.0	536970	590.611934592	9.0
6335.05903768	9000	1.35546640182	0.0	536970	583.236505531	9.0
6335.65983947	9400	1.25466460686	0.0	553424	600.801794955	7.4
6336.22811975	9000	1.18638432504	0.0	522960	568.280281827	7.0
6336.79579126	9000	1.11871281733	0.0	522960	567.671507704	9.0
6337.37057092	9000	1.04393316382	0.0	532300	574.779653509	9.0
6337.914267	8400	1.0002370811	0.0	503004	543.696082723	5.4
6338.43544617	8000	0.979057913287	0.0	481782	521.179167813	6.0
6338.95662533	8000	0.957878745475	0.0	481782	521.179167813	8.0
6339.50832998	8533	0.906174102119	0.0	510552	551.704643355	5.868
6340.08743231	9000	0.827071771277	0.0	536970	579.102330842	6.665
6340.66537755	9000	0.749126529105	0.0	536970	577.945242172	9.0
6341.24332279	9000	0.671181286932	0.0	536970	577.945242172	9.0
6341.82419297	9000	0.59031110996	0.0	536970	580.870176972	9.0
6342.41971331	9000	0.5	0.00520923337585	536970	595.520343336	8.73953833121
6342.92802551	7626	0.5	0.00831219297573	456993	508.312192976	0.340390351213
6343.44729855	7733	0.5	0.0192730483144	467045	519.273048314	6.23434758428
6343.93563652	7200	0.511662035844	0.0	438675	488.337964156	4.535
6344.42397448	7200	0.523324071688	0.0	438675	488.337964156	7.2
6344.91231245	7200	0.534986107531	0.0	438675	488.337964156	7.2
6345.39505203	7200	0.552246521295	0.0	438675	482.739586236	7.2
6345.87761741	7200	0.569681142165	0.0	438675	482.56537913	7.2
6346.36018279	7200	0.587115763034	0.0	438675	482.56537913	7.2
6346.82281031	6773	0.624488242312	0.0	420167	462.627520723	4.638
6347.26015032	6400	0.687148234462	0.0	396693	437.34000785	4.535
6347.73832049	7066	0.708978060772	0.0	434595	478.170173689	3.736
6348.22553962	7200	0.721758934704	0.0	442995	487.219126068	6.53
6348.74104634	7600	0.70625221178	0.0	469589	515.506722924	5.6
6349.28522003	8000	0.662078528605	0.0	496259	544.173683175	6.0
6349.84263775	8133	0.604660807543	0.0	508563	557.417721062	7.468
6350.31257421	6986	0.634724348441	0.0	427291	469.936459102	1.251
6350.77259701	6986	0.674701542536	0.0	418081	460.022805905	6.986
6351.24274229	7200	0.70455626164	0.0	427485	470.145280896	6.13
6351.70396553	7200	0.743333020244	0.0	419991	461.223241396	7.2
6352.15578505	7146	0.791513502732	0.0	413019	451.819517512	6.876
6352.61793818	7146	0.829360376985	0.0	422679	462.153125746	7.146
6353.08523243	7200	0.862066120683	0.0	427485	467.294256303	6.93
6353.53240932	6880	0.914889238754	0.0	408679	447.176881929	5.28
6353.9897679	7000	0.957530650492	0.0	418197	457.358588261	6.4
6354.44738109	6880	0.999917466086	0.0	418435	457.613184406	6.28
6354.92355671	7200	1.02374184247	0.0	438855	476.175623613	5.6
6355.42653365	7626	1.02076490049	0.0	464559	502.976941983	5.496
6355.95337741	8000	0.993921142016	0.0	487050	526.843758474	6.13
6356.48022117	8000	0.967077383542	0.0	487050	526.843758474	8.0
6357.0001957	8000	0.947102856299	0.0	487050	519.974527243	8.0
6357.51629124	8000	0.931007315314	0.0	487050	516.095540985	8.0
6358.03238678	8000	0.914911774329	0.0	487050	516.095540985	8.0
6358.54443813	7893	0.902860425615	0.0	483158	512.051348714	7.358
6359.05934878	8000	0.887949772314	0.0	493365	514.9106533	7.465
6359.56548242	8000	0.881816133659	0.0	493365	506.133638656	8.0
6360.07161606	8000	0.875682495003	0.0	493365	506.133638656	8.0
6360.52425357	6960	0.923044982895	0.0	432864	452.637512108	1.76
6361.00184366	7200	0.945454895142	0.0	449280	477.590087753	6.0
6361.48723732	7360	0.960061231717	0.0	456778	485.393663425	6.56
6362.06086822	8800	0.886430338013	0.0	541560	573.630893704	1.6
6362.58914317	8160	0.858155381902	0.0	499088	528.274956111	4.96
6363.10197099	8000	0.845327569179	0.0	487050	512.827812722	7.2
6363.6147988	8000	0.832499756457	0.0	487050	512.827812722	8.0
6364.1283856	8000	0.818912950361	0.0	487050	513.586806095	8.0
6364.62733169	7680	0.819966865309	0.0	467772	498.946085052	6.08
6365.1915264	8666	0.755772151722	0.0	530195	564.194713587	3.736
6365.74019683	8533	0.707101726154	0.0	515343	548.670425568	7.868
6366.31197114	9000	0.635327417968	0.0	539520	571.774308186	6.665
6366.87011847	9000	0.577180087259	0.0	539520	558.147330709	9.0
6367.4282658	9000	0.51903275655	0.0	539520	558.147330709	9.0
6367.99026981	9000	0.5	0.0429712575392	539520	562.004014089	6.85143712304
6368.55655851	9000	0.5	0.0662886979635	539520	566.288697963	5.68556510183
6369.12423092	9000	0.5	0.0676724083591	540862	567.672408359	5.61637958204
6369.69227314	9000	0.5	0.0680422176772	539793	568.042217677	5.59788911614
6370.19988257	7946	0.5	0.00760943406658	476950	507.609434067	2.29552829667
6370.68568149	7626	0.514201081122	0.0	456045	485.798918878	6.026
6371.14140567	7200	0.558476900131	0.0	427635	455.724180991	5.07
6371.6290062	7800	0.57087637379	0.0	462222	487.600526341	4.8
6372.11032857	7800	0.589554001232	0.0	456146	481.322372558	7.8
6372.58227814	7666	0.617604428702	0.0	447075	471.94957253	6.996
6373.0273916	7133	0.67249096711	0.0	421103	445.113461592	4.468
6373.5328978	8000	0.666984770733	0.0	476265	505.506196377	3.665
6374.01739133	7733	0.682491242022	0.0	454837	484.493528711	6.398
6374.50967038	8000	0.690212187498	0.0	462300	492.279054525	6.665
6375.00372254	8000	0.696160034106	0.0	462300	494.052153391	8.0
6375.50475754	8000	0.695125034606	0.0	468906	501.034999501	8.0
6376.00425526	8000	0.695627314174	0.0	467438	499.497720431	8.0
6376.50056622	7933	0.699316345748	0.0	465132	496.310968426	7.598
6376.98528469	7533	0.714597877984	0.0	455338	484.718467764	5.533
6377.44569789	7093	0.754184677162	0.0	432025	460.413200822	4.893
6377.91263545	7200	0.787247118235	0.0	438283	466.937558928	6.665
6378.43065792	8000	0.769224648811	0.0	487050	518.022469424	4.0
6378.95125508	8000	0.748627489888	0.0	487050	520.597158924	8.0
6379.47185224	8000	0.728030330964	0.0	487050	520.597158924	8.0
6379.94499285	7253	0.754889721039	0.0	441782	473.140609924	3.518
6380.41506495	7200	0.784817621297	0.0	438855	470.072099742	6.935
6380.88560455	7200	0.814278021479	0.0	438855	470.539599819	7.2
6381.35936028	7200	0.840522292367	0.0	438855	473.755729112	7.2
6381.83311601	7200	0.866766563255	0.0	438855	473.755729112	7.2
6382.39432333	8533	0.805559240522	0.0	521611	561.207322733	1.868
6382.91924642	8000	0.780636149973	0.0	487275	524.923090549	5.335
6383.44234588	8000	0.757536689668	0.0	487275	523.099460304	8.0
6383.96362114	8000	0.736261425535	0.0	487275	521.275264133	8.0
6384.4275253	7133	0.772357274002	0.0	432597	463.904151533	2.798
6384.94510928	7933	0.754773285594	0.0	483757	517.583988408	3.933
6385.46910115	8000	0.730781417025	0.0	488565	523.991868569	7.665
6385.99750519	8000	0.702377381113	0.0	488565	528.404035912	8.0
6386.52590922	8000	0.673973345201	0.0	488565	528.404035912	8.0
6386.98092493	6933	0.718957639087	0.0	419059	455.015706114	1.598
6387.42972592	6866	0.770156646359	0.0	410775	448.800992728	6.531
6387.88172519	6866	0.818157381651	0.0	413769	451.999264707	6.866

