3481.07097449	3066	0.5	0.201646422603	181435	201.646422603	-7.01632113017
3481.27578342	3120	0.795191070773	0.0	184429	204.808929227	2.85
3481.48502451	3146	1.08594998463	0.0	188625	209.241086139	3.016
3481.69829003	3200	1.37268446622	0.0	192435	213.265518415	2.93
3482.01598481	4800	1.55498968349	0.0	291300	317.694782729	-3.2
3482.33257684	4800	1.73839765858	0.0	290256	316.592024908	4.8
3482.6699769	5000	1.90099759489	0.0	303919	337.400063696	4.0
3482.99773849	4840	2.07323600797	0.0	294231	327.761586914	4.04
3483.42155463	6400	2.14941986208	0.0	383025	423.816145896	-1.4
3483.85067627	6400	2.22029822792	0.0	383025	429.121634156	6.4
3484.2797979	6400	2.29117659376	0.0	383025	429.121634156	6.4
3484.70891953	6400	2.36205495961	0.0	383025	429.121634156	6.4
3485.13804117	6400	2.43293332545	0.0	383025	429.121634156	6.4
3485.55038489	6400	2.5205896053	0.0	383025	412.343720154	6.4
3485.95985503	6400	2.61111946681	0.0	383025	409.47013849	6.4
3486.37332681	6400	2.69764768696	0.0	383025	413.471779847	6.4
3486.79220025	6400	2.77877424244	0.0	383025	418.873444525	6.4
3487.2110737	6400	2.85990079791	0.0	383025	418.873444525	6.4
3487.62994714	6400	2.94102735338	0.0	383025	418.873444525	6.4
3488.04875983	6400	3.02221466098	0.0	383025	418.812692406	6.4
3488.46755302	6400	3.1034214766	0.0	383025	418.793184376	6.4
3488.89370808	6400	3.17726640977	0.0	383025	426.15506683	6.4
3489.32777644	6400	3.24319805296	0.0	383025	434.068356811	6.4
3489.7618448	6400	3.30912969615	0.0	383025	434.068356811	6.4
3490.20099817	6400	3.36997632561	0.0	383025	439.153370543	6.4
3490.64458345	6400	3.42639104703	0.0	383025	443.585278574	6.4
3491.08816873	6400	3.48280576846	0.0	383025	443.585278574	6.4
3491.531754	6400	3.53922048988	0.0	383025	443.585278574	6.4
3491.97523122	6400	3.59574327717	0.0	383025	443.47721271	6.4
3492.41827173	6400	3.65270276222	0.0	383025	443.040514959	6.4
3492.86131225	6400	3.70966224726	0.0	383025	443.040514959	6.4
3493.30435276	6400	3.7666217323	0.0	383025	443.040514959	6.4
3493.74739328	6400	3.82358121734	0.0	383025	443.040514959	6.4
3494.19565988	6400	3.87531461206	0.0	383025	448.266605282	6.4
3494.64434257	6400	3.92663192273	0.0	383025	448.682689328	6.4
3495.09302526	6400	3.9779492334	0.0	383025	448.682689328	6.4
3495.54170795	6400	4.02926654407	0.0	383025	448.682689328	6.4
3495.99463915	6400	4.07633534585	0.0	383025	452.931198221	6.4
3496.45754211	6400	4.11343238108	0.0	383025	462.902964769	6.4
3496.92044508	6400	4.15052941631	0.0	383025	462.902964769	6.4
3497.38334804	6400	4.18762645154	0.0	383025	462.902964769	6.4
3497.84625101	6400	4.22472348677	0.0	383025	462.902964769	6.4
3498.30344673	6400	4.26752776087	0.0	383025	457.1957259	6.4
3498.73396898	6400	4.33700551246	0.0	383025	430.522248416	6.4
3499.16449123	6400	4.40648326404	0.0	383025	430.522248416	6.4
3499.59501348	6400	4.47596101563	0.0	383025	430.522248416	6.4
3500.01355133	6400	4.55742316614	0.0	383025	418.537849484	6.4
3500.42273766	6400	4.64823683673	0.0	383025	409.186329416	6.4
3500.83192399	6400	4.73905050731	0.0	383025	409.186329416	6.4
3501.24844976	6400	4.82252473142	0.0	383025	416.525775896	6.4
3501.66511424	6400	4.90586025085	0.0	383025	416.664480564	6.4
3502.08177872	6400	4.98919577029	0.0	383025	416.664480564	6.4
3502.5090632	6400	5.06191129292	0.0	383025	427.284477369	6.4
3502.93654856	6400	5.13442593476	0.0	383025	427.485358162	6.4
3503.36166638	6400	5.20930811004	0.0	383025	425.117824718	6.4
3503.77748302	6400	5.29349147806	0.0	383025	415.816631974	6.4
3504.19329965	6400	5.37767484609	0.0	383025	415.816631974	6.4
3504.60768647	6400	5.46328802791	0.0	383025	414.38681818	6.4
3505.01903241	6400	5.55194208012	0.0	383025	411.345947794	6.4
3505.43037836	6400	5.64059613232	0.0	383025	411.345947794	6.4
3505.86684901	6400	5.70412548821	0.0	383025	436.470644109	6.4
3506.30853132	6400	5.76244317366	0.0	383025	441.682314555	6.4
3506.75021364	6400	5.8207608591	0.0	383025	441.682314555	6.4
3507.19189595	6400	5.87907854455	0.0	383025	441.682314555	6.4
3507.6190587	6400	5.95191579119	0.0	383025	427.162753359	6.4
3508.04484289	6400	6.0261316001	0.0	383025	425.78419109	6.4
3508.45917658	6400	6.11179791894	0.0	383025	414.333681161	6.4
3508.86437727	6400	6.20659722242	0.0	383025	405.200696521	6.4
3509.26957797	6400	6.3013965259	0.0	383025	405.200696521	6.4
3509.71179426	6400	6.35918023767	0.0	383025	442.216288229	6.4
3510.16336857	6400	6.4076059214	0.0	383025	451.574316265	6.4
3510.61494289	6400	6.45603160514	0.0	383025	451.574316265	6.4
3511.05957346	6400	6.51140103606	0.0	383025	444.630569079	6.4
3511.5017765	6400	6.56919799423	0.0	383025	442.203041828	6.4
3511.94397954	6400	6.6269949524	0.0	383025	442.203041828	6.4
3512.38659209	6400	6.68438240835	0.0	383025	442.612544054	6.4
3512.82974232	6400	6.74123216946	0.0	383025	443.150238888	6.4
3513.27289256	6400	6.79808193057	0.0	383025	443.150238888	6.4
3513.7160428	6400	6.85493169168	0.0	383025	443.150238888	6.4
3514.1554012	6400	6.91557329383	0.0	383025	439.358397855	6.4
3514.58827754	6400	6.98269695089	0.0	383025	432.87634294	6.4
3515.02115389	6400	7.04982060795	0.0	383025	432.87634294	6.4
3515.45403023	6400	7.11694426501	0.0	383025	432.87634294	6.4
3515.87088269	6400	7.20009179946	0.0	383025	416.85246555	6.4
3516.27638948	6400	7.29458501387	0.0	383025	405.506785581	6.4
3516.68121057	6400	7.38976392191	0.0	383025	404.821091968	6.4
3517.07470069	6400	7.49627380058	0.0	383025	393.49012133	6.4
3517.46819081	6400	7.60278367925	0.0	383025	393.49012133	6.4
3517.86301683	6400	7.70795766814	0.0	383025	394.82601111	6.4
3518.2570844	6400	7.81389008981	0.0	383025	394.067578328	6.4
3518.64877019	6400	7.92220430521	0.0	383025	391.685784598	6.4
3519.04045597	6400	8.03051852061	0.0	383025	391.685784598	6.4
3519.42827786	6400	8.1426966362	0.0	383025	387.821884415	6.4
3519.81509334	6400	8.25588115789	0.0	383025	386.815478312	6.4
3520.1997129	6400	8.37126159151	0.0	383025	384.619566378	6.4
3520.58173379	6400	8.48924070252	0.0	383025	382.020888986	6.4
3520.96587744	6400	8.60509705012	0.0	383025	384.143652401	6.4
3521.35176139	6400	8.71921310383	0.0	383025	385.883946296	6.4
3521.74507902	6400	8.82589547187	0.0	383025	393.317631955	6.4
3522.14137677	6400	8.92959772679	0.0	383025	396.29774508	6.4
3522.53570048	6400	9.03527401128	0.0	383025	394.323715507	6.4
3522.92648625	6400	9.14448824803	0.0	383025	390.785763257	6.4
3523.31597362	6400	9.25500087076	0.0	383025	389.487377263	6.4
3523.70041628	6400	9.37055820963	0.0	383025	384.442661135	6.4
3524.08485895	6400	9.48611554849	0.0	383025	384.442661135	6.4
3524.45978448	6400	9.61119000996	0.0	383025	374.925538529	6.4
3524.83149874	6400	9.739475754	0.0	383025	371.714255963	6.4
3525.22039348	6400	9.85058101307	0.0	383025	388.894740933	6.4
3525.61190615	6400	9.95906834608	0.0	383025	391.512666986	6.4
3526.50996053	6400	9.56101396876	0.0	383025	398.054377321	6.4
3526.90897174	6400	9.66200275009	0.0	383025	399.011218675	6.4
3527.30698801	6400	9.76398647995	0.0	383025	398.016270134	6.4
3527.70029461	6400	9.8706798837	0.0	383025	393.30659625	6.4
3528.08251309	6400	9.98846140548	0.0	383025	382.218478222	6.4
3528.96416571	6400	9.6068087818	0.0	383025	381.652623681	6.4
3529.34061418	6400	9.73036031705	0.0	383025	376.448464749	6.4
3529.71627631	6400	9.85469818108	0.0	383025	375.662135969	6.4
3530.09386342	6400	9.97711107413	0.0	383025	377.587106952	6.4
3530.76787896	6400	9.59737103424	0.0	383025	379.740039887	6.4
3531.15295762	6400	9.71229237296	0.0	383025	385.078661284	6.4

