2382.30226528	3066	0.5	0.223021810455	181435	223.021810455	-8.08509052277
2382.52880233	3120	0.773462951027	0.0	184429	226.537048973	2.85
2382.76026588	3146	1.04199940211	0.0	188625	231.463548914	3.016
2382.99620273	3200	1.30606255368	0.0	192435	235.936848431	2.93
2383.23213958	3200	1.57012570525	0.0	192435	235.936848431	3.2
2383.57675541	4800	1.7255098743	0.0	290256	344.615830955	-3.2
2383.93221395	5000	1.87005132825	0.0	303919	355.458546047	4.0
2384.40284252	6453	1.89942276041	0.0	395340	470.628567844	-0.812
2384.90013671	6773	1.90212857425	0.0	413791	497.294186153	5.173
2385.42470521	7200	1.87756006893	0.0	438675	524.568505319	5.065
2385.95247622	7413	1.84978906374	0.0	444483	527.771005193	6.348
2386.56463566	9000	1.73762961871	0.0	536970	612.159445029	1.065
2387.15571775	9000	1.64654752921	0.0	536970	591.082089499	9.0
2387.72940772	9000	1.57285755962	0.0	536970	573.68996959	9.0
2388.31045546	9000	1.49180982665	0.0	536970	581.047732978	9.0
2388.89652876	9000	1.40573652598	0.0	536970	586.073300662	9.0
2389.50558245	9400	1.29668283377	0.0	553424	609.053692211	7.4
2390.08301586	9000	1.21924942639	0.0	522960	577.433407384	7.0
2390.65206555	9000	1.15019973176	0.0	522960	569.04969463	9.0
2391.2278881	9000	1.07437718376	0.0	532300	575.822547995	9.0
2391.75796169	8400	1.04430359531	0.0	503004	530.073588454	5.4
2392.2595628	8000	1.04270247824	0.0	481782	501.601117065	6.0
2392.75474712	8000	1.04751816017	0.0	481782	495.18431807	8.0
2393.27033132	8533	1.03193396134	0.0	510552	515.584198835	5.868
2393.81971276	9000	0.982552523363	0.0	536970	549.381437976	6.665
2394.37367185	9000	0.928593434305	0.0	536970	553.959089058	9.0
2394.92448355	9000	0.877781735114	0.0	536970	550.811699191	9.0
2395.47484975	9000	0.82741553063	0.0	536970	550.366204484	9.0
2396.02932322	9000	0.772942059456	0.0	536970	554.473471174	9.0
2396.62203734	9533	0.680227940541	0.0	573990	592.714118915	6.868
2397.22646186	9666	0.575803417409	0.0	586715	604.424523132	9.001
2397.79728854	9000	0.504976745269	0.0	551265	570.826672139	5.67
2398.37595449	9000	0.5	0.0736892077261	551265	578.665952996	5.31553961369
2398.84152525	7200	0.534429235101	0.0	438675	465.570764899	-1.8
2399.31139277	7200	0.56456171599	0.0	438675	469.867519111	7.2
2399.78638116	7200	0.58957333105	0.0	438675	474.98838494	7.2
2400.25938945	7200	0.616565035302	0.0	438675	473.008295748	7.2
2400.71040978	6773	0.6655447056	0.0	420167	451.020329702	4.638
2401.14601897	6400	0.72993552266	0.0	396693	435.60918294	4.535
2401.63487338	7066	0.741081114	0.0	434595	488.85440866	3.736
2402.13728125	7200	0.738673235349	0.0	442995	502.407878651	6.53
2402.6715627	7600	0.70439178535	0.0	469589	534.281449999	5.6
2403.22964761	8000	0.646306877324	0.0	496259	558.084908026	6.0
2403.78498573	8133	0.590968758195	0.0	508563	555.338119129	7.468
2404.25687676	6986	0.619077730685	0.0	427291	471.89102751	1.251
2404.72996651	6986	0.645987982058	0.0	418081	473.089748627	6.986
2405.24190514	7200	0.634049354894	0.0	427485	511.938627164	6.13
2405.75245503	7200	0.623499460373	0.0	419991	510.549894521	7.2
2406.25538815	7146	0.620566338844	0.0	413019	502.933121529	6.876
2406.77000207	7146	0.605952418804	0.0	422679	514.613920039	7.146
2407.28534186	7200	0.590612633816	0.0	427485	515.339784989	6.93
2407.77165916	6880	0.604295332256	0.0	408679	486.31730156	5.28
2408.25318119	7000	0.62277329548	0.0	418197	481.522036776	6.4
2408.72215197	6880	0.653802520269	0.0	418435	468.970775211	6.28
2409.21818662	7200	0.65776786894	0.0	438855	496.03465133	5.6
2409.74202127	7626	0.63393321987	0.0	464559	523.83464907	5.496
2410.28937257	8000	0.586581923746	0.0	487050	547.351296124	6.13
2410.82839609	8000	0.547558404782	0.0	487050	539.023518964	8.0
2411.3473502	8000	0.528604285425	0.0	487050	518.954119358	8.0
2411.84855247	8000	0.52740202219	0.0	487050	501.202263235	8.0
2412.34964396	8000	0.526310532429	0.0	487050	501.091489761	8.0
2412.84452629	7893	0.531428202704	0.0	483158	494.882329725	7.358
2413.35057019	8000	0.525384304632	0.0	493365	506.043898072	7.465
2413.85684371	8000	0.519110780518	0.0	493365	506.273524114	8.0
2414.36379392	8000	0.512160572237	0.0	493365	506.950208282	8.0
2414.81035099	6960	0.565603503232	0.0	432864	446.557069005	1.76
2415.27351518	7200	0.602439305369	0.0	449280	463.164197862	6.0
2415.74492504	7360	0.631029445357	0.0	456778	471.409860012	6.56
2416.30192071	8800	0.574033778109	0.0	541560	556.995667248	1.6
2416.805675	8160	0.570279490828	0.0	499088	503.754287282	4.96
2417.28995999	8000	0.585994496914	0.0	487050	484.284993914	7.2
2417.77856033	8000	0.597394160309	0.0	487050	488.600336605	8.0
2418.28529009	8000	0.590664404841	0.0	487050	506.729755468	8.0
2418.77300129	7680	0.602953204098	0.0	467772	487.711200743	6.08
2419.2199443	6933	0.656010190218	0.0	421780	446.94301388	3.198
2419.65640291	6826	0.719551579692	0.0	409638	436.458610526	6.291
2420.11406852	7200	0.761885970519	0.0	428730	457.665609173	5.33
2420.57430991	7200	0.801644578731	0.0	428730	460.241391787	7.2
2421.03999545	7200	0.835959040359	0.0	428730	465.685538372	7.2
2421.51506481	7200	0.860889675105	0.0	428730	475.069365254	7.2
2421.99157365	7200	0.884380837608	0.0	428730	476.508837497	7.2
2422.45096712	7200	0.924987370222	0.0	429824	459.393467386	7.2
2422.89525668	7200	0.98069780752	0.0	429084	444.289562703	7.2
2423.38839922	7946	0.98755526987	0.0	476950	493.142537649	4.216
2423.86141361	7626	1.01454087541	0.0	456045	473.014394465	6.026
2424.310623	7200	1.0653314866	0.0	427635	449.209388806	5.07
2424.8082026	7800	1.06775189122	0.0	462222	497.579595381	4.8
2425.31040327	7800	1.06555121724	0.0	456146	502.200673979	7.8
2425.78330104	7666	1.09265345189	0.0	447075	472.897765348	6.996
2426.22133092	7133	1.15462356785	0.0	421103	438.029884038	4.468
2426.71543019	8000	1.16052430301	0.0	476265	494.099264839	3.665
2427.18804985	7733	1.18790464407	0.0	454837	472.619658941	6.398
2427.66914743	8000	1.20680706105	0.0	462300	481.097583025	6.665
2428.15026071	8000	1.22569377975	0.0	462300	481.113281297	8.0
2428.63696568	8000	1.23898881067	0.0	468906	486.704969086	8.0
2429.12041218	8000	1.25554230862	0.0	467438	483.446502044	8.0
2429.59822336	7933	1.27773112616	0.0	465132	477.811182465	7.598
2430.07685758	7533	1.29909691319	0.0	455338	478.634212973	5.533
2430.64861023	8866	1.22734425533	0.0	543071	571.752657857	2.201
2431.2693063	9000	1.10664819075	0.0	551023	620.696064577	8.33
2431.84707057	8000	1.02888391789	0.0	487050	577.764272856	3.0
2432.434886	8000	0.941068494453	0.0	487050	587.815423442	8.0
2433.00878339	8000	0.867171096708	0.0	487050	573.897397745	8.0
2433.51164891	7253	0.864305580169	0.0	441782	502.865516538	3.518
2433.99710835	7200	0.878846143036	0.0	438855	485.459437133	6.935
2434.47816109	7200	0.897793403242	0.0	438855	481.052739794	7.2
2434.97142765	7200	0.904526841936	0.0	438855	493.266561306	7.2
2435.48243457	7200	0.893519924522	0.0	438855	511.006917414	7.2
2436.0954998	8533	0.78045469368	0.0	521611	613.065230843	1.868
2436.64275286	8000	0.733201635029	0.0	487275	547.25305865	5.335
2437.17352154	8000	0.702432947808	0.0	487275	530.768687221	8.0
2437.69045235	8000	0.685502142194	0.0	487275	516.930805615	8.0
2438.1457148	7133	0.73023968987	0.0	432597	455.262452324	2.798
2438.65406404	7933	0.721890450644	0.0	483757	508.349239226	3.933
2439.1674491	8000	0.708505385652	0.0	488565	513.385064992	7.665
2439.68063947	8000	0.695315019893	0.0	488565	513.190365759	8.0
2440.19282162	8000	0.683132871865	0.0	488565	512.182148028	8.0
2440.63205683	6933	0.743897662727	0.0	419059	439.235209138	1.598
2441.0653692	6866	0.810585286847	0.0	410775	433.31237588	6.531
2441.50191294	6866	0.87404155286	0.0	413769	436.543733987	6.866

