5284.87033296	3066	0.5	0.206489197332	181435	206.489197332	-7.25845986659
5285.08006458	3120	0.790268381653	0.0	184429	209.731618347	2.85
5285.29434036	3146	1.07599260881	0.0	188625	214.275772848	3.016
5285.51274226	3200	1.35759070901	0.0	192435	218.401899791	2.93
5285.83821228	4800	1.53212068844	0.0	291300	325.470020573	-3.2
5286.16255167	4800	1.70778129163	0.0	290256	324.339396813	4.8
5286.50168773	5000	1.86864523539	0.0	303919	339.13605624	4.0
5286.93983026	6453	1.93050270901	0.0	395340	438.142526377	-0.812
5287.39795472	6773	1.97237824872	0.0	413791	458.124460292	5.173
5287.87680261	7200	1.99353035102	0.0	438675	478.847897696	5.065
5288.35780339	7413	2.01252957695	0.0	444483	481.000774072	6.348
5288.77367959	6400	2.09665337586	0.0	383025	415.87620109	1.335
5289.18955579	6400	2.18077717477	0.0	383025	415.87620109	6.4
5289.61072053	6400	2.25961243271	0.0	383025	421.16474206	6.4
5290.0332714	6400	2.33706156853	0.0	383025	422.550864177	6.4
5290.45582226	6400	2.41451070436	0.0	383025	422.550864177	6.4
5290.87837312	6400	2.49195984018	0.0	383025	422.550864177	6.4
5291.30092399	6400	2.569408976	0.0	383025	422.550864177	6.4
5291.72347485	6400	2.64685811183	0.0	383025	422.550864177	6.4
5292.15601371	6400	2.7143192569	0.0	383025	432.538854929	6.4
5292.5913541	6400	2.77897886585	0.0	383025	435.340391052	6.4
5293.02669449	6400	2.84363847479	0.0	383025	435.340391052	6.4
5293.46203488	6400	2.90829808374	0.0	383025	435.340391052	6.4
5293.89737527	6400	2.97295769269	0.0	383025	435.340391052	6.4
5294.33271566	6400	3.03761730164	0.0	383025	435.340391052	6.4
5294.75766983	6400	3.11266313264	0.0	383025	424.954168995	6.4
5295.18208111	6400	3.18825185118	0.0	383025	424.411281469	6.4
5295.6064924	6400	3.26384056971	0.0	383025	424.411281469	6.4
5296.03090368	6400	3.33942928824	0.0	383025	424.411281469	6.4
5296.45531496	6400	3.41501800677	0.0	383025	424.411281469	6.4
5296.87972624	6400	3.4906067253	0.0	383025	424.411281469	6.4
5297.29352755	6400	3.5768054189	0.0	383025	413.801306405	6.4
5297.70376873	6400	3.6665642365	0.0	383025	410.241182398	6.4
5298.11400991	6400	3.7563230541	0.0	383025	410.241182398	6.4
5298.51765998	6400	3.85267298942	0.0	383025	403.650064682	6.4
5298.92015151	6400	3.95018145616	0.0	383025	402.491533255	6.4
5299.32294698	6400	4.04738598457	0.0	383025	402.795471591	6.4
5299.73178414	6400	4.13854882863	0.0	383025	408.837155943	6.4
5300.14062129	6400	4.22971167269	0.0	383025	408.837155943	6.4
5300.54945845	6400	4.32087451674	0.0	383025	408.837155943	6.4
5300.95912293	6400	4.41121003264	0.0	383025	409.664484109	6.4
5301.37538315	6400	4.49494981835	0.0	383025	416.260214283	6.4
5301.79164336	6400	4.57868960407	0.0	383025	416.260214283	6.4
5302.20790357	6400	4.66242938979	0.0	383025	416.260214283	6.4
5302.62416379	6400	4.7461691755	0.0	383025	416.260214283	6.4
5303.03341233	6400	4.83692063015	0.0	383025	409.248545354	6.4
5303.43973271	6400	4.93060025306	0.0	383025	406.320377092	6.4
5303.84605309	6400	5.02427987597	0.0	383025	406.320377092	6.4
5304.25237347	6400	5.11795949888	0.0	383025	406.320377092	6.4
5304.67502896	6400	5.19530400159	0.0	383025	422.655497289	6.4
5305.09774528	6400	5.27258768124	0.0	383025	422.716320345	6.4
5305.5204616	6400	5.3498713609	0.0	383025	422.716320345	6.4
5305.94317792	6400	5.42715504055	0.0	383025	422.716320345	6.4
5306.34967663	6400	5.52065633784	0.0	383025	406.498702706	6.4
5306.7557451	6400	5.61458786572	0.0	383025	406.068472128	6.4
5307.16181357	6400	5.70851939359	0.0	383025	406.068472128	6.4
5307.56843718	6400	5.80189578645	0.0	383025	406.623607142	6.4
5307.97747535	6400	5.89285761458	0.0	383025	409.038171869	6.4
5308.38651352	6400	5.98381944271	0.0	383025	409.038171869	6.4
5308.79555169	6400	6.07478127084	0.0	383025	409.038171869	6.4
5309.21522949	6400	6.15510347175	0.0	383025	419.677799093	6.4
5309.64266719	6400	6.22766577631	0.0	383025	427.437695434	6.4
5310.07010488	6400	6.30022808088	0.0	383025	427.437695434	6.4
5310.49754258	6400	6.37279038544	0.0	383025	427.437695434	6.4
5310.92498027	6400	6.44535269001	0.0	383025	427.437695434	6.4
5311.35388763	6400	6.51644533925	0.0	383025	428.907350762	6.4
5311.79722947	6400	6.57310349958	0.0	383025	443.341839664	6.4
5312.2405713	6400	6.62976165992	0.0	383025	443.341839664	6.4
5312.68391314	6400	6.68641982025	0.0	383025	443.341839664	6.4
5313.12725498	6400	6.74307798059	0.0	383025	443.341839664	6.4
5313.57059682	6400	6.79973614092	0.0	383025	443.341839664	6.4
5314.01393866	6400	6.85639430126	0.0	383025	443.341839664	6.4
5314.4572805	6400	6.9130524616	0.0	383025	443.341839664	6.4
5314.89765224	6400	6.97268072911	0.0	383025	440.371732484	6.4
5315.33757809	6400	7.03275487805	0.0	383025	439.925851063	6.4
5315.77750394	6400	7.09282902699	0.0	383025	439.925851063	6.4
5316.21742979	6400	7.15290317592	0.0	383025	439.925851063	6.4
5316.65735564	6400	7.21297732486	0.0	383025	439.925851063	6.4
5317.09728149	6400	7.2730514738	0.0	383025	439.925851063	6.4
5317.53720734	6400	7.33312562273	0.0	383025	439.925851063	6.4
5317.97321448	6400	7.39711848495	0.0	383025	436.007137788	6.4
5318.39826909	6400	7.47206387314	0.0	383025	425.054611805	6.4
5318.8233237	6400	7.54700926134	0.0	383025	425.054611805	6.4
5319.24837832	6400	7.62195464953	0.0	383025	425.054611805	6.4
5319.67343293	6400	7.69690003773	0.0	383025	425.054611805	6.4
5320.08542694	6400	7.7849060225	0.0	383025	411.994015231	6.4
5320.49208354	6400	7.87824942497	0.0	383025	406.656597522	6.4
5320.89874014	6400	7.97159282745	0.0	383025	406.656597522	6.4
5321.30383821	6400	8.06649475112	0.0	383025	405.098076334	6.4
5321.70185508	6400	8.16847788317	0.0	383025	398.016867948	6.4
5322.09987195	6400	8.27046101522	0.0	383025	398.016867948	6.4
5322.50301063	6400	8.36732233935	0.0	383025	403.138675877	6.4
5322.90716043	6400	8.46317253604	0.0	383025	404.149803305	6.4
5323.31131023	6400	8.55902273274	0.0	383025	404.149803305	6.4
5323.71531994	6400	8.65501302517	0.0	383025	404.009707561	6.4
5324.11814289	6400	8.75219007401	0.0	383025	402.822951167	6.4
5324.52096584	6400	8.84936712284	0.0	383025	402.822951167	6.4
5324.92759121	6400	8.94274175706	0.0	383025	406.625365779	6.4
5325.33480803	6400	9.0355249308	0.0	383025	407.216826259	6.4
5325.74202486	6400	9.12830810454	0.0	383025	407.216826259	6.4
5326.14439371	6400	9.2259392542	0.0	383025	402.368850342	6.4
5326.54603524	6400	9.32429772765	0.0	383025	401.641526554	6.4
5326.94767676	6400	9.42265620109	0.0	383025	401.641526554	6.4
5327.34846163	6400	9.52187133858	0.0	383025	400.784862512	6.4
5327.7485461	6400	9.62178686533	0.0	383025	400.084473253	6.4
5328.14863057	6400	9.72170239207	0.0	383025	400.084473253	6.4
5328.54871505	6400	9.82161791882	0.0	383025	400.084473253	6.4
5328.94778375	6400	9.92254921584	0.0	383025	399.068702978	6.4
5329.38983412	6400	9.52349404568	0.0	383025	399.055170166	6.4
5329.795087	6400	9.61824116317	0.0	383025	405.252882506	6.4
5330.20033988	6400	9.71298828067	0.0	383025	405.252882506	6.4
5330.60559277	6400	9.80773539816	0.0	383025	405.252882506	6.4
5331.01625107	6400	9.89707709779	0.0	383025	410.658300365	6.4
5331.42902668	6400	9.98430148387	0.0	383025	412.775613919	6.4
5332.34071165	6400	9.57261651675	0.0	383025	411.684967121	6.4
5332.74886142	6400	9.6644667445	0.0	383025	408.149772258	6.4
5333.15701119	6400	9.75631697224	0.0	383025	408.149772258	6.4
5333.56290316	6400	9.850425003	0.0	383025	405.891969239	6.4
5333.96601181	6400	9.9473163573	0.0	383025	403.108645694	6.4
5334.40140187	6400	9.54420771161	0.0	383025	403.108645694	6.4

