5514.12475533	3066	0.5	0.211888478466	181435	211.888478466	-7.52842392329
5514.33997533	3120	0.784780002784	0.0	184429	215.219997216	2.85
5514.55986435	3146	1.0648909833	0.0	188625	219.889019487	3.016
5514.78399288	3200	1.34076245598	0.0	192435	224.128527316	2.93
5515.11813163	4800	1.5066237078	0.0	291300	334.138748186	-3.2
5515.45110868	4800	1.67364665152	0.0	290256	332.977056277	4.8
5515.79928899	5000	1.82546634184	0.0	303919	348.18030968	4.0
5516.24919635	6453	1.87555898616	0.0	395340	449.907355674	-0.812
5516.71963472	6773	1.90512061764	0.0	413791	470.438368522	5.173
5517.21716196	7200	1.90759337477	0.0	438675	497.527242877	5.065
5517.72101896	7413	1.90373637731	0.0	444483	503.856997457	6.348
5518.32763658	9000	1.79711875206	0.0	536970	606.617625251	1.065
5518.93425421	9000	1.69050112681	0.0	536970	606.617625251	9.0
5519.54087183	9000	1.58388350156	0.0	536970	606.617625251	9.0
5520.14748946	9000	1.47726587631	0.0	536970	606.617625251	9.0
5520.75335941	9000	1.37139592476	0.0	536970	605.869951546	9.0
5521.3747557	9400	1.24999963027	0.0	553424	621.396294489	7.4
5521.96249683	9000	1.16225850201	0.0	522960	587.741128259	7.0
5522.55023796	9000	1.07451737375	0.0	522960	587.741128259	9.0
5523.13081086	9000	0.993944471992	0.0	532300	580.572901761	9.0
5523.67129423	8400	0.95346110727	0.0	503004	540.483364723	5.4
5524.18939622	8000	0.935359111216	0.0	481782	518.101996053	6.0
5524.66427325	8000	0.960482083917	0.0	481782	474.877027299	8.0
5525.1656633	8533	0.95909203797	0.0	510552	501.390045948	5.868
5525.73124525	9000	0.893510088724	0.0	536970	565.581949245	6.665
5526.30363508	9000	0.821120252734	0.0	536970	572.38983599	9.0
5526.87602492	9000	0.748730416745	0.0	536970	572.38983599	9.0
5527.45235341	9000	0.672401919834	0.0	536970	576.32849691	9.0
5528.02940117	9000	0.595354166637	0.0	536970	577.047753198	9.0
5528.5219921	7626	0.602763232549	0.0	456993	492.590934088	0.756
5529.01436016	7733	0.610395176006	0.0	467045	492.368056543	7.198
5529.46599719	7200	0.658758141554	0.0	438675	451.637034452	4.535
5529.91776756	7200	0.706987778855	0.0	438675	451.770362699	7.2
5530.37031373	7200	0.754441601235	0.0	438675	452.54617762	7.2
5530.82285991	7200	0.801895423616	0.0	438675	452.54617762	7.2
5531.27699357	7200	0.847761760994	0.0	438675	454.133662621	7.2
5531.74077328	7200	0.883982057884	0.0	438675	463.77970311	7.2
5532.1854077	6773	0.939347632589	0.0	420167	444.634425296	4.638
5532.60575986	6400	1.0189954772	0.0	396693	420.35215539	4.535
5533.05975195	7066	1.06500338333	0.0	434595	453.992093867	3.736
5533.52132996	7200	1.10342537779	0.0	442995	461.578005543	6.53
5534.01001722	7600	1.11473811485	0.0	469589	488.687262938	5.6
5534.53184525	8000	1.09291008303	0.0	496259	521.828031817	6.0
5535.0673898	8133	1.05736553054	0.0	508563	535.54455249	7.468
5535.61548172	8733	1.00927361011	0.0	536941	548.091920438	5.733
5536.13564851	8733	0.989106821214	0.0	525223	520.166788892	8.733
5536.67872315	9000	0.946032184515	0.0	536970	543.074636699	7.665
5537.22383828	9000	0.900917049255	0.0	527946	545.11513526	9.0
5537.76126159	8933	0.86349374187	0.0	519390	537.423307385	8.598
5538.31244421	8933	0.812311127889	0.0	530998	551.182613981	8.933
5538.86971336	9000	0.755041970134	0.0	536970	557.269157755	8.665
5539.45271037	8600	0.672044960597	0.0	513386	582.997009538	6.6
5539.93310948	7000	0.691645852253	0.0	418197	480.399108344	-1.0
5540.4137763	6880	0.710979035179	0.0	418435	480.666817074	6.28
5540.91741207	7200	0.707343258997	0.0	438855	503.635776182	5.6
5541.44996039	7626	0.674794939967	0.0	464559	532.548319029	5.496
5541.98605012	8000	0.638705216805	0.0	487050	536.089723162	6.13
5542.51123529	8000	0.61352004787	0.0	487050	525.185168935	8.0
5543.03642046	8000	0.588334878934	0.0	487050	525.185168935	8.0
5543.56160562	8000	0.563149709999	0.0	487050	525.185168935	8.0
5544.09608165	8000	0.528673681931	0.0	487050	534.476028068	8.0
5544.62638923	7893	0.5	0.00163389385316	483158	530.307575784	7.27630530734
5545.17801146	8000	0.5	0.0516222283791	493365	551.622228379	4.88388858104
5545.74266695	8000	0.5	0.0646554980627	493365	564.655498063	4.76722509687
5546.30732245	8000	0.5	0.0646554980627	493365	564.655498063	4.76722509687
5546.80396094	6960	0.503361512241	0.0	432864	496.638487759	1.76
5547.31905478	7200	0.5	0.0117323273499	449280	515.093839591	5.4133836325
5547.84257809	7360	0.5	0.0235233125456	456778	523.523312546	5.38383437272
5548.30211165	6600	0.540466437802	0.0	402915	459.533562198	2.8
5548.72596347	6120	0.616614624476	0.0	371455	423.851813325	3.72
5549.13992731	6000	0.702650778316	0.0	362580	413.96384616	5.4
5549.55389116	6000	0.788686932155	0.0	362580	413.96384616	6.0
5549.96785501	6000	0.874723085995	0.0	362580	413.96384616	6.0
5550.49901717	7680	0.843560925241	0.0	467772	531.162160754	-0.72
5551.09972711	8666	0.742850981463	0.0	530195	600.709943778	3.736
5551.69770466	8533	0.644873431343	0.0	515343	597.97755012	7.868
5552.1971308	7200	0.645447294005	0.0	428730	499.426137338	0.535
5552.69655694	7200	0.646021156667	0.0	428730	499.426137338	7.2
5553.19598307	7200	0.646595019329	0.0	428730	499.426137338	7.2
5553.69540921	7200	0.647168881991	0.0	428730	499.426137338	7.2
5554.19483535	7200	0.647742744653	0.0	428730	499.426137338	7.2
5554.69551036	7200	0.647067727614	0.0	429824	500.675017039	7.2
5555.19534062	7200	0.647237473809	0.0	429084	499.830253804	7.2
5555.74981335	7946	0.59276473758	0.0	476950	554.472736229	4.216
5556.28042153	7626	0.562156562733	0.0	456045	530.608174847	6.026
5556.77809672	7200	0.564481375754	0.0	427635	497.675186979	5.07
5557.31394262	7800	0.528635468554	0.0	462222	535.8459072	4.8
5557.84287618	7800	0.5	0.000298089748432	456146	528.933558302	7.78509551258
5558.36149014	7666	0.5	0.0186139538173	447075	518.613953817	6.06530230913
5558.8505571	7133	0.510933038541	0.0	421103	489.066961459	4.468
5559.2910317	6400	0.570458433643	0.0	378390	440.474604898	2.735
5559.71217312	6186	0.649317017876	0.0	361396	421.141415766	5.116
5560.14019048	6400	0.721299657946	0.0	367440	428.01735993	5.33
5560.56820784	6400	0.793282298016	0.0	367440	428.01735993	6.4
5561.00253232	6400	0.858957817894	0.0	372984	434.324480122	6.4
5561.43159374	6400	0.929896394282	0.0	371752	429.061423613	6.4
5561.8510976	6346	1.01039253883	0.0	369976	419.503855455	6.076
5562.36508344	7533	0.996406695055	0.0	455338	513.985843772	1.598
5562.85326555	7093	1.00822458823	0.0	432025	488.182106821	4.893
5563.34837425	7200	1.01311588313	0.0	438283	495.108705107	6.665
5563.89746017	8000	0.96402996188	0.0	487050	549.085921248	4.0
5564.43285214	8000	0.928637993685	0.0	487050	535.391968195	8.0
5564.95981437	8000	0.90167577058	0.0	487050	526.962223105	8.0
5565.43097177	7253	0.930518362424	0.0	441782	471.157408156	3.518
5565.88733928	7200	0.974150858684	0.0	438855	456.367503741	6.935
5566.34370678	7200	1.01778335494	0.0	438855	456.367503741	7.2
5566.80191135	7200	1.05957878376	0.0	438855	458.20457118	7.2
5567.26889969	7200	1.09259044576	0.0	438855	466.988338	7.2
5567.82206348	8533	1.03942665824	0.0	521611	553.163787521	1.868
5568.33947251	8000	1.02201762246	0.0	487275	517.409035784	5.335
5568.85890637	8000	1.00258376413	0.0	487275	519.433858325	8.0
5569.37862933	8000	0.982860810566	0.0	487275	519.722953568	8.0
5569.84115535	7133	1.02033478205	0.0	432597	462.526028515	2.798
5570.34442773	7933	1.01706240592	0.0	483757	503.272376129	3.933
5570.85229712	8000	1.00919301698	0.0	488565	507.869388939	7.665
5571.34719825	8000	1.01429188166	0.0	488565	494.901135323	8.0
5571.83699738	8000	1.02449275299	0.0	488565	489.799128668	8.0
5572.27156612	6933	1.08992401239	0.0	419059	434.568740603	1.598
5572.71669517	6866	1.14479496697	0.0	410775	445.129045419	6.531
5573.16499572	6866	1.19649441315	0.0	413769	448.300553816	6.866

