1787.73263729	3066	0.5	0.198135552681	181435	198.135552681	-6.84077763403
1787.93387742	3120	0.79875987629	0.0	184429	201.24012371	2.85
1788.1394685	3146	1.09316879064	0.0	188625	205.591085647	3.016
1788.34901029	3200	1.38362699838	0.0	192435	209.541792268	2.93
1788.66106826	4800	1.57156903549	0.0	291300	312.057962884	-3.2
1789.1191682	6400	1.61346908977	0.0	389889	458.099945725	-1.6
1789.60259437	6666	1.63004291677	0.0	408326	483.426172994	5.336
1790.0692771	6453	1.66336018909	0.0	395340	466.682727677	5.388
1790.55445282	6773	1.67818447348	0.0	413791	485.175715611	5.173
1791.068204	7200	1.66443328739	0.0	438675	513.751186095	5.065
1791.58862479	7413	1.64401250105	0.0	444483	520.420786343	6.348
1792.16601603	9000	1.56662125981	0.0	536970	577.391241231	1.065
1792.72906982	9000	1.50356747379	0.0	536970	563.053786026	9.0
1793.27879719	9000	1.45384010566	0.0	536970	549.727368124	9.0
1793.82232893	9000	1.41030836053	0.0	536970	543.531745138	9.0
1794.35864009	9000	1.37399719796	0.0	536970	536.311162569	9.0
1794.92704364	9400	1.30559365013	0.0	553424	568.403547824	7.4
1795.49334098	9000	1.23929630711	0.0	522960	566.29734302	7.0
1796.08008224	9000	1.15255505588	0.0	522960	586.741251236	9.0
1796.69085615	9000	1.04178114101	0.0	532300	610.773914868	9.0
1797.25838159	8400	0.974255700373	0.0	503004	567.525440637	5.4
1797.78032549	8000	0.95231180251	0.0	481782	521.943897863	6.0
1798.28690705	8000	0.945730237018	0.0	481782	506.581565491	8.0
1798.80457544	8533	0.928061851287	0.0	510552	517.668385731	5.868
1799.38017608	9000	0.852461214789	0.0	536970	575.600636498	6.665
1799.95206572	9000	0.780571576456	0.0	536970	571.889638333	9.0
1800.51896697	9000	0.713670323694	0.0	536970	566.901252762	9.0
1801.07577276	9000	0.656864529769	0.0	536970	556.805793926	9.0
1801.63199123	9000	0.600646065107	0.0	536970	556.218464662	9.0
1802.10725665	7626	0.625380646027	0.0	456993	475.26541908	0.756
1802.58209428	7733	0.650543010068	0.0	467045	474.83763596	7.198
1803.03596701	7200	0.696670278303	0.0	438675	453.872731765	4.535
1803.50712283	7200	0.725514460033	0.0	438675	471.155818269	7.2
1803.97796227	7200	0.754675017284	0.0	438675	470.839442749	7.2
1804.448494	7200	0.784143291824	0.0	438675	470.53172546	7.2
1804.91629108	7200	0.816346213174	0.0	438675	467.79707865	7.2
1805.38225973	7200	0.850377566205	0.0	438675	465.968646969	7.2
1805.8300799	6773	0.902557392384	0.0	420167	447.820173821	4.638
1806.25343982	6400	0.979197470701	0.0	396693	423.359921683	4.535
1806.70825983	7066	1.02437745982	0.0	434595	454.820010883	3.736
1807.17144878	7200	1.06118851565	0.0	442995	463.188944164	6.53
1807.66231935	7600	1.0703179438	0.0	469589	490.87057185	5.6
1808.18161853	8000	1.0510187618	0.0	496259	519.299182004	6.0
1808.72366754	8133	1.00896974843	0.0	508563	542.049013365	7.468
1809.3022013	8733	0.930435990645	0.0	536941	578.533757789	5.733
1809.883852	8733	0.84878528704	0.0	525223	581.650703605	8.733
1810.48324255	9000	0.749394742355	0.0	536970	599.390544685	7.665
1811.05268124	9000	0.679956054531	0.0	527946	569.438687823	9.0
1811.60907433	8933	0.623562966186	0.0	519390	556.393088345	8.598
1812.18011358	8933	0.552523713337	0.0	530998	571.039252849	8.933
1812.65994122	7200	0.572696072677	0.0	427485	479.82764066	-1.465
1813.11910011	6880	0.613537177377	0.0	408679	459.1588953	5.28
1813.58714611	7000	0.645491184138	0.0	418197	468.045993239	6.4
1814.05464846	6880	0.677988835009	0.0	418435	467.502349129	6.28
1814.54302924	7200	0.689608055155	0.0	438855	488.380779854	5.6
1815.05278716	7626	0.679850134055	0.0	464559	509.7579211	5.496
1815.59464411	8000	0.637993182953	0.0	487050	541.856951102	6.13
1816.14907437	8000	0.583562924259	0.0	487050	554.430258694	8.0
1816.67657267	8000	0.556064617159	0.0	487050	527.4983071	8.0
1817.18026787	8000	0.552369420949	0.0	487050	503.69519621	8.0
1817.69051126	8000	0.54212603172	0.0	487050	510.24338923	8.0
1818.2071921	7893	0.525445186544	0.0	483158	516.680845175	7.358
1818.7570811	8000	0.5	0.024443809948	493365	549.888996492	6.2428095026
1819.30707249	8000	0.5	0.0499913899172	493365	549.991389917	5.50043050414
1819.87935841	8000	0.5	0.0722859180697	493365	572.28591807	4.38570409651
1820.3826916	6960	0.5	0.00333319477331	432864	503.333194773	1.59334026133
1820.89239274	7200	0.5	0.00970113105006	449280	509.70113105	5.5149434475
1821.40084408	7360	0.5	0.00845134383808	456778	508.451343838	6.1374328081
1821.8474128	6600	0.553431283141	0.0	402915	446.568716859	2.8
1822.25664662	6120	0.644197463854	0.0	371455	409.233819287	3.72
1822.65607579	6000	0.744768290901	0.0	362580	399.429172954	5.4
1823.04701782	6000	0.853826257436	0.0	362580	390.942033465	6.0
1823.43795986	6000	0.962884223971	0.0	362580	390.942033465	6.0
1823.95725105	7680	0.943593030086	0.0	467772	519.291193884	-0.72
1824.54944624	8666	0.851397841243	0.0	530195	592.195188844	3.736
1825.1036644	8533	0.797179680613	0.0	515343	554.21816063	7.868
1825.67749654	9000	0.723347536914	0.0	539520	573.832143699	6.665
1826.25212169	9000	0.648722390681	0.0	539520	574.625146233	9.0
1826.82864761	9000	0.572196467918	0.0	539520	576.525922762	9.0
1827.4053353	9000	0.5	0.00449121738808	539520	576.687685307	8.7754391306
1827.85581859	7200	0.549516705482	0.0	428730	450.483294518	-1.8
1828.3073816	7200	0.597953697218	0.0	429824	451.563008264	7.2
1828.75803895	7200	0.647296348298	0.0	429084	450.65734892	7.2
1829.26108402	7946	0.644251277738	0.0	476950	503.04507056	4.216
1829.7456472	7626	0.659688100991	0.0	456045	484.563176747	6.026
1830.21174364	7200	0.693591658692	0.0	427635	466.096442299	5.07
1830.71861321	7800	0.686722091276	0.0	462222	506.869567416	4.8
1831.22122864	7800	0.684106651694	0.0	456146	502.615439582	7.8
1831.71541067	7666	0.689924631267	0.0	447075	494.182020427	6.996
1832.16853087	7133	0.736804427842	0.0	421103	453.120203424	4.468
1832.6683633	8000	0.736971993256	0.0	476265	499.832434586	3.665
1833.15395114	7733	0.75138415641	0.0	454837	485.587836846	6.398
1833.64885866	8000	0.756476637124	0.0	462300	494.907519286	6.665
1834.15442022	8000	0.750915079955	0.0	462300	505.561557169	8.0
1834.66618649	8000	0.739148803469	0.0	468906	511.766276486	8.0
1835.16376661	8000	0.74156868222	0.0	467438	497.580121249	8.0
1835.66660382	7933	0.738731473075	0.0	465132	502.837209145	7.598
1836.16936414	7533	0.735971156408	0.0	455338	502.760316667	5.533
1836.64326057	7093	0.762074728338	0.0	432025	473.896428069	4.893
1837.11860319	7200	0.786732103661	0.0	438283	475.342624677	6.665
1837.64221974	8000	0.763115554105	0.0	487050	523.616549556	4.0
1838.16265949	8000	0.742675805249	0.0	487050	520.439748856	8.0
1838.68621735	8000	0.719117943906	0.0	487050	523.557861343	8.0
1839.16223166	7253	0.743103634181	0.0	441782	476.014309725	3.518
1839.63787704	7200	0.767458256374	0.0	438855	475.645377808	6.935
1840.11394495	7200	0.791390350141	0.0	438855	476.067906233	7.2
1840.59658796	7200	0.808747341113	0.0	438855	482.643009028	7.2
1841.08105163	7200	0.824283667657	0.0	438855	484.463673456	7.2
1841.64727062	8533	0.758064679765	0.0	521611	566.218987893	1.868
1842.16523577	8000	0.74009953053	0.0	487275	517.965149234	5.335
1842.68243133	8000	0.722903962088	0.0	487275	517.195568442	8.0
1843.19807922	8000	0.707256076743	0.0	487275	515.647885346	8.0
1843.65603804	7133	0.749297254832	0.0	432597	457.95882191	2.798
1844.16645967	7933	0.738875631333	0.0	483757	510.4216235	3.933
1844.64686913	8000	0.758466162719	0.0	488565	480.409468613	7.665
1845.13619814	8000	0.769137153789	0.0	488565	489.329008931	8.0
1845.65941022	8000	0.745925079499	0.0	488565	523.21207429	8.0
1846.10960986	6933	0.795725436381	0.0	419059	450.199643118	1.598
1846.55110759	6866	0.8542277036	0.0	410775	441.497732782	6.531
1846.99575037	6866	0.90958492983	0.0	413769	444.64277377	6.866

