1619.82598426	3066	0.5	0.194661994632	181435	194.661994632	-6.66709973161
1620.0236935	3120	0.80229075422	0.0	184429	197.70924578	2.85
1620.22567338	3146	1.10031087858	0.0	188625	201.979875644	3.016
1620.43153102	3200	1.39445323845	0.0	192435	205.85764013	2.93
1620.74286826	4800	1.58311599281	0.0	291300	311.337245637	-3.2
1621.17858759	6400	1.64739666898	0.0	389889	435.719323833	-1.6
1621.64212423	6666	1.68386002396	0.0	408326	463.536645013	5.336
1622.10191417	6453	1.72407008985	0.0	395340	459.789934114	5.388
1622.58269635	6773	1.7432879109	0.0	413791	480.782178952	5.173
1623.08395335	7200	1.74203090379	0.0	438675	501.25700711	5.065
1623.57988646	7413	1.74609779914	0.0	444483	495.933104645	6.348
1624.17274163	9000	1.65324262568	0.0	536970	592.855173458	1.065
1624.75493483	9000	1.57104942678	0.0	536970	582.1931989	9.0
1625.3447148	9000	1.48126945364	0.0	536970	589.779973143	9.0
1625.95027166	9000	1.37571259185	0.0	536970	605.556861789	9.0
1626.58917778	9000	1.23680647354	0.0	536970	638.906118314	9.0
1627.25080698	9400	1.07517727701	0.0	553424	661.629196531	7.4
1627.90574402	9000	0.920240232525	0.0	522960	654.937044483	7.0
1628.56068107	9000	0.765303188042	0.0	522960	654.937044483	9.0
1629.22713661	9000	0.598847648845	0.0	532300	666.455539197	9.0
1629.72328453	6720	0.602699730469	0.0	400413	496.147918375	-4.68
1630.19041448	6400	0.635569780008	0.0	383463	467.129950462	4.8
1630.65754443	6400	0.668439829546	0.0	383463	467.129950462	6.4
1631.15205237	6826	0.673931888398	0.0	406429	494.507941148	4.696
1631.62920548	7200	0.696778773072	0.0	427485	477.153115326	5.33
1632.09967983	7200	0.726304423631	0.0	427485	470.474349442	7.2
1632.56234224	7200	0.763642013674	0.0	427485	462.662409957	7.2
1633.02205092	7200	0.803933338988	0.0	427485	459.708674686	7.2
1633.47725537	7200	0.848728890509	0.0	427485	455.204448479	7.2
1633.96325238	7626	0.862731877138	0.0	456993	485.997013371	5.496
1634.46002167	7733	0.865962587884	0.0	467045	496.769289254	7.198
1634.93793528	7200	0.888048977724	0.0	438675	477.913610161	4.535
1635.42782162	7200	0.898162637643	0.0	438675	489.88634008	7.2
1635.91540731	7200	0.910576942859	0.0	438675	487.585694785	7.2
1636.39719861	7200	0.928785643618	0.0	438675	481.791299241	7.2
1636.8746462	7200	0.95133805978	0.0	438675	477.447583838	7.2
1637.34878125	7200	0.977203001705	0.0	438675	474.135058075	7.2
1637.80524414	6773	1.02074011236	0.0	420167	456.462889348	4.638
1638.23780328	6400	1.08818097477	0.0	396693	432.559137591	4.535
1638.75818883	7066	1.06779542139	0.0	434595	520.385553375	3.736
1639.30415401	7200	1.02183024817	0.0	442995	545.96517322	6.53
1639.88229439	7600	0.943689863455	0.0	469589	578.140384716	5.6
1640.45578892	8000	0.870195337137	0.0	496259	573.494526318	6.0
1641.01039987	8133	0.815584390166	0.0	508563	554.610946971	7.468
1641.46709849	6986	0.858885762227	0.0	427291	456.698627939	1.251
1641.90968191	6986	0.916302348115	0.0	418081	442.583414113	6.986
1642.34903746	7200	0.976946792028	0.0	427485	439.355556086	6.13
1642.78315878	7200	1.04282547987	0.0	419991	434.121312159	7.2
1643.22614866	7146	1.09983559545	0.0	413019	442.989884423	6.876
1643.68921127	7146	1.13677299048	0.0	422679	463.062604965	7.146
1644.15449918	7200	1.17148507382	0.0	427485	465.287916656	6.93
1644.5977384	6880	1.22824585182	0.0	408679	443.239222006	5.28
1645.0420464	7000	1.28393785892	0.0	418197	444.307992901	6.4
1645.47336503	6880	1.35261922396	0.0	418435	431.318634958	6.28
1645.93018972	7200	1.3957945363	0.0	438855	456.824687658	5.6
1646.41558031	7626	1.41040394357	0.0	464559	485.390592729	5.496
1646.92787423	8000	1.39811002475	0.0	487050	512.293918824	6.13
1647.44621602	8000	1.37976824087	0.0	487050	518.34178388	8.0
1647.96641635	8000	1.35956791012	0.0	487050	520.200330744	8.0
1648.49242457	8000	1.33355968524	0.0	487050	526.008224883	8.0
1649.02925585	8000	1.29672840374	0.0	487050	536.831281503	8.0
1649.57789043	7893	1.24809382534	0.0	483158	548.634578401	7.358
1650.11857041	8000	1.2074138446	0.0	493365	540.679980739	7.465
1650.64260777	8000	1.18337648711	0.0	493365	524.037357489	8.0
1651.15139807	8000	1.17458618615	0.0	493365	508.790300955	8.0
1651.73400391	9280	1.09198034706	0.0	581337	582.605839098	2.88
1652.35654882	9600	0.969435434385	0.0	603330	622.54491267	8.0
1653.00235799	9813	0.823626265325	0.0	613526	645.809169061	8.748
1653.56825697	8800	0.757727283637	0.0	541560	565.898981688	3.735
1654.08720943	8160	0.738774828447	0.0	499088	518.952455189	4.96
1654.59110871	8000	0.734875542004	0.0	487050	503.899286443	7.2
1655.09175581	8000	0.734228442818	0.0	487050	500.647099186	8.0
1655.65121678	8000	0.674767476743	0.0	487050	559.460966075	8.0
1656.1938841	7680	0.632100159119	0.0	467772	542.667317624	6.08
1656.66536623	6933	0.660618022706	0.0	421780	471.482136413	3.198
1657.11623929	6826	0.709744970745	0.0	409638	450.873051962	6.291
1657.57689484	7200	0.749089411372	0.0	428730	460.655559372	5.33
1658.03027715	7200	0.795707106484	0.0	428730	453.382304889	7.2
1658.48225366	7200	0.843730593211	0.0	428730	451.976513273	7.2
1658.93423884	7200	0.891745414815	0.0	428730	451.985178397	7.2
1659.38651205	7200	0.939472201097	0.0	428730	452.273213717	7.2
1659.84128148	7200	0.984702778133	0.0	429824	454.769422965	7.2
1660.29862761	7200	1.02735664948	0.0	429084	457.346128658	7.2
1660.80990109	7946	1.01608316173	0.0	476950	511.273487741	4.216
1661.30287196	7626	1.02311229507	0.0	456045	492.970866662	6.026
1661.76045749	7200	1.06552676887	0.0	427635	457.585526205	5.07
1662.25285444	7800	1.07312981796	0.0	462222	492.396950912	4.8
1662.73891731	7800	1.08706694582	0.0	456146	486.06287214	7.8
1663.21467651	7666	1.11130774715	0.0	447075	475.759198668	6.996
1663.66120569	7133	1.16477856126	0.0	421103	446.529185883	4.468
1664.1618365	8000	1.16414775673	0.0	476265	500.630804534	3.665
1664.63758888	7733	1.18839537665	0.0	454837	475.752380084	6.398
1665.11367748	8000	1.21230677423	0.0	462300	476.088602415	6.665
1665.61709147	8000	1.20889278272	0.0	462300	503.413991513	8.0
1666.15897688	8000	1.16700737261	0.0	468906	541.885410107	8.0
1666.70481149	8000	1.12117276589	0.0	467438	545.834606722	8.0
1667.27268082	7933	1.05330343384	0.0	465132	567.869332054	7.598
1667.82880344	7533	0.997180815054	0.0	455338	556.122618781	5.533
1668.33623449	7093	0.989749766596	0.0	432025	507.431048458	4.893
1668.81620159	7200	1.00978266517	0.0	438283	479.967101429	6.665
1669.36196486	8000	0.96401939514	0.0	487050	545.763270027	4.0
1669.91967177	8000	0.90631248913	0.0	487050	557.706906011	8.0
1670.48897662	8000	0.837007635765	0.0	487050	569.304853364	8.0
1671.01460406	7253	0.81138019342	0.0	441782	525.627442345	3.518
1671.53704527	7200	0.78893898701	0.0	438855	522.441206409	6.935
1672.06081713	7200	0.765167127082	0.0	438855	523.771859929	7.2
1672.58458899	7200	0.741395267153	0.0	438855	523.771859929	7.2
1673.10473303	7200	0.72125122149	0.0	438855	520.144045663	7.2
1673.55293768	6826	0.773046581016	0.0	414950	448.204640474	4.956
1673.9724652	6400	0.853519051173	0.0	387630	419.527529843	4.27
1674.39355693	6400	0.932427328475	0.0	387630	421.091722698	6.4
1674.81265371	6400	1.01333055012	0.0	387630	419.096778358	6.4
1675.26590518	7133	1.0600790734	0.0	432597	453.25147672	3.468
1675.76598732	7933	1.05999693497	0.0	483757	500.08213843	3.933
1676.25286247	8000	1.07312178264	0.0	488565	486.875152322	7.665
1676.73485658	8000	1.09112767982	0.0	488565	481.994102828	8.0
1677.22227479	8000	1.10370946573	0.0	488565	487.418214083	8.0
1677.6402123	6933	1.18577195808	0.0	419059	417.937507655	1.598
1678.05166726	6866	1.27431699755	0.0	410775	411.454960529	6.531
1678.44334377	6866	1.38264048899	0.0	413769	391.67650856	6.866

