1737.60932726	3066	0.5	0.217229034218	181435	217.229034218	-7.79545171091
1737.82997594	3120	0.779351318368	0.0	184429	220.648681632	2.85
1738.05541715	3146	1.05391010482	0.0	188625	225.441213544	3.016
1738.28521002	3200	1.32411723575	0.0	192435	229.79286907	2.93
1738.51500289	3200	1.59432436668	0.0	192435	229.79286907	3.2
1738.85652366	4800	1.75280359861	0.0	290256	341.520768077	-3.2
1739.21364985	5000	1.89567740548	0.0	303919	357.12619313	4.0
1739.67519408	6453	1.93413318089	0.0	395340	461.544224586	-0.812
1740.13507244	6773	1.97425482269	0.0	413791	459.878358202	5.173
1740.60623471	7200	2.00309254433	0.0	438675	471.162278352	5.065
1741.03810077	6400	2.07122648862	0.0	383025	431.866055713	2.4
1741.47772611	6400	2.13160114628	0.0	383025	439.625342341	6.4
1741.91735146	6400	2.19197580394	0.0	383025	439.625342341	6.4
1742.3569768	6400	2.2523504616	0.0	383025	439.625342341	6.4
1742.78734669	6400	2.32198056757	0.0	383025	430.369894025	6.4
1743.21248636	6400	2.39684090362	0.0	383025	425.139663955	6.4
1743.63762602	6400	2.47170123966	0.0	383025	425.139663955	6.4
1744.04899225	6400	2.56033500753	0.0	383025	411.366232129	6.4
1744.45870597	6400	2.6506212893	0.0	383025	409.713718237	6.4
1744.86841969	6400	2.74090757106	0.0	383025	409.713718237	6.4
1745.28653822	6400	2.8227890386	0.0	383025	418.118532455	6.4
1745.70842255	6400	2.90090470579	0.0	383025	421.88433281	6.4
1746.13139694	6400	2.97793031686	0.0	383025	422.974388934	6.4
1746.5556668	6400	3.05366045685	0.0	383025	424.269860008	6.4
1746.97993666	6400	3.12939059684	0.0	383025	424.269860008	6.4
1747.40043136	6400	3.20889589698	0.0	383025	420.494699865	6.4
1747.82071269	6400	3.28861456426	0.0	383025	420.281332716	6.4
1748.24099403	6400	3.36833323155	0.0	383025	420.281332716	6.4
1748.66448379	6400	3.44484346419	0.0	383025	423.489767357	6.4
1749.08823675	6400	3.5210905073	0.0	383025	423.752956889	6.4
1749.51198971	6400	3.59733755041	0.0	383025	423.752956889	6.4
1749.94124054	6400	3.66808671456	0.0	383025	429.250835854	6.4
1750.37202209	6400	3.73730517201	0.0	383025	430.781542542	6.4
1750.80280363	6400	3.80652362947	0.0	383025	430.781542542	6.4
1751.22602547	6400	3.88330179377	0.0	383025	423.221835705	6.4
1751.63927966	6400	3.97004759492	0.0	383025	413.254198846	6.4
1752.05068115	6400	4.05864610591	0.0	383025	411.401489012	6.4
1752.45157322	6400	4.15775403773	0.0	383025	400.892068177	6.4
1752.85246529	6400	4.25686196955	0.0	383025	400.892068177	6.4
1753.24815001	6400	4.36117724783	0.0	383025	395.684721729	6.4
1753.64060505	6400	4.46872221016	0.0	383025	392.45503767	6.4
1754.02664411	6400	4.58268314878	0.0	383025	386.039061375	6.4
1754.40474611	6400	4.7045811472	0.0	383025	378.102001584	6.4
1754.77348826	6400	4.83583899893	0.0	383025	368.742148268	6.4
1755.12523935	6400	4.98408791065	0.0	383025	351.751088276	6.4
1755.48139425	6400	5.12793301347	0.0	383025	356.154897181	6.4
1755.83861052	6400	5.27071673573	0.0	383025	357.216277739	6.4
1756.19952208	6400	5.40980518139	0.0	383025	360.911554341	6.4
1756.57418654	6400	5.53514071815	0.0	383025	374.664463241	6.4
1756.9699847	6400	5.63934255446	0.0	383025	395.798163695	6.4
1757.36300194	6400	5.74632531865	0.0	383025	393.01723581	6.4
1757.73881536	6400	5.87051189831	0.0	383025	375.813420341	6.4
1758.10694523	6400	6.00238203096	0.0	383025	368.129867345	6.4
1758.470671	6400	6.13865625754	0.0	383025	363.72577342	6.4
1758.84322799	6400	6.26609927028	0.0	383025	372.556987261	6.4
1759.22471389	6400	6.38461337013	0.0	383025	381.485900144	6.4
1759.61650808	6400	6.49281918355	0.0	383025	391.794186587	6.4
1760.01845402	6400	6.59087323716	0.0	383025	401.945946386	6.4
1760.43224476	6400	6.67708250255	0.0	383025	413.79073461	6.4
1760.84603549	6400	6.76329176794	0.0	383025	413.79073461	6.4
1761.24963844	6400	6.85968882335	0.0	383025	403.602944592	6.4
1761.65048183	6400	6.95884543004	0.0	383025	400.843393305	6.4
1762.05992675	6400	7.04940051054	0.0	383025	409.444919502	6.4
1762.5032033	6400	7.10612395913	0.0	383025	443.276551413	6.4
1762.94647985	6400	7.16284740772	0.0	383025	443.276551413	6.4
1763.3897564	6400	7.2195708563	0.0	383025	443.276551413	6.4
1763.81976337	6400	7.28956389091	0.0	383025	430.00696539	6.4
1764.23292807	6400	7.37639919078	0.0	383025	413.164700135	6.4
1764.64609277	6400	7.46323449064	0.0	383025	413.164700135	6.4
1765.03947056	6400	7.5698566994	0.0	383025	393.377791246	6.4
1765.43122897	6400	7.67809828412	0.0	383025	391.758415274	6.4
1765.82585971	6400	7.78346754746	0.0	383025	394.630736658	6.4
1766.22049045	6400	7.88883681081	0.0	383025	394.630736658	6.4
1766.64673318	6400	7.96259408394	0.0	383025	426.242726862	6.4
1767.07485749	6400	8.03446976538	0.0	383025	428.124318566	6.4
1767.50298181	6400	8.10634544681	0.0	383025	428.124318566	6.4
1767.91584719	6400	8.19348006683	0.0	383025	412.865379986	6.4
1768.3183493	6400	8.29097795805	0.0	383025	402.502108775	6.4
1768.73068918	6400	8.3786380825	0.0	383025	412.339875551	6.4
1769.15607288	6400	8.45325438136	0.0	383025	425.383701137	6.4
1769.58145658	6400	8.52787068023	0.0	383025	425.383701137	6.4
1769.96792981	6400	8.64139744957	0.0	383025	386.473230657	6.4
1770.34900064	6400	8.76032661942	0.0	383025	381.07083015	6.4
1770.72943966	6400	8.87988759436	0.0	383025	380.439025063	6.4
1771.1097237	6400	8.99960356128	0.0	383025	380.284033081	6.4
1771.50628354	6400	9.10304371851	0.0	383025	396.559842761	6.4
1771.90494664	6400	9.2043806219	0.0	383025	398.663096617	6.4
1772.30400893	6400	9.30531832635	0.0	383025	399.062295547	6.4
1772.70457549	6400	9.40475176867	0.0	383025	400.566557677	6.4
1773.10514205	6400	9.504185211	0.0	383025	400.566557677	6.4
1773.55246264	6400	9.55686462098	0.0	383025	447.320590016	6.4
1774.00190513	6400	9.6074221255	0.0	383025	449.442495479	6.4
1774.45134763	6400	9.65797963002	0.0	383025	449.442495479	6.4
1774.90079012	6400	9.70853713454	0.0	383025	449.442495479	6.4
1775.29655332	6400	9.81277393413	0.0	383025	395.763200411	6.4
1775.69089873	6400	9.91842852836	0.0	383025	394.345405773	6.4
1776.58763475	6400	9.52169251271	0.0	383025	396.736015645	6.4
1777.01538739	6400	9.59393986464	0.0	383025	427.752648079	6.4
1777.45154445	6400	9.65778280933	0.0	383025	436.15705531	6.4
1777.8877015	6400	9.72162575402	0.0	383025	436.15705531	6.4
1778.31323012	6400	9.79609714106	0.0	383025	425.528612954	6.4
1778.712188	6400	9.89713925988	0.0	383025	398.957881183	6.4
1779.12178104	6400	9.98754621504	0.0	383025	409.593044841	6.4
1780.05867305	6400	9.55065420489	0.0	383025	436.892010152	6.4
1780.49556506	6400	9.61376219473	0.0	383025	436.892010152	6.4
1780.91160884	6400	9.69771841444	0.0	383025	416.043780294	6.4
1781.30986573	6400	9.79946152843	0.0	383025	398.256886013	6.4
1781.71824252	6400	9.89108473963	0.0	383025	408.3767888	6.4
1782.15355802	6400	9.95576923643	0.0	383025	435.315503193	6.4
1782.63564887	6400	9.52045373324	0.0	383025	435.315503193	6.4
1783.06036269	6400	9.59573991597	0.0	383025	424.71381727	6.4
1783.48507651	6400	9.6710260987	0.0	383025	424.71381727	6.4
1783.91586784	6400	9.74023477092	0.0	383025	430.791327784	6.4
1784.36555697	6400	9.79054563733	0.0	383025	449.689133582	6.4
1784.8152461	6400	9.84085650375	0.0	383025	449.689133582	6.4
1785.26493524	6400	9.89116737017	0.0	383025	449.689133582	6.4
1785.71206232	6400	9.94404028877	0.0	383025	447.127081403	6.4
1786.64688024	6400	9.50922236595	0.0	383025	434.817922817	6.4
1787.08169816	6400	9.57440444313	0.0	383025	434.817922817	6.4
1787.53450174	6400	9.62160086884	0.0	383025	452.803574289	6.4

