1161.01603831	3066	0.5	0.239094594726	181435	239.094594726	-8.8887297363
1161.25891338	3120	0.757124937246	0.0	184429	242.875062754	2.85
1161.50708665	3146	1.00895166346	0.0	188625	248.173273791	3.016
1161.76007074	3200	1.25596757364	0.0	192435	252.984089818	2.93
1162.00599812	3200	1.51004019818	0.0	192435	245.927375457	3.2
1162.37187516	4800	1.64416315064	0.0	290256	365.877047539	-3.2
1162.76794736	5000	1.74809095488	0.0	303919	396.072195763	4.0
1163.28593045	6453	1.73010786218	0.0	395340	517.983092697	-0.812
1163.85415684	6773	1.66188147908	0.0	413791	568.226383107	5.173
1164.45551553	7200	1.56052278424	0.0	438675	601.358694832	5.065
1165.06452092	7413	1.4515173973	0.0	444483	609.005386941	6.348
1165.65766514	7200	1.35837317752	0.0	427485	593.144219778	6.135
1166.24294592	7200	1.27309239629	0.0	427485	585.280781238	7.2
1166.8021297	7200	1.21390861363	0.0	427485	559.183782651	7.2
1167.36867015	7200	1.14736816736	0.0	427485	566.540446272	7.2
1167.93358065	7200	1.08245766588	0.0	427485	564.910501485	7.2
1168.51422797	7520	1.00181033956	0.0	440393	580.647326317	5.92
1169.06937755	7200	0.946660765065	0.0	415815	555.149574497	5.6
1169.62439898	7200	0.891639332977	0.0	415815	555.021432087	7.2
1170.16158539	7200	0.854452925654	0.0	423595	537.186407324	7.2
1170.56622243	6720	0.949815880103	0.0	400413	404.63704555	4.32
1170.95303111	6400	1.06300720632	0.0	383463	386.808673782	4.8
1171.33089691	6400	1.1851414059	0.0	383463	377.865800426	6.4
1171.72857251	6826	1.28746580463	0.0	406429	397.675601263	4.696
1172.14166345	7200	1.37437486504	0.0	427485	413.090939592	5.33
1172.54011684	7200	1.47592147491	0.0	427485	398.453390135	7.2
1172.93387156	7200	1.58216675287	0.0	427485	393.754722033	7.2
1173.33949098	7200	1.67654733055	0.0	427485	405.61942232	7.2
1173.76270161	7200	1.75333670195	0.0	427485	423.210628601	7.2
1174.21734493	7626	1.79869338429	0.0	456993	454.643317662	5.496
1174.70820077	7733	1.80783754118	0.0	467045	490.855843114	7.198
1175.29112778	9000	1.72491053532	0.0	551265	582.927005856	2.665
1175.87599902	9000	1.640039291	0.0	551265	584.871244316	9.0
1176.45278141	9000	1.56325690524	0.0	551265	576.782385765	9.0
1177.00191543	9000	1.51412288322	0.0	551265	549.134022023	9.0
1177.55840944	9000	1.45762887237	0.0	551265	556.494010849	9.0
1178.13741652	9000	1.37862179283	0.0	551265	579.007079533	9.0
1178.67927544	8466	1.33676287558	0.0	527825	541.85891725	5.796
1179.1720213	8000	1.34401700952	0.0	498375	492.745866065	5.67
1179.60068572	7066	1.41535259026	0.0	434595	428.664419257	2.396
1180.03150665	7200	1.48453166185	0.0	442995	430.820928413	6.53
1180.48932093	7600	1.52671738484	0.0	469589	457.814277012	5.6
1181.02604156	8000	1.48999675171	0.0	496259	536.720633131	6.0
1181.57998959	8133	1.43604872518	0.0	508563	553.948026524	7.468
1182.06425508	8733	1.45178323873	0.0	536941	484.265486452	5.733
1182.49922866	8733	1.51680965277	0.0	525223	434.973585958	8.733
1182.98258331	9000	1.53345500919	0.0	536970	483.354643583	7.665
1183.50198852	9000	1.51404979522	0.0	527946	519.405213966	9.0
1184.01340573	8933	1.50263258518	0.0	519390	511.417210043	8.598
1184.53724936	8933	1.47878895219	0.0	530998	523.843632991	8.933
1185.06570213	9000	1.45033618375	0.0	536970	528.452768438	8.665
1185.56756924	8600	1.44846907266	0.0	513386	501.867111093	6.6
1185.97389878	7000	1.5421395385	0.0	418197	406.32953416	-1.0
1186.3531114	6880	1.66292691044	0.0	418435	379.212628058	6.28
1186.7502397	7200	1.76579861794	0.0	438855	397.1282925	5.6
1187.18053468	7626	1.83550363202	0.0	464559	430.294985924	5.496
1187.65391107	8000	1.86212724792	0.0	487050	473.376384096	6.13
1188.12651649	8000	1.88952182339	0.0	487050	472.605424527	8.0
1188.59359828	8000	1.92244003032	0.0	487050	467.081793073	8.0
1189.05961286	8000	1.95642545631	0.0	487050	466.01457401	8.0
1189.67513434	10000	1.84090397881	0.0	612540	615.521477494	0.0
1190.29133777	9866	1.72470054618	0.0	607628	616.20343263	9.196
1190.90877983	10000	1.60725848326	0.0	620415	617.442062927	9.33
1191.53356931	10000	1.48246900792	0.0	620415	624.789475337	10.0
1192.1679816	10000	1.34805671427	0.0	620415	634.412293648	10.0
1192.76320286	9280	1.25283545937	0.0	581337	595.221254905	5.68
1193.38411718	9600	1.13192113629	0.0	603330	620.914323081	8.0
1194.02265776	9813	0.993380550329	0.0	613526	638.540585958	8.748
1194.58921765	8800	0.926820659421	0.0	541560	566.559890908	3.735
1195.10955822	8160	0.906480093229	0.0	499088	520.340566191	4.96
1195.62752542	8000	0.888512891871	0.0	487050	517.967201358	7.2
1196.16282333	8000	0.85321497987	0.0	487050	535.297912002	8.0
1196.69931469	8000	0.816723620889	0.0	487050	536.49135898	8.0
1197.20919699	7680	0.806841328261	0.0	467772	509.882292628	6.08
1197.67239986	6933	0.843638452906	0.0	421780	463.202875354	3.198
1198.15159758	6826	0.864440734928	0.0	409638	479.197717978	6.291
1198.65144165	7200	0.864596666635	0.0	428730	499.844068293	5.33
1199.14624954	7200	0.869788776894	0.0	428730	494.807889741	7.2
1199.63971063	7200	0.876327685673	0.0	428730	493.461091221	7.2
1200.1345747	7200	0.881463614391	0.0	428730	494.864071282	7.2
1200.62953724	7200	0.886501072732	0.0	428730	494.962541658	7.2
1201.11921883	7200	0.896819482106	0.0	429824	489.681590626	7.2
1201.60403221	7200	0.912006105727	0.0	429084	484.813376379	7.2
1202.13538231	7946	0.880656006973	0.0	476950	531.350098755	4.216
1202.64139659	7626	0.874641720408	0.0	456045	506.014286564	6.026
1203.10747045	7200	0.908567861645	0.0	427635	466.073858763	5.07
1203.59815921	7800	0.917879101733	0.0	462222	490.688759912	4.8
1204.0777208	7800	0.93831751072	0.0	456146	479.561591013	7.8
1204.52665204	7666	0.98938627203	0.0	447075	448.93123869	6.996
1204.95665935	7133	1.05937896325	0.0	421103	430.007308785	4.468
1205.47149119	8000	1.04454712932	0.0	476265	514.831833926	3.665
1205.9745315	7733	1.04150681231	0.0	454837	503.040317006	6.398
1206.48870732	8000	1.02733099766	0.0	462300	514.17581465	6.665
1207.00983481	8000	1.00620350491	0.0	462300	521.127492752	8.0
1207.5543189	8000	0.961719416233	0.0	468906	544.48408868	8.0
1208.06943382	8000	0.946604489978	0.0	467438	515.114926254	8.0
1208.56691035	7933	0.949127960761	0.0	465132	497.476529217	7.598
1209.05123907	7533	0.964799248792	0.0	455338	484.328711969	5.533
1209.53212579	7093	0.983912528288	0.0	432025	480.886720504	4.893
1210.03666393	7200	0.97937438039	0.0	438283	504.538147898	6.665
1210.65842399	8000	0.857614327931	0.0	487050	621.760052459	4.0
1211.29504565	8000	0.720992665414	0.0	487050	636.621662517	8.0
1211.93367964	8000	0.582358677099	0.0	487050	638.633988315	8.0
1212.36125472	5440	0.654783592885	0.0	329012	427.575084214	-7.36
1212.74767945	5400	0.76835886301	0.0	326865	386.424729875	5.2
1213.11303596	5400	0.903002358697	0.0	326865	365.356504313	5.4
1213.47721703	5400	1.03882128378	0.0	326865	364.181074919	5.4
1213.81735812	5400	1.19868018969	0.0	326865	340.141094089	5.4
1214.23534207	6826	1.28069624112	0.0	414950	417.983948569	-0.304
1214.74599195	8000	1.27004636431	0.0	487275	510.649876813	2.13
1215.27690142	8000	1.23913689226	0.0	487275	530.90947205	8.0
1215.80749344	8000	1.20854487539	0.0	487275	530.592016864	8.0
1216.27485026	7133	1.2411880501	0.0	432597	467.356825298	2.798
1216.79078701	7933	1.22525130219	0.0	483757	515.936747909	3.933
1217.30597574	8000	1.21006257581	0.0	488565	515.18872638	7.665
1217.82569974	8000	1.19033857086	0.0	488565	519.724004947	8.0
1218.35449995	8000	1.16153836935	0.0	488565	528.800201515	8.0
1218.8037094	6933	1.21232891629	0.0	419059	449.209453052	1.598
1219.21923818	6866	1.29680013926	0.0	410775	415.528777037	6.531
1219.6237691	6866	1.39226921099	0.0	413769	404.530928269	6.866

