1041.89764338	3066	0.5	0.184646570082	181435	184.646570082	-6.16632850412
1042.08517193	3120	0.812471451078	0.0	184429	187.528548922	2.85
1042.27673948	3146	1.12090389641	0.0	188625	191.567554671	3.016
1042.56714043	4800	1.33050294915	0.0	291300	290.400947254	-3.47
1042.85754138	4800	1.5401020019	0.0	291300	290.400947254	4.8
1043.25300248	6400	1.64464089204	0.0	389889	395.461109855	-1.6
1043.6678013	6666	1.72984207907	0.0	408326	414.798812972	5.336
1044.07795883	6453	1.81968454403	0.0	395340	410.15753504	5.388
1044.50713977	6773	1.8905036062	0.0	413791	429.180937828	5.173
1045.07974034	9000	1.81790303694	0.0	551265	572.600569269	-2.135
1045.67621792	9266	1.72142545319	0.0	558332	596.477583744	7.936
1046.25025665	9000	1.64738673045	0.0	536970	574.038722737	7.67
1046.81556965	9000	1.58207372846	0.0	536970	565.313001994	9.0
1047.37979058	9000	1.51785279683	0.0	536970	564.220931625	9.0
1047.94401151	9000	1.45363186521	0.0	536970	564.220931625	9.0
1048.49846267	9000	1.39918070879	0.0	536970	554.451156419	9.0
1049.06690382	9400	1.33073955595	0.0	553424	568.441152838	7.4
1049.61006099	9000	1.28758238329	0.0	522960	543.157172661	7.0
1050.15551058	9000	1.24213280075	0.0	522960	545.449582546	9.0
1050.71595441	9000	1.18168897157	0.0	532300	560.443829178	9.0
1051.24610366	8400	1.15153971767	0.0	503004	530.149253902	5.4
1051.76580872	8000	1.13183465537	0.0	481782	519.705062296	6.0
1052.28903954	8000	1.10860383486	0.0	481782	523.230820514	8.0
1052.84291835	8533	1.05472502271	0.0	510552	553.878812149	5.868
1053.42496217	9000	0.972681202332	0.0	536970	582.043820376	6.665
1054.00701635	9000	0.89062702326	0.0	536970	582.054179072	9.0
1054.58907053	9000	0.808572844188	0.0	536970	582.054179072	9.0
1055.18435095	9000	0.71329242436	0.0	536970	595.280419827	9.0
1055.78159426	9000	0.616049119691	0.0	536970	597.24330467	9.0
1056.29137279	7626	0.606270585451	0.0	456993	509.77853424	0.756
1056.80296154	7733	0.594681834531	0.0	467045	511.58875092	7.198
1057.28331674	7200	0.614326635218	0.0	438675	480.355199313	4.535
1057.76367194	7200	0.633971435904	0.0	438675	480.355199313	7.2
1058.25030612	7200	0.64733725892	0.0	438675	486.634176985	7.2
1058.75506304	7200	0.642580340807	0.0	438675	504.756918112	7.2
1059.25981995	7200	0.637823422695	0.0	438675	504.756918112	7.2
1059.76457687	7200	0.633066504582	0.0	438675	504.756918112	7.2
1060.24845966	6773	0.649183721172	0.0	420167	483.88278341	4.638
1060.70586743	6400	0.691775945217	0.0	396693	457.407775954	4.535
1061.20725525	7066	0.690388127253	0.0	434595	501.387817964	3.736
1061.71837539	7200	0.679267989211	0.0	442995	511.120138042	6.53
1062.25957891	7600	0.638064466591	0.0	469589	541.20352262	5.6
1062.83095179	8000	0.566691587474	0.0	496259	571.372879117	6.0
1063.41624307	8133	0.5	0.0185996929305	508563	585.291280405	6.53801535347
1063.91524261	6986	0.5010004611	0.0	427291	498.9995389	1.251
1064.41771993	6986	0.5	0.0014768610579	418081	502.477322158	6.9121569471
1064.93127467	7200	0.5	0.0135547371506	427485	513.554737151	5.45226314247
1065.43600187	7200	0.5	0.00472720121316	419991	504.727201213	6.96363993934
1065.93251642	7146	0.503485446312	0.0	413019	496.514553688	6.876
1066.44040995	7146	0.5	0.00440807683841	422679	507.893523151	6.92559615808
1066.95396468	7200	0.5	0.0135547371506	427485	513.554737151	6.25226314247
1067.44536695	6880	0.508597736941	0.0	408679	491.402263059	5.28
1067.94798091	7000	0.505983772913	0.0	418197	502.613964027	6.4
1068.45087523	6880	0.503089457465	0.0	418435	502.894315449	6.28
1068.97782322	7200	0.5	0.0238585387743	438855	526.947996239	4.40707306128
1069.36470243	5720	0.6131207934	0.0	345913	386.8792066	-1.68
1069.76471939	6000	0.71310383548	0.0	362580	400.01695792	4.6
1070.16473634	6000	0.81308687756	0.0	362580	400.01695792	6.0
1070.5647533	6000	0.91306991964	0.0	362580	400.01695792	6.0
1070.96472215	6000	1.0131010744	0.0	362580	399.968845244	6.0
1071.36447766	6000	1.11334556136	0.0	362580	399.75551304	6.0
1071.76109002	5920	1.21673320326	0.0	359656	396.612358095	5.52
1072.1658118	6000	1.31201141941	0.0	367200	404.72178385	5.6
1072.56802088	6000	1.40980233923	0.0	367200	402.209080181	6.0
1072.96496593	6000	1.51285729291	0.0	367200	396.945046316	6.0
1073.43110585	6960	1.54671736773	0.0	432864	466.139925187	2.16
1073.914252	7200	1.56357122147	0.0	449280	483.14614626	6.0
1074.40112902	7360	1.57669420128	0.0	456778	486.877020192	6.56
1074.97775657	8800	1.50006664836	0.0	541560	576.627552913	1.6
1075.65418733	10200	1.32363588985	0.0	627772	676.430758513	3.2
1076.31444809	10000	1.16337513145	0.0	612540	660.260758396	9.0
1076.96873233	10000	1.00909089018	0.0	612540	654.284241271	10.0
1077.62337975	10000	0.854443470687	0.0	612540	654.647419495	10.0
1078.26556893	9600	0.712254291686	0.0	588186	642.189179001	7.6
1078.84542871	8666	0.632394516444	0.0	530195	579.859775242	3.996
1079.42111216	8533	0.55671105845	0.0	515343	575.683457994	7.868
1079.90204317	7200	0.575780050331	0.0	428730	480.931008119	0.535
1080.38297418	7200	0.594849042212	0.0	428730	480.931008119	7.2
1080.86390519	7200	0.613918034093	0.0	428730	480.931008119	7.2
1081.35581325	7200	0.622009972967	0.0	428730	491.908061127	7.2
1081.84899877	7200	0.628824453243	0.0	428730	493.185519724	7.2
1082.34341724	7200	0.634405978143	0.0	429824	494.4184751	7.2
1082.83700173	7200	0.640821494797	0.0	429084	493.584483346	7.2
1083.38453195	7946	0.593291269172	0.0	476950	547.530225625	4.216
1083.90835277	7626	0.569470451446	0.0	456045	523.820817726	6.026
1084.38724712	7200	0.590576103313	0.0	427635	478.894348133	5.07
1084.90406551	7800	0.573757710566	0.0	462222	516.818392748	4.8
1085.41422168	7800	0.563601546259	0.0	456146	510.156164307	7.8
1085.91338258	7666	0.564440638867	0.0	447075	499.160907392	6.996
1086.37569724	7133	0.602125984161	0.0	421103	462.314654705	4.468
1086.89726243	8000	0.580560787467	0.0	476265	521.565196694	3.665
1087.39581141	7733	0.582011808709	0.0	454837	498.548978759	6.398
1087.90730312	8000	0.570520097096	0.0	462300	511.491711612	6.665
1088.42015099	8000	0.557672232111	0.0	462300	512.847864986	8.0
1088.93173331	8000	0.546089912977	0.0	468906	511.582319134	8.0
1089.43408833	8000	0.543734888327	0.0	467438	502.35502465	8.0
1089.93401444	7933	0.543808786201	0.0	465132	499.926102126	7.598
1090.42057209	7533	0.55725112899	0.0	455338	486.557657211	5.533
1090.87499316	7093	0.602830058348	0.0	432025	454.421070642	4.893
1091.33585179	7200	0.641971427241	0.0	438283	460.858631107	6.665
1091.84446009	8000	0.633363130996	0.0	487050	508.608296245	4.0
1092.3495463	8000	0.62827691942	0.0	487050	505.086211575	8.0
1092.86186853	8000	0.615954695744	0.0	487050	512.322223677	8.0
1093.34104359	7253	0.63677963035	0.0	441782	479.175065394	3.518
1093.81711017	7200	0.660713056059	0.0	438855	476.066574291	6.935
1094.2889265	7200	0.688896717748	0.0	438855	471.816338311	7.2
1094.75816665	7200	0.719656573631	0.0	438855	469.240144117	7.2
1095.22740679	7200	0.750416429514	0.0	438855	469.240144117	7.2
1095.78583057	8533	0.691992654201	0.0	521611	558.423775313	1.868
1096.30929793	8000	0.668525289522	0.0	487275	523.46736468	5.335
1096.83298644	8000	0.644836785436	0.0	487275	523.688504086	8.0
1097.36026817	8000	0.617555053971	0.0	487275	527.281731465	8.0
1097.82950479	7133	0.648318431557	0.0	432597	469.236622414	2.798
1098.35305188	7933	0.624771340965	0.0	483757	523.547090592	3.933
1098.87858982	8000	0.599233402279	0.0	488565	525.537938686	7.665
1099.40183541	8000	0.57598781509	0.0	488565	523.245587189	8.0
1099.92508099	8000	0.552742227902	0.0	488565	523.245587189	8.0
1100.36626908	6933	0.611554140401	0.0	419059	441.188087501	1.598
1100.79877114	6866	0.679052080122	0.0	410775	432.502060279	6.531
1101.23104216	6866	0.746781062702	0.0	413769	432.27101742	6.866

