6150.34735567	3066	0.5	0.202717425938	181435	202.717425938	-7.06987129691
6150.55325327	3120	0.794102393979	0.0	184429	205.897606021	2.85
6150.7636078	3146	1.08374786223	0.0	188625	210.354531747	3.016
6150.97800926	3200	1.36934640793	0.0	192435	214.401454297	2.93
6151.29742357	4800	1.5499320933	0.0	291300	319.414314635	-3.2
6151.72155758	6400	1.62579808122	0.0	389889	424.134012079	-1.6
6152.16527509	6666	1.68208057543	0.0	408326	443.717505794	5.336
6152.59636955	6453	1.75098611214	0.0	395340	431.094463286	5.388
6153.04786631	6773	1.79948935765	0.0	413791	451.496754494	5.173
6153.52591319	7200	1.8214424722	0.0	438675	478.046885451	5.065
6154.01015696	7413	1.8371987068	0.0	444483	484.243765398	6.348
6154.59308028	9000	1.75427538981	0.0	536970	582.92331699	1.065
6155.17600359	9000	1.67135207282	0.0	536970	582.92331699	9.0
6155.75841147	9000	1.5889441912	0.0	536970	582.407881615	9.0
6156.34025817	9000	1.50709749541	0.0	536970	581.846695794	9.0
6156.92210487	9000	1.42525079961	0.0	536970	581.846695794	9.0
6157.52381098	9400	1.32354468472	0.0	553424	601.706114894	7.4
6158.09809696	9000	1.24925870557	0.0	522960	574.285979148	7.0
6158.67238294	9000	1.17497272642	0.0	522960	574.285979148	9.0
6159.256747	9000	1.09060867047	0.0	532300	584.364055951	9.0
6159.80938763	8400	1.03796803871	0.0	503004	552.640631767	5.4
6160.33817689	8000	1.00917877139	0.0	481782	528.789267314	6.0
6160.86696616	8000	0.980389504077	0.0	481782	528.789267314	8.0
6161.42673535	8533	0.920620318001	0.0	510552	559.769186076	5.868
6162.01495179	9000	0.832403878056	0.0	536970	588.216439945	6.665
6162.60316823	9000	0.74418743811	0.0	536970	588.216439945	9.0
6163.195371	9000	0.65198466116	0.0	536970	592.20277695	9.0
6163.78886503	9000	0.558490639093	0.0	536970	593.494022067	9.0
6164.38235905	9000	0.5	0.0350033829731	536970	593.494022067	7.24983085134
6164.88894672	7626	0.5	0.00658767459309	456993	506.587674593	0.426616270345
6165.40645732	7733	0.5	0.0175105974935	467045	517.510597493	6.32247012533
6165.89313989	7200	0.513317429037	0.0	438675	486.682570963	4.535
6166.37800622	7200	0.528451098365	0.0	438675	484.866330672	7.2
6166.86046932	7200	0.545988005296	0.0	438675	482.463093069	7.2
6167.34293241	7200	0.563524912227	0.0	438675	482.463093069	7.2
6167.8253955	7200	0.581061819159	0.0	438675	482.463093069	7.2
6168.30785859	7200	0.59859872609	0.0	438675	482.463093069	7.2
6168.77038815	6773	0.636069175909	0.0	420167	462.529550181	4.638
6169.20942333	6400	0.697033988473	0.0	396693	439.035187436	4.535
6169.69757387	7066	0.708883451464	0.0	434595	488.15053701	3.736
6170.19496626	7200	0.711491058218	0.0	442995	497.392393246	6.53
6170.72161793	7600	0.684839388217	0.0	469589	526.65167	5.6
6171.2776125	8000	0.628844824668	0.0	496259	555.99456355	6.0
6171.84714418	8133	0.559313142174	0.0	508563	569.531682493	7.468
6172.3272587	6986	0.579198619206	0.0	427291	480.114522968	1.251
6172.78685894	6986	0.61959837958	0.0	418081	459.600239626	6.986
6173.24859378	7200	0.657863545126	0.0	427485	461.734834454	6.13
6173.7024095	7200	0.704047820932	0.0	419991	453.815724194	7.2
6174.14885773	7146	0.757599595635	0.0	413019	446.448225297	6.876
6174.60551393	7146	0.800943389938	0.0	422679	456.656205696	7.146
6175.065927	7200	0.84053031664	0.0	427485	460.413073298	6.93
6175.50348456	6880	0.90297275774	0.0	408679	437.557558901	5.28
6175.9509998	7000	0.955457523388	0.0	418197	447.515234352	6.4
6176.39876403	6880	1.00769329484	0.0	418435	447.764228548	6.28
6176.86789154	7200	1.03856578275	0.0	438855	469.127512085	5.6
6177.35874011	7626	1.04771721295	0.0	464559	490.8485698	5.496
6177.87242495	8000	1.03403236809	0.0	487050	513.684844866	6.13
6178.3861098	8000	1.02034752322	0.0	487050	513.684844866	8.0
6178.89925374	8000	1.00720358151	0.0	487050	513.143941717	8.0
6179.41034773	8000	0.996109587634	0.0	487050	511.093993873	8.0
6179.92144173	8000	0.985015593761	0.0	487050	511.093993873	8.0
6180.42842299	7893	0.978034329271	0.0	483158	506.98126449	7.358
6180.94565619	8000	0.960801126801	0.0	493365	517.23320247	7.465
6181.4628894	8000	0.943567924331	0.0	493365	517.23320247	8.0
6181.9801226	8000	0.926334721862	0.0	493365	517.23320247	8.0
6182.57676298	9280	0.829694337092	0.0	581337	596.64038477	2.88
6183.19444728	9600	0.712010044851	0.0	603330	617.684292241	8.0
6183.82639719	9813	0.580060135708	0.0	613526	631.949909142	8.748
6184.38673368	8800	0.519723645664	0.0	541560	560.336490044	3.735
6184.90390987	8160	0.502547454395	0.0	499088	517.176191268	4.96
6185.40999714	8000	0.5	0.0035398178839	487050	506.087272279	7.0230091058
6185.9160861	8000	0.5	0.00608895842103	487050	506.088958421	7.69555207895
6186.41959943	8000	0.5	0.0035133361065	487050	503.513336106	7.82433319468
6186.90241698	7680	0.517182457661	0.0	467772	482.817542339	6.08
6187.33874643	6933	0.580853000131	0.0	421780	436.32945753	3.198
6187.76341355	6826	0.656185882344	0.0	409638	424.667117787	6.291
6188.212262	7200	0.707337434976	0.0	428730	448.848447368	5.33
6188.66111045	7200	0.758488987608	0.0	428730	448.848447368	7.2
6189.10804473	7200	0.811554706679	0.0	428730	446.93428093	7.2
6189.55414187	7200	0.865457561267	0.0	428730	446.097145411	7.2
6190.00023902	7200	0.919360415856	0.0	428730	446.097145411	7.2
6190.45202081	7200	0.967578623668	0.0	429824	451.781792188	7.2
6190.90447369	7200	1.0151257452	0.0	429084	452.45287847	7.2
6191.40628392	7946	1.013315516	0.0	476950	501.810229201	4.216
6191.88687641	7626	1.03272302599	0.0	456045	480.59249001	6.026
6192.34465292	7200	1.07494650933	0.0	427635	457.776516655	5.07
6192.83864548	7800	1.08095395241	0.0	462222	493.992556927	4.8
6193.32627586	7800	1.09332357377	0.0	456146	487.630378632	7.8
6193.804408	7666	1.11519143729	0.0	447075	478.13213648	6.996
6194.2539869	7133	1.16561253394	0.0	421103	449.57890335	4.468
6194.75750274	8000	1.1620966919	0.0	476265	503.515842039	3.665
6195.23881444	7733	1.18078499559	0.0	454837	481.311696316	6.398
6195.72785945	8000	1.19173998121	0.0	462300	489.045014382	6.665
6196.21252775	8000	1.20707168569	0.0	462300	484.668295511	8.0
6196.70088399	8000	1.21871543913	0.0	468906	488.356246566	8.0
6197.18774266	8000	1.23185677837	0.0	467438	486.85866076	8.0
6197.6774103	7933	1.24218913707	0.0	465132	489.667641294	7.598
6198.16622952	7533	1.2533699091	0.0	455338	488.819227977	5.533
6198.74730604	8866	1.1722933968	0.0	543071	581.076512298	2.201
6199.34146916	9000	1.07813027342	0.0	551023	594.163123378	8.33
6200.00153963	10000	0.918059801911	0.0	612540	660.070471512	5.0
6200.6616101	10000	0.757989330399	0.0	612540	660.070471512	10.0
6201.32168057	10000	0.597918858887	0.0	612540	660.070471512	10.0
6201.93715243	9066	0.5	0.0175529967144	555398	615.471855602	3.51835016428
6202.42794769	7200	0.509204736774	0.0	438855	490.795263226	-2.13
6202.91874296	7200	0.518409473549	0.0	438855	490.795263226	7.2
6203.40953822	7200	0.527614210323	0.0	438855	490.795263226	7.2
6203.90033348	7200	0.536818947097	0.0	438855	490.795263226	7.2
6204.36493921	6826	0.572213224306	0.0	414950	464.605722791	4.956
6204.79961403	6400	0.637538404868	0.0	387630	434.674819437	4.27
6205.23428884	6400	0.702863585431	0.0	387630	434.674819437	6.4
6205.66350622	6400	0.773646213824	0.0	387630	429.217371607	6.4
6206.13640735	7133	0.800745077052	0.0	432597	472.901136772	3.468
6206.66405233	7933	0.773100097496	0.0	483757	527.644979557	3.933
6207.19684212	8000	0.740310309571	0.0	488565	532.789787925	7.665
6207.72963191	8000	0.707520521646	0.0	488565	532.789787925	8.0
6208.26691236	8000	0.670240072528	0.0	488565	537.280449118	8.0
6208.72929276	6933	0.707859669508	0.0	419059	462.380403021	1.598
6209.18273046	6866	0.754421967297	0.0	410775	453.437702211	6.531
6209.63940023	6866	0.7977521977	0.0	413769	456.669769597	6.866

