2791.57630915	3066	0.5	0.214257822575	181435	214.257822575	-7.64689112877
2791.79393759	3120	0.782371560285	0.0	184429	217.628439715	2.85
2792.01628985	3146	1.06001930309	0.0	188625	222.35225719	3.016
2792.24293137	3200	1.33337778361	0.0	192435	226.641519483	2.93
2792.58087418	4800	1.4954349737	0.0	291300	337.942809911	-3.2
2792.91648322	4800	1.65982593625	0.0	290256	335.609037452	4.8
2793.26258938	5000	1.81371976989	0.0	303919	346.10616636	4.0
2793.70982531	6453	1.86648384237	0.0	395340	447.235927522	-0.812
2794.17901279	6773	1.89729636454	0.0	413791	469.187477826	5.173
2794.67581426	7200	1.90049489511	0.0	438675	496.801469427	5.065
2795.16326341	7413	1.91304574546	0.0	444483	487.449149652	6.348
2795.73133882	9000	1.84497033678	0.0	536970	568.075408679	1.065
2796.26862215	9000	1.80768699974	0.0	536970	537.283337046	9.0
2796.8031197	9000	1.77318944849	0.0	536970	534.497551247	9.0
2797.33815456	9000	1.73815459414	0.0	536970	535.034854345	9.0
2797.87777941	9000	1.69852974133	0.0	536970	539.62485281	9.0
2798.43442048	9400	1.64188867221	0.0	553424	556.641069126	7.4
2798.95747703	9000	1.61883211921	0.0	522960	523.056553003	7.0
2799.47519443	9000	1.60111472479	0.0	522960	517.717394416	9.0
2799.990736	9000	1.5855731529	0.0	532300	515.541571894	9.0
2800.47527339	8400	1.60103575983	0.0	503004	484.537393069	5.4
2800.94183081	8000	1.6344783397	0.0	481782	466.557420125	6.0
2801.41112973	8000	1.6651794206	0.0	481782	469.2989191	8.0
2801.91590216	8533	1.6604069898	0.0	510552	504.7724308	5.868
2802.44746623	9000	1.62884292052	0.0	536970	531.564069287	6.665
2802.98137759	9000	1.59493156783	0.0	536970	533.911352685	9.0
2803.52326348	9000	1.55304567742	0.0	536970	541.885890406	9.0
2804.08081835	9000	1.49549080573	0.0	536970	557.55487169	9.0
2804.65638505	9000	1.41992409969	0.0	536970	575.566706047	9.0
2805.2385801	9533	1.33772905035	0.0	573990	582.195049335	6.868
2805.81378222	9666	1.26252693466	0.0	586715	575.202115693	9.001
2806.3480991	9000	1.22821005551	0.0	551265	534.316879151	5.67
2806.88290337	9000	1.19340578002	0.0	551265	534.804275494	9.0
2807.42656382	9000	1.14974533366	0.0	551265	543.660446351	9.0
2807.96905021	9000	1.10725894049	0.0	551265	542.486393172	9.0
2808.5092712	9000	1.06703795642	0.0	551265	540.220984077	9.0
2809.05226611	9000	1.02404304113	0.0	551265	542.994915289	9.0
2809.58572161	8466	0.990587541649	0.0	527825	533.455499478	5.796
2810.0901842	8000	0.98612495089	0.0	498375	504.462590758	5.67
2810.53344186	7066	1.04286729091	0.0	434595	443.257659985	2.396
2810.98891436	7200	1.08739478874	0.0	442995	455.472502164	6.53
2811.47880823	7600	1.09750092353	0.0	469589	489.893865213	5.6
2812.01820364	8000	1.05810551481	0.0	496259	539.395408723	6.0
2812.58549929	8133	0.990809863135	0.0	508563	567.295651671	7.468
2813.20877065	8733	0.86753850243	0.0	536941	623.271360705	5.733
2813.81473109	8733	0.761578058334	0.0	525223	605.960444096	8.733
2814.30693023	7200	0.769378920193	0.0	427485	492.199138141	-0.465
2814.78260634	7200	0.793702816568	0.0	419991	475.676103625	7.2
2815.23619229	7146	0.840116860831	0.0	413019	453.585955737	6.876
2815.69204319	7146	0.884265958347	0.0	422679	455.850902483	7.146
2816.1432732	7200	0.933035956601	0.0	427485	451.230001747	6.93
2816.57523376	6880	1.00107539799	0.0	408679	431.960558611	5.28
2817.01719291	7000	1.05911624332	0.0	418197	441.959154671	6.4
2817.45159002	6880	1.1247191294	0.0	418435	434.397113919	6.28
2817.90486635	7200	1.17144280354	0.0	438855	453.276325857	5.6
2818.38939412	7626	1.18691503482	0.0	464559	484.527768727	5.496
2818.90374185	8000	1.17256729838	0.0	487050	514.347736432	6.13
2819.42031401	8000	1.15599514629	0.0	487050	516.572152097	8.0
2819.92626028	8000	1.15004887572	0.0	487050	505.946270566	8.0
2820.43575318	8000	1.14055597219	0.0	487050	509.492903529	8.0
2820.94837225	8000	1.12793690372	0.0	487050	512.619068472	8.0
2821.45941113	7893	1.11689802793	0.0	483158	511.038875787	7.358
2821.98142147	8000	1.0948876842	0.0	493365	522.010343734	7.465
2822.50247232	8000	1.07383682872	0.0	493365	521.050855477	8.0
2823.00444524	8000	1.07186391472	0.0	493365	501.972914001	8.0
2823.61674822	9280	0.95956093782	0.0	581337	612.3029769	2.88
2824.26787228	9600	0.808436877904	0.0	603330	651.124059916	8.0
2824.93641345	9813	0.639895706839	0.0	613526	668.541171065	8.748
2825.51930176	8800	0.557007391762	0.0	541560	582.888315077	3.735
2826.03381006	8160	0.542499089348	0.0	499088	514.508302414	4.96
2826.52695734	8000	0.549351815587	0.0	487050	493.147273761	7.2
2827.02798117	8000	0.548327978464	0.0	487050	501.023837122	8.0
2827.53163507	8000	0.544674081721	0.0	487050	503.653896744	8.0
2828.01411276	7680	0.562196396288	0.0	467772	482.477685432	6.08
2828.4488535	6933	0.627455650657	0.0	421780	434.740745632	3.198
2828.87699009	6826	0.699319063537	0.0	409638	428.13658712	6.291
2829.3288193	7200	0.747489855822	0.0	428730	451.829207716	5.33
2829.79020022	7200	0.786108933756	0.0	428730	461.380922066	7.2
2830.26205551	7200	0.814253646968	0.0	428730	471.855286787	7.2
2830.74317481	7200	0.833134342345	0.0	428730	481.119304623	7.2
2831.22378	7200	0.8525291567	0.0	428730	480.605185646	7.2
2831.7051755	7200	0.871133658029	0.0	429824	481.395498671	7.2
2832.15768868	7200	0.918620471993	0.0	429084	452.513186036	7.2
2832.64816075	7946	0.928148399068	0.0	476950	490.472072925	4.216
2833.15959822	7626	0.916710937975	0.0	456045	511.437461092	6.026
2833.64018462	7200	0.936124536853	0.0	427635	480.586401123	5.07
2834.16362096	7800	0.91268819004	0.0	462222	523.436346813	4.8
2834.6792446	7800	0.897064555734	0.0	456146	515.623634305	7.8
2835.19949103	7666	0.876818118923	0.0	447075	520.246436811	6.996
2835.69393372	7133	0.882375430088	0.0	421103	494.442688835	4.468
2836.25183554	8000	0.824473616997	0.0	476265	557.901813091	3.665
2836.76991114	7733	0.806398008549	0.0	454837	518.075608449	6.398
2837.29353061	8000	0.782778544217	0.0	462300	523.619464332	6.665
2837.81275854	8000	0.763550609812	0.0	462300	519.227934405	8.0
2838.33900117	8000	0.73730798553	0.0	468906	526.242624282	8.0
2838.83975016	8000	0.736558996789	0.0	467438	500.748988741	8.0
2839.36266258	7933	0.713646574893	0.0	465132	522.912421896	7.598
2839.88100574	7533	0.695303409866	0.0	455338	518.343165027	5.533
2840.37322745	7093	0.703081701261	0.0	432025	492.221708605	4.893
2840.87243427	7200	0.703874879636	0.0	438283	499.206821625	6.665
2841.4260743	8000	0.650234851452	0.0	487050	553.640028184	4.0
2841.97704113	8000	0.599268026338	0.0	487050	550.966825113	8.0
2842.52083942	8000	0.555469736904	0.0	487050	543.798289435	8.0
2843.01585668	7253	0.560452470858	0.0	441782	495.017266046	3.518
2843.52425117	7200	0.552057981365	0.0	438855	508.394489493	6.935
2844.03170824	7200	0.544600912567	0.0	438855	507.457068798	7.2
2844.5371935	7200	0.539115650601	0.0	438855	505.485261966	7.2
2845.04267876	7200	0.533630388635	0.0	438855	505.485261966	7.2
2845.5351273	6826	0.541181853986	0.0	414950	492.448534649	4.956
2845.9984705	6400	0.577838649809	0.0	387630	463.343204177	4.27
2846.468519	6400	0.607790154699	0.0	387630	470.04849511	6.4
2846.95724414	6400	0.619065012543	0.0	387630	488.725142156	6.4
2847.50150377	7133	0.574805382687	0.0	432597	544.259629857	3.468
2847.98678942	6346	0.589519730562	0.0	384845	485.285652125	2.411
2848.47681132	6400	0.599497832739	0.0	388680	490.021897823	6.13
2848.9763236	6400	0.59998555077	0.0	388680	499.512281969	6.4
2849.48973367	6400	0.58657548137	0.0	388680	513.4100694	6.4
2850.04248998	6933	0.533819177282	0.0	419059	552.756304088	4.268
2850.58451702	6866	0.5	0.00820786619355	410775	542.027043475	6.12060669032
2851.13042183	6866	0.5	0.0459048085977	413769	545.904808598	4.57075957012

