2820.9906778	3066	0.5	0.309109936276	181435	309.109936276	1.8295602549
2821.66611108	7800	0.5	0.175433281132	471531	675.433281132	2.36426687547
2822.3553224	7866	0.5	0.189211320181	482442	689.211320181	7.04315471928
2823.05675477	8000	0.5	0.201432368839	492120	701.432368839	7.06027052465
2823.75818714	8000	0.5	0.201432368839	492120	701.432368839	7.19427052465
2824.27297579	8000	0.5	0.0147886537198	490176	514.78865372	7.94084538512
2824.63453061	8333	0.638445182585	0.0	513389	361.554817415	8.0
2824.98712747	8066	0.785848321782	0.0	497055	352.596860802	7.799
2825.3553868	8466	0.917588988292	0.0	520019	368.25933349	8.066
2825.82400616	9000	0.948969636962	0.0	551265	468.619351331	8.466
2826.29760745	9266	0.975368338735	0.0	558332	473.601298227	9.0
2826.75614941	9000	1.01682637963	0.0	536970	458.541959101	8.734
2827.21469137	9000	1.05828442053	0.0	536970	458.541959101	9.0
2827.9008225	9000	0.872153295743	0.0	536970	686.131124789	9.0
2828.59116444	9000	0.681811354748	0.0	536970	690.341940994	9.0
2829.28150638	9000	0.5	0.00853058624639	536970	690.341940994	8.96587765501
2829.94351025	9400	0.5	0.162003869651	553424	662.003869651	8.35198452139
2830.50092518	9000	0.5	0.0574149272199	522960	557.41492722	8.37034029112
2831.0583401	9000	0.5	0.0574149272199	522960	557.41492722	8.77034029112
2831.6242816	9000	0.5	0.0659414979332	532300	565.941497933	8.73623400827
2832.15404608	8400	0.5	0.0297644760374	503004	529.764476037	7.68094209585
2832.48452551	8000	0.669520567595	0.0	481782	330.479432405	7.6
2832.81500494	8000	0.83904113519	0.0	481782	330.479432405	8.0
2833.17656557	8533	0.977480509895	0.0	510552	361.560625294	8.0
2833.65152869	9000	1.00251739103	0.0	536970	474.963118865	8.533
2834.12649181	9000	1.02755427217	0.0	536970	474.963118865	9.0
2834.60061012	9000	1.0534359539	0.0	536970	474.118318268	9.0
2835.07300435	9000	1.08104172351	0.0	536970	472.394230383	9.0
2835.54539858	9000	1.10864749313	0.0	536970	472.394230383	9.0
2836.04484541	9533	1.10920066315	0.0	573990	499.446829986	9.0
2836.84556603	9666	0.808480045625	0.0	586715	800.72061752	9.533
2837.64456773	9000	0.509478347802	0.0	551265	799.001697823	8.334
2838.44356943	9000	0.5	0.289523350021	551265	799.001697823	7.84190659992
2839.28621318	9000	0.5	0.342643750931	551265	842.643750931	7.62942499628
2840.18296694	9000	0.5	0.396753763042	551265	896.753763042	7.41298494783
2841.0797207	9000	0.5	0.396753763042	551265	896.753763042	7.41298494783
2841.97647447	9000	0.5	0.396753763042	551265	896.753763042	7.41298494783
2842.62552221	8466	0.5	0.149047745962	527825	649.047745962	7.33580901615
2843.23886232	8000	0.5	0.113340101724	498375	613.340101724	7.0806395931
2843.78394773	7066	0.5	0.0450854106023	434595	545.085410602	5.95165835759
2844.55753833	7200	0.5	0.273590608002	442995	773.590608002	5.97163756799
2845.42552503	7600	0.5	0.367986700654	469589	867.986700654	5.72805319738
2846.33826492	8000	0.5	0.412739889733	496259	912.739889733	5.94904044107
2847.27165135	8133	0.5	0.433386430357	508563	933.386430357	6.26645427857
2848.34019502	8733	0.5	0.56854366052	536941	1068.54366052	5.85882535792
2849.41824028	8733	0.5	0.578045264715	525223	1078.04526471	6.42081894114
2850.51860756	9000	0.5	0.6003672836	536970	1100.3672836	6.3315308656
2851.62010683	9000	0.5	0.601499266126	527946	1101.49926613	6.5940029355
2852.74521727	8933	0.5	0.625110445124	519390	1125.11044512	6.3655582195
2853.8936852	8933	0.5	0.648467926106	530998	1148.46792611	6.33912829558
2855.05416992	9000	0.5	0.66048471422	536970	1160.48471422	6.29106114312
2855.89453024	8600	0.5	0.340360322169	513386	840.360322169	6.83855871132
2856.44331692	7000	0.5	0.0487866838651	418197	548.786683865	5.20485326454
2857.1129353	8600	0.5	0.169618383344	525989	669.618383344	6.32152646662
2857.93524491	9000	0.5	0.322309605917	551655	822.309605917	7.31076157633
2858.96007839	9533	0.5	0.524833477361	584127	1024.83347736	6.90066609056
2860.03087028	10000	0.5	0.570791896664	612540	1070.79189666	7.24983241334
2861.14040136	10000	0.5	0.609531073759	612540	1109.53107376	7.56187570496
2862.33497	10000	0.5	0.694568645252	612540	1194.56864525	7.22172541899
2863.52953865	10000	0.5	0.694568645252	612540	1194.56864525	7.22172541899
2864.73516791	10000	0.5	0.705629263627	612540	1205.62926363	7.17748294549
2865.94076313	9866	0.5	0.705595214667	607628	1205.59521467	6.90961914133
2867.17004551	10000	0.5	0.729282381832	620415	1229.28238183	6.94887047267
2868.32863441	10000	0.5	0.658588905964	620415	1158.58890596	7.36564437614
2869.43248953	10000	0.5	0.603855110925	620415	1103.85511093	7.5845795563
2870.42429705	11600	0.5	0.491807520706	730995	991.807520706	8.03276991718
2871.10621623	12000	0.5	0.181919185039	758640	681.919185039	10.8723232598
2871.79840543	12266	0.5	0.192189197076	771584	692.189197076	11.2312432117
2872.37530302	11000	0.5	0.0768975961534	681300	576.897596153	9.42640961539
2872.90536317	10200	0.5	0.0300601408188	627772	530.060140819	9.27975943672
2873.38274641	10000	0.522616750964	0.0	612540	477.383249036	9.8
2873.86012966	10000	0.545233501928	0.0	612540	477.383249036	10.0
2874.35272987	10000	0.552633292954	0.0	612540	492.600208974	10.0
2874.84001248	9600	0.565350682584	0.0	588186	487.28261037	9.2
2875.28713989	8666	0.618223271178	0.0	530195	447.127411406	7.732
2875.72826609	8533	0.67709707936	0.0	515343	441.126191818	8.4
2876.19492089	9000	0.71044227679	0.0	539520	466.65480257	8.533
2876.66157569	9000	0.74378747422	0.0	539520	466.65480257	9.0
2877.12823049	9000	0.77713267165	0.0	539520	466.65480257	9.0
2877.58185557	9000	0.823507594913	0.0	539520	453.625076737	9.0
2878.02862224	9000	0.876740924713	0.0	539520	446.7666702	9.0
2878.4763012	9000	0.92906196049	0.0	540862	447.678964223	9.0
2878.90559766	9000	0.999765504339	0.0	539793	429.296456151	9.0
2879.34269032	9933	1.06267284536	0.0	600065	437.092658981	9.0
2879.76409046	9533	1.14127270872	0.0	573695	421.400136642	9.133
2880.14189034	9000	1.26347282874	0.0	537795	377.799879976	8.467
2880.42286788	7800	1.48249528886	0.0	462222	280.977539877	6.6
2880.70120353	7800	1.70415963867	0.0	456146	278.335650195	7.8
2880.9841987	7666	1.92116446183	0.0	447075	282.995176838	7.532
2881.25999883	7133	2.14536433952	0.0	421103	275.800122313	6.6
2881.51809383	6400	2.38726933224	0.0	383025	258.095007276	5.667
2881.77618884	6400	2.62917432497	0.0	383025	258.095007276	6.4
2882.03428385	6400	2.87107931769	0.0	383025	258.095007276	6.4
2882.28757041	6400	3.1177927578	0.0	383025	253.286559888	6.4
2882.53623527	6400	3.3691278918	0.0	383025	248.664866001	6.4
2882.78490014	6400	3.6204630258	0.0	383025	248.664866001	6.4
2883.03356501	6400	3.8717981598	0.0	383025	248.664866001	6.4
2883.28222987	6400	4.1231332938	0.0	383025	248.664866001	6.4
2883.52106074	6400	4.38430242312	0.0	383025	238.830870676	6.4
2883.74176774	6400	4.66359542638	0.0	383025	220.706996741	6.4
2883.96247474	6400	4.94288842964	0.0	383025	220.706996741	6.4
2884.18318173	6400	5.2221814329	0.0	383025	220.706996741	6.4
2884.40388873	6400	5.50147443616	0.0	383025	220.706996741	6.4
2884.63193739	6400	5.77342577353	0.0	383025	228.048662627	6.4
2884.86104105	6400	6.04432211165	0.0	383025	229.103661878	6.4
2885.09014472	6400	6.31521844978	0.0	383025	229.103661878	6.4
2885.31924838	6400	6.5861147879	0.0	383025	229.103661878	6.4
2885.63175388	6400	6.77360928338	0.0	383025	312.505504523	6.4
2885.97731239	6400	6.92805077635	0.0	383025	345.558507028	6.4
2886.3228709	6400	7.08249226932	0.0	383025	345.558507028	6.4
2886.6684294	6400	7.23693376229	0.0	383025	345.558507028	6.4
2887.01398791	6400	7.39137525526	0.0	383025	345.558507028	6.4
2887.72902884	6400	7.17633432058	0.0	383025	715.040934686	6.4
2888.45492612	6400	6.95043704414	0.0	383025	725.897276439	6.4
2889.1808234	6400	6.7245397677	0.0	383025	725.897276439	6.4
2889.90672067	6400	6.49864249126	0.0	383025	725.897276439	6.4
2890.5445427	6400	6.36082046779	0.0	383025	637.822023466	6.4
2891.04384136	6400	6.36152180127	0.0	383025	499.29866652	6.4
2891.54314003	6400	6.36222313475	0.0	383025	499.29866652	6.4
2892.0424387	6400	6.36292446823	0.0	383025	499.29866652	6.4

