3831.4812168	3066	0.5	0.216103200309	181435	216.103200309	2.20158719877
3831.9149351	7800	0.566281708905	0.0	471531	433.718291095	3.066
3832.35683826	7866	0.624378547093	0.0	482442	441.903161812	7.8
3832.80600136	8000	0.675215447714	0.0	492120	449.16309938	7.866
3833.25516446	8000	0.726052348334	0.0	492120	449.16309938	8.0
3833.70286927	8000	0.778347537716	0.0	490176	447.704810618	8.0
3834.16798728	8333	0.813229529044	0.0	513389	465.118008671	8.0
3834.54210158	8066	0.93911521955	0.0	497055	374.114309495	7.799
3834.9281987	8466	1.05301810266	0.0	520019	386.097116889	8.066
3835.33268805	9000	1.14852875296	0.0	551265	404.489349701	8.466
3835.74206654	9266	1.23915026095	0.0	558332	409.378492012	9.0
3836.17518028	9000	1.30603652315	0.0	536970	433.113737799	8.734
3836.60829402	9000	1.37292278535	0.0	536970	433.113737799	9.0
3837.04140776	9000	1.43980904755	0.0	536970	433.113737799	9.0
3837.47452149	9000	1.50669530975	0.0	536970	433.113737799	9.0
3837.91639649	9000	1.56482030941	0.0	536970	441.875000345	9.0
3838.42103911	9400	1.56017769559	0.0	553424	504.642613821	9.0
3838.90230667	9000	1.57891012981	0.0	522960	481.267565779	8.6
3839.38357424	9000	1.59764256403	0.0	522960	481.267565779	9.0
3839.85689196	9000	1.62432484128	0.0	532300	473.317722752	9.0
3840.22030235	8400	1.76091445108	0.0	503004	363.410390193	7.8
3840.57175551	8000	1.90946129244	0.0	481782	351.453158639	7.6
3840.92320867	8000	2.0580081338	0.0	481782	351.453158639	8.0
3841.21901861	6400	2.26219819054	0.0	383025	295.809943268	4.8
3841.51482856	6400	2.46638824727	0.0	383025	295.809943268	6.4
3841.8106385	6400	2.670578304	0.0	383025	295.809943268	6.4
3842.10450491	6400	2.87671189254	0.0	383025	293.866411457	6.4
3842.39443508	6400	3.08678172521	0.0	383025	289.930167333	6.4
3842.68436525	6400	3.29685155788	0.0	383025	289.930167333	6.4
3842.97429541	6400	3.50692139054	0.0	383025	289.930167333	6.4
3843.26422558	6400	3.71699122321	0.0	383025	289.930167333	6.4
3843.57540206	6400	3.90581474536	0.0	383025	311.176477855	6.4
3843.89989642	6400	4.08132038005	0.0	383025	324.494365305	6.4
3844.22439079	6400	4.25682601475	0.0	383025	324.494365305	6.4
3844.54888515	6400	4.43233164944	0.0	383025	324.494365305	6.4
3844.87337952	6400	4.60783728414	0.0	383025	324.494365305	6.4
3845.42969919	6400	4.55151761236	0.0	383025	556.319671779	6.4
3846.2159059	6400	4.2653109046	0.0	383025	786.206707758	6.4
3847.00211261	6400	3.97910419684	0.0	383025	786.206707758	6.4
3847.78831932	6400	3.69289748908	0.0	383025	786.206707758	6.4
3848.57452602	6400	3.40669078132	0.0	383025	786.206707758	6.4
3849.36073273	6400	3.12048407357	0.0	383025	786.206707758	6.4
3850.14693944	6400	2.83427736581	0.0	383025	786.206707758	6.4
3850.91714515	6400	2.56407165013	0.0	383025	770.20571568	6.4
3851.68273264	6400	2.29848416677	0.0	383025	765.587483355	6.4
3852.44832012	6400	2.03289668342	0.0	383025	765.587483355	6.4
3853.2139076	6400	1.76730920006	0.0	383025	765.587483355	6.4
3854.23889336	9000	1.24232344329	0.0	527946	1024.98575677	6.4
3855.24856449	8933	0.732652317439	0.0	519390	1009.67112585	8.866
3856.18418187	8933	0.5	0.202965063546	530998	935.617380985	8.12113974581
3857.11333324	9000	0.5	0.42915137447	536970	929.15137447	7.21639450212
3858.00518945	8600	0.5	0.391856207113	513386	891.856207113	6.63257517155
3858.74651607	7000	0.5	0.241326624112	418197	741.326624112	4.43469350355
3859.65830236	8600	0.5	0.411786286582	525989	911.786286582	5.35285485367
3860.36439014	9000	0.5	0.20608778328	551655	706.08778328	7.77564886688
3861.08916533	9533	0.5	0.224775185494	584127	724.775185494	8.10089925802
3861.84530355	10000	0.5	0.256138223576	612540	756.138223576	8.5084471057
3862.55460355	10000	0.5	0.209299998416	612540	709.299998416	9.16280000634
3863.22186554	10000	0.5	0.16726198753	612540	667.26198753	9.33095204988
3863.88912753	10000	0.5	0.16726198753	612540	667.26198753	9.33095204988
3864.55638951	10000	0.5	0.16726198753	612540	667.26198753	9.33095204988
3865.25314975	9866	0.5	0.196760235249	607628	696.760235249	8.944959059
3866.00812237	10000	0.5	0.254972621798	620415	754.972621798	8.84610951281
3866.76309499	10000	0.5	0.254972621798	620415	754.972621798	8.98010951281
3867.51806761	10000	0.5	0.254972621798	620415	754.972621798	8.98010951281
3868.36258741	11600	0.5	0.344519798309	730995	844.519798309	8.62192080677
3869.22687893	12000	0.5	0.364291519806	758640	864.291519806	10.1428339208
3870.10455212	12266	0.5	0.377673188888	771584	877.673188888	10.4893072444
3870.83660149	11000	0.5	0.232049364426	681300	732.049364426	8.8058025423
3871.46393199	10200	0.5	0.127330505993	627772	627.330505993	8.89067797603
3872.0779823	10000	0.5	0.114050305112	612540	614.050305112	9.34379877955
3872.69182416	10000	0.5	0.113841867386	612540	613.841867386	9.54463253046
3873.30506146	10000	0.5	0.113237297349	612540	613.237297349	9.5470508106
3873.89709776	9600	0.5	0.09203629637	588186	592.03629637	8.83185481452
3874.43865088	8666	0.5	0.0415531212132	530195	541.553121213	7.56578751515
3874.97024186	8533	0.5	0.0315909849495	515343	531.59098495	8.2736360602
3875.63450014	9000	0.5	0.164258274334	539520	664.258274334	7.87596690267
3876.29875841	9000	0.5	0.164258274334	539520	664.258274334	8.34296690267
3876.96301669	9000	0.5	0.164258274334	539520	664.258274334	8.34296690267
3877.621317	9000	0.5	0.158300316673	539520	658.300316673	8.36679873331
3878.17734	9000	0.5	0.0560230011064	539520	556.023001106	8.77590799557
3878.73454706	9000	0.5	0.0572070589124	540862	557.207058912	8.77117176435
3879.29081093	9000	0.5	0.0562638712861	539793	556.263871286	8.77494451486
3879.90025329	9933	0.5	0.10944236017	600065	609.44236017	8.56223055932
3880.36847195	9533	0.531781341661	0.0	573695	468.218658339	9.133
3880.80164425	9000	0.598609046658	0.0	537795	433.172295003	8.467
3881.18518743	7800	0.71506586656	0.0	462222	383.543180098	6.6
3881.55429527	7800	0.845958026021	0.0	456146	369.107840538	7.8
3881.90739591	7666	0.992857388303	0.0	447075	353.100637718	7.532
3882.24463127	7133	1.15562202993	0.0	421103	337.235358374	6.6
3882.61556293	8000	1.28469036248	0.0	476265	370.931667445	7.133
3882.97340507	7733	1.42684822245	0.0	454837	357.842140039	7.466
3883.33580607	8000	1.5644472275	0.0	462300	362.40099495	7.733
3883.85974721	8000	1.54050608427	0.0	462300	523.941143223	8.0
3884.40900529	8000	1.4912480086	0.0	468906	549.258075676	8.0
3884.95679426	8000	1.44345903516	0.0	467438	547.788973436	8.0
3885.45710442	7933	1.44314887426	0.0	465132	500.310160901	7.866
3885.92351716	7533	1.47673613622	0.0	455338	466.412738044	7.133
3886.46438261	8866	1.43587068668	0.0	543071	540.86544954	7.533
3887.01199635	9000	1.38825694445	0.0	551023	547.613742221	8.866
3887.48387378	10000	1.41637951861	0.0	612540	471.877425844	9.0
3887.93480945	10000	1.46544384383	0.0	612540	450.935674776	10.0
3888.38574513	10000	1.51450816906	0.0	612540	450.935674776	10.0
3888.80207734	9066	1.59817595908	0.0	555398	416.332209977	8.132
3889.21293092	9000	1.68732237221	0.0	551655	410.853586872	8.934
3889.62354662	9000	1.77670667921	0.0	551655	410.615692995	9.0
3890.03416231	9000	1.86609098622	0.0	551655	410.615692995	9.0
3890.444778	9000	1.95547529322	0.0	551655	410.615692995	9.0
3890.84757141	8533	2.05268188269	0.0	521611	402.793410535	8.066
3891.18946886	6400	2.21078443757	0.0	383025	341.897445122	4.267
3891.5313663	6400	2.36888699244	0.0	383025	341.897445122	6.4
3891.87326375	6400	2.52698954732	0.0	383025	341.897445122	6.4
3892.21516119	6400	2.6850921022	0.0	383025	341.897445122	6.4
3892.55705864	6400	2.84319465708	0.0	383025	341.897445122	6.4
3892.92353863	6400	2.97671466913	0.0	383025	366.479987943	6.4
3893.34222409	6400	3.05802920557	0.0	383025	418.685463567	6.4
3893.76090955	6400	3.139343742	0.0	383025	418.685463567	6.4
3894.17959502	6400	3.22065827843	0.0	383025	418.685463567	6.4
3894.59828048	6400	3.30197281487	0.0	383025	418.685463567	6.4
3895.01696594	6400	3.3832873513	0.0	383025	418.685463567	6.4

