5401.60535301	3066	0.5	0.273188512781	181435	273.188512781	1.97324594888
5402.18743019	7800	0.5	0.0820771770613	471531	582.077177061	2.73769129175
5402.78112519	7866	0.5	0.0936950008712	482442	593.695000871	7.42521999652
5403.38512514	8000	0.5	0.103999949898	492120	603.999949898	7.45000020041
5403.98912509	8000	0.5	0.103999949898	492120	603.999949898	7.58400020041
5404.5910551	8000	0.5	0.101930015934	490176	601.930015934	7.59227993627
5405.0986117	8333	0.5	0.00755659089004	513389	507.55659089	7.96977363644
5405.56315083	8066	0.535460863926	0.0	497055	464.539136074	7.799
5406.04545572	8466	0.553155974122	0.0	520019	482.304889805	8.066
5406.55193361	9000	0.546678085664	0.0	551265	506.477888458	8.466
5407.04208415	9266	0.556527546777	0.0	558332	490.150538887	9.0
5407.5155122	9000	0.583099491087	0.0	536970	473.42805569	8.734
5407.98894026	9000	0.609671435397	0.0	536970	473.42805569	9.0
5408.46236832	9000	0.636243379708	0.0	536970	473.42805569	9.0
5408.93579637	9000	0.662815324018	0.0	536970	473.42805569	9.0
5409.34372513	9000	0.754886567957	0.0	536970	407.928756061	9.0
5409.70094209	9400	0.897669605713	0.0	553424	357.216962245	9.0
5410.04289926	9000	1.05571243982	0.0	522960	341.95716589	8.6
5410.38485642	9000	1.21375527393	0.0	522960	341.95716589	9.0
5410.81485861	9000	1.28375308883	0.0	532300	430.002185106	9.0
5411.24716511	8400	1.35144658378	0.0	503004	432.306505043	7.8
5411.66460762	8000	1.43400407316	0.0	481782	417.442510622	7.6
5412.08205013	8000	1.51656156254	0.0	481782	417.442510622	8.0
5412.51964329	8533	1.57896840073	0.0	510552	437.59316181	8.0
5413.00386041	9000	1.59475128594	0.0	536970	484.217114787	8.533
5413.51756856	9000	1.58104313577	0.0	536970	513.708150174	9.0
5414.03127671	9000	1.56733498559	0.0	536970	513.708150174	9.0
5414.54005177	9000	1.55855992306	0.0	536970	508.775062533	9.0
5415.042664	9000	1.55594769645	0.0	536970	502.612226607	9.0
5415.57441213	9533	1.52419956909	0.0	573990	531.748127363	9.0
5416.12756063	9666	1.47105106286	0.0	586715	553.148506232	9.533
5416.68125629	9000	1.41735540155	0.0	551265	553.695661307	8.334
5417.23495195	9000	1.36365974024	0.0	551265	553.695661307	9.0
5417.78864762	9000	1.30996407894	0.0	551265	553.695661307	9.0
5418.33446327	9000	1.26414842736	0.0	551265	545.815651576	9.0
5418.83497021	9000	1.26364148401	0.0	551265	500.506943352	9.0
5419.33547715	9000	1.26313454066	0.0	551265	500.506943352	9.0
5419.81810398	8466	1.2805077144	0.0	527825	482.626826254	7.932
5420.27826624	8000	1.32034545507	0.0	498375	460.162259336	7.534
5420.68644698	7066	1.4121647148	0.0	434595	408.180740264	6.132
5421.10045284	7200	1.49815885042	0.0	442995	414.005864381	7.066
5421.53450984	7600	1.56410185238	0.0	469589	434.056998045	7.2
5421.98867528	8000	1.60993641879	0.0	496259	454.165433587	7.6
5422.50668898	8133	1.59192271608	0.0	508563	518.013702708	8.0
5423.43379414	8733	1.1648175554	0.0	536941	927.105160683	8.133
5424.34241239	8733	0.756199301607	0.0	525223	908.618253792	8.733
5425.26956331	9000	0.5	0.170951610937	536970	927.150912543	8.04919355625
5426.31838924	9000	0.5	0.548825929431	527946	1048.82592943	6.80469628228
5427.42392305	8933	0.5	0.605533809572	519390	1105.53380957	6.44386476171
5428.55237681	8933	0.5	0.628453766563	530998	1128.45376656	6.41918493375
5429.69262227	9000	0.5	0.640245460494	536970	1140.24546049	6.37201815803
5430.73116133	8600	0.5	0.538539053631	513386	1038.53905363	6.04584378548
5431.15322648	7000	0.577934841716	0.0	418197	422.065158284	5.4
5431.66346035	8600	0.567700979348	0.0	525989	510.233862368	7.0
5432.19468777	9000	0.536473555685	0.0	551655	531.227423662	8.6
5432.75390948	9533	0.5	0.0227481558648	584127	559.22171155	8.90900737654
5433.35275787	10000	0.5	0.0988483846779	612540	598.848384678	9.13760646129
5433.95160625	10000	0.5	0.0988483846779	612540	598.848384678	9.60460646129
5434.55045464	10000	0.5	0.0988483846779	612540	598.848384678	9.60460646129
5435.10304027	10000	0.5	0.0525856379579	612540	552.585637958	9.78965744817
5435.59134473	10000	0.511695547615	0.0	612540	488.304452385	10.0
5436.07637496	9866	0.526665316457	0.0	607628	485.030231158	9.732
5436.62420007	10000	0.5	0.0211597929953	620415	547.825109452	9.78136082802
5437.26001753	10000	0.5	0.135817467037	620415	635.817467037	9.45673013185
5437.895835	10000	0.5	0.135817467037	620415	635.817467037	9.45673013185
5438.62821979	11600	0.5	0.232384787053	730995	732.384787053	9.07046085179
5439.32838669	12000	0.5	0.200166906165	758640	700.166906165	10.7993323753
5440.03913496	12266	0.5	0.210748262848	771584	710.748262848	11.1570069486
5440.62632758	11000	0.5	0.0871926206205	681300	587.19262062	9.38522951752
5441.11036447	10200	0.515963102456	0.0	627772	484.036897544	9.4
5441.58459799	10000	0.541729588981	0.0	612540	474.233513475	9.8
5442.06065392	10000	0.565673653859	0.0	612540	476.055935121	10.0
5442.57799365	10000	0.548333924937	0.0	612540	517.339728923	10.0
5443.07794518	9600	0.548382402104	0.0	588186	499.951522833	9.2
5443.55890617	8666	0.567421404298	0.0	530195	480.960997806	7.732
5444.07318191	8533	0.553145665509	0.0	515343	514.275738788	8.4
5444.60783143	9000	0.518496147439	0.0	539520	534.649518071	8.533
5445.14248095	9000	0.5	0.016153370632	539520	534.649518071	8.93538651747
5445.67713047	9000	0.5	0.0346495180707	539520	534.649518071	8.86140192772
5446.18014788	9000	0.5	0.00301740930286	539520	503.017409303	8.98793036279
5446.68208353	9000	0.5	0.00193565286998	539520	501.93565287	8.99225738852
5447.18186851	9000	0.500215015625	0.0	540862	499.784984375	9.0
5447.67518236	9000	0.506901171868	0.0	539793	493.313843757	9.0
5448.21464584	9933	0.5	0.0325623107147	600065	539.463482583	8.86975075714
5448.73994707	9533	0.5	0.0253012357291	573695	525.301235729	9.03179505708
5449.25612962	9000	0.5	0.0161825440769	537795	516.182544077	8.40226982369
5449.71101813	7800	0.545111486927	0.0	462222	454.888513073	6.6
5450.16097866	7800	0.595150957821	0.0	456146	449.960529106	7.8
5450.60358209	7666	0.652547529204	0.0	447075	442.603428617	7.532
5451.13751636	7133	0.618613255209	0.0	421103	533.934273995	6.6
5451.7689018	8000	0.5	0.0127721845979	476265	631.385439807	7.08191126161
5452.37547944	7733	0.5	0.106577639099	454837	606.577639099	7.0396894436
5452.99069721	8000	0.5	0.115217764947	462300	615.217764947	7.27212894021
5453.60591497	8000	0.5	0.115217764947	462300	615.217764947	7.53912894021
5454.25559596	8000	0.5	0.149680990347	468906	649.680990347	7.40127603861
5454.91987212	8000	0.5	0.164276160947	467438	664.276160947	7.34289535621
5455.58126589	7933	0.5	0.161393766218	465132	661.393766218	7.22042493513
5456.2304176	7533	0.5	0.149151713325	455338	649.151713325	6.5363931467
5456.96102183	8866	0.5	0.230604231211	543071	730.604231211	6.61058307516
5457.57686771	9000	0.5	0.115845876214	551023	615.845876214	8.40261649514
5458.25253619	10000	0.5	0.175668480293	612540	675.668480293	8.29732607883
5458.92820467	10000	0.5	0.175668480293	612540	675.668480293	9.29732607883
5459.69186352	10000	0.5	0.263658849452	612540	763.658849452	8.94536460219
5460.43328778	9066	0.5	0.241424256624	555398	741.424256624	7.1663029735
5461.27580318	9000	0.5	0.342515403771	551655	842.515403771	7.56393838491
5462.34600064	9000	0.5	0.570197457026	551655	1070.19745703	6.7192101719
5463.4161981	9000	0.5	0.570197457026	551655	1070.19745703	6.7192101719
5464.48639555	9000	0.5	0.570197457026	551655	1070.19745703	6.7192101719
5465.5026653	8533	0.5	0.516269744236	521611	1016.26974424	6.00092102305
5466.10730327	8000	0.5	0.104637974077	487275	604.637974077	7.04844810369
5466.60851856	8000	0.5	0.00121528840303	487275	501.215288403	7.99513884639
5467.10973385	8000	0.5	0.00121528840303	487275	501.215288403	7.99513884639
5467.56368381	7133	0.546050033108	0.0	432597	453.949966892	6.266
5468.06185804	7933	0.547875810601	0.0	483757	498.174222507	7.133
5468.48631091	8000	0.623422939594	0.0	488565	424.452871007	7.933
5468.90023293	8000	0.709500921919	0.0	488565	413.922017676	8.0
5469.31415494	8000	0.795578904243	0.0	488565	413.922017676	8.0
5469.68057134	6933	0.929162507642	0.0	419059	366.416396601	5.866
5470.04083819	6866	1.06889565781	0.0	410775	360.266849836	6.799
5470.40300976	6866	1.20672408287	0.0	413769	362.171574941	6.866

