1418.27596926	3066	0.5	0.185164695443	181435	185.164695443	2.32534121823
1418.62928154	7800	0.646687717326	0.0	471531	353.312282674	3.066
1418.98891814	7866	0.787051120204	0.0	482442	359.636597122	7.8
1419.35754443	8000	0.918424827298	0.0	492120	368.626292906	7.866
1419.72907751	8000	1.04689174903	0.0	492120	371.533078272	8.0
1420.08965303	8000	1.18631623001	0.0	490176	360.575519016	8.0
1420.46308339	8333	1.31288586914	0.0	513389	373.430360875	8.0
1420.8492505	8066	1.4267187663	0.0	497055	386.167102837	7.799
1421.2582592	8466	1.51771006655	0.0	520019	409.008699745	8.066
1421.75176457	9000	1.5242046963	0.0	551265	493.505370258	8.466
1422.25731784	9266	1.51865142191	0.0	558332	505.553274387	9.0
1422.7887925	9000	1.48717676057	0.0	536970	531.474661336	8.734
1423.3406946	9000	1.43527466315	0.0	536970	551.902097427	9.0
1423.78810629	9000	1.48786297415	0.0	536970	447.411689	9.0
1424.23105818	9000	1.54491107712	0.0	536970	442.951897028	9.0
1424.66855099	9000	1.60741827667	0.0	536970	437.492800446	9.0
1425.10477131	9400	1.6711979546	0.0	553424	436.220322069	9.0
1425.50877602	9000	1.76719324404	0.0	522960	404.004710561	8.6
1425.92775878	9000	1.84821048249	0.0	522960	418.982761546	9.0
1426.36804619	9000	1.90792306864	0.0	532300	440.287413851	9.0
1426.79014753	8400	1.98582173309	0.0	503004	422.101335558	7.8
1427.19925673	8000	2.07671253493	0.0	481782	409.109198153	7.6
1427.54125003	6400	2.23471923436	0.0	383025	341.993300569	4.8
1427.88339991	6400	2.39256935266	0.0	383025	342.1498817	6.4
1428.22554979	6400	2.55041947096	0.0	383025	342.1498817	6.4
1428.54659406	6400	2.72937520664	0.0	383025	321.044264323	6.4
1428.8653883	6400	2.91058096615	0.0	383025	318.794240495	6.4
1429.18396861	6400	3.09200065156	0.0	383025	318.580314582	6.4
1429.50215017	6400	3.27381909406	0.0	383025	318.1815575	6.4
1429.82033173	6400	3.45563753656	0.0	383025	318.1815575	6.4
1430.14146722	6400	3.63450203989	0.0	383025	321.13549667	6.4
1430.46441203	6400	3.81155722798	0.0	383025	322.944811917	6.4
1430.78737375	6400	3.98859551181	0.0	383025	322.961716164	6.4
1431.11037221	6400	4.1655970529	0.0	383025	322.998458917	6.4
1431.43337067	6400	4.34259859398	0.0	383025	322.998458917	6.4
1431.7541747	6400	4.52179455721	0.0	383025	320.804036764	6.4
1432.07374539	6400	4.70222387629	0.0	383025	319.570680925	6.4
1432.38647067	6400	4.88949859469	0.0	383025	312.7252816	6.4
1432.67481089	6400	5.10115837119	0.0	383025	288.340223502	6.4
1432.96315111	6400	5.31281814769	0.0	383025	288.340223502	6.4
1433.2498585	6400	5.52611076377	0.0	383025	286.707383918	6.4
1433.53537997	6400	5.74058929276	0.0	383025	285.521471011	6.4
1433.87734434	6400	5.89862492489	0.0	383025	341.964367869	6.4
1434.26822969	6400	6.00773956988	0.0	383025	390.885355011	6.4
1434.65911505	6400	6.11685421487	0.0	383025	390.885355011	6.4
1435.04521948	6400	6.23074978205	0.0	383025	386.104432816	6.4
1435.42954465	6400	6.34642460739	0.0	383025	384.325174663	6.4
1435.80260252	6400	6.47336674523	0.0	383025	373.057862161	6.4
1436.17566038	6400	6.60030888307	0.0	383025	373.057862161	6.4
1436.45830056	6400	6.81766870038	0.0	383025	282.640182687	6.4
1436.72862011	6400	7.04734915481	0.0	383025	270.319545566	6.4
1436.99762135	6400	7.27834791615	0.0	383025	269.001238668	6.4
1437.26136165	6400	7.5146076089	0.0	383025	263.740307246	6.4
1437.52510196	6400	7.75086730165	0.0	383025	263.740307246	6.4
1437.80147228	6400	7.9744969813	0.0	383025	276.370320359	6.4
1438.30163872	6400	7.6497476791	0.0	383025	324.749302196	6.4
1438.63455586	6400	7.8168305447	0.0	383025	332.917134402	6.4
1438.96848583	6400	7.98290056953	0.0	383025	333.929975173	6.4
1439.65297807	6400	7.64178650658	0.0	383025	341.114062943	6.4
1439.96573565	6400	7.82902891728	0.0	383025	312.757589307	6.4
1440.29277996	6400	7.52857465171	0.0	383025	300.454265567	6.4
1440.60243618	6400	7.71891843722	0.0	383025	309.656214485	6.4
1440.91209239	6400	7.90926222274	0.0	383025	309.656214485	6.4
1441.36724748	6400	7.59963594785	0.0	383025	309.62627489	6.4
1441.69895293	6400	7.76793049908	0.0	383025	331.705448768	6.4
1442.03065838	6400	7.93622505031	0.0	383025	331.705448768	6.4
1442.46580622	6400	7.58812102193	0.0	383025	348.104028378	6.4
1442.82755352	6400	7.72637373159	0.0	383025	361.747290346	6.4
1443.18930081	6400	7.86462644124	0.0	383025	361.747290346	6.4
1444.04402048	6400	7.50990677053	0.0	383025	354.719670716	6.4
1444.37192482	6400	7.68200242498	0.0	383025	327.904345543	6.4
1444.69601044	6400	7.8579168102	0.0	383025	324.085614785	6.4
1445.51859519	6400	7.53533206143	0.0	383025	322.584748772	6.4
1445.89199241	6400	7.66193483488	0.0	383025	373.39722655	6.4
1446.27639158	6400	7.77753566971	0.0	383025	384.399165168	6.4
1446.74630875	6400	7.80761849528	0.0	383025	469.917174431	6.4
1447.38584901	6400	7.66807823986	0.0	383025	639.540255413	6.4
1448.02538926	6400	7.52853798445	0.0	383025	639.540255413	6.4
1448.56541399	6400	7.48851325266	0.0	383025	540.024731789	6.4
1449.07728998	6400	7.4766372656	0.0	383025	511.875987068	6.4
1449.49557009	6400	7.55835715732	0.0	383025	418.280108277	6.4
1449.84601931	6400	7.70790793738	0.0	383025	350.449219934	6.4
1450.19646853	6400	7.85745871745	0.0	383025	350.449219934	6.4
1450.57587269	6400	7.52660969465	0.0	383025	330.849022803	6.4
1450.894918	6400	7.70756437909	0.0	383025	319.045315562	6.4
1451.21396332	6400	7.88851906352	0.0	383025	319.045315562	6.4
1451.59051178	6400	7.57356769103	0.0	383025	314.951372495	6.4
1451.91125094	6400	7.7528285348	0.0	383025	320.739156227	6.4
1452.23199009	6400	7.93208937858	0.0	383025	320.739156227	6.4
1452.56844747	6400	7.60539840763	0.0	383025	326.690970948	6.4
1452.90035428	6400	7.77349159281	0.0	383025	331.906814818	6.4
1453.2322611	6400	7.94158477799	0.0	383025	331.906814818	6.4
1454.10284742	6400	7.57099845284	0.0	383025	370.586325149	6.4
1454.54291292	6400	7.63093295585	0.0	383025	440.065496997	6.4
1454.99406132	6400	7.67978455437	0.0	383025	451.148401472	6.4
1455.45824179	6400	7.71560408529	0.0	383025	464.180469081	6.4
1455.9725932	6400	7.70125267596	0.0	383025	514.351409332	6.4
1456.48694461	6400	7.68690126663	0.0	383025	514.351409332	6.4
1457.03868654	6400	7.63515933586	0.0	383025	551.741930769	6.4
1457.61261145	6400	7.5612344205	0.0	383025	573.924915356	6.4
1458.19596087	6400	7.47788500764	0.0	383025	583.349412865	6.4
1458.79761799	6400	7.37622788186	0.0	383025	601.657125777	6.4
1459.39927512	6400	7.27457075609	0.0	383025	601.657125777	6.4
1459.98391832	6400	7.18992755578	0.0	383025	584.64320031	6.4
1460.56717126	6400	7.10667461155	0.0	383025	583.25294422	6.4
1461.1754669	6400	6.99837897796	0.0	383025	608.295633598	6.4
1461.8068694	6400	6.8669764768	0.0	383025	631.402501156	6.4
1462.50422005	6400	6.66962582015	0.0	383025	697.35065665	6.4
1463.41622904	6400	6.25761683199	0.0	383025	912.008988158	6.4
1464.32823803	6400	5.84560784384	0.0	383025	912.008988158	6.4
1465.35840358	6400	5.3154422965	0.0	383025	1030.16554733	6.4
1466.58593914	6400	4.58790673691	0.0	383025	1227.53555959	6.4
1467.8134747	6400	3.86037117732	0.0	383025	1227.53555959	6.4
1468.46619646	6400	3.70764940976	0.0	383025	652.721767566	6.4
1468.90123395	6400	3.77261192401	0.0	383025	435.03748575	6.4
1469.29718458	6400	3.87666129133	0.0	383025	395.950632673	6.4
1469.80946788	6400	3.8643779891	0.0	383025	512.283302232	6.4
1470.37897016	6400	3.79487571172	0.0	383025	569.502277384	6.4
1470.94847244	6400	3.72537343434	0.0	383025	569.502277384	6.4
1471.85634187	6400	3.31750400612	0.0	383025	907.869428217	6.4

