5285.19473343	3066	0.5	0.234518029897	181435	234.518029897	2.12792788041
5285.67630998	7800	0.51842345107	0.0	471531	481.57654893	3.066
5286.16717882	7866	0.52755461441	0.0	482442	490.86883666	7.8
5286.66628986	8000	0.528443567077	0.0	492120	499.111047332	7.866
5287.16540091	8000	0.529332519745	0.0	492120	499.111047332	8.0
5287.66285636	8000	0.531877068357	0.0	490176	497.455451388	8.0
5288.17134567	8333	0.523387757983	0.0	513389	508.489310374	8.0
5288.6128914	8066	0.581842026719	0.0	497055	441.545731263	7.799
5289.07114059	8466	0.623592839756	0.0	520019	458.249186963	8.066
5289.55211736	9000	0.642616071502	0.0	551265	480.976768255	8.466
5290.0234458	9266	0.671287626943	0.0	558332	471.328444559	9.0
5290.34209677	9000	0.852636655368	0.0	536970	318.650971575	8.734
5290.66074775	9000	1.03398568379	0.0	536970	318.650971575	9.0
5290.97939872	9000	1.21533471222	0.0	536970	318.650971575	9.0
5291.29804969	9000	1.39668374064	0.0	536970	318.650971575	9.0
5291.61670066	9000	1.57803276907	0.0	536970	318.650971575	9.0
5291.96010657	9400	1.73462685576	0.0	553424	343.405913306	9.0
5292.34982442	9000	1.84490900486	0.0	522960	389.717850905	8.6
5292.73954228	9000	1.95519115395	0.0	522960	389.717850905	9.0
5293.13479165	9000	2.05994178108	0.0	532300	395.249372872	9.0
5293.44163439	6400	2.25309904006	0.0	383025	306.842741019	3.8
5293.73403112	6400	2.46070230781	0.0	383025	292.396732253	6.4
5294.01532474	6400	2.6794086892	0.0	383025	281.293618612	6.4
5294.29661836	6400	2.89811507059	0.0	383025	281.293618612	6.4
5294.57791198	6400	3.11682145197	0.0	383025	281.293618612	6.4
5294.8592056	6400	3.33552783336	0.0	383025	281.293618612	6.4
5295.14049921	6400	3.55423421475	0.0	383025	281.293618612	6.4
5295.42179283	6400	3.77294059614	0.0	383025	281.293618612	6.4
5295.70308645	6400	3.99164697753	0.0	383025	281.293618612	6.4
5296.16393565	6400	4.03079777753	0.0	383025	460.849199994	6.4
5296.73632168	6400	3.95841175371	0.0	383025	572.386023824	6.4
5297.3087077	6400	3.88602572988	0.0	383025	572.386023824	6.4
5297.88109372	6400	3.81363970606	0.0	383025	572.386023824	6.4
5298.45347975	6400	3.74125368224	0.0	383025	572.386023824	6.4
5298.92617187	6400	3.76856156002	0.0	383025	472.692122213	6.4
5299.36430971	6400	3.83042371547	0.0	383025	438.137844555	6.4
5299.80244756	6400	3.89228587091	0.0	383025	438.137844555	6.4
5300.2405854	6400	3.95414802636	0.0	383025	438.137844555	6.4
5300.67872325	6400	4.0160101818	0.0	383025	438.137844555	6.4
5301.0452444	6400	4.14948902898	0.0	383025	366.521152825	6.4
5301.3196456	6400	4.37508782707	0.0	383025	274.401201903	6.4
5301.5940468	6400	4.60068662517	0.0	383025	274.401201903	6.4
5301.86844801	6400	4.82628542327	0.0	383025	274.401201903	6.4
5302.14284921	6400	5.05188422137	0.0	383025	274.401201903	6.4
5302.41725041	6400	5.27748301946	0.0	383025	274.401201903	6.4
5302.69165161	6400	5.50308181756	0.0	383025	274.401201903	6.4
5302.99745632	6400	5.69727711275	0.0	383025	305.80470481	6.4
5303.32037149	6400	5.87436193592	0.0	383025	322.915176828	6.4
5303.64328667	6400	6.05144675909	0.0	383025	322.915176828	6.4
5303.96620185	6400	6.22853158227	0.0	383025	322.915176828	6.4
5304.28911702	6400	6.40561640544	0.0	383025	322.915176828	6.4
5304.6120322	6400	6.58270122861	0.0	383025	322.915176828	6.4
5304.93494738	6400	6.75978605178	0.0	383025	322.915176828	6.4
5305.35171296	6400	6.8430204706	0.0	383025	416.76558118	6.4
5305.77937422	6400	6.91535921253	0.0	383025	427.661258069	6.4
5306.20703548	6400	6.98769795446	0.0	383025	427.661258069	6.4
5306.63469673	6400	7.06003669639	0.0	383025	427.661258069	6.4
5307.06235799	6400	7.13237543833	0.0	383025	427.661258069	6.4
5307.49001925	6400	7.20471418026	0.0	383025	427.661258069	6.4
5307.92159144	6400	7.27314198506	0.0	383025	431.572195192	6.4
5308.361905	6400	7.3328284276	0.0	383025	440.313557462	6.4
5308.80221856	6400	7.39251487014	0.0	383025	440.313557462	6.4
5309.24253212	6400	7.45220131268	0.0	383025	440.313557462	6.4
5309.68284567	6400	7.51188775522	0.0	383025	440.313557462	6.4
5310.12315923	6400	7.57157419776	0.0	383025	440.313557462	6.4
5310.61505878	6400	7.57967464608	0.0	383025	491.899551674	6.4
5311.11287182	6400	7.58186160466	0.0	383025	497.813041426	6.4
5311.61068487	6400	7.58404856323	0.0	383025	497.813041426	6.4
5312.10849791	6400	7.58623552181	0.0	383025	497.813041426	6.4
5312.60631095	6400	7.58842248038	0.0	383025	497.813041426	6.4
5313.10412399	6400	7.59060943895	0.0	383025	497.813041426	6.4
5313.59736061	6400	7.59737281877	0.0	383025	493.236620187	6.4
5314.03489672	6400	7.65983671089	0.0	383025	437.53610788	6.4
5314.47243283	6400	7.72230060301	0.0	383025	437.53610788	6.4
5314.90996893	6400	7.78476449513	0.0	383025	437.53610788	6.4
5315.34750504	6400	7.84722838725	0.0	383025	437.53610788	6.4
5315.78504115	6400	7.90969227937	0.0	383025	437.53610788	6.4
5316.22257726	6400	7.97215617149	0.0	383025	437.53610788	6.4
5316.7951455	6400	7.8995879258	0.0	383025	572.568245691	6.4
5317.38360116	6400	7.81113227029	0.0	383025	588.455655508	6.4
5317.97205681	6400	7.72267661478	0.0	383025	588.455655508	6.4
5318.56051247	6400	7.63422095928	0.0	383025	588.455655508	6.4
5319.14896813	6400	7.54576530377	0.0	383025	588.455655508	6.4
5319.73742378	6400	7.45730964826	0.0	383025	588.455655508	6.4
5320.35419445	6400	7.34053897532	0.0	383025	616.770672943	6.4
5321.13292455	6400	7.06180887634	0.0	383025	778.73009898	6.4
5321.91165465	6400	6.78307877736	0.0	383025	778.73009898	6.4
5322.69038475	6400	6.50434867838	0.0	383025	778.73009898	6.4
5323.46911485	6400	6.2256185794	0.0	383025	778.73009898	6.4
5324.24784495	6400	5.94688848042	0.0	383025	778.73009898	6.4
5324.95175222	6400	5.74298120596	0.0	383025	703.907274463	6.4
5325.59157006	6400	5.60316337271	0.0	383025	639.817833243	6.4
5326.23138789	6400	5.46334553947	0.0	383025	639.817833243	6.4
5326.87120572	6400	5.32352770623	0.0	383025	639.817833243	6.4
5327.51102356	6400	5.18370987298	0.0	383025	639.817833243	6.4
5328.15084139	6400	5.04389203974	0.0	383025	639.817833243	6.4
5328.79065922	6400	4.9040742065	0.0	383025	639.817833243	6.4
5329.23866339	6400	4.95607004031	0.0	383025	448.004166192	6.4
5329.66803882	6400	5.02669460657	0.0	383025	429.375433735	6.4
5330.09741426	6400	5.09731917284	0.0	383025	429.375433735	6.4
5330.52678969	6400	5.1679437391	0.0	383025	429.375433735	6.4
5330.95616512	6400	5.23856830537	0.0	383025	429.375433735	6.4
5331.37495607	6400	5.31977736265	0.0	383025	418.790942719	6.4
5331.69964772	6400	5.49508570978	0.0	383025	324.691652874	6.4
5332.02433937	6400	5.6703940569	0.0	383025	324.691652874	6.4
5332.34903103	6400	5.84570240403	0.0	383025	324.691652874	6.4
5332.67372268	6400	6.02101075115	0.0	383025	324.691652874	6.4
5332.99841433	6400	6.19631909828	0.0	383025	324.691652874	6.4
5333.32310598	6400	6.3716274454	0.0	383025	324.691652874	6.4
5333.64143178	6400	6.5533016471	0.0	383025	318.325798301	6.4
5333.95823977	6400	6.73649365801	0.0	383025	316.807989093	6.4
5334.27504776	6400	6.91968566892	0.0	383025	316.807989093	6.4
5334.59185575	6400	7.10287767982	0.0	383025	316.807989093	6.4
5334.90835189	6400	7.28638154449	0.0	383025	316.49613533	6.4
5335.22115685	6400	7.47357658423	0.0	383025	312.804960262	6.4
5335.53396181	6400	7.66077162397	0.0	383025	312.804960262	6.4
5335.84676677	6400	7.84796666371	0.0	383025	312.804960262	6.4
5336.65957173	6400	7.53516170344	0.0	383025	312.804960262	6.4
5336.97581282	6400	7.71892061313	0.0	383025	316.241090316	6.4
5337.29970335	6400	7.89503008326	0.0	383025	323.890529864	6.4

