3698.01067444	3066	0.5	0.200166892207	181435	200.166892207	2.26533243117
3698.4029759	7800	0.607698543008	0.0	471531	392.301456992	3.066
3698.80250386	7866	0.708170580872	0.0	482442	399.527962136	7.8
3699.20844169	8000	0.802232746425	0.0	492120	405.937834447	7.866
3699.61437953	8000	0.896294911978	0.0	492120	405.937834447	8.0
3700.06305967	8000	0.947614770167	0.0	490176	448.680141811	8.0
3700.57192251	8333	0.938751931159	0.0	513389	508.862839009	8.0
3701.06714063	8066	0.943533805247	0.0	497055	495.218125911	7.799
3701.58154189	8466	0.929132552633	0.0	520019	514.401252614	8.066
3702.12204469	9000	0.888629750769	0.0	551265	540.502801864	8.466
3702.66845096	9266	0.842223484508	0.0	558332	546.406266261	9.0
3703.27084859	9000	0.739825847969	0.0	536970	602.39763654	8.734
3704.06121888	9000	0.5	0.0505444398477	536970	790.370287816	8.79782224061
3704.85158917	9000	0.5	0.290370287816	536970	790.370287816	7.83851884873
3705.64195946	9000	0.5	0.290370287816	536970	790.370287816	7.83851884873
3706.43232974	9000	0.5	0.290370287816	536970	790.370287816	7.83851884873
3707.2157663	9400	0.5	0.28343655479	553424	783.43655479	7.86625378084
3707.89024769	9000	0.5	0.17448139171	522960	674.48139171	7.90207443316
3708.56472908	9000	0.5	0.17448139171	522960	674.48139171	8.30207443316
3709.24982784	9000	0.5	0.185098754794	532300	685.098754794	8.25960498082
3709.90162399	8400	0.5	0.151796156409	503004	651.796156409	7.19281537437
3710.52929577	8000	0.5	0.127671779602	481782	627.671779602	7.08931288159
3711.15696755	8000	0.5	0.127671779602	481782	627.671779602	7.48931288159
3711.81734399	8533	0.5	0.160376440837	510552	660.376440837	7.35849423665
3712.59723888	9000	0.5	0.279894886441	536970	779.894886441	7.41342045424
3713.38066354	9000	0.5	0.283424659649	536970	783.424659649	7.86630136141
3714.1640882	9000	0.5	0.283424659649	536970	783.424659649	7.86630136141
3714.94751286	9000	0.5	0.283424659649	536970	783.424659649	7.86630136141
3715.79617132	9000	0.5	0.348658459074	536970	848.658459074	7.6053661637
3716.71885398	9533	0.5	0.422682660166	573990	922.682660166	7.30926935934
3717.66021839	9666	0.5	0.441364408717	586715	941.364408717	7.76754236513
3718.54953816	9000	0.5	0.389319773265	551265	889.319773265	6.77672090694
3719.30271064	9000	0.5	0.253172479487	551265	753.172479487	7.98731008205
3719.78142281	9000	0.521287831209	0.0	551265	478.712168791	9.0
3720.26013498	9000	0.542575662417	0.0	551265	478.712168791	9.0
3720.73884715	9000	0.563863493626	0.0	551265	478.712168791	9.0
3721.21755931	9000	0.585151324835	0.0	551265	478.712168791	9.0
3721.67931809	8466	0.623392550938	0.0	527825	461.758773897	7.932
3722.16768409	8000	0.635026553017	0.0	498375	488.365997921	7.534
3722.63397108	7066	0.668739560899	0.0	434595	466.286992118	6.132
3723.10772436	7200	0.69498628239	0.0	442995	473.753278508	7.066
3723.60511554	7600	0.697595096708	0.0	469589	497.391185683	7.2
3724.12621219	8000	0.676498451736	0.0	496259	521.096644972	7.6
3724.65824516	8133	0.64446547489	0.0	508563	532.032976846	8.0
3725.21468392	8733	0.588026714182	0.0	536941	556.438760708	8.133
3725.75458263	8733	0.548128010583	0.0	525223	539.898703599	8.733
3726.30476731	9000	0.5	0.00205666691893	536970	550.184677502	8.72477333232
3726.84705034	9000	0.5	0.0422830321029	527946	542.283032103	8.83086787159
3727.38184152	8933	0.5	0.0347911794841	519390	534.791179484	8.72683528206
3727.92679696	8933	0.5	0.0449554414288	530998	544.955441429	8.75317823428
3728.50068933	9000	0.5	0.0738923667592	536970	573.892366759	8.63743053296
3729.09424171	8600	0.5	0.093552387454	513386	593.552387454	7.82579045018
3729.59257425	7000	0.501667463125	0.0	418197	498.332536875	5.4
3730.19873372	8600	0.5	0.104492008938	525989	606.159472063	6.58203196425
3730.83056751	9000	0.5	0.131833790366	551655	631.833790366	8.07266483854
3731.53237631	9533	0.5	0.201808801245	584127	701.808801245	8.19276479502
3732.30589899	10000	0.5	0.273522677134	612540	773.522677134	8.43890929146
3733.07942167	10000	0.5	0.273522677134	612540	773.522677134	8.90590929146
3733.85294434	10000	0.5	0.273522677134	612540	773.522677134	8.90590929146
3734.62646702	10000	0.5	0.273522677134	612540	773.522677134	8.90590929146
3735.3923866	10000	0.5	0.265919578414	612540	765.919578414	8.93632168635
3736.13412679	9866	0.5	0.241740192714	607628	741.740192714	8.76503922914
3736.88979273	10000	0.5	0.255665936499	620415	755.665936499	8.84333625401
3737.64545867	10000	0.5	0.255665936499	620415	755.665936499	8.97733625401
3738.4011246	10000	0.5	0.255665936499	620415	755.665936499	8.97733625401
3739.10730741	11600	0.5	0.206182806648	730995	706.182806648	9.17526877341
3739.75673526	12000	0.5	0.149427849691	758640	649.427849691	11.0022886012
3740.41587875	12266	0.5	0.159143490953	771584	659.143490953	11.3634260362
3741.00725594	11000	0.5	0.0913771933919	681300	591.377193392	9.36849122643
3741.57678892	10200	0.5	0.0695329761191	627772	569.532976119	9.12186809552
3742.15913781	10000	0.5	0.0823488926154	612540	582.348892615	9.47060442954
3742.7414867	10000	0.5	0.0823488926154	612540	582.348892615	9.67060442954
3743.3238356	10000	0.5	0.0823488926154	612540	582.348892615	9.67060442954
3743.88604418	9600	0.5	0.0622085793771	588186	562.208579377	8.95116568249
3744.4003617	8666	0.5	0.0143175281206	530195	514.317528121	7.67472988752
3744.90251298	8533	0.5	0.00215127998993	515343	502.15127999	8.39139488004
3745.42446923	9000	0.5	0.0219562477421	539520	521.956247742	8.44517500903
3745.94642548	9000	0.5	0.0219562477421	539520	521.956247742	8.91217500903
3746.46838173	9000	0.5	0.0219562477421	539520	521.956247742	8.91217500903
3746.93992328	9000	0.528458447256	0.0	539520	471.541552744	9.0
3747.3922142	9000	0.576167528811	0.0	539520	452.290918445	9.0
3747.84543115	9000	0.622950575349	0.0	540862	453.216953463	9.0
3748.29791045	9000	0.670471275711	0.0	539793	452.479299637	9.0
3748.7919799	9933	0.676401825132	0.0	600065	494.06945058	9.0
3749.25421163	9533	0.714170098316	0.0	573695	462.231726815	9.133
3749.6911458	9000	0.777235932843	0.0	537795	436.934165474	8.467
3750.07792221	7800	0.890459514628	0.0	462222	386.776418214	6.6
3750.46066599	7800	1.00771573337	0.0	456146	382.743781263	7.8
3750.83738936	7666	1.13099236846	0.0	447075	376.723364905	7.532
3751.19687513	7133	1.2715066018	0.0	421103	359.485766665	6.6
3751.59057053	8000	1.37781120058	0.0	476265	393.69540122	7.133
3751.96987916	7733	1.49850256641	0.0	454837	379.30863417	7.466
3752.35409887	8000	1.61428285346	0.0	462300	384.219712945	7.733
3752.73831859	8000	1.73006314052	0.0	462300	384.219712945	8.0
3753.12986908	8000	1.83851264699	0.0	468906	391.550493521	8.0
3753.53129638	8000	1.93708534532	0.0	467438	401.427301675	8.0
3753.931138	7933	2.03724373278	0.0	465132	399.841612541	7.866
3754.27451986	6400	2.19386186775	0.0	383025	343.381865026	4.867
3754.61790173	6400	2.35048000272	0.0	383025	343.381865026	6.4
3754.96128359	6400	2.5070981377	0.0	383025	343.381865026	6.4
3755.30466546	6400	2.66371627267	0.0	383025	343.381865026	6.4
3755.64804732	6400	2.82033440765	0.0	383025	343.381865026	6.4
3756.00789649	6400	2.96048523524	0.0	383025	359.84917241	6.4
3756.39037972	6400	3.07800200785	0.0	383025	382.483227384	6.4
3756.77286295	6400	3.19551878047	0.0	383025	382.483227384	6.4
3757.15534617	6400	3.31303555308	0.0	383025	382.483227384	6.4
3757.5378294	6400	3.4305523257	0.0	383025	382.483227384	6.4
3757.90150159	6400	3.56688013579	0.0	383025	363.67218991	6.4
3758.24328515	6400	3.72509657497	0.0	383025	341.783560816	6.4
3758.58506871	6400	3.88331301416	0.0	383025	341.783560816	6.4
3758.92685227	6400	4.04152945334	0.0	383025	341.783560816	6.4
3759.26863584	6400	4.19974589252	0.0	383025	341.783560816	6.4
3759.6104194	6400	4.35796233171	0.0	383025	341.783560816	6.4
3759.95557846	6400	4.51280326317	0.0	383025	345.15906854	6.4
3760.31445548	6400	4.65392625187	0.0	383025	358.877011297	6.4
3760.67333249	6400	4.79504924057	0.0	383025	358.877011297	6.4
3761.0322095	6400	4.93617222928	0.0	383025	358.877011297	6.4
3761.39108651	6400	5.07729521798	0.0	383025	358.877011297	6.4
3761.74996352	6400	5.21841820668	0.0	383025	358.877011297	6.4
3762.10884053	6400	5.35954119538	0.0	383025	358.877011297	6.4

