5089.87322917	3066	0.5	0.267209407676	181435	267.209407676	1.9971623693
5090.43976726	7800	0.5	0.0665380946936	471531	566.538094694	2.79984762123
5091.01756361	7866	0.5	0.0777963516294	482442	577.796351629	7.48881459348
5091.60534598	8000	0.5	0.0877823667174	492120	587.782366717	7.51487053313
5092.20636545	8000	0.5	0.101019468134	492120	601.019468134	7.59592212746
5092.97255811	8000	0.5	0.266192659599	490176	766.192659599	6.9352293616
5093.77124642	8333	0.5	0.298688314644	513389	798.688314644	6.80524674142
5094.55130223	8066	0.5	0.280055807529	497055	780.055807529	6.67877676989
5095.37840705	8466	0.5	0.327104816242	520019	827.104816242	6.75758073503
5096.2504026	9000	0.5	0.37199555502	551265	871.99555502	6.97801777992
5097.13255123	9266	0.5	0.382148625843	558332	882.148625843	7.47140549663
5098.27955953	9000	0.5	0.647008300845	536970	1147.00830084	6.14596679662
5099.57118968	9000	0.5	0.791630151674	536970	1291.63015167	5.8334793933
5100.86281983	9000	0.5	0.791630151674	536970	1291.63015167	5.8334793933
5102.3912083	9000	0.5	1.02838847211	536970	1528.38847211	4.88644611156
5103.99181533	9000	0.5	1.10060702718	536970	1600.60702718	4.59757189127
5105.63901727	9400	0.5	1.1472019357	553424	1647.2019357	4.41119225721
5107.19995037	9000	0.5	1.06093310787	522960	1560.93310787	4.3562675685
5108.66183988	9000	0.5	0.96188950546	522960	1461.88950546	5.15244197816
5110.08049958	9000	0.5	0.918659703861	532300	1418.65970386	5.32536118456
5111.42548396	8400	0.5	0.844984380388	503004	1344.98438039	4.42006247845
5112.62874924	8000	0.5	0.703265274232	481782	1203.26527423	4.78693890307
5113.82572384	8000	0.5	0.696974603971	481782	1196.97460397	5.21210158412
5115.07663128	8533	0.5	0.750907438959	510552	1250.90743896	4.99637024416
5115.72167478	9000	0.5	0.145043496307	536970	645.043496307	7.95282601477
5116.36671827	9000	0.5	0.145043496307	536970	645.043496307	8.41982601477
5117.01176177	9000	0.5	0.145043496307	536970	645.043496307	8.41982601477
5117.65409448	9000	0.5	0.142332706855	536970	642.332706855	8.43066917258
5118.2957401	9000	0.5	0.141645619557	536970	641.645619557	8.43341752177
5118.97610691	9533	0.5	0.180366815966	573990	680.366815966	8.27853273614
5119.66412653	9666	0.5	0.188019613653	586715	688.019613653	8.78092154539
5120.31302686	9000	0.5	0.14890033883	551265	648.90033883	7.73839864468
5120.9619272	9000	0.5	0.14890033883	551265	648.90033883	8.40439864468
5121.66026382	9000	0.5	0.198336620375	551265	698.336620375	8.2066535185
5122.3822508	9000	0.5	0.221986976102	551265	721.986976102	8.11205209559
5123.07234525	9000	0.5	0.19009444579	551265	690.09444579	8.23962221684
5123.58587164	9000	0.5	0.0135263924832	551265	513.526392483	8.94589443007
5124.08096432	8466	0.504907316604	0.0	527825	495.092683396	7.932
5124.55289691	8000	0.532974732721	0.0	498375	471.932583882	7.534
5125.03333373	7066	0.55253791166	0.0	434595	480.436821062	6.132
5125.53505585	7200	0.550815785315	0.0	442995	501.722126344	7.066
5126.06209492	7600	0.523776718084	0.0	469589	527.039067231	7.2
5126.60239998	8000	0.5	0.0165283464555	496259	540.30506454	7.53388661418
5127.13170908	8133	0.5	0.0293090960086	508563	529.309096009	7.88276361597
5127.68608979	8733	0.5	0.0543807066577	536941	554.380706658	7.91547717337
5128.22879075	8733	0.5	0.0427009652944	525223	542.700965294	8.56219613882
5128.76473412	9000	0.5	0.0359433699089	536970	535.943369909	8.58922652036
5129.29301518	9000	0.5	0.0282810554965	527946	528.281055496	8.88687577801
5129.79904164	8933	0.5	0.00602646698383	519390	506.026466984	8.84189413206
5130.29396733	8933	0.505074315056	0.0	530998	494.925684944	8.933
5130.79355958	9000	0.505482066037	0.0	536970	499.592249019	8.933
5131.29297095	8600	0.506070692648	0.0	513386	499.411373389	8.2
5131.75460937	7000	0.544432278396	0.0	418197	461.638414252	5.4
5132.31461665	8600	0.5	0.0155750097342	525989	560.00728813	6.93769996106
5132.87647163	9000	0.5	0.0618549773634	551655	561.854977363	8.35258009055
5133.40855934	9533	0.5	0.0320877118838	584127	532.087711884	8.87164915246
5133.96263742	10000	0.5	0.0540780806867	612540	554.078080687	9.31668767725
5134.50599467	10000	0.5	0.0433572437638	612540	543.357243764	9.82657102494
5135.04196591	10000	0.5	0.0359712371275	612540	535.971237127	9.85611505149
5135.5759059	10000	0.5	0.033939994029	612540	533.939994029	9.86424002388
5136.108471	10000	0.5	0.0325650998325	612540	532.565099833	9.86973960067
5136.63740695	9866	0.5	0.0289359494581	607628	528.935949458	9.61625620217
5137.13148482	10000	0.50592212444	0.0	620415	494.07787556	9.866
5137.60635736	10000	0.531049586715	0.0	620415	474.872537725	10.0
5138.05231162	10000	0.585095333082	0.0	620415	445.954253633	10.0
5138.56072456	11600	0.576682386797	0.0	730995	508.412946285	10.0
5139.05300853	12000	0.584398415228	0.0	758640	492.283971569	11.6
5139.54859705	12266	0.588809899952	0.0	771584	495.588515276	12.0
5139.95973579	11000	0.677671161521	0.0	681300	411.138738431	9.734
5140.33119625	10200	0.806210699762	0.0	627772	371.460461759	9.4
5140.69558483	10000	0.941822114024	0.0	612540	364.388585738	9.8
5141.12919407	10000	1.0082128755	0.0	612540	433.609238525	10.0
5141.57772559	10000	1.05968135916	0.0	612540	448.531516338	10.0
5142.01314826	9600	1.12425869007	0.0	588186	435.422669089	9.2
5142.42099574	8666	1.21641121219	0.0	530195	407.847477882	7.732
5142.81965944	8533	1.31774750772	0.0	515343	398.663704475	8.4
5143.22882514	9000	1.40858181135	0.0	539520	409.165696363	8.533
5143.60260658	9000	1.53480036753	0.0	539520	373.781443827	9.0
5143.97363334	9000	1.66377360924	0.0	539520	371.026758285	9.0
5144.32736747	9000	1.81003947944	0.0	539520	353.7341298	9.0
5144.6811016	9000	1.95630534964	0.0	539520	353.7341298	9.0
5145.03551661	9000	2.1018903346	0.0	540862	354.415015035	9.0
5145.3253099	6400	2.31209704834	0.0	383025	289.793286265	3.8
5145.62390498	6400	2.51350197031	0.0	383025	298.595078034	6.4
5145.92250006	6400	2.71490689227	0.0	383025	298.595078034	6.4
5146.22109513	6400	2.91631181424	0.0	383025	298.595078034	6.4
5146.51969021	6400	3.1177167362	0.0	383025	298.595078034	6.4
5146.81997934	6400	3.31742760871	0.0	383025	300.289127488	6.4
5147.12031898	6400	3.51708796801	0.0	383025	300.339640707	6.4
5147.42065862	6400	3.7167483273	0.0	383025	300.339640707	6.4
5147.72007728	6400	3.91732966388	0.0	383025	299.418663421	6.4
5148.00686905	6400	4.13053789894	0.0	383025	286.791764939	6.4
5148.29366081	6400	4.343746134	0.0	383025	286.791764939	6.4
5148.58045258	6400	4.55695436906	0.0	383025	286.791764939	6.4
5148.89000647	6400	4.74740047546	0.0	383025	309.553893602	6.4
5149.23474887	6400	4.9026580752	0.0	383025	344.742400262	6.4
5149.57949127	6400	5.05791567493	0.0	383025	344.742400262	6.4
5149.92423367	6400	5.21317327467	0.0	383025	344.742400262	6.4
5150.2708988	6400	5.3665081444	0.0	383025	346.665130274	6.4
5150.63781501	6400	5.49959194202	0.0	383025	366.916202382	6.4
5151.00473121	6400	5.63267573963	0.0	383025	366.916202382	6.4
5151.37164741	6400	5.76575953725	0.0	383025	366.916202382	6.4
5151.73868243	6400	5.89872452271	0.0	383025	367.035014541	6.4
5152.11899851	6400	6.01840844222	0.0	383025	380.316080494	6.4
5152.49931459	6400	6.13809236172	0.0	383025	380.316080494	6.4
5152.87963067	6400	6.25777628123	0.0	383025	380.316080494	6.4
5153.25994675	6400	6.37746020074	0.0	383025	380.316080494	6.4
5153.64251984	6400	6.49488710576	0.0	383025	382.573094979	6.4
5154.04263017	6400	6.5947767814	0.0	383025	400.110324358	6.4
5154.44274049	6400	6.69466645704	0.0	383025	400.110324358	6.4
5154.84285082	6400	6.79455613268	0.0	383025	400.110324358	6.4
5155.24371044	6400	6.89369650818	0.0	383025	400.859624499	6.4
5155.6527237	6400	6.98468324622	0.0	383025	409.01326196	6.4
5156.06173696	6400	7.07566998426	0.0	383025	409.01326196	6.4
5156.47075023	6400	7.1666567223	0.0	383025	409.01326196	6.4
5156.87423502	6400	7.2631719287	0.0	383025	403.484793602	6.4
5157.20664104	6400	7.43076590783	0.0	383025	332.406020876	6.4
5157.53904706	6400	7.59835988695	0.0	383025	332.406020876	6.4
5157.87145308	6400	7.76595386608	0.0	383025	332.406020876	6.4
5158.2038591	6400	7.9335478452	0.0	383025	332.406020876	6.4

