8213.35161653	3066	0.5	0.279522466549	181435	279.522466549	1.9479101338
8213.950155	7800	0.5	0.0985384747953	471531	598.538474795	2.67184610082
8214.56069221	7866	0.5	0.110537205098	482442	610.537205098	7.35785117961
8215.20044429	8000	0.5	0.139752078441	492120	639.752078441	7.30699168624
8215.8588802	8000	0.5	0.158435916147	492120	658.435916147	7.36625633541
8216.41998103	8000	0.5	0.0611008317913	490176	561.100831791	7.75559667283
8216.92580717	8333	0.5	0.00582613422638	513389	505.826134226	7.97669546309
8217.41808521	8066	0.50772196298	0.0	497055	492.27803702	7.799
8217.87303822	8466	0.552768953876	0.0	520019	454.953009103	8.066
8218.31733301	9000	0.608474163296	0.0	551265	444.294790581	8.466
8218.83329854	9266	0.592508633318	0.0	558332	515.965529978	9.0
8219.35180161	9000	0.574005563481	0.0	536970	518.503069837	8.734
8219.88363543	9000	0.542171735671	0.0	536970	531.83382781	9.0
8220.4477321	9000	0.5	0.0219249348577	536970	564.096670529	8.91230026057
8221.0263784	9000	0.5	0.0786462922876	536970	578.646292288	8.68541483085
8221.6112072	9000	0.5	0.0848288040738	536970	584.828804074	8.6606847837
8222.18090119	9400	0.5	0.0696939942471	553424	569.693994247	8.72122402301
8222.72358992	9000	0.5	0.0426887244226	522960	542.688724423	8.42924510231
8223.30258121	9000	0.5	0.0789912926109	522960	578.991292611	8.68403482956
8223.89690601	9000	0.5	0.0943248009956	532300	594.324800996	8.62270079602
8224.43041058	8400	0.5	0.0335045718032	503004	533.504571803	7.66598171279
8224.92722963	8000	0.503180957512	0.0	481782	496.819042488	7.6
8225.41784551	8000	0.512565077901	0.0	481782	490.615879611	8.0
8225.91879052	8533	0.511620065293	0.0	510552	500.945012607	8.0
8226.4771815	9000	0.5	0.0467709109529	536970	558.390976246	8.34591635619
8227.07186785	9000	0.5	0.0946863559935	536970	594.686355993	8.62125457603
8227.65359307	9000	0.5	0.0817252159795	536970	581.725215979	8.67309913608
8228.2050908	9000	0.5	0.0514977349045	536970	551.497734905	8.79400906038
8228.75491054	9000	0.5	0.0498197358976	536970	549.819735898	8.80072105641
8229.33344036	9533	0.5	0.0785298193647	573990	578.529819365	8.68588072254
8229.91339328	9666	0.5	0.079952921573	586715	579.952921573	9.21318831371
8230.44521358	9000	0.5	0.0318203028322	551265	531.820302832	8.20671878867
8230.94733306	9000	0.5	0.00211947618965	551265	502.11947619	8.99152209524
8231.43205767	9000	0.515275386571	0.0	551265	484.724613429	9.0
8231.97063307	9000	0.5	0.02330000876	551265	538.575395331	8.90679996496
8232.54822443	9000	0.5	0.0775913593948	551265	577.591359395	8.68963456242
8233.09217934	9000	0.5	0.0439549164192	551265	543.954916419	8.82418033432
8233.6068495	8466	0.5	0.014670160281	527825	514.670160281	7.87331935888
8234.05407805	8000	0.552771452876	0.0	498375	447.228547124	7.534
8234.43960577	7066	0.667243732832	0.0	434595	385.527720044	6.132
8234.86612637	7200	0.740723128123	0.0	442995	426.520604709	7.066
8235.31634418	7600	0.790505326149	0.0	469589	450.217801975	7.2
8235.79331293	8000	0.813536568373	0.0	496259	476.968757776	7.6
8236.29003307	8133	0.816816431373	0.0	508563	496.720137	8.0
8236.702561	8733	0.904288506367	0.0	536941	412.527925006	8.133
8237.09956294	8733	1.00728655892	0.0	525223	397.001947446	8.733
8237.50360645	9000	1.10324305433	0.0	536970	404.043504591	8.733
8237.90551432	9000	1.20133518182	0.0	527946	401.907872509	9.0
8238.4015666	8933	1.2052829066	0.0	519390	496.052275224	8.866
8238.90691735	8933	1.1999321566	0.0	530998	505.350749994	8.933
8239.40434155	9000	1.2025079562	0.0	536970	497.424200401	8.933
8239.87898836	8600	1.22786114387	0.0	513386	474.646812335	8.2
8240.27960377	7000	1.3272457363	0.0	418197	400.615407569	5.4
8240.76209627	8600	1.344753231	0.0	525989	482.492505302	7.0
8241.26390366	9000	1.34294584173	0.0	551655	501.80738927	8.6
8241.78876018	9533	1.31808932157	0.0	584127	524.856520157	9.0
8242.33016135	10000	1.27668815718	0.0	612540	541.401164389	9.533
8242.86812046	10000	1.23872904048	0.0	612540	537.959116705	10.0
8243.39501366	10000	1.21183583838	0.0	612540	526.893202094	10.0
8243.90668037	10000	1.2001691303	0.0	612540	511.666708083	10.0
8244.38490406	10000	1.22194543927	0.0	612540	478.223691024	10.0
8244.85912161	9866	1.24772788797	0.0	607628	474.217551301	9.732
8245.3505475	10000	1.25630200104	0.0	620415	491.425886935	9.866
8245.90921805	10000	1.19763145468	0.0	620415	558.670546358	10.0
8246.48856373	10000	1.1182857727	0.0	620415	579.345681978	10.0
8247.2028814	11600	0.903968106012	0.0	730995	714.31766669	10.0
8247.94980954	12000	0.657039966816	0.0	758640	746.928139196	11.6
8248.6931282	12266	0.5	0.0862787006652	771584	743.318667481	11.6548851973
8249.31134741	11000	0.5	0.118219204074	681300	618.219204074	9.2611231837
8249.87939837	10200	0.5	0.0680509622619	627772	568.050962262	9.12779615095
8250.43229102	10000	0.5	0.0528926543425	612540	552.892654343	9.58842938263
8250.98710143	10000	0.5	0.0548104067357	612540	554.810406736	9.78075837306
8251.54355788	10000	0.5	0.0564564454989	612540	556.456445499	9.774174218
8252.08527132	9600	0.5	0.0417134476506	588186	541.713447651	9.0331462094
8252.56603796	8666	0.519233368789	0.0	530195	480.766631211	7.732
8253.01372869	8533	0.57154263011	0.0	515343	447.690738679	8.4
8253.47492804	9000	0.610343281485	0.0	539520	461.199348625	8.533
8253.92751445	9000	0.657756875835	0.0	539520	452.58640565	9.0
8254.36418198	9000	0.721089343153	0.0	539520	436.667532682	9.0
8254.78522083	9000	0.800050490095	0.0	539520	421.038853058	9.0
8255.23034612	9000	0.854925200776	0.0	539520	445.125289319	9.0
8255.76326667	9000	0.822004654729	0.0	540862	532.920546048	9.0
8256.31883691	9000	0.766434418499	0.0	539793	555.57023623	9.0
8256.99736875	9933	0.587902578846	0.0	600065	678.531839653	9.0
8257.66941235	9533	0.5	0.0841410287635	573695	672.04360761	8.79643588495
8258.32877748	9000	0.5	0.159365127172	537795	659.365127172	7.82953949131
8258.8933841	7800	0.5	0.0646066158744	462222	564.606615874	6.3415735365
8259.43559806	7800	0.5	0.042213965728	456146	542.213965728	7.63114413709
8259.95941732	7666	0.5	0.0238192556764	447075	523.819255676	7.43672297729
8260.41480663	7133	0.544610689882	0.0	421103	455.389310118	6.6
8260.91936971	8000	0.540047602507	0.0	476265	504.563087376	7.133
8261.45440235	7733	0.505014968228	0.0	454837	535.032634279	7.466
8262.02142038	8000	0.5	0.0620030653378	462300	567.018033565	7.48498773865
8262.60481364	8000	0.5	0.0833932551249	462300	583.393255125	7.6664269795
8263.21799227	8000	0.5	0.113178628787	468906	613.178628787	7.54728548485
8263.80832541	8000	0.5	0.0903331475316	467438	590.333147532	7.63866740987
8264.35031099	7933	0.5	0.0419855747947	465132	541.985574795	7.69805770082
8264.88256882	7533	0.5	0.0322578271455	455338	532.257827146	7.00396869142
8265.52220831	8866	0.5	0.139639489247	543071	639.639489247	6.97444204301
8266.17081378	9000	0.5	0.148605478316	551023	648.605478316	8.27157808673
8266.90442108	10000	0.5	0.233607294202	612540	733.607294202	8.06557082319
8267.63503115	10000	0.5	0.230610073706	612540	730.610073706	9.07755970517
8268.35733814	10000	0.5	0.222306993334	612540	722.306993334	9.11077202667
8269.16019604	9066	0.5	0.302857897817	555398	802.857897817	6.92056840873
8270.04586642	9000	0.5	0.385670382405	551655	885.670382405	7.39131847038
8271.08013712	9000	0.5	0.534270696833	551655	1034.27069683	6.86291721267
8272.16891945	9000	0.5	0.588782330646	551655	1088.78233065	6.64487067742
8272.59031281	9000	0.578606642145	0.0	551655	421.393357855	9.0
8272.9509543	8533	0.71796515402	0.0	521611	360.641488126	8.066
8273.28387985	8000	0.885039605965	0.0	487275	332.925548054	7.467
8273.61000417	8000	1.05891528483	0.0	487275	326.124321133	8.0
8273.97245414	8000	1.19646531686	0.0	487275	362.449967968	8.0
8274.37817268	7133	1.29074677598	0.0	432597	405.718540885	6.266
8274.83121792	7933	1.33770153017	0.0	483757	453.045245809	7.133
8275.28925821	8000	1.37966123776	0.0	488565	458.04029241	7.933
8275.73743665	8000	1.43148280678	0.0	488565	448.178430983	8.0
8276.18561508	8000	1.4833043758	0.0	488565	448.178430983	8.0
8276.57943381	6933	1.58948564623	0.0	419059	393.818729569	5.866
8276.96606136	6866	1.70285809704	0.0	410775	386.627549183	6.799
8277.35565447	6866	1.81326498261	0.0	413769	389.593114434	6.866

