5832.28182	3066	0.5	0.198149873032	181435	198.149873032	2.27340050787
5832.66887943	7800	0.612940569457	0.0	471531	387.059430543	3.066
5833.06304407	7866	0.718775931735	0.0	482442	394.164637722	7.8
5833.46351099	8000	0.818309012362	0.0	492120	400.466919373	7.866
5833.85290072	8000	0.928919278915	0.0	492120	389.389733448	8.0
5834.24070706	8000	1.04111294288	0.0	490176	387.80633604	8.0
5834.71426725	8333	1.06755274682	0.0	513389	473.560196051	8.0
5835.17819302	8066	1.10362698154	0.0	497055	463.925765289	7.799
5835.66575532	8466	1.11606468502	0.0	520019	487.562296515	8.066
5836.21625864	9000	1.06556136158	0.0	551265	550.503323445	8.466
5836.77279363	9266	1.00902637099	0.0	558332	556.534990587	9.0
5837.31967222	9000	0.962147781708	0.0	536970	546.87858928	8.734
5837.86897122	9000	0.912848778314	0.0	536970	549.299003394	9.0
5838.41827023	9000	0.86354977492	0.0	536970	549.299003394	9.0
5838.9662104	9000	0.81560959751	0.0	536970	547.94017741	9.0
5839.51359956	9000	0.768220440386	0.0	536970	547.389157124	9.0
5840.08172911	9400	0.700090892488	0.0	553424	568.129547898	9.0
5840.62353918	9000	0.658280816907	0.0	522960	541.810075581	8.6
5841.13039566	9000	0.651424337063	0.0	522960	506.856479844	9.0
5841.64325416	9000	0.638565839739	0.0	532300	512.858497323	9.0
5842.13501344	8400	0.646806561574	0.0	503004	491.759278165	7.8
5842.61312017	8000	0.668699826285	0.0	481782	478.106735289	7.6
5843.09122691	8000	0.690593090997	0.0	481782	478.106735289	8.0
5843.59712227	8533	0.684697731969	0.0	510552	505.895359028	8.0
5844.12678205	9000	0.655037954158	0.0	536970	529.659777811	8.533
5844.63810244	9000	0.643717563646	0.0	536970	511.320390511	9.0
5845.10059288	9000	0.681227120219	0.0	536970	462.490443428	9.0
5845.57870714	9000	0.703112859349	0.0	536970	478.114260869	9.0
5846.10803299	9000	0.673787010315	0.0	536970	529.325849034	9.0
5846.66833644	9533	0.613483559308	0.0	573990	560.303451007	9.0
5847.22243753	9666	0.559382472009	0.0	586715	554.101087299	9.533
5847.74456209	9000	0.537257906745	0.0	551265	522.124565264	8.334
5848.31702576	9000	0.5	0.035205756223	551265	572.463662968	8.85917697511
5848.9151056	9000	0.5	0.0980798418154	551265	598.079841815	8.60768063274
5849.50109798	9000	0.5	0.085992379572	551265	585.992379572	8.65603048171
5850.0599197	9000	0.5	0.0588217195918	551265	558.821719592	8.76471312163
5850.60384684	9000	0.5	0.0439271421843	551265	543.927142184	8.82429143126
5851.09827363	8466	0.50557320537	0.0	527825	494.42679463	7.932
5851.56957748	8000	0.534269356985	0.0	498375	471.303848385	7.534
5851.9338205	7066	0.67002633795	0.0	434595	364.243019035	6.132
5852.29261496	7200	0.811231881016	0.0	442995	358.794456934	7.066
5852.67375652	7600	0.930090315541	0.0	469589	381.141565476	7.2
5853.08959962	8000	1.01424722508	0.0	496259	415.843090457	7.6
5853.51376943	8133	1.09007740728	0.0	508563	424.169817801	8.0
5854.04649026	8733	1.05735658359	0.0	536941	532.720823696	8.133
5854.59985966	8733	1.00398718487	0.0	525223	553.369398722	8.733
5855.35941785	9000	0.744428991515	0.0	536970	759.55819335	8.733
5856.10755579	9000	0.5	0.00370894905208	527946	748.137940567	8.98516420379
5856.78600825	8933	0.5	0.178452465451	519390	678.452465451	8.1521901382
5857.40218143	8933	0.5	0.116173177974	530998	616.173177974	8.4683072881
5857.99629398	9000	0.5	0.0941125427618	536970	594.112542762	8.55654982895
5858.56500842	8600	0.5	0.0687144430229	513386	568.714443023	7.92514222791
5859.00724937	7000	0.557759048475	0.0	418197	442.240951525	5.4
5859.53936032	8600	0.525648095407	0.0	525989	532.110953068	7.0
5860.07242383	9000	0.5	0.00741540945522	551655	533.063504862	8.57033836218
5860.59558279	9533	0.5	0.0231589647178	584127	523.158964718	8.90736414113
5861.14081082	10000	0.5	0.0452280255807	612540	545.228025581	9.35208789768
5861.69447894	10000	0.5	0.0536681193816	612540	553.668119382	9.78532752247
5862.24450949	10000	0.5	0.0500305513177	612540	550.030551318	9.79987779473
5862.72778457	10000	0.516724918121	0.0	612540	483.275081879	10.0
5863.20855755	10000	0.535951941753	0.0	612540	480.772976368	10.0
5863.63103843	9866	0.613471055966	0.0	607628	422.480885787	9.732
5864.11925771	10000	0.625251782865	0.0	620415	488.219273102	9.866
5864.63528669	10000	0.609222800003	0.0	620415	516.028982861	10.0
5865.14246673	10000	0.602042754065	0.0	620415	507.180045938	10.0
5865.71198453	11600	0.532524958294	0.0	730995	569.517795772	10.0
5866.2933647	12000	0.5	0.0488552068353	758640	581.380165129	11.4045791727
5866.8772684	12266	0.5	0.0839037071458	771584	583.903707146	11.6643851714
5867.40413348	11000	0.5	0.0268650760237	681300	526.865076024	9.62653969591
5867.90516363	10200	0.5	0.00103014767186	627772	501.030147672	9.39587940931
5868.40856431	10000	0.5	0.00340068562215	612540	503.400685622	9.78639725751
5868.93306873	10000	0.5	0.0245044151185	612540	524.504415119	9.90198233953
5869.49672327	10000	0.5	0.063654544249	612540	563.654544249	9.745381823
5870.00096474	9600	0.5	0.00424146955593	588186	504.241469556	9.18303412178
5870.39915617	8666	0.601808571357	0.0	530195	398.191428643	7.732
5870.78843431	8533	0.712530427634	0.0	515343	389.278143723	8.4
5871.19728622	9000	0.803678520731	0.0	539520	408.851906903	8.533
5871.60893635	9000	0.892028395865	0.0	539520	411.650124866	9.0
5872.02795947	9000	0.973005272687	0.0	539520	419.023123179	9.0
5872.45887627	9000	1.04208847224	0.0	539520	430.916800446	9.0
5872.89421859	9000	1.10674614698	0.0	539520	435.342325262	9.0
5873.3495531	9000	1.15141164332	0.0	540862	455.33450366	9.0
5873.80414576	9000	1.19681897877	0.0	539793	454.59266455	9.0
5874.30901791	9933	1.19194682966	0.0	600065	504.872149103	9.0
5874.79630987	9533	1.20465487335	0.0	573695	487.291956314	9.133
5875.24358161	9000	1.25738313078	0.0	537795	447.271742571	8.467
5875.63553693	7800	1.36542780645	0.0	462222	391.955324334	6.6
5876.02773945	7800	1.47322529514	0.0	456146	392.202511304	7.8
5876.44249973	7666	1.55846501467	0.0	447075	414.760280476	7.532
5876.83781272	7133	1.66315201709	0.0	421103	395.312997572	6.6
5877.26265303	8000	1.73831170835	0.0	476265	424.84030874	7.133
5877.66584422	7733	1.83512052225	0.0	454837	403.191186109	7.466
5878.07433835	8000	1.92662639064	0.0	462300	408.494131608	7.733
5878.50178875	8000	1.99917599497	0.0	462300	427.450395666	8.0
5878.94668971	8000	2.05427503052	0.0	468906	444.900964447	8.0
5879.32475839	6400	2.17620635171	0.0	383025	378.068678813	4.8
5879.69211943	6400	2.30884531398	0.0	383025	367.361037736	6.4
5880.05684284	6400	2.44412190575	0.0	383025	364.723408223	6.4
5880.42156624	6400	2.57939849753	0.0	383025	364.723408223	6.4
5880.78564335	6400	2.71532139437	0.0	383025	364.077103157	6.4
5881.14923517	6400	2.8517295748	0.0	383025	363.591819572	6.4
5881.51282699	6400	2.98813775523	0.0	383025	363.591819572	6.4
5881.89568165	6400	3.10528309448	0.0	383025	382.854660754	6.4
5882.30772447	6400	3.19324026808	0.0	383025	412.042826394	6.4
5882.7197673	6400	3.28119744169	0.0	383025	412.042826394	6.4
5883.1235252	6400	3.37743954314	0.0	383025	403.757898545	6.4
5883.50435687	6400	3.49660787532	0.0	383025	380.831667827	6.4
5883.88518853	6400	3.61577620749	0.0	383025	380.831667827	6.4
5884.2660202	6400	3.73494453966	0.0	383025	380.831667827	6.4
5884.67984569	6400	3.82111904978	0.0	383025	413.825489886	6.4
5885.09839117	6400	3.90257357072	0.0	383025	418.545479054	6.4
5885.51693665	6400	3.98402809167	0.0	383025	418.545479054	6.4
5885.92781708	6400	4.07314765837	0.0	383025	410.8804333	6.4
5886.33645099	6400	4.16451375124	0.0	383025	408.633907127	6.4
5886.7450849	6400	4.25587984411	0.0	383025	408.633907127	6.4
5887.16113996	6400	4.33982478228	0.0	383025	416.05506183	6.4
5887.57880499	6400	4.42215975186	0.0	383025	417.665030425	6.4
5887.99647002	6400	4.50449472143	0.0	383025	417.665030425	6.4
5888.4084101	6400	4.59255464578	0.0	383025	411.94007565	6.4
5888.81592565	6400	4.68503908678	0.0	383025	407.515558999	6.4

