7642.06616557	3066	0.5	0.211650571426	181435	211.650571426	2.2193977143
7642.48831193	7800	0.577853635765	0.0	471531	422.146364235	3.066
7642.9183754	7866	0.647790169621	0.0	482442	430.063466144	7.8
7643.35546129	8000	0.710704275443	0.0	492120	437.085894178	7.866
7643.79254719	8000	0.773618381266	0.0	492120	437.085894178	8.0
7644.2282225	8000	0.837943067796	0.0	490176	435.675313469	8.0
7644.71014196	8333	0.85602360997	0.0	513389	481.919457826	8.0
7645.21098033	8066	0.855185239204	0.0	497055	500.838370766	7.799
7645.73126148	8466	0.834904085756	0.0	520019	520.281153448	8.066
7646.27799749	9000	0.788168081772	0.0	551265	546.736003984	8.466
7646.71870827	9266	0.847457301852	0.0	558332	440.71077992	9.0
7647.10187627	9000	0.964289297608	0.0	536970	383.168004245	8.734
7647.48504428	9000	1.08112129336	0.0	536970	383.168004245	9.0
7647.86821228	9000	1.19795328912	0.0	536970	383.168004245	9.0
7648.25138028	9000	1.31478528487	0.0	536970	383.168004245	9.0
7648.63918706	9000	1.42697850766	0.0	536970	387.806777208	9.0
7649.03664226	9400	1.52952330687	0.0	553424	397.455200794	9.0
7649.4166227	9000	1.64954287269	0.0	522960	379.980434183	8.6
7649.79554642	9000	1.77061915084	0.0	522960	378.923721846	9.0
7650.17469008	9000	1.89147548534	0.0	532300	379.143665501	9.0
7650.53736989	8400	2.02879568012	0.0	503004	362.679805225	7.8
7650.83262351	6400	2.23354205908	0.0	383025	295.253621038	4.4
7651.12787713	6400	2.43828843804	0.0	383025	295.253621038	6.4
7651.42313075	6400	2.643034817	0.0	383025	295.253621038	6.4
7651.71838437	6400	2.84778119597	0.0	383025	295.253621038	6.4
7652.00988321	6400	3.05628235958	0.0	383025	291.498836384	6.4
7652.29971694	6400	3.26644862737	0.0	383025	289.833732211	6.4
7652.58955067	6400	3.47661489516	0.0	383025	289.833732211	6.4
7652.87938441	6400	3.68678116295	0.0	383025	289.833732211	6.4
7653.17008289	6400	3.89608268111	0.0	383025	290.698481843	6.4
7653.46323367	6400	4.10293189447	0.0	383025	293.150786631	6.4
7653.75638446	6400	4.30978110784	0.0	383025	293.150786631	6.4
7654.04953525	6400	4.51663032121	0.0	383025	293.150786631	6.4
7654.34268603	6400	4.72347953458	0.0	383025	293.150786631	6.4
7654.65519345	6400	4.91097211845	0.0	383025	312.507416125	6.4
7654.99907937	6400	5.06708619863	0.0	383025	343.885919824	6.4
7655.34296529	6400	5.22320027881	0.0	383025	343.885919824	6.4
7655.68685121	6400	5.37931435898	0.0	383025	343.885919824	6.4
7656.03073713	6400	5.53542843916	0.0	383025	343.885919824	6.4
7656.37462305	6400	5.69154251934	0.0	383025	343.885919824	6.4
7656.71656651	6400	5.84959905751	0.0	383025	341.943461827	6.4
7657.05434976	6400	6.01181580557	0.0	383025	337.783251936	6.4
7657.39213302	6400	6.17403255364	0.0	383025	337.783251936	6.4
7657.72991627	6400	6.3362493017	0.0	383025	337.783251936	6.4
7658.06769952	6400	6.49846604977	0.0	383025	337.783251936	6.4
7658.40548277	6400	6.66068279783	0.0	383025	337.783251936	6.4
7658.7350877	6400	6.83107787303	0.0	383025	329.604924796	6.4
7659.03698675	6400	7.029178818	0.0	383025	301.899055035	6.4
7659.33888581	6400	7.22727976296	0.0	383025	301.899055035	6.4
7659.64078486	6400	7.42538070793	0.0	383025	301.899055035	6.4
7659.94268392	6400	7.62348165289	0.0	383025	301.899055035	6.4
7660.24458297	6400	7.82158259786	0.0	383025	301.899055035	6.4
7661.05586162	6400	7.5103039486	0.0	383025	311.278649259	6.4
7661.3978114	6400	7.66835416487	0.0	383025	341.949783731	6.4
7661.73976119	6400	7.82640438114	0.0	383025	341.949783731	6.4
7662.07406326	6400	7.99210230624	0.0	383025	334.302074896	6.4
7662.88098769	6400	7.68517787811	0.0	383025	306.924428132	6.4
7663.18791212	6400	7.87825344998	0.0	383025	306.924428132	6.4
7663.82515818	6400	7.57132902185	0.0	383025	306.924428132	6.4
7664.15971084	6400	7.7367763644	0.0	383025	334.552657447	6.4
7664.4942635	6400	7.90222370695	0.0	383025	334.552657447	6.4
7664.9927957	6400	7.56767104951	0.0	383025	334.552657447	6.4
7665.41421623	6400	7.64625051249	0.0	383025	421.420537015	6.4
7665.83563677	6400	7.72482997548	0.0	383025	421.420537015	6.4
7666.25705731	6400	7.80340943846	0.0	383025	421.420537015	6.4
7666.67847784	6400	7.88198890145	0.0	383025	421.420537015	6.4
7667.09989838	6400	7.96056836443	0.0	383025	421.420537015	6.4
7668.03101987	6400	7.52944687307	0.0	383025	431.121491363	6.4
7668.47282224	6400	7.58764450372	0.0	383025	441.802369346	6.4
7668.91462461	6400	7.64584213438	0.0	383025	441.802369346	6.4
7669.35642698	6400	7.70403976503	0.0	383025	441.802369346	6.4
7669.79155588	6400	7.76891086088	0.0	383025	435.128904156	6.4
7670.22602863	6400	7.83443811562	0.0	383025	434.472745255	6.4
7670.66050138	6400	7.89996537037	0.0	383025	434.472745255	6.4
7671.09497412	6400	7.96549262511	0.0	383025	434.472745255	6.4
7671.70007773	6400	7.53101987985	0.0	383025	434.472745255	6.4
7672.33435505	6400	7.39674255682	0.0	383025	634.277323038	6.4
7672.96863238	6400	7.26246523378	0.0	383025	634.277323038	6.4
7673.6029097	6400	7.12818791074	0.0	383025	634.277323038	6.4
7674.23718702	6400	6.9939105877	0.0	383025	634.277323038	6.4
7674.87234916	6400	6.85874844401	0.0	383025	635.162143692	6.4
7675.74972695	6400	6.48137065533	0.0	383025	877.377788677	6.4
7676.62710474	6400	6.10399286666	0.0	383025	877.377788677	6.4
7677.50448253	6400	5.72661507798	0.0	383025	877.377788677	6.4
7678.38186032	6400	5.3492372893	0.0	383025	877.377788677	6.4
7679.25923811	6400	4.97185950063	0.0	383025	877.377788677	6.4
7680.12938607	6400	4.60171153779	0.0	383025	870.147962843	6.4
7680.88454573	6400	4.34655187733	0.0	383025	755.159660453	6.4
7681.63970539	6400	4.09139221688	0.0	383025	755.159660453	6.4
7682.39486505	6400	3.83623255643	0.0	383025	755.159660453	6.4
7683.15002471	6400	3.58107289597	0.0	383025	755.159660453	6.4
7683.73452628	6400	3.49657132801	0.0	383025	584.501567964	6.4
7684.23686171	6400	3.49423590163	0.0	383025	502.335426377	6.4
7684.73919713	6400	3.49190047526	0.0	383025	502.335426377	6.4
7685.24153256	6400	3.48956504888	0.0	383025	502.335426377	6.4
7685.74386799	6400	3.4872296225	0.0	383025	502.335426377	6.4
7686.24620341	6400	3.48489419613	0.0	383025	502.335426377	6.4
7686.75169208	6400	3.47940553291	0.0	383025	505.488663214	6.4
7687.26146349	6400	3.46963412178	0.0	383025	509.771411135	6.4
7687.7712349	6400	3.45986271064	0.0	383025	509.771411135	6.4
7688.28100631	6400	3.45009129951	0.0	383025	509.771411135	6.4
7688.87478708	6400	3.3563105272	0.0	383025	593.780772307	6.4
7689.50437641	6400	3.22672119882	0.0	383025	629.589328381	6.4
7690.13396574	6400	3.09713187044	0.0	383025	629.589328381	6.4
7690.76355507	6400	2.96754254206	0.0	383025	629.589328381	6.4
7691.3931444	6400	2.83795321368	0.0	383025	629.589328381	6.4
7691.85228902	6400	2.87880858884	0.0	383025	459.144624838	6.4
7692.29197945	6400	2.93911816071	0.0	383025	439.69042813	6.4
7692.73166988	6400	2.99942773258	0.0	383025	439.69042813	6.4
7693.1713603	6400	3.05973730445	0.0	383025	439.69042813	6.4
7693.61105073	6400	3.12004687632	0.0	383025	439.69042813	6.4
7694.0379582	6400	3.19313940652	0.0	383025	426.9074698	6.4
7694.38801056	6400	3.34308704513	0.0	383025	350.052361387	6.4
7694.73806293	6400	3.49303468374	0.0	383025	350.052361387	6.4
7695.08811529	6400	3.64298232236	0.0	383025	350.052361387	6.4
7695.43816765	6400	3.79292996097	0.0	383025	350.052361387	6.4
7695.78822001	6400	3.94287759958	0.0	383025	350.052361387	6.4
7696.13827237	6400	4.09282523819	0.0	383025	350.052361387	6.4
7696.49654907	6400	4.2345485423	0.0	383025	358.276695897	6.4
7696.85630531	6400	4.37479230288	0.0	383025	359.756239419	6.4

