1640.70209093	3066	0.5	0.207944492504	181435	207.944492504	2.23422202998
1641.11460557	7800	0.587485355665	0.0	471531	412.514644335	3.066
1641.53481445	7866	0.667276482777	0.0	482442	420.208872889	7.8
1642.01372788	8000	0.688363045003	0.0	492120	478.913437774	7.866
1642.55492674	8000	0.64716418941	0.0	492120	541.198855593	8.0
1643.17665467	8000	0.525436257703	0.0	490176	621.727931708	8.0
1643.8448261	8333	0.5	0.142735174875	513389	668.171432578	7.4290593005
1644.45878412	8066	0.5	0.113958011975	497055	613.958011975	7.3431679521
1645.02887499	8466	0.5	0.0700908687318	520019	570.090868732	7.78563652507
1645.62058825	9000	0.5	0.0917132615532	551265	591.713261553	8.09914695379
1646.17134292	9266	0.5	0.0507546691242	558332	550.754669124	8.7969813235
1646.70408633	9000	0.5	0.0327434119478	536970	532.743411948	8.60302635221
1647.29984845	9000	0.5	0.0957621262892	536970	595.762126289	8.61695149484
1647.95708099	9000	0.5	0.157232538839	536970	657.232538839	8.37106984464
1648.77976048	9000	0.5	0.322679491297	536970	822.679491297	7.70928203481
1649.76382113	9000	0.5	0.484060649149	536970	984.060649149	7.0637574034
1650.91939893	9400	0.5	0.655577800311	553424	1155.57780031	6.37768879876
1651.92194548	9000	0.5	0.502546543074	522960	1002.54654307	6.5898138277
1652.79214187	9000	0.5	0.370196393467	522960	870.196393467	7.51921442613
1653.57984581	9000	0.5	0.287703937104	532300	787.703937104	7.84918425159
1654.10382005	8400	0.5	0.0239742440675	503004	523.974244067	7.70410302373
1654.60592314	8000	0.5	0.00210309093949	481782	502.103090939	7.59158763624
1655.07292849	8000	0.532994655821	0.0	481782	467.005344179	8.0
1655.55966737	8533	0.546255767999	0.0	510552	486.738887822	8.0
1656.05254305	9000	0.553380091649	0.0	536970	492.87567635	8.533
1656.54548091	9000	0.560442236252	0.0	536970	492.937855397	9.0
1657.03956342	9000	0.566359718813	0.0	536970	494.082517439	9.0
1657.54255895	9000	0.56336418837	0.0	536970	502.995530443	9.0
1658.13007864	9000	0.5	0.0241555020243	536970	587.519690394	8.9033779919
1658.74908162	9533	0.5	0.119002974375	573990	619.002974375	8.5239881025
1659.34347909	9666	0.5	0.0943974664271	586715	594.397466427	9.15541013429
1659.89141709	9000	0.5	0.0479380055033	551265	547.938005503	8.14224797799
1660.42278507	9000	0.5	0.0313679822787	551265	531.367982279	8.87452807089
1660.96063348	9000	0.5	0.0378484039395	551265	537.84840394	8.84860638424
1661.50471872	9000	0.5	0.0440852456004	551265	544.0852456	8.8236590176
1662.38990916	9000	0.5	0.385190437062	551265	885.190437062	7.45923825175
1663.39329628	9000	0.5	0.503387124345	551265	1003.38712434	6.98645150262
1664.01345708	8466	0.5	0.120160798287	527825	620.160798287	7.45135680685
1664.52288899	8000	0.5	0.00943190501543	498375	509.431905015	7.49627237994
1664.94205358	7066	0.580835407159	0.0	434595	419.164592841	6.132
1665.36777366	7200	0.655115325691	0.0	442995	425.720081468	7.066
1665.77924952	7600	0.743639463735	0.0	469589	411.475861955	7.2
1666.19336756	8000	0.829521424499	0.0	496259	414.118039237	7.6
1666.62198513	8133	0.9009038577	0.0	508563	428.617566798	8.0
1667.10810571	8733	0.914783282383	0.0	536941	486.120575317	8.133
1667.64203379	8733	0.880855196078	0.0	525223	533.928086305	8.733
1668.17791445	9000	0.844974534055	0.0	536970	535.880662024	8.733
1668.6936349	9000	0.829254090174	0.0	527946	515.720443881	9.0
1669.18838408	8933	0.834504912494	0.0	519390	494.74917768	8.866
1669.6286188	8933	0.894270183887	0.0	530998	440.234728607	8.933
1670.07690704	9000	0.945981944899	0.0	536970	448.288238987	8.933
1670.52546538	8600	0.997423602867	0.0	513386	448.558342032	8.2
1670.90568782	7000	1.11720117186	0.0	418197	380.222431003	5.4
1671.37370825	8600	1.14918073619	0.0	525989	468.020435675	7.0
1671.87450152	9000	1.14838746265	0.0	551655	500.793273535	8.6
1672.40745675	9533	1.11543223445	0.0	584127	532.955228207	9.0
1672.98022863	10000	1.04266035982	0.0	612540	572.771874628	9.533
1673.56451673	10000	0.958372253191	0.0	612540	584.288106629	10.0
1674.24176077	10000	0.781128213565	0.0	612540	677.244039626	10.0
1674.92865753	10000	0.594231457223	0.0	612540	686.896756342	10.0
1675.49286727	10000	0.530021720505	0.0	612540	564.209736718	10.0
1676.01195689	9866	0.510932094446	0.0	607628	519.089626059	9.732
1676.51900263	10000	0.50388635985	0.0	620415	507.045734596	9.866
1676.98150709	10000	0.541381895176	0.0	620415	462.504464674	10.0
1677.46106883	10000	0.561820153348	0.0	620415	479.561741828	10.0
1678.09637511	11600	0.5	0.0734861180532	730995	635.306271401	9.70605552779
1678.73968208	12000	0.5	0.143306975267	758640	643.306975267	11.0267720989
1679.37800376	12266	0.5	0.138321679098	771584	638.321679098	11.4467132836
1679.93928636	11000	0.5	0.0612825982587	681300	561.282598259	9.48886960697
1680.45103673	10200	0.5	0.0117503708234	627772	511.750370823	9.35299851671
1680.94731439	10000	0.503722336155	0.0	612540	496.277663845	9.8
1681.72763307	10000	0.5	0.276596345277	612540	780.318681431	8.89361461889
1682.46111604	10000	0.5	0.233482968542	612540	733.482968542	9.06606812583
1683.05836789	9600	0.5	0.0972518492277	588186	597.251849228	8.81099260309
1683.5748596	8666	0.5	0.0164917064612	530195	516.491706461	7.66603317416
1684.04077181	8533	0.534087785781	0.0	515343	465.912214219	8.4
1684.5214042	9000	0.553455396206	0.0	539520	480.632389576	8.533
1685.0003686	9000	0.5744909947	0.0	539520	478.964401506	9.0
1685.47977787	9000	0.595081724668	0.0	539520	479.409270032	9.0
1685.95975541	9000	0.615104193462	0.0	539520	479.977531206	9.0
1686.44825642	9000	0.626603183075	0.0	539520	488.501010387	9.0
1686.9458529	9000	0.629006700262	0.0	540862	497.596482813	9.0
1687.45737985	9000	0.617479753541	0.0	539793	511.526946721	9.0
1688.03060849	9933	0.544251105306	0.0	600065	573.228648235	9.0
1688.56067527	9533	0.514184329551	0.0	573695	530.066775755	9.133
1689.05759421	9000	0.517265390624	0.0	537795	496.918938927	8.467
1689.49594736	7800	0.578912242111	0.0	462222	438.353148513	6.6
1689.92959156	7800	0.645268038992	0.0	456146	433.644203119	7.8
1690.35175822	7666	0.723101373861	0.0	447075	422.166665132	7.532
1690.74979987	7133	0.825059725588	0.0	421103	398.041648273	6.6
1691.18676781	8000	0.88809178376	0.0	476265	436.967941828	7.133
1691.59591049	7733	0.978949110828	0.0	454837	409.142672931	7.466
1692.00950473	8000	1.06535486698	0.0	462300	413.594243844	7.733
1692.40457886	8000	1.1702807346	0.0	462300	395.074132383	8.0
1692.80415522	8000	1.27070437484	0.0	468906	399.576359765	8.0
1693.35235733	8000	1.22250227353	0.0	467438	548.20210131	8.0
1693.95686518	7933	1.11799441398	0.0	465132	604.507859545	7.866
1694.63206365	7533	0.942795947851	0.0	455338	675.198466131	7.133
1695.56722586	8866	0.507633739918	0.0	543071	935.162207933	7.533
1696.29843891	9000	0.5	0.223579308383	551023	731.213048301	7.97168276647
1696.90868771	10000	0.5	0.110248801992	612540	610.248801992	8.55900479203
1697.62589504	10000	0.5	0.217207334873	612540	717.207334873	9.13117066051
1698.39425551	10000	0.5	0.268360462136	612540	768.360462136	8.92655815145
1699.20869402	9066	0.5	0.314438511784	555398	814.438511784	6.87424595287
1700.02453039	9000	0.5	0.315836368914	551655	815.836368914	7.67065452434
1700.84747834	9000	0.5	0.32294795796	551655	822.94795796	7.70820816816
1701.56876528	9000	0.5	0.221286934531	551655	721.286934531	8.11485226187
1702.0970007	9000	0.5	0.0282354214513	551655	528.235421451	8.88705831419
1702.60407682	8533	0.5	0.00707611752129	521611	507.076117521	8.03769552991
1703.08689945	8000	0.517177365822	0.0	487275	482.822634178	7.467
1703.5557888	8000	0.548288013604	0.0	487275	468.889352219	8.0
1703.97711053	8000	0.626966292248	0.0	487275	421.321721356	8.0
1704.35708245	7133	0.746994369366	0.0	432597	379.971922882	6.266
1704.77111771	7933	0.832959112711	0.0	483757	414.035256654	7.133
1705.13283403	8000	0.971242784573	0.0	488565	361.716328138	7.933
1705.49455036	8000	1.10952645643	0.0	488565	361.716328138	8.0
1705.87128475	8000	1.2327920705	0.0	488565	376.734385935	8.0
1706.20791066	6933	1.39616615807	0.0	419059	336.625912434	5.866
1706.53767984	6866	1.56639697703	0.0	410775	329.769181039	6.799
1706.86750712	6866	1.73656970018	0.0	413769	329.827276844	6.866

