3331.64612192	3066	0.5	0.191707398599	181435	191.707398599	2.2991704056
3332.01643802	7800	0.629683901294	0.0	471531	370.316098706	3.066
3332.39347189	7866	0.752650028034	0.0	482442	377.03387326	7.8
3332.7764644	8000	0.86965752384	0.0	492120	382.992504194	7.866
3333.15532815	8000	0.990793768335	0.0	492120	378.863755505	8.0
3333.52526154	8000	1.12086038347	0.0	490176	369.933384868	8.0
3333.91416239	8333	1.23195953316	0.0	513389	388.900850302	8.0
3334.39427651	8066	1.25184541561	0.0	497055	480.114117555	7.799
3334.89287594	8466	1.25324597833	0.0	520019	498.599437279	8.066
3335.41662746	9000	1.22949446388	0.0	551265	523.751514448	8.466
3336.15102547	9266	0.995096449933	0.0	558332	734.398013951	9.0
3336.90823356	9000	0.737888358125	0.0	536970	757.208091808	8.734
3337.66544166	9000	0.5	0.0193197336832	536970	757.208091808	8.92272106527
3338.2985999	9000	0.5	0.133158246297	536970	633.158246297	8.46736701481
3338.92621378	9000	0.5	0.127613877659	536970	627.613877659	8.48954448937
3339.55382766	9000	0.5	0.127613877659	536970	627.613877659	8.48954448937
3340.14426874	9400	0.5	0.0904410845281	553424	590.441084528	8.63823566189
3340.63452554	9000	0.509743200326	0.0	522960	490.256799674	8.6
3341.13746948	9000	0.506799267131	0.0	522960	502.943933195	9.0
3341.69367981	9000	0.5	0.0494110669585	532300	556.21033409	8.80235573217
3342.22368113	8400	0.5	0.0300013204742	503004	530.001320474	7.6799947181
3342.73369836	8000	0.5	0.0100172296573	481782	510.017229657	7.55993108137
3343.2434494	8000	0.5	0.00975104155357	481782	509.751041554	7.96099583379
3343.77886337	8533	0.5	0.0354139709812	510552	535.413970981	7.85834411608
3344.30123654	9000	0.5	0.0223731727349	536970	522.373172735	8.44350730906
3344.80046183	9000	0.500774710374	0.0	536970	499.225289626	9.0
3345.29968712	9000	0.501549420748	0.0	536970	499.225289626	9.0
3345.7960679	9000	0.505168642449	0.0	536970	496.380778299	9.0
3346.29094893	9000	0.510287614832	0.0	536970	494.881027617	9.0
3346.81443285	9533	0.5	0.013196306136	573990	523.483920968	8.94721477546
3347.3409075	9666	0.5	0.0264746501806	586715	526.474650181	9.42710139928
3347.83942544	9000	0.50148205887	0.0	551265	498.51794113	8.334
3348.36997329	9000	0.5	0.0290657867761	551265	530.547845646	8.8837368529
3348.92136525	9000	0.5	0.051391961977	551265	551.391961977	8.79443215209
3349.47275721	9000	0.5	0.051391961977	551265	551.391961977	8.79443215209
3349.98992547	9000	0.5	0.0171682620881	551265	517.168262088	8.93132695165
3350.49383104	9000	0.5	0.00390557071352	551265	503.905570714	8.98437771715
3350.98089476	8466	0.512936288574	0.0	527825	487.063711426	7.932
3351.4737601	8000	0.520070946277	0.0	498375	492.865342297	7.534
3351.91378862	7066	0.580042426718	0.0	434595	440.028519559	6.132
3352.36077589	7200	0.633055153458	0.0	442995	446.987273259	7.066
3352.82989219	7600	0.663938856842	0.0	469589	469.116296617	7.2
3353.32116868	8000	0.672662366937	0.0	496259	491.276489905	7.6
3353.82510212	8133	0.668728921611	0.0	508563	503.933445325	8.0
3354.4831402	8733	0.510690844121	0.0	536941	658.03807749	8.133
3355.12856339	8733	0.5	0.134732346088	525223	645.423190208	8.19407061565
3355.76951096	9000	0.5	0.140947570087	536970	640.947570087	8.16920971965
3356.32266534	9000	0.5	0.0531543790423	527946	553.154379042	8.78738248383
3356.86815168	8933	0.5	0.0454863431692	519390	545.486343169	8.68405462732
3357.43992704	8933	0.5	0.071775354246	530998	571.775354246	8.64589858302
3358.02850842	9000	0.5	0.088581385457	536970	588.581385457	8.57867445817
3358.59475265	8600	0.5	0.0662442280839	513386	566.244228084	7.93502308766
3359.08952539	7000	0.505227257967	0.0	418197	494.772742033	5.4
3359.69910889	8600	0.5	0.104356239478	525989	609.583497446	6.58257504209
3360.34385728	9000	0.5	0.14474838915	551655	644.74838915	8.0210064434
3361.03087631	9533	0.5	0.187019026577	584127	687.019026577	8.25192389369
3361.74742184	10000	0.5	0.216545536398	612540	716.545536398	8.66681785441
3362.45882161	10000	0.5	0.211399763189	612540	711.399763189	9.15440094724
3363.16728592	10000	0.5	0.208464314715	612540	708.464314715	9.16614274114
3363.86874119	10000	0.5	0.201455270323	612540	701.455270323	9.19417891871
3364.56066116	10000	0.5	0.191919972809	612540	691.919972809	9.23232010876
3365.19576194	9866	0.5	0.135100774323	607628	635.100774323	9.19159690271
3365.84254432	10000	0.5	0.146782384784	620415	646.782384784	9.27887046087
3366.40627348	10000	0.5	0.063729154657	620415	563.729154657	9.74508338137
3366.93960268	10000	0.5	0.0333292018553	620415	533.329201855	9.86668319258
3367.55884116	11600	0.5	0.119238477245	730995	619.238477245	9.52304609102
3368.21690941	12000	0.5	0.158068253137	758640	658.068253137	10.9677269875
3368.8907307	12266	0.5	0.173821289253	771584	673.821289253	11.304714843
3369.50780893	11000	0.5	0.117078231892	681300	617.078231892	9.26568707243
3370.08848265	10200	0.5	0.0806737157638	627772	580.673715764	9.07730513694
3370.69232212	10000	0.5	0.103839469177	612540	603.839469177	9.38464212329
3371.30095376	10000	0.5	0.10863164779	612540	608.63164779	9.56547340884
3371.9128457	10000	0.5	0.111891933701	612540	611.891933701	9.5524322652
3372.50359012	9600	0.5	0.0907444230842	588186	590.744423084	8.83702230766
3373.02773908	8666	0.5	0.0241489583213	530195	524.148958321	7.63540416671
3373.53657666	8533	0.5	0.00883758469814	515343	508.837584698	8.36464966121
3374.0655329	9000	0.5	0.0289562363248	539520	528.956236325	8.4171750547
3374.57895102	9000	0.5	0.0134181246084	539520	513.418124608	8.94632750157
3375.08853369	9000	0.5	0.00958266432188	539520	509.582664322	8.96166934271
3375.5981782	9000	0.5	0.00964451242098	539520	509.644512421	8.96142195032
3376.10795958	9000	0.5	0.00978138150178	539520	509.781381502	8.96087447399
3376.61881	9000	0.5	0.0108504180787	540862	510.850418079	8.95659832769
3377.12628967	9000	0.5	0.00747966553422	539793	507.479665534	8.97008133786
3377.68139524	9933	0.5	0.0551055717967	600065	555.105571797	8.77957771281
3378.33180281	9533	0.5	0.150407568314	573695	650.407568314	8.53136972674
3379.16477181	9000	0.5	0.332969008816	537795	832.969008816	7.13512396474
3379.89193075	7800	0.5	0.227158938244	462222	727.158938244	5.69136424702
3380.46051417	7800	0.5	0.0685834166987	456146	568.583416699	7.52566633321
3380.86935929	7666	0.591154884592	0.0	447075	408.845115408	7.532
3381.25910075	7133	0.70141342145	0.0	421103	389.741463141	6.6
3381.68941651	8000	0.771097660359	0.0	476265	430.315761092	7.133
3382.14444893	7733	0.816065235816	0.0	454837	455.032424542	7.466
3382.6271841	8000	0.833330067857	0.0	462300	482.735167959	7.733
3383.10991927	8000	0.850594899898	0.0	462300	482.735167959	8.0
3383.67036011	8000	0.790154056217	0.0	468906	560.440843682	8.0
3384.27765243	8000	0.682861739786	0.0	467438	607.292316431	8.0
3384.88234347	7933	0.578170701132	0.0	465132	604.691038654	7.866
3385.77297698	7533	0.5	0.312462814037	455338	890.633515169	5.88314874385
3387.06889019	8866	0.5	0.795913208482	543071	1295.91320848	4.34934716607
3388.3826076	9000	0.5	0.813717403208	551023	1313.71740321	5.61113038717
3389.42815319	10000	0.5	0.545545595839	612540	1045.54559584	6.81781761664
3390.32272655	10000	0.5	0.394573359826	612540	894.573359826	8.4217065607
3391.24081802	10000	0.5	0.418091466893	612540	918.091466893	8.32763413243
3392.12305578	9066	0.5	0.382237758775	555398	882.237758775	6.6030489649
3392.99988701	9000	0.5	0.376831228807	551655	876.831228807	7.42667508477
3393.60382196	9000	0.5	0.103934950222	551655	603.934950222	8.58426019911
3394.04774339	9000	0.556078570643	0.0	551655	443.921429357	9.0
3394.52094378	9000	0.582878173982	0.0	551655	473.20039666	9.0
3395.04864349	8533	0.555178460874	0.0	521611	527.699713108	8.066
3395.54687255	8000	0.556949401853	0.0	487275	498.229059021	7.467
3396.04510161	8000	0.558720342833	0.0	487275	498.229059021	8.0
3396.39635388	8000	0.707468073705	0.0	487275	351.252269128	8.0
3396.70733375	7133	0.896488210393	0.0	432597	310.979863312	6.266
3397.04562986	7933	1.05819209244	0.0	483757	338.296117948	7.133
3397.34818832	8000	1.25563363317	0.0	488565	302.558459272	7.933
3397.63960392	8000	1.46421803989	0.0	488565	291.415593287	8.0
3397.93101951	8000	1.6728024466	0.0	488565	291.415593287	8.0
3398.21370366	6933	1.89011830061	0.0	419059	282.684145993	5.866
3398.50660796	6866	2.09721399942	0.0	410775	292.904301187	6.799
3398.78512946	6400	2.31869249747	0.0	383025	278.521501947	5.934

