3207.91984635	3066	0.5	0.179700910965	181435	179.700910965	2.34719635614
3208.25895882	7800	0.660887534113	0.0	471531	339.112465887	3.066
3208.60406702	7866	0.815779330692	0.0	482442	345.108203421	7.8
3208.95449341	8000	0.965352939401	0.0	492120	350.426391292	7.866
3209.3011951	8000	1.11865125342	0.0	492120	346.701685983	8.0
3209.64608974	8000	1.27375661371	0.0	490176	344.894639709	8.0
3210.0279864	8333	1.39185995752	0.0	513389	381.896656191	8.0
3210.40738624	8066	1.51246011817	0.0	497055	379.399839349	7.799
3210.80061838	8466	1.6192279707	0.0	520019	393.232147466	8.066
3211.2480562	9000	1.67179015679	0.0	551265	447.437813916	8.466
3211.70504699	9266	1.71479936108	0.0	558332	456.990795702	9.0
3212.169559	9000	1.75028735086	0.0	536970	464.512010229	8.734
3212.65047659	9000	1.76936976628	0.0	536970	480.917584576	9.0
3213.13139417	9000	1.7884521817	0.0	536970	480.917584576	9.0
3213.58948244	9000	1.83036391888	0.0	536970	458.088262829	9.0
3214.01395996	9000	1.90588639128	0.0	536970	424.477527593	9.0
3214.42402206	9400	1.99582429228	0.0	553424	410.062099007	9.0
3214.79738156	9000	2.12246479795	0.0	522960	373.35949433	8.6
3215.0875149	6400	2.33233144979	0.0	383025	290.133348153	3.8
3215.36287625	6400	2.55697010361	0.0	383025	275.36134618	6.4
3215.6382376	6400	2.78160875743	0.0	383025	275.36134618	6.4
3215.91359894	6400	3.00624741125	0.0	383025	275.36134618	6.4
3216.189484	6400	3.23036235597	0.0	383025	275.885055285	6.4
3216.46578559	6400	3.4540607657	0.0	383025	276.30159027	6.4
3216.74208718	6400	3.67775917543	0.0	383025	276.30159027	6.4
3217.01838877	6400	3.90145758516	0.0	383025	276.30159027	6.4
3217.29779475	6400	4.12205160236	0.0	383025	279.405982798	6.4
3217.5773985	6400	4.34244784951	0.0	383025	279.603752849	6.4
3217.85700226	6400	4.56284409666	0.0	383025	279.603752849	6.4
3218.13719804	6400	4.78264831258	0.0	383025	280.195784082	6.4
3218.41834732	6400	5.00149903882	0.0	383025	281.149273758	6.4
3218.69949659	6400	5.22034976506	0.0	383025	281.149273758	6.4
3218.96896231	6400	5.45088404003	0.0	383025	269.465725038	6.4
3219.22091749	6400	5.69892885983	0.0	383025	251.955180197	6.4
3219.47287267	6400	5.94697367963	0.0	383025	251.955180197	6.4
3219.72482785	6400	6.19501849943	0.0	383025	251.955180197	6.4
3220.0079842	6400	6.41186215869	0.0	383025	283.15634074	6.4
3220.30593822	6400	6.6139081364	0.0	383025	297.954022295	6.4
3220.60389224	6400	6.8159541141	0.0	383025	297.954022295	6.4
3220.91819765	6400	7.00164870506	0.0	383025	314.305409046	6.4
3221.25977235	6400	7.16007400501	0.0	383025	341.574700048	6.4
3221.60134705	6400	7.31849930496	0.0	383025	341.574700048	6.4
3221.94292175	6400	7.47692460491	0.0	383025	341.574700048	6.4
3222.27372799	6400	7.64611836363	0.0	383025	330.806241283	6.4
3222.60274756	6400	7.81709879236	0.0	383025	329.019571272	6.4
3222.93176713	6400	7.98807922109	0.0	383025	329.019571272	6.4
3223.76309221	6400	7.65675414622	0.0	383025	331.32507487	6.4
3224.09588242	6400	7.82396393281	0.0	383025	332.79021341	6.4
3224.43020706	6400	7.98963929424	0.0	383025	334.324638564	6.4
3225.10891789	6400	7.65531465568	0.0	383025	334.324638564	6.4
3225.43584131	6400	7.82839123265	0.0	383025	326.923423032	6.4
3226.262929	6400	7.50130354611	0.0	383025	327.08768654	6.4
3226.63728227	6400	7.626950268	0.0	383025	374.353278103	6.4
3227.05473452	6400	7.70949802634	0.0	383025	417.452241663	6.4
3227.47218676	6400	7.79204578468	0.0	383025	417.452241663	6.4
3227.889639	6400	7.87459354301	0.0	383025	417.452241663	6.4
3228.40955914	6400	7.85467339867	0.0	383025	519.920144349	6.4
3228.93763992	6400	7.82659261818	0.0	383025	528.080780483	6.4
3229.5033226	6400	7.76090994748	0.0	383025	565.682670703	6.4
3230.08227667	6400	7.68195586895	0.0	383025	578.954078534	6.4
3230.66123075	6400	7.60300179041	0.0	383025	578.954078534	6.4
3231.05262094	6400	7.7116116075	0.0	383025	391.390182907	6.4
3231.44276199	6400	7.82147055366	0.0	383025	390.141053848	6.4
3231.83290304	6400	7.93132949981	0.0	383025	390.141053848	6.4
3232.68929851	6400	7.57493403704	0.0	383025	356.395462767	6.4
3233.02671797	6400	7.73751457769	0.0	383025	337.419459357	6.4
3233.38206663	6400	7.88216591123	0.0	383025	355.348666455	6.4
3233.86296498	6400	7.52548427948	0.0	383025	356.681631752	6.4
3234.2626795	6400	7.62576976224	0.0	383025	399.71451724	6.4
3234.66239402	6400	7.726055245	0.0	383025	399.71451724	6.4
3235.06278656	6400	7.82566269901	0.0	383025	400.392545992	6.4
3235.46656357	6400	7.92188569253	0.0	383025	403.77700648	6.4
3236.36947074	6400	7.51897851676	0.0	383025	402.907175768	6.4
3236.74895304	6400	7.63949622474	0.0	383025	379.482292017	6.4
3237.1282733	6400	7.76017596061	0.0	383025	379.320264133	6.4
3237.50274642	6400	7.88570283829	0.0	383025	374.473122323	6.4
3237.90569072	6400	7.51122971596	0.0	383025	374.473122323	6.4
3238.26134625	6400	7.65557418701	0.0	383025	355.655528954	6.4
3238.61700178	6400	7.79991865805	0.0	383025	355.655528954	6.4
3238.97231133	6400	7.94460910383	0.0	383025	355.309554226	6.4
3239.34121602	6400	7.59270270806	0.0	383025	351.906395763	6.4
3239.68196337	6400	7.75195535786	0.0	383025	340.747350201	6.4
3240.02271072	6400	7.91120800766	0.0	383025	340.747350201	6.4
3240.78269829	6400	7.57046065746	0.0	383025	340.747350201	6.4
3241.1464843	6400	7.70667465327	0.0	383025	363.786004192	6.4
3241.5149148	6400	7.83824415291	0.0	383025	368.430500361	6.4
3241.89388346	6400	7.95927548622	0.0	383025	378.968666685	6.4
3242.31224624	6400	7.58030681954	0.0	383025	378.968666685	6.4
3242.82036483	6400	7.57218823371	0.0	383025	508.118585824	6.4
3243.32848341	6400	7.56406964789	0.0	383025	508.118585824	6.4
3243.836602	6400	7.55595106206	0.0	383025	508.118585824	6.4
3244.23716251	6400	7.65539055032	0.0	383025	400.560511743	6.4
3244.63347938	6400	7.7590736831	0.0	383025	396.316867219	6.4
3245.02979624	6400	7.86275681588	0.0	383025	396.316867219	6.4
3245.46112545	6400	7.93142760972	0.0	383025	431.329206159	6.4
3245.90117187	6400	7.99138118908	0.0	383025	440.04642064	6.4
3246.67958446	6400	7.55133476844	0.0	383025	440.04642064	6.4
3247.05040085	6400	7.68051837792	0.0	383025	370.816390526	6.4
3247.42121724	6400	7.80970198739	0.0	383025	370.816390526	6.4
3247.8996218	6400	7.83129743346	0.0	383025	478.40455393	6.4
3248.39040202	6400	7.84051721434	0.0	383025	490.780219123	6.4
3248.88118224	6400	7.84973699522	0.0	383025	490.780219123	6.4
3249.34155527	6400	7.88936395803	0.0	383025	460.373037191	6.4
3249.7782034	6400	7.95271583504	0.0	383025	436.648122982	6.4
3250.59848484	6400	7.51606771206	0.0	383025	436.648122982	6.4
3250.98667462	6400	7.62787793644	0.0	383025	388.189775623	6.4
3251.37486439	6400	7.73968816081	0.0	383025	388.189775623	6.4
3251.7519602	6400	7.8625923535	0.0	383025	377.095807316	6.4
3252.11853814	6400	7.99601441352	0.0	383025	366.577939981	6.4
3252.77538048	6400	7.62943647354	0.0	383025	366.577939981	6.4
3253.27033704	6400	7.63447991758	0.0	383025	494.956555954	6.4
3253.76529359	6400	7.63952336163	0.0	383025	494.956555954	6.4
3254.27951907	6400	7.62529788452	0.0	383025	514.225477108	6.4
3254.81766466	6400	7.58715229716	0.0	383025	538.145587363	6.4
3255.35581024	6400	7.54900670979	0.0	383025	538.145587363	6.4
3255.87551943	6400	7.52929752729	0.0	383025	519.709182505	6.4
3256.34810641	6400	7.55671054574	0.0	383025	472.586981548	6.4
3256.82069339	6400	7.58412356419	0.0	383025	472.586981548	6.4
3257.29341073	6400	7.61140622114	0.0	383025	472.717343055	6.4
3257.76733871	6400	7.63747824343	0.0	383025	473.927977712	6.4

