2178.91739381	3066	0.5	0.23790959773	181435	237.90959773	2.11436160908
2179.40778469	7800	0.509609113306	0.0	471531	490.390886694	3.066
2179.90767183	7866	0.509721979357	0.0	482442	499.887133949	7.8
2180.41598208	8000	0.501411723701	0.0	492120	508.310255656	7.866
2180.92429234	8000	0.5	0.00689853195497	492120	508.310255656	7.97240587218
2181.43091066	8000	0.5	0.00661832048364	490176	506.618320484	7.97352671807
2181.90593105	8333	0.524979610033	0.0	513389	475.020389967	8.0
2182.3502666	8066	0.580644061678	0.0	497055	444.335548355	7.799
2182.81143449	8466	0.619476167743	0.0	520019	461.167893935	8.066
2183.33432729	9000	0.596583366003	0.0	551265	522.89280174	8.466
2183.94038301	9266	0.5	0.00947234758827	558332	606.055713592	8.96211060965
2184.52631162	9000	0.5	0.0859286168932	536970	585.928616893	8.39028553243
2185.11224024	9000	0.5	0.0859286168932	536970	585.928616893	8.65628553243
2185.66975426	9000	0.5	0.0575140164324	536970	557.514016432	8.76994393427
2186.16508961	9000	0.504664647904	0.0	536970	495.335352096	9.0
2186.66042496	9000	0.509329295807	0.0	536970	495.335352096	9.0
2187.16671614	9400	0.503038111955	0.0	553424	506.291183852	9.0
2187.57164344	9000	0.598110812066	0.0	522960	404.927299889	8.6
2187.97657074	9000	0.693183512178	0.0	522960	404.927299889	9.0
2188.3873012	9000	0.782453051472	0.0	532300	410.730460706	9.0
2188.77982937	8400	0.889924881912	0.0	503004	392.52816956	7.8
2189.14932181	8000	1.02043244415	0.0	481782	369.492437759	7.6
2189.47926491	8000	1.19048935008	0.0	481782	329.943094074	8.0
2189.82413355	8533	1.34562070292	0.0	510552	344.868647159	8.0
2190.18699383	9000	1.48276042803	0.0	536970	362.860274893	8.533
2190.57319279	9000	1.59656146159	0.0	536970	386.19896644	9.0
2190.95939176	9000	1.71036249515	0.0	536970	386.19896644	9.0
2191.35032998	9000	1.81942428017	0.0	536970	390.938214977	9.0
2191.82662667	9000	1.84312758933	0.0	536970	476.296690837	9.0
2192.330245	9533	1.83950925391	0.0	573990	503.618335425	9.0
2192.84325469	9666	1.82649956442	0.0	586715	513.009689488	9.533
2193.3858134	9000	1.78394085953	0.0	551265	542.558704884	8.334
2194.03385119	9000	1.63590306832	0.0	551265	648.037791213	9.0
2194.68188898	9000	1.48786527711	0.0	551265	648.037791213	9.0
2195.32992677	9000	1.3398274859	0.0	551265	648.037791213	9.0
2195.98129391	9000	1.18846034839	0.0	551265	651.367137507	9.0
2196.6350891	9000	1.03466515342	0.0	551265	653.795194973	9.0
2197.26448631	8466	0.905267951008	0.0	527825	629.39720241	7.932
2197.86322989	8000	0.806524369801	0.0	498375	598.743581208	7.534
2198.31632953	7066	0.853424728433	0.0	434595	453.099641367	6.132
2198.73803988	7200	0.931714374815	0.0	442995	421.710353619	7.066
2199.18026389	7600	0.989490369475	0.0	469589	442.22400534	7.2
2199.65315877	8000	1.01659548374	0.0	496259	472.894885736	7.6
2200.2934795	8133	0.876274758392	0.0	508563	640.320725347	8.0
2200.96506632	8733	0.704687933183	0.0	536941	671.586825209	8.133
2201.62374258	8733	0.54601167807	0.0	525223	658.676255113	8.733
2202.29848447	9000	0.5	0.128730208702	536970	674.741886772	8.21807916519
2203.0303631	9000	0.5	0.231878637514	527946	731.878637514	8.07248544994
2203.75167726	8933	0.5	0.221314160044	519390	721.314160044	7.98074335982
2204.48732434	8933	0.5	0.235647078987	530998	735.647078987	7.99041168405
2205.22166309	9000	0.5	0.234338751737	536970	734.338751737	7.99564499305
2205.91524469	8600	0.5	0.193581595297	513386	693.581595297	7.42567361881
2206.49505961	7000	0.5	0.0798149197847	418197	579.814919785	5.08074032086
2207.20370388	8600	0.5	0.208644274929	525989	708.644274929	6.16542290028
2207.93339103	9000	0.5	0.229687145085	551655	729.687145085	7.68125141966
2208.67848167	9533	0.5	0.245090646193	584127	745.090646193	8.01963741523
2209.45592354	10000	0.5	0.277441865244	612540	777.441865244	8.42323253903
2210.15875031	10000	0.5	0.202826773538	612540	702.826773538	9.18869290585
2210.78032932	10000	0.5	0.121579009381	612540	621.579009381	9.51368396248
2211.40190833	10000	0.5	0.121579009381	612540	621.579009381	9.51368396248
2211.98112781	10000	0.5	0.0792194764475	612540	579.219476447	9.68312209421
2212.39874611	9866	0.58238170126	0.0	607628	417.61829874	9.732
2212.82346929	10000	0.657658520609	0.0	620415	424.723180651	9.866
2213.24901396	10000	0.732113850989	0.0	620415	425.544669621	10.0
2213.67692947	10000	0.804198341294	0.0	620415	427.915509694	10.0
2214.16685588	11600	0.814271924285	0.0	730995	489.92641701	10.0
2214.66688159	12000	0.814246222169	0.0	758640	500.025702116	11.6
2215.16677955	12266	0.81434825931	0.0	771584	499.897962859	12.0
2215.65909451	11000	0.822033303422	0.0	681300	492.314955888	9.734
2216.1705361	10200	0.810591704693	0.0	627772	511.441598729	9.4
2216.67150938	10000	0.80961842636	0.0	612540	500.973278333	9.8
2217.17407517	10000	0.807052641927	0.0	612540	502.565784432	10.0
2217.72662412	10000	0.754503685396	0.0	612540	552.548956532	10.0
2218.26038499	9600	0.720742819907	0.0	588186	533.760865489	9.2
2218.69771967	8666	0.783408137453	0.0	530195	437.334682454	7.732
2219.11655935	8533	0.864568459321	0.0	515343	418.839678132	8.4
2219.55129548	9000	0.929832326016	0.0	539520	434.736133305	8.533
2219.98670787	9000	0.994419940822	0.0	539520	435.412385194	9.0
2220.42231145	9000	1.05881635788	0.0	539520	435.603582938	9.0
2220.85791503	9000	1.12321277495	0.0	539520	435.603582938	9.0
2221.30083162	9000	1.18029618621	0.0	539520	442.916588738	9.0
2221.79652331	9000	1.18460449796	0.0	540862	495.691688244	9.0
2222.29139339	9000	1.18973441378	0.0	539793	494.870084184	9.0
2222.83258688	9933	1.14854092467	0.0	600065	541.193489108	9.0
2223.45052905	9533	1.03059875374	0.0	573695	617.942170933	9.133
2224.26717552	9000	0.713952285862	0.0	537795	816.646467878	8.467
2224.98030563	7800	0.500822182987	0.0	462222	713.130102875	6.6
2225.68511311	7800	0.5	0.203985298929	456146	704.807481916	6.98405880429
2226.30904325	7666	0.5	0.123930138877	447075	623.930138877	7.03627944449
2226.71597091	7133	0.593072340748	0.0	421103	406.927659252	6.6
2227.16572415	8000	0.643319093601	0.0	476265	449.753247147	7.133
2227.59884155	7733	0.710201695361	0.0	454837	433.11739824	7.466
2228.03613433	8000	0.772908912971	0.0	462300	437.29278239	7.733
2228.4432463	8000	0.865796946959	0.0	462300	407.111966012	8.0
2228.85503251	8000	0.954010739875	0.0	468906	411.786207084	8.0
2229.24297909	8000	1.0660641527	0.0	467438	387.946587176	8.0
2229.59267777	7933	1.21636547974	0.0	465132	349.69867296	7.866
2229.93669756	7533	1.37234568676	0.0	455338	344.01979298	7.133
2230.3315878	8866	1.4774554448	0.0	543071	394.890241959	7.533
2230.73108873	9000	1.57795451698	0.0	551023	399.500927819	8.866
2231.1662278	10000	1.64281544192	0.0	612540	435.139075061	9.0
2231.60136688	10000	1.70767636686	0.0	612540	435.139075061	10.0
2232.03650595	10000	1.7725372918	0.0	612540	435.139075061	10.0
2232.45285456	9066	1.85618868728	0.0	555398	416.348604523	8.132
2232.88346776	9000	1.9255754913	0.0	551655	430.613195972	8.934
2233.31408095	9000	1.99496229533	0.0	551655	430.613195972	9.0
2233.76293985	9000	2.04610339543	0.0	551655	448.858899902	9.0
2234.13302914	6400	2.17601410386	0.0	383025	370.089291568	3.8
2234.50311843	6400	2.3059248123	0.0	383025	370.089291568	6.4
2234.87320773	6400	2.43583552073	0.0	383025	370.089291568	6.4
2235.2648787	6400	2.54416454707	0.0	383025	391.670973663	6.4
2235.89787849	6400	2.41116475813	0.0	383025	632.999788935	6.4
2236.53087828	6400	2.27816496919	0.0	383025	632.999788935	6.4
2237.16387807	6400	2.14516518026	0.0	383025	632.999788935	6.4
2237.79687786	6400	2.01216539132	0.0	383025	632.999788935	6.4
2238.42987764	6400	1.87916560239	0.0	383025	632.999788935	6.4
2238.9793074	6400	1.82973584709	0.0	388680	549.429755295	6.4
2239.55142224	6933	1.75762100246	0.0	419059	572.114844637	6.4
2240.11380891	6866	1.69523433302	0.0	410775	562.386669433	6.799
2240.67971154	6866	1.62933171036	0.0	413769	565.902622663	6.866

