8104.95514828	3066	0.5	0.189946898002	181435	189.946898002	2.30621240799
8105.32088902	7800	0.634259262206	0.0	471531	365.740737794	3.066
8105.69324166	7866	0.761906621504	0.0	482442	372.352640702	7.8
8106.07145903	8000	0.883689257464	0.0	492120	378.21736404	7.866
8106.44967639	8000	1.00547189342	0.0	492120	378.21736404	8.0
8106.82671572	8000	1.12843256433	0.0	490176	377.039329098	8.0
8107.21782178	8333	1.2373265042	0.0	513389	391.106060122	8.0
8107.60019274	8066	1.35495554475	0.0	497055	382.370959452	7.799
8107.99665494	8466	1.45849334577	0.0	520019	396.462198985	8.066
8108.41213217	9000	1.54301611489	0.0	551265	415.477230877	8.466
8108.83191009	9266	1.62323819815	0.0	558332	419.777916737	9.0
8109.21203186	9000	1.74311642255	0.0	536970	380.121775602	8.734
8109.58444648	9000	1.8707018017	0.0	536970	372.414620854	9.0
8109.9568611	9000	1.99828718084	0.0	536970	372.414620854	9.0
8110.32927572	9000	2.12587255999	0.0	536970	372.414620854	9.0
8110.61785741	6400	2.33729086985	0.0	383025	288.581690137	3.8
8110.9064391	6400	2.54870917972	0.0	383025	288.581690137	6.4
8111.19502079	6400	2.76012748958	0.0	383025	288.581690137	6.4
8111.47307578	6400	2.9820725078	0.0	383025	278.054981782	6.4
8111.75000319	6400	3.20514509423	0.0	383025	276.927413565	6.4
8112.0269306	6400	3.42821768067	0.0	383025	276.927413565	6.4
8112.30385802	6400	3.6512902671	0.0	383025	276.927413565	6.4
8112.58078543	6400	3.87436285353	0.0	383025	276.927413565	6.4
8112.85771284	6400	4.09743543997	0.0	383025	276.927413565	6.4
8113.16240236	6400	4.29274591961	0.0	383025	304.689520361	6.4
8113.47159582	6400	4.48355246595	0.0	383025	309.193453661	6.4
8113.78078927	6400	4.67435901229	0.0	383025	309.193453661	6.4
8114.08998273	6400	4.86516555862	0.0	383025	309.193453661	6.4
8114.39917618	6400	5.05597210496	0.0	383025	309.193453661	6.4
8114.70836963	6400	5.2467786513	0.0	383025	309.193453661	6.4
8115.01756309	6400	5.43758519764	0.0	383025	309.193453661	6.4
8115.32675654	6400	5.62839174398	0.0	383025	309.193453661	6.4
8115.72742257	6400	5.72772571634	0.0	383025	400.66602764	6.4
8116.1756882	6400	5.77946008142	0.0	383025	448.265634917	6.4
8116.62395384	6400	5.8311944465	0.0	383025	448.265634917	6.4
8117.07221947	6400	5.88292881159	0.0	383025	448.265634917	6.4
8117.52048511	6400	5.93466317667	0.0	383025	448.265634917	6.4
8118.01675748	6400	5.93839080112	0.0	383025	496.272375551	6.4
8118.5407212	6400	5.91442708611	0.0	383025	523.963715004	6.4
8119.06468491	6400	5.89046337111	0.0	383025	523.963715004	6.4
8119.58864863	6400	5.86649965611	0.0	383025	523.963715004	6.4
8120.11261234	6400	5.8425359411	0.0	383025	523.963715004	6.4
8120.63402042	6400	5.82112786881	0.0	383025	521.408072296	6.4
8121.14208753	6400	5.81306075582	0.0	383025	508.06711299	6.4
8121.65015464	6400	5.80499364283	0.0	383025	508.06711299	6.4
8122.15822175	6400	5.79692652984	0.0	383025	508.06711299	6.4
8122.66628887	6400	5.78885941685	0.0	383025	508.06711299	6.4
8123.17435598	6400	5.78079230386	0.0	383025	508.06711299	6.4
8123.68242309	6400	5.77272519087	0.0	383025	508.06711299	6.4
8124.17604487	6400	5.77910341353	0.0	383025	493.621777335	6.4
8124.57227044	6400	5.88287784435	0.0	383025	396.225569179	6.4
8124.96849601	6400	5.98665227517	0.0	383025	396.225569179	6.4
8125.36472158	6400	6.09042670599	0.0	383025	396.225569179	6.4
8125.76094715	6400	6.19420113682	0.0	383025	396.225569179	6.4
8126.15717272	6400	6.29797556764	0.0	383025	396.225569179	6.4
8126.55339829	6400	6.40174999846	0.0	383025	396.225569179	6.4
8126.91503794	6400	6.54011034626	0.0	383025	361.639652202	6.4
8127.14149383	6400	6.81365445932	0.0	383025	226.455886941	6.4
8127.36794971	6400	7.08719857237	0.0	383025	226.455886941	6.4
8127.5944056	6400	7.36074268543	0.0	383025	226.455886941	6.4
8127.82086149	6400	7.63428679849	0.0	383025	226.455886941	6.4
8128.04731737	6400	7.90783091155	0.0	383025	226.455886941	6.4
8128.67234496	6400	7.68137502461	0.0	383025	226.455886941	6.4
8128.98260817	6400	7.87111181148	0.0	383025	310.263213132	6.4
8129.36196955	6400	7.56084859835	0.0	383025	310.263213132	6.4
8129.67755352	6400	7.74526462882	0.0	383025	315.583969528	6.4
8129.99313749	6400	7.92968065929	0.0	383025	315.583969528	6.4
8130.80872146	6400	7.61409668976	0.0	383025	315.583969528	6.4
8131.12430543	6400	7.79851272023	0.0	383025	315.583969528	6.4
8131.43177337	6400	7.99104478405	0.0	383025	307.467936184	6.4
8132.22538477	6400	7.69743338266	0.0	383025	293.611401393	6.4
8132.51899617	6400	7.90382198126	0.0	383025	293.611401393	6.4
8133.16234379	6400	7.61021057987	0.0	383025	293.611401393	6.4
8133.67537331	6400	7.59718105579	0.0	383025	513.029524086	6.4
8134.18840283	6400	7.5841515317	0.0	383025	513.029524086	6.4
8134.70143236	6400	7.57112200761	0.0	383025	513.029524086	6.4
8135.21446188	6400	7.55809248353	0.0	383025	513.029524086	6.4
8135.72749141	6400	7.54506295944	0.0	383025	513.029524086	6.4
8136.24052093	6400	7.53203343535	0.0	383025	513.029524086	6.4
8136.73187405	6400	7.54068031697	0.0	383025	491.353118383	6.4
8137.22089361	6400	7.55166075524	0.0	383025	489.019561736	6.4
8137.70991317	6400	7.5626411935	0.0	383025	489.019561736	6.4
8138.19893273	6400	7.57362163176	0.0	383025	489.019561736	6.4
8138.6879523	6400	7.58460207003	0.0	383025	489.019561736	6.4
8139.13806046	6400	7.63449390146	0.0	383025	450.108168562	6.4
8139.4584197	6400	7.81413466887	0.0	383025	320.359232597	6.4
8139.77877893	6400	7.99377543627	0.0	383025	320.359232597	6.4
8140.59913816	6400	7.67341620367	0.0	383025	320.359232597	6.4
8140.91949739	6400	7.85305697108	0.0	383025	320.359232597	6.4
8141.73468421	6400	7.5378701508	0.0	383025	315.186820274	6.4
8142.04713728	6400	7.72541708806	0.0	383025	312.453062745	6.4
8142.35959034	6400	7.91296402531	0.0	383025	312.453062745	6.4
8143.13147928	6400	7.60051096257	0.0	383025	312.453062745	6.4
8143.41976217	6400	7.81222807772	0.0	383025	288.282884853	6.4
8143.72404657	6400	7.52394519286	0.0	383025	288.282884853	6.4
8144.11312733	6400	7.63486442864	0.0	383025	389.080764219	6.4
8144.50220809	6400	7.74578366443	0.0	383025	389.080764219	6.4
8144.89128886	6400	7.85670290021	0.0	383025	389.080764219	6.4
8145.28036962	6400	7.96762213599	0.0	383025	389.080764219	6.4
8146.16061694	6400	7.58737481738	0.0	383025	380.247318605	6.4
8146.51146179	6400	7.73652997024	0.0	383025	350.844847143	6.4
8146.86230664	6400	7.8856851231	0.0	383025	350.844847143	6.4
8147.71315148	6400	7.53484027595	0.0	383025	350.844847143	6.4
8148.32939045	6400	7.418601305	0.0	383025	616.238970948	6.4
8149.01309083	6400	7.23490092933	0.0	383025	683.70037567	6.4
8149.6967912	6400	7.05120055366	0.0	383025	683.70037567	6.4
8150.38049158	6400	6.867500178	0.0	383025	683.70037567	6.4
8151.13041923	6400	6.61757252694	0.0	383025	749.927651056	6.4
8151.949125	6400	6.29886676106	0.0	383025	818.705765876	6.4
8152.76783076	6400	5.98016099519	0.0	383025	818.705765876	6.4
8153.58653653	6400	5.66145522931	0.0	383025	818.705765876	6.4
8154.40524229	6400	5.34274946343	0.0	383025	818.705765876	6.4
8155.22394806	6400	5.02404369756	0.0	383025	818.705765876	6.4
8155.86116864	6400	4.88682312235	0.0	383025	637.220575209	6.4
8156.47507402	6400	4.77291773573	0.0	383025	613.905386615	6.4
8157.08897941	6400	4.65901234912	0.0	383025	613.905386615	6.4
8157.7028848	6400	4.5451069625	0.0	383025	613.905386615	6.4
8158.31679018	6400	4.43120157589	0.0	383025	613.905386615	6.4
8158.93069557	6400	4.31729618927	0.0	383025	613.905386615	6.4
8159.59189187	6400	4.15609988798	0.0	383025	661.196301296	6.4

