6478.03945461	3066	0.5	0.218774489582	181435	218.774489582	2.19090204167
6478.48011531	7800	0.559339301418	0.0	471531	440.660698582	3.066
6478.92912152	7866	0.610333088157	0.0	482442	449.006213261	7.8
6479.38553016	8000	0.653924446973	0.0	492120	456.408641184	7.866
6479.8419388	8000	0.697515805789	0.0	492120	456.408641184	8.0
6480.29686053	8000	0.742594075112	0.0	490176	454.921730677	8.0
6480.76953723	8333	0.769917378597	0.0	513389	472.676696515	8.0
6481.22972051	8066	0.809734095772	0.0	497055	460.183282825	7.799
6481.70746831	8466	0.831986300154	0.0	520019	477.747795619	8.066
6482.20911529	9000	0.830339324655	0.0	551265	501.646975498	8.466
6482.71616761	9266	0.823287001137	0.0	558332	507.052323518	9.0
6483.20688074	9000	0.832573866015	0.0	536970	490.713135123	8.734
6483.69759388	9000	0.841860730892	0.0	536970	490.713135123	9.0
6484.18830701	9000	0.85114759577	0.0	536970	490.713135123	9.0
6484.70724631	9000	0.832208299658	0.0	536970	518.939296112	9.0
6485.2294327	9000	0.81002190487	0.0	536970	522.186394787	9.0
6485.76516871	9400	0.774285898485	0.0	553424	535.736006385	9.0
6486.27581809	9000	0.763636519529	0.0	522960	510.649378956	8.6
6486.76094518	9000	0.778509432925	0.0	522960	485.127086604	9.0
6487.21180503	9000	0.827649578213	0.0	532300	450.859854712	9.0
6487.64225401	8400	0.897200601396	0.0	503004	430.448976817	7.8
6488.05791736	8000	0.98153724892	0.0	481782	415.663352476	7.6
6488.47358071	8000	1.06587389644	0.0	481782	415.663352476	8.0
6488.90928847	8533	1.13016613664	0.0	510552	435.707759803	8.0
6489.36340197	9000	1.17605263639	0.0	536970	454.113500253	8.533
6489.96973285	9000	1.06972176326	0.0	536970	606.330873125	9.0
6490.81167234	9000	0.727782269938	0.0	536970	841.939493326	9.0
6491.65361183	9000	0.5	0.114157223388	536970	841.939493326	8.54337110645
6492.49555133	9000	0.5	0.341939493326	536970	841.939493326	7.6322420267
6493.39002076	9533	0.5	0.394469429901	573990	894.469429901	7.4221222804
6494.28991664	9666	0.5	0.399895879174	586715	899.895879174	7.9334164833
6494.70033359	9000	0.58958304426	0.0	551265	410.41695574	8.334
6495.11075055	9000	0.67916608852	0.0	551265	410.41695574	9.0
6495.5211675	9000	0.76874913278	0.0	551265	410.41695574	9.0
6495.93158446	9000	0.85833217704	0.0	551265	410.41695574	9.0
6496.34200141	9000	0.947915221301	0.0	551265	410.41695574	9.0
6496.75241837	9000	1.03749826556	0.0	551265	410.41695574	9.0
6497.14878587	8466	1.14113076597	0.0	527825	396.367499593	7.932
6497.54050755	8000	1.24940909048	0.0	498375	391.721675487	7.534
6497.90575616	7066	1.38416047656	0.0	434595	365.248613924	6.132
6498.27651816	7200	1.51339848039	0.0	442995	370.761996169	7.066
6498.66473526	7600	1.62518137857	0.0	469589	388.217101817	7.2
6499.07045735	8000	1.71945928812	0.0	496259	405.722090446	7.6
6499.496728	8133	1.79318863769	0.0	508563	426.270650434	8.0
6499.98174786	8733	1.80816877408	0.0	536941	485.019863609	8.133
6500.45792872	8733	1.83198791282	0.0	525223	476.180861257	8.733
6500.94297046	9000	1.84694617423	0.0	536970	485.041738593	8.733
6501.42120531	9000	1.86871132736	0.0	527946	478.234846869	9.0
6501.93480019	8933	1.85511644206	0.0	519390	513.594885299	8.866
6502.64696417	8933	1.64295247008	0.0	530998	712.163971979	8.933
6503.36623793	9000	1.42367871005	0.0	536970	719.273760039	8.933
6504.05743445	8600	1.23248218404	0.0	513386	691.19652601	8.2
6504.63530653	7000	1.15461010808	0.0	418197	577.872075958	5.4
6505.34150718	8600	0.948409452976	0.0	525989	706.200655101	7.0
6506.07826374	9000	0.711652900293	0.0	551655	736.756552684	8.6
6506.71197897	9533	0.577937661232	0.0	584127	633.715239061	9.0
6507.24418607	10000	0.545730568174	0.0	612540	532.207093058	9.533
6507.77639316	10000	0.513523475116	0.0	612540	532.207093058	10.0
6508.30860025	10000	0.5	0.0186836179424	612540	532.207093058	9.92526552823
6508.84080735	10000	0.5	0.0322070930582	612540	532.207093058	9.87117162777
6509.37301444	10000	0.5	0.0322070930582	612540	532.207093058	9.87117162777
6509.98346216	9866	0.5	0.110447719039	607628	610.447719039	9.29020912384
6510.60652598	10000	0.5	0.123063818056	620415	623.063818056	9.37374472778
6511.22958979	10000	0.5	0.123063818056	620415	623.063818056	9.50774472778
6511.85265361	10000	0.5	0.123063818056	620415	623.063818056	9.50774472778
6512.5725107	11600	0.5	0.21985708869	730995	719.85708869	9.12057164524
6513.32412962	12000	0.5	0.251618921265	758640	751.618921265	10.5935243149
6514.0892289	12266	0.5	0.265099277505	771584	765.099277505	10.93960289
6514.77416386	11000	0.5	0.184934962057	681300	684.934962057	8.99426015177
6515.41157063	10200	0.5	0.137406767945	627772	637.406767945	8.85037292822
6515.9448229	10000	0.5	0.0332522704126	612540	533.252270413	9.66699091835
6516.46907952	10000	0.5	0.0242566150436	612540	524.256615044	9.90297353983
6516.99333613	10000	0.5	0.0242566150436	612540	524.256615044	9.90297353983
6517.49992953	9600	0.5	0.0065934002286	588186	506.593400229	9.17362639909
6517.96446382	8666	0.535465706708	0.0	530195	464.534293292	7.732
6518.41822641	8533	0.581703116891	0.0	515343	453.762589817	8.4
6518.85208054	9000	0.647848986984	0.0	539520	433.854129907	8.533
6519.28470378	9000	0.715225749815	0.0	539520	432.623237169	9.0
6519.71732702	9000	0.782602512647	0.0	539520	432.623237169	9.0
6520.14995026	9000	0.849979275478	0.0	539520	432.623237169	9.0
6520.58257349	9000	0.917356038309	0.0	539520	432.623237169	9.0
6521.01072	9000	0.989209530648	0.0	540862	428.146507662	9.0
6521.40942303	9000	1.09050649884	0.0	539793	398.703031806	9.0
6521.84371169	9933	1.15621784601	0.0	600065	434.288652837	9.0
6522.26243104	9533	1.23749849279	0.0	573695	418.719353219	9.133
6522.65995442	9000	1.3399751144	0.0	537795	397.523378388	8.467
6523.0128582	7800	1.48707132949	0.0	462222	352.903784909	6.6
6523.36217461	7800	1.63775491904	0.0	456146	349.31641045	7.8
6523.66193246	7666	1.83799706886	0.0	447075	299.757850175	7.532
6523.93706784	7133	2.06286169265	0.0	421103	275.135376213	6.6
6524.19455821	6400	2.30537132219	0.0	383025	257.490370465	5.667
6524.45204858	6400	2.54788095172	0.0	383025	257.490370465	6.4
6524.70953895	6400	2.79039058126	0.0	383025	257.490370465	6.4
6524.96702932	6400	3.03290021079	0.0	383025	257.490370465	6.4
6525.22451969	6400	3.27540984033	0.0	383025	257.490370465	6.4
6525.52141164	6400	3.47851789192	0.0	383025	296.891948413	6.4
6525.82838486	6400	3.67154467181	0.0	383025	306.973220103	6.4
6526.13535808	6400	3.86457145171	0.0	383025	306.973220103	6.4
6526.4423313	6400	4.05759823161	0.0	383025	306.973220103	6.4
6526.74930452	6400	4.2506250115	0.0	383025	306.973220103	6.4
6527.05627774	6400	4.4436517914	0.0	383025	306.973220103	6.4
6527.36325096	6400	4.6366785713	0.0	383025	306.973220103	6.4
6527.67022418	6400	4.8297053512	0.0	383025	306.973220103	6.4
6527.97282059	6400	5.02710894339	0.0	383025	302.596407806	6.4
6528.26221648	6400	5.23771305314	0.0	383025	289.395890246	6.4
6528.55161237	6400	5.4483171629	0.0	383025	289.395890246	6.4
6528.84100826	6400	5.65892127265	0.0	383025	289.395890246	6.4
6529.13040415	6400	5.8695253824	0.0	383025	289.395890246	6.4
6529.41980004	6400	6.08012949216	0.0	383025	289.395890246	6.4
6529.70919593	6400	6.29073360191	0.0	383025	289.395890246	6.4
6529.99859182	6400	6.50133771166	0.0	383025	289.395890246	6.4
6530.30842667	6400	6.69150286596	0.0	383025	309.8348457	6.4
6530.62899226	6400	6.87093727012	0.0	383025	320.565595842	6.4
6530.94955786	6400	7.05037167428	0.0	383025	320.565595842	6.4
6531.27012345	6400	7.22980607844	0.0	383025	320.565595842	6.4
6531.59068905	6400	7.40924048259	0.0	383025	320.565595842	6.4
6531.91125464	6400	7.58867488675	0.0	383025	320.565595842	6.4
6532.23182024	6400	7.76810929091	0.0	383025	320.565595842	6.4
6532.55238584	6400	7.94754369507	0.0	383025	320.565595842	6.4
6533.4166431	6400	7.58328642927	0.0	383025	364.257265798	6.4

