7987.14258338	3066	0.5	0.245807255437	181435	245.807255437	2.08277097825
7987.65349947	7800	0.5	0.0109160909597	471531	510.91609096	3.02233563616
7988.17438675	7866	0.5	0.0208872815462	482442	520.887281546	7.71645087382
7988.70411843	8000	0.5	0.0297316755061	492120	529.731675506	7.74707329798
7989.23731128	8000	0.5	0.0331928513512	492120	533.192851351	7.8672285946
7989.79820296	8000	0.5	0.0608916794896	490176	560.89167949	7.75643328204
7990.38186797	8333	0.5	0.0836650069393	513389	583.665006939	7.66533997224
7990.94950835	8066	0.5	0.0676403857975	497055	567.640385798	7.52843845681
7991.53159508	8466	0.5	0.0820867311861	520019	582.086731186	7.73765307526
7992.14276689	9000	0.5	0.111171809753	551265	611.171809753	8.02131276099
7992.76074812	9266	0.5	0.117981222974	558332	617.981222974	8.5280751081
7993.35814597	9000	0.5	0.0973978516376	536970	597.397851638	8.34440859345
7993.88940111	9000	0.5	0.031255139143	536970	531.255139143	8.87497944343
7994.410541	9000	0.5	0.0211398881571	536970	521.139888157	8.91544044737
7994.92993055	9000	0.5	0.0193895551979	536970	519.389555198	8.92244177921
7995.3992648	9000	0.530665755184	0.0	536970	469.334244816	9.0
7995.88052914	9400	0.549401410615	0.0	553424	481.264344569	9.0
7996.33970533	9000	0.59022522448	0.0	522960	459.176186135	8.6
7996.79940204	9000	0.630528514371	0.0	522960	459.696710109	9.0
7997.26858502	9000	0.661345531721	0.0	532300	469.182982651	9.0
7997.71634868	8400	0.713581870242	0.0	503004	447.763661479	7.8
7998.08201446	8000	0.847916092127	0.0	481782	365.665778115	7.6
7998.41309191	8000	1.01683863967	0.0	481782	331.077452458	8.0
7998.75916266	8533	1.170767895	0.0	510552	346.070744667	8.0
7999.20292675	9000	1.22700379687	0.0	536970	443.764098128	8.533
7999.66844925	9000	1.26148130289	0.0	536970	465.522493982	9.0
8000.13397174	9000	1.29595880891	0.0	536970	465.522493982	9.0
8000.59113176	9000	1.33879879296	0.0	536970	457.160015947	9.0
8001.03992553	9000	1.3900050177	0.0	536970	448.793775263	9.0
8001.51414484	9533	1.41578571483	0.0	573990	474.219302872	9.0
8002.0400323	9666	1.38989825373	0.0	586715	525.887461096	9.533
8002.61446761	9000	1.31546294565	0.0	551265	574.435308082	8.334
8003.18890291	9000	1.24102763757	0.0	551265	574.435308082	9.0
8003.78593369	9000	1.1439968574	0.0	551265	597.030780165	9.0
8004.44864202	9000	0.981288528027	0.0	551265	662.708329376	9.0
8005.11135035	9000	0.818580198651	0.0	551265	662.708329376	9.0
8005.77022386	9000	0.659706692768	0.0	551265	658.873505882	9.0
8006.40276969	8466	0.527160856468	0.0	527825	632.545836301	7.932
8007.00448623	8000	0.5	0.0745556805785	498375	601.716537046	7.23577727769
8007.53906671	7066	0.5	0.0345804792696	434595	534.58047927	5.99367808292
8008.08007925	7200	0.5	0.0410125426585	442995	541.012542658	6.90194982937
8008.64876743	7600	0.5	0.0686881768292	469589	568.688176829	6.92524729268
8009.24521033	8000	0.5	0.0964429020805	496259	596.44290208	7.21422839168
8009.90414091	8133	0.5	0.158930580267	508563	658.930580267	7.36427767893
8010.6164268	8733	0.5	0.21228588552	536941	712.28588552	7.28385645792
8011.31491391	8733	0.5	0.198487114321	525223	698.487114321	7.93905154272
8012.00936634	9000	0.5	0.194452424005	536970	694.452424005	7.95519030398
8012.66998819	9000	0.5	0.16062185192	527946	660.62185192	8.35751259232
8013.32120036	8933	0.5	0.151212176376	519390	651.212176376	8.2611512945
8014.20431232	8933	0.5	0.383111959967	530998	883.111959967	7.40055216013
8015.18415046	9000	0.5	0.479838130645	536970	979.838130645	7.01364747742
8016.12446723	8600	0.5	0.440316774753	513386	940.316774753	6.43873290099
8016.80876057	7000	0.5	0.184293342798	418197	684.293342798	4.66282662881
8017.36219179	8600	0.5	0.0534312140646	525989	553.431214065	6.78627514374
8017.93872441	9000	0.5	0.0765326202541	551655	576.532620254	8.29386951898
8018.47680731	9533	0.5	0.0380829059924	584127	538.082905992	8.84766837603
8018.95117288	10000	0.5256344377	0.0	612540	474.3655623	9.533
8019.42553844	10000	0.551268875399	0.0	612540	474.3655623	10.0
8019.93737924	10000	0.539428072426	0.0	612540	511.840802974	10.0
8020.46394364	10000	0.512863678066	0.0	612540	526.56439436	10.0
8020.94587136	10000	0.530935957039	0.0	612540	481.927721027	10.0
8021.40375353	9866	0.573053786046	0.0	607628	457.882170993	9.732
8021.8695879	10000	0.607219415154	0.0	620415	465.834370892	9.866
8022.33133274	10000	0.645474574779	0.0	620415	461.744840374	10.0
8022.79150443	10000	0.685302878961	0.0	620415	460.171695819	10.0
8023.35563104	11600	0.621176275695	0.0	730995	564.126603265	10.0
8023.94200292	12000	0.534804396926	0.0	758640	586.371878769	11.6
8024.5552253	12266	0.5	0.0784179884176	771584	613.222385344	11.6863280463
8025.10605467	11000	0.5	0.0508293732565	681300	550.829373257	9.53068250697
8025.58283675	10200	0.523217924408	0.0	627772	476.782075592	9.4
8026.03760183	10000	0.568452844613	0.0	612540	454.765079795	9.8
8026.49236691	10000	0.613687764818	0.0	612540	454.765079795	10.0
8026.97075877	10000	0.635295902579	0.0	612540	478.391862238	10.0
8027.43990641	9600	0.666148264519	0.0	588186	469.14763806	9.2
8027.87068683	8666	0.735367844786	0.0	530195	430.780419733	7.732
8028.30261297	8533	0.803441700166	0.0	515343	431.926144621	8.4
8028.75200129	9000	0.854053388639	0.0	539520	449.388311527	8.533
8029.2013896	9000	0.904665077112	0.0	539520	449.388311527	9.0
8029.61713618	9000	0.988918493542	0.0	539520	415.746583571	9.0
8030.02817018	9000	1.07788449622	0.0	539520	411.033997319	9.0
8030.42328175	9000	1.18277292321	0.0	539520	395.111573017	9.0
8030.81706983	9000	1.28898484152	0.0	540862	393.788081691	9.0
8031.21023772	9000	1.395816954	0.0	539793	393.16788752	9.0
8031.65081524	9933	1.45523943967	0.0	600065	440.577514321	9.0
8032.08778492	9533	1.51826975356	0.0	573695	436.969686113	9.133
8032.50241659	9000	1.6036380898	0.0	537795	414.631663764	8.467
8032.87067966	7800	1.73537501312	0.0	462222	368.263076676	6.6
8033.23880637	7800	1.86724830354	0.0	456146	368.126709581	7.8
8033.60120334	7666	2.00485133264	0.0	447075	362.396970895	7.532
8033.92314284	6400	2.18291183753	0.0	383025	321.939495112	5.134
8034.24584513	6400	2.36020954933	0.0	383025	322.702288207	6.4
8034.569029	6400	2.53702567021	0.0	383025	323.183879116	6.4
8034.89221288	6400	2.71384179109	0.0	383025	323.183879116	6.4
8035.21539676	6400	2.89065791198	0.0	383025	323.183879116	6.4
8035.55555247	6400	3.05050220049	0.0	383025	340.155711489	6.4
8035.89734409	6400	3.20871058832	0.0	383025	341.791612168	6.4
8036.2391357	6400	3.36691897615	0.0	383025	341.791612168	6.4
8036.58092731	6400	3.52512736398	0.0	383025	341.791612168	6.4
8036.92362389	6400	3.68243077996	0.0	383025	342.696584025	6.4
8037.26715826	6400	3.8388964194	0.0	383025	343.53436056	6.4
8037.61069262	6400	3.99536205884	0.0	383025	343.53436056	6.4
8037.95422698	6400	4.15182769828	0.0	383025	343.53436056	6.4
8038.29700059	6400	4.30905408625	0.0	383025	342.773612032	6.4
8038.63854967	6400	4.46750500387	0.0	383025	341.549082379	6.4
8038.98009875	6400	4.62595592149	0.0	383025	341.549082379	6.4
8039.32164784	6400	4.78440683911	0.0	383025	341.549082379	6.4
8039.66319692	6400	4.94285775673	0.0	383025	341.549082379	6.4
8040.01575644	6400	5.09029823465	0.0	383025	352.559522084	6.4
8040.38670001	6400	5.21935466692	0.0	383025	370.943567727	6.4
8040.75764358	6400	5.34841109919	0.0	383025	370.943567727	6.4
8041.12858714	6400	5.47746753147	0.0	383025	370.943567727	6.4
8041.50120129	6400	5.60485338073	0.0	383025	372.614150738	6.4
8041.87882549	6400	5.72722918213	0.0	383025	377.624198594	6.4
8042.25644969	6400	5.84960498354	0.0	383025	377.624198594	6.4
8042.63407389	6400	5.97198078494	0.0	383025	377.624198594	6.4
8043.01861058	6400	6.08744409534	0.0	383025	384.5366896	6.4
8043.44203273	6400	6.16402194748	0.0	383025	423.42214787	6.4
8043.86545488	6400	6.24059979961	0.0	383025	423.42214787	6.4
8044.28887702	6400	6.31717765174	0.0	383025	423.42214787	6.4
8044.71229917	6400	6.39375550387	0.0	383025	423.42214787	6.4

