3466.3579812	3066	0.5	0.21853184826	181435	218.53184826	2.19187260696
3466.7980113	7800	0.559969901387	0.0	471531	440.030098613	3.066
3467.24637232	7866	0.611608879873	0.0	482442	448.361021513	7.8
3467.70600735	8000	0.651973847187	0.0	492120	459.635032687	7.866
3468.16933343	8000	0.688647765988	0.0	492120	463.326081199	8.0
3468.67039308	8000	0.687588120453	0.0	490176	501.059645536	8.0
3469.19907423	8333	0.658906971658	0.0	513389	528.681148795	8.0
3469.81867186	8066	0.539309335297	0.0	497055	619.597636361	7.799
3470.59953618	8466	0.5	0.241554981517	520019	780.864316814	7.09978007393
3471.47886535	9000	0.5	0.379329172535	551265	879.329172535	6.94868330986
3472.43497452	9266	0.5	0.456109162295	558332	956.109162295	7.17556335082
3473.37968158	9000	0.5	0.444707068126	536970	944.707068126	6.95517172749
3475.33110177	9000	0.5	1.4514201899	536970	1951.4201899	3.1943192404
3476.80748502	9000	0.5	0.976383241438	536970	1476.38324144	5.09446703425
3476.99114074	1800	0.816344278708	0.0	104880	183.655721292	-5.4
3477.17479646	1800	1.13268855742	0.0	104880	183.655721292	1.8
3477.36183621	1880	1.44564880495	0.0	108304	187.039752467	1.8
3477.5430903	1800	1.76439471793	0.0	102450	181.254087017	1.72
3478.20114809	9000	1.60633692616	0.0	522960	658.057791773	1.8
3478.9411147	9000	1.3663703155	0.0	532300	739.966610655	9.0
3479.67589626	8400	1.13158875375	0.0	503004	734.781561752	7.8
3480.44382014	8000	0.863664877564	0.0	481782	767.923876189	7.6
3481.2110187	8000	0.596466315315	0.0	481782	767.198562249	8.0
3481.78961562	8533	0.517869399774	0.0	510552	578.59691554	8.0
3482.39401193	9000	0.5	0.0865269119387	536970	604.396311713	8.18689235225
3482.90503599	9000	0.5	0.0110240611767	536970	511.024061177	8.95590375529
3483.42055222	9000	0.5	0.0155162311608	536970	515.516231161	8.93793507536
3483.98694383	9000	0.5	0.0663916052075	536970	566.391605208	8.73443357917
3484.54421904	9000	0.5	0.0572752135051	536970	557.275213505	8.77089914598
3485.0561834	9533	0.5	0.0119643577836	573990	511.964357784	8.95214256887
3485.59047159	9666	0.5	0.0342881929651	586715	534.288192965	9.39584722814
3486.12656132	9000	0.5	0.0360897352553	551265	536.089735255	8.18964105898
3486.65949085	9000	0.5	0.0329295287605	551265	532.929528761	8.86828188496
3487.18475987	9000	0.5	0.0252690201029	551265	525.269020103	8.89892391959
3487.68584006	9000	0.5	0.00108018397108	551265	501.080183971	8.99567926412
3488.17130363	9000	0.514536425944	0.0	551265	485.463574056	9.0
3488.6225779	9000	0.56326215402	0.0	551265	451.274271925	9.0
3489.0392186	8466	0.646621455602	0.0	527825	416.640698417	7.932
3489.460006	8000	0.725834058049	0.0	498375	420.787397553	7.534
3489.84393181	7066	0.841908243675	0.0	434595	383.925814375	6.132
3490.23708399	7200	0.948756064453	0.0	442995	393.152179222	7.066
3490.65367971	7600	1.03216034282	0.0	469589	416.595721629	7.2
3491.09373401	8000	1.09210605201	0.0	496259	440.054290809	7.6
3491.54459822	8133	1.14124184138	0.0	508563	450.864210636	8.0
3492.01269453	8733	1.17314553029	0.0	536941	468.096311088	8.133
3492.47061809	8733	1.21522197163	0.0	525223	457.923558656	8.733
3492.96676446	9000	1.21907560065	0.0	536970	496.146370988	8.733
3493.48120853	9000	1.20463153111	0.0	527946	514.444069538	9.0
3494.02488507	8933	1.16095498332	0.0	519390	543.676547785	8.866
3494.55511998	8933	1.13072007734	0.0	530998	530.234905983	8.933
3495.05090996	9000	1.13493010234	0.0	536970	495.789974996	8.933
3495.52318695	8600	1.16265310544	0.0	513386	472.276996908	8.2
3495.90235945	7000	1.28348060266	0.0	418197	379.172502776	5.4
3496.3586449	8600	1.3271951545	0.0	525989	456.285448156	7.0
3496.86015014	9000	1.32568991866	0.0	551655	501.505235843	8.6
3497.38719653	9533	1.2986435228	0.0	584127	527.046395861	9.0
3497.93528985	10000	1.25055020813	0.0	612540	548.093314674	9.533
3498.46797367	10000	1.21786638519	0.0	612540	532.683822936	10.0
3498.99933288	10000	1.18650717348	0.0	612540	531.359211709	10.0
3499.51280287	10000	1.17303718349	0.0	612540	513.469989988	10.0
3500.0404316	10000	1.14540845942	0.0	612540	527.628724073	10.0
3500.62054665	9866	1.06529341046	0.0	607628	580.115048956	9.732
3501.20717857	10000	0.978661484256	0.0	620415	586.631926209	9.866
3501.78384844	10000	0.901991613988	0.0	620415	576.669870268	10.0
3502.32642368	10000	0.859416378492	0.0	620415	542.575235495	10.0
3502.90898451	11600	0.776855542712	0.0	730995	582.56083578	10.0
3503.48556326	12000	0.700276797745	0.0	758640	576.578744967	11.6
3504.14617724	12266	0.539662820494	0.0	771584	660.613977251	12.0
3504.73795918	11000	0.5	0.0521191186454	681300	591.781939139	9.52552352542
3505.28866246	10200	0.5	0.0507032868874	627772	550.703286887	9.19718685245
3505.81951987	10000	0.5	0.030857408792	612540	530.857408792	9.67657036483
3506.35059004	10000	0.5	0.0310701691435	612540	531.070169143	9.87571932343
3506.88390342	10000	0.5	0.0333133753035	612540	533.313375304	9.86674649879
3507.42947502	9600	0.5	0.0455716051138	588186	545.571605114	9.01771357954
3507.95356551	8666	0.5	0.024090487182	530195	524.090487182	7.63563805127
3508.42847296	8533	0.525092552516	0.0	515343	474.907447484	8.4
3508.90016299	9000	0.553402522613	0.0	539520	471.690029903	8.533
3509.37169248	9000	0.581873028833	0.0	539520	471.529493781	9.0
3509.84312311	9000	0.610442402593	0.0	539520	471.43062624	9.0
3510.33029916	9000	0.623266349057	0.0	539520	487.176053536	9.0
3510.81958884	9000	0.633976664089	0.0	539520	489.289684968	9.0
3511.31502595	9000	0.638539557272	0.0	540862	495.437106817	9.0
3511.8120124	9000	0.641553110142	0.0	539793	496.98644713	9.0
3512.35540889	9933	0.59815662078	0.0	600065	543.396489362	9.0
3512.87840322	9533	0.575162284093	0.0	573695	522.994336688	9.133
3513.31112777	9000	0.642437739958	0.0	537795	432.724544134	8.467
3513.69281709	7800	0.760748414004	0.0	462222	381.689325954	6.6
3514.0597807	7800	0.893784811229	0.0	456146	366.963602775	7.8
3514.42000165	7666	1.03356385947	0.0	447075	360.220951762	7.532
3514.78775927	7133	1.1658062418	0.0	421103	367.757617666	6.6
3515.21547775	8000	1.2380877607	0.0	476265	427.718481097	7.133
3515.62880157	7733	1.32476393476	0.0	454837	413.323825948	7.466
3516.05739546	8000	1.39617004532	0.0	462300	428.593889436	7.733
3516.48598935	8000	1.46757615588	0.0	462300	428.593889436	8.0
3516.89969761	8000	1.55386789612	0.0	468906	413.708259761	8.0
3517.31029106	8000	1.64327444464	0.0	467438	410.593451488	8.0
3517.70930849	7933	1.74425701566	0.0	465132	399.017428976	7.866
3518.09947388	7533	1.85409162667	0.0	455338	390.165388986	7.133
3518.57166207	8866	1.8819034397	0.0	543071	472.188186969	7.533
3519.0668035	9000	1.88676200621	0.0	551023	495.141433498	8.866
3519.60736737	10000	1.84619813682	0.0	612540	540.563869389	9.0
3520.14695244	10000	1.80661306763	0.0	612540	539.585069184	10.0
3520.66511649	10000	1.78844901469	0.0	612540	518.164052939	10.0
3521.14077894	9066	1.81278656771	0.0	555398	475.662446987	8.132
3521.609708	9000	1.84385751017	0.0	551655	468.92905754	8.934
3522.10676813	9000	1.84679737797	0.0	551655	497.060132202	9.0
3522.6444273	9000	1.80913820636	0.0	551655	537.659171606	9.0
3523.1322073	9000	1.82135820495	0.0	551655	487.78000141	9.0
3523.5736205	8533	1.87994500607	0.0	521611	441.413198878	8.066
3523.98397812	8000	1.96958738621	0.0	487275	410.357619862	7.467
3524.38298981	8000	2.07057569512	0.0	487275	399.011691094	8.0
3524.7135602	6400	2.24000531043	0.0	383025	330.570384683	4.8
3525.03322196	6400	2.42034355023	0.0	383025	319.6617602	6.4
3525.35288372	6400	2.60068179003	0.0	383025	319.6617602	6.4
3525.71831446	6400	2.73525105223	0.0	383025	365.430737803	6.4
3526.09373301	6400	2.85983249748	0.0	383025	375.41855475	6.4
3526.46875615	6400	2.98480936202	0.0	383025	375.023135461	6.4
3526.84377928	6400	3.10978622656	0.0	383025	375.023135461	6.4
3527.21762642	6400	3.2359390857	0.0	383025	373.847140852	6.4
3527.58764698	6400	3.36591853329	0.0	383025	370.020552413	6.4

