1039.97653793	3066	0.5	0.168178319638	181435	168.178319638	2.39328672145
1040.28570436	7800	0.690833569944	0.0	471531	309.166430056	3.066
1040.60017359	7866	0.876364339186	0.0	482442	314.469230759	7.8
1040.91934638	8000	1.05719155191	0.0	492120	319.17278728	7.866
1041.23851917	8000	1.23801876463	0.0	492120	319.17278728	8.0
1041.57810517	8000	1.39843276429	0.0	490176	339.586000331	8.0
1041.94612283	8333	1.53041510013	0.0	513389	368.017664163	8.0
1042.30497692	8066	1.67156101471	0.0	497055	358.854085422	7.799
1042.70753538	8466	1.76900255274	0.0	520019	402.558461967	8.066
1043.13518256	9000	1.84135536665	0.0	551265	427.647186098	8.466
1043.56728645	9266	1.90925148066	0.0	558332	432.103885987	9.0
1044.00303264	9000	1.97350528677	0.0	536970	435.746193888	8.734
1044.50744669	9000	1.96909123859	0.0	536970	504.414048185	9.0
1045.01186074	9000	1.9646771904	0.0	536970	504.414048185	9.0
1045.51324836	9000	1.96328957308	0.0	536970	501.387617322	9.0
1045.97164942	9000	2.0048885103	0.0	536970	458.401062775	9.0
1046.32156593	6400	2.15497200273	0.0	383025	349.916507569	3.8
1046.67148244	6400	2.30505549517	0.0	383025	349.916507569	6.4
1047.02139894	6400	2.4551389876	0.0	383025	349.916507569	6.4
1047.37131545	6400	2.60522248003	0.0	383025	349.916507569	6.4
1047.72084892	6400	2.75568900667	0.0	383025	349.53347336	6.4
1048.0347712	6400	2.94176673511	0.0	383025	313.922271552	6.4
1048.34869347	6400	3.12784446356	0.0	383025	313.922271552	6.4
1048.66261574	6400	3.31392219201	0.0	383025	313.922271552	6.4
1048.98139442	6400	3.49514351487	0.0	383025	318.778677138	6.4
1049.31197921	6400	3.66455872523	0.0	383025	330.584789642	6.4
1049.642564	6400	3.83397393559	0.0	383025	330.584789642	6.4
1049.97314878	6400	4.00338914595	0.0	383025	330.584789642	6.4
1050.31141806	6400	4.165119871	0.0	383025	338.269274943	6.4
1050.66455795	6400	4.31197997792	0.0	383025	353.139893086	6.4
1051.01769785	6400	4.45884008483	0.0	383025	353.139893086	6.4
1051.37083774	6400	4.60570019175	0.0	383025	353.139893086	6.4
1051.72397763	6400	4.75256029866	0.0	383025	353.139893086	6.4
1052.10167305	6400	4.87486487995	0.0	383025	377.695418708	6.4
1052.51648291	6400	4.96005501802	0.0	383025	414.809861929	6.4
1052.93129277	6400	5.0452451561	0.0	383025	414.809861929	6.4
1053.34610264	6400	5.13043529417	0.0	383025	414.809861929	6.4
1053.7609125	6400	5.21562543224	0.0	383025	414.809861929	6.4
1054.17579876	6400	5.30073917029	0.0	383025	414.88626195	6.4
1054.59075284	6400	5.38578508715	0.0	383025	414.954083142	6.4
1055.00570693	6400	5.470831004	0.0	383025	414.954083142	6.4
1055.42066101	6400	5.55587692086	0.0	383025	414.954083142	6.4
1055.83561509	6400	5.64092283772	0.0	383025	414.954083142	6.4
1056.30875135	6400	5.66778657576	0.0	383025	473.13626196	6.4
1056.80416619	6400	5.67237174066	0.0	383025	495.414835099	6.4
1057.29958103	6400	5.67695690556	0.0	383025	495.414835099	6.4
1057.79499586	6400	5.68154207046	0.0	383025	495.414835099	6.4
1058.24114167	6400	5.7353962633	0.0	383025	446.145807161	6.4
1058.67300422	6400	5.80353370879	0.0	383025	431.862554512	6.4
1059.10486678	6400	5.87167115428	0.0	383025	431.862554512	6.4
1059.53672933	6400	5.93980859976	0.0	383025	431.862554512	6.4
1059.96859189	6400	6.00794604525	0.0	383025	431.862554512	6.4
1060.57741264	6400	5.89912528581	0.0	383025	608.820759441	6.4
1061.22999868	6400	5.74653925499	0.0	383025	652.586030824	6.4
1061.88258471	6400	5.59395322416	0.0	383025	652.586030824	6.4
1062.53517074	6400	5.44136719334	0.0	383025	652.586030824	6.4
1063.19295868	6400	5.283579251	0.0	383025	657.787942342	6.4
1063.86691203	6400	5.10962590281	0.0	383025	673.953348188	6.4
1064.54086538	6400	4.93567255462	0.0	383025	673.953348188	6.4
1065.21481872	6400	4.76171920643	0.0	383025	673.953348188	6.4
1065.88877207	6400	4.58776585824	0.0	383025	673.953348188	6.4
1066.7442959	6400	4.23224203322	0.0	383025	855.523825024	6.4
1068.00319757	6400	3.47334036417	0.0	383025	1258.90166905	6.4
1069.26209924	6400	2.71443869512	0.0	383025	1258.90166905	6.4
1070.5210009	6400	1.95553702607	0.0	383025	1258.90166905	6.4
1071.4823586	4640	1.49417933495	0.0	286353	961.357691112	2.88
1071.96239951	2400	1.51413841699	0.0	147675	480.040917968	0.16
1072.18389044	2453	1.79264748877	0.0	150157	221.490928216	2.4
1072.3886539	2200	2.08788403218	0.0	132405	204.763456585	1.947
1072.82957322	6400	2.14696470921	0.0	383025	440.919322976	2.2
1073.27049254	6400	2.20604538623	0.0	383025	440.919322976	6.4
1073.71141187	6400	2.26512606326	0.0	383025	440.919322976	6.4
1074.15233119	6400	2.32420674028	0.0	383025	440.919322976	6.4
1074.59173149	6400	2.38480643948	0.0	383025	439.400300797	6.4
1075.03072641	6400	2.44581151902	0.0	383025	438.994920463	6.4
1075.46972133	6400	2.50681659856	0.0	383025	438.994920463	6.4
1075.90871625	6400	2.5678216781	0.0	383025	438.994920463	6.4
1076.31885705	6400	2.6576808852	0.0	383025	410.140792898	6.4
1076.70837303	6400	2.76816490189	0.0	383025	389.515983304	6.4
1077.09788901	6400	2.87864891859	0.0	383025	389.515983304	6.4
1077.487405	6400	2.98913293529	0.0	383025	389.515983304	6.4
1077.87639492	6400	3.10014300585	0.0	383025	388.989929438	6.4
1078.24689268	6400	3.22964525491	0.0	383025	370.497750942	6.4
1078.61739043	6400	3.35914750396	0.0	383025	370.497750942	6.4
1078.98788818	6400	3.48864975302	0.0	383025	370.497750942	6.4
1079.37934522	6400	3.59719271101	0.0	383025	391.457042008	6.4
1079.78565288	6400	3.69088505133	0.0	383025	406.307659688	6.4
1080.19196054	6400	3.78457739164	0.0	383025	406.307659688	6.4
1080.5982682	6400	3.87826973195	0.0	383025	406.307659688	6.4
1081.00457586	6400	3.97196207226	0.0	383025	406.307659688	6.4
1081.39271233	6400	4.08382559928	0.0	383025	388.136472986	6.4
1081.76653438	6400	4.21000355153	0.0	383025	373.82204775	6.4
1082.14035643	6400	4.33618150378	0.0	383025	373.82204775	6.4
1082.54854553	6400	4.42799239917	0.0	383025	408.189104611	6.4
1082.9871723	6400	4.48936563564	0.0	383025	438.626763526	6.4
1083.42579906	6400	4.55073887211	0.0	383025	438.626763526	6.4
1083.86442582	6400	4.61211210859	0.0	383025	438.626763526	6.4
1084.35554893	6400	4.6209890036	0.0	383025	491.123104989	6.4
1084.86809449	6400	4.60844343599	0.0	383025	512.545567604	6.4
1085.38064006	6400	4.59589786839	0.0	383025	512.545567604	6.4
1085.89318563	6400	4.58335230079	0.0	383025	512.545567604	6.4
1086.41427392	6400	4.56226401128	0.0	383025	521.088289506	6.4
1087.06181817	6400	4.41471976238	0.0	383025	647.544248902	6.4
1087.70936242	6400	4.26717551348	0.0	383025	647.544248902	6.4
1088.35690667	6400	4.11963126457	0.0	383025	647.544248902	6.4
1089.00445091	6400	3.97208701567	0.0	383025	647.544248902	6.4
1089.65199516	6400	3.82454276677	0.0	383025	647.544248902	6.4
1090.17155647	6400	3.80498145814	0.0	383025	519.561308627	6.4
1090.6770059	6400	3.79953203213	0.0	383025	505.449426018	6.4
1091.18245532	6400	3.79408260611	0.0	383025	505.449426018	6.4
1091.68790475	6400	3.78863318009	0.0	383025	505.449426018	6.4
1092.16673021	6400	3.80980772395	0.0	383025	478.825456137	6.4
1092.60352797	6400	3.87300996542	0.0	383025	436.797758532	6.4
1093.04032572	6400	3.93621220689	0.0	383025	436.797758532	6.4
1093.47712348	6400	3.99941444835	0.0	383025	436.797758532	6.4
1093.91392124	6400	4.06261668982	0.0	383025	436.797758532	6.4
1094.38498221	6400	4.0915557196	0.0	383025	471.060970224	6.4
1094.86091771	6400	4.1156202164	0.0	383025	475.935503197	6.4
1095.33685322	6400	4.13968471321	0.0	383025	475.935503197	6.4
1095.72574584	6400	4.25079209542	0.0	383025	388.892617783	6.4

