4657.94853473	3066	0.5	0.209805015631	181435	209.805015631	2.22677993748
4658.36588468	7800	0.582650046434	0.0	471531	417.349953566	3.066
4658.79104075	7866	0.657493977589	0.0	482442	425.156068845	7.8
4659.2231208	8000	0.725413925272	0.0	492120	432.080052317	7.866
4659.65520085	8000	0.793333872955	0.0	492120	432.080052317	8.0
4660.06148971	8000	0.887045020537	0.0	490176	406.288852418	8.0
4660.46333009	8333	0.985204640932	0.0	513389	401.840379605	8.0
4660.85628637	8066	1.09224835938	0.0	497055	392.956281547	7.799
4661.27914928	8466	1.16938545219	0.0	520019	422.862907195	8.066
4661.72261353	9000	1.22592119312	0.0	551265	443.464259066	8.466
4662.17073726	9266	1.27779746553	0.0	558332	448.123727595	9.0
4662.61828177	9000	1.33025295819	0.0	536970	447.54450734	8.734
4663.07099494	9000	1.37753979103	0.0	536970	452.713167163	9.0
4663.5237081	9000	1.42482662386	0.0	536970	452.713167163	9.0
4663.98805149	9000	1.46048324167	0.0	536970	464.343382192	9.0
4664.45288328	9000	1.495651443	0.0	536970	464.831798676	9.0
4664.92950722	9400	1.51902750991	0.0	553424	476.623933088	9.0
4665.39823723	9000	1.55029750059	0.0	522960	468.730009314	8.6
4665.92215929	9000	1.52637543512	0.0	522960	523.922065471	9.0
4666.45400975	9000	1.49452497725	0.0	532300	531.850457874	9.0
4667.57033624	8400	0.878198486213	0.0	503004	1116.32649104	7.8
4668.74720873	8000	0.5	0.298674003397	481782	1176.87248961	6.40530398641
4669.92408122	8000	0.5	0.676872489609	481782	1176.87248961	5.29251004156
4670.85525146	8533	0.5	0.431170238687	510552	931.170238687	6.27531904525
4671.63752732	7200	0.5	0.282275857647	427485	782.275857647	4.73789656941
4672.24077815	5400	0.5	0.103250835513	318510	603.250835513	3.18699665795
4672.84402899	5400	0.5	0.103250835513	318510	603.250835513	4.98699665795
4673.39656254	5400	0.5	0.0525335553299	318510	552.53355533	5.18986577868
4674.13336937	9000	0.5	0.236806821832	536970	736.806821832	4.45277271267
4674.91545802	9533	0.5	0.28208865982	573990	782.08865982	7.87164536072
4675.72153856	9666	0.5	0.30608053544	586715	806.08053544	8.30867785824
4676.52550861	9000	0.5	0.303970049104	551265	803.970049104	7.11811980358
4677.32947866	9000	0.5	0.303970049104	551265	803.970049104	7.78411980358
4678.13817121	9000	0.5	0.308692556237	551265	808.692556237	7.76522977505
4678.9878987	9000	0.5	0.349727480964	551265	849.727480964	7.60109007614
4679.83762618	9000	0.5	0.349727480964	551265	849.727480964	7.60109007614
4680.86219024	9000	0.5	0.524564058575	551265	1024.56405858	6.9017437657
4681.96014704	8466	0.5	0.597956805019	527825	1097.95680502	5.54017277993
4683.00130694	8000	0.5	0.541159897127	498375	1041.15989713	5.36936041149
4683.9134995	7066	0.5	0.412192563843	434595	912.192563843	4.48322974463
4684.37323002	7200	0.540269478562	0.0	442995	459.730521438	7.066
4684.85575663	7600	0.557742868032	0.0	469589	482.52661053	7.2
4685.36114448	8000	0.552355022033	0.0	496259	505.387845999	7.6
4685.92081204	8133	0.5	0.00731253458037	508563	559.667556614	7.97074986168
4686.5308779	8733	0.5	0.110065864243	536941	610.065864243	7.69273654303
4687.1293758	8733	0.5	0.0984979046398	525223	598.49790464	8.33900838144
4687.70925274	9000	0.5	0.0798769367186	536970	579.876936719	8.41349225313
4688.24501995	9000	0.5	0.0357672046315	527946	535.767204632	8.85693118147
4688.77340089	8933	0.5	0.0283809488349	519390	528.380948835	8.75247620466
4689.28312239	8933	0.5	0.00972149110736	530998	509.721491107	8.89411403557
4689.79006181	9000	0.5	0.00693942098311	536970	506.939420983	8.90524231607
4690.27824983	8600	0.511811979103	0.0	513386	488.188020897	8.2
4690.6710572	7000	0.619004610077	0.0	418197	392.807369026	5.4
4691.12636812	8600	0.663693687446	0.0	525989	455.310922631	7.0
4691.5999926	9000	0.69006920666	0.0	551655	473.624480786	8.6
4692.10489279	9533	0.685169013331	0.0	584127	504.90019333	9.0
4692.6338471	10000	0.656214707834	0.0	612540	528.954305496	9.533
4693.16472874	10000	0.625333069925	0.0	612540	530.88163791	10.0
4693.71907903	10000	0.57098277981	0.0	612540	554.350290114	10.0
4694.27938349	10000	0.510678314126	0.0	612540	560.304465684	10.0
4694.89691898	10000	0.5	0.106857174928	612540	617.535489054	9.57257130029
4695.51014394	9866	0.5	0.113224955339	607628	613.224955339	9.27910017865
4696.1021356	10000	0.5	0.0919916601633	620415	591.991660163	9.49803335935
4696.58619039	10000	0.515945210818	0.0	620415	484.054789182	10.0
4697.28209657	10000	0.5	0.179960973583	620415	695.9061844	9.28015610567
4698.36479083	11600	0.5	0.582694254962	730995	1082.69425496	7.66922298015
4699.25090003	12000	0.5	0.386109199703	758640	886.109199703	10.0555632012
4699.99322218	12266	0.5	0.242322155985	771584	742.322155985	11.0307113761
4700.66628933	11000	0.5	0.173067146817	681300	673.067146817	9.04173141273
4701.30298329	10200	0.5	0.136693963389	627772	636.693963389	8.85322414644
4701.92616986	10000	0.5	0.123186571453	612540	623.186571453	9.30725371419
4702.52737558	10000	0.5	0.101205717052	612540	601.205717052	9.59517713179
4703.11444983	10000	0.5	0.0870742534287	612540	587.074253429	9.65170298629
4703.6813633	9600	0.5	0.0669134698587	588186	566.913469859	8.93234612057
4704.12079251	8666	0.5605707929	0.0	530195	439.4292071	7.732
4704.54883458	8533	0.632528718911	0.0	515343	428.042073989	8.4
4704.99320484	9000	0.688158465005	0.0	539520	444.370253906	8.533
4705.44348286	9000	0.73788044442	0.0	539520	450.278020585	9.0
4705.90434265	9000	0.777020655857	0.0	539520	460.859788563	9.0
4706.5093746	9000	0.671988700518	0.0	539520	605.031955338	9.0
4707.11440656	9000	0.56695674518	0.0	539520	605.031955338	9.0
4707.72074448	9000	0.5	0.0393811726512	540862	606.337917831	8.8424753094
4708.36951651	9000	0.5	0.148772029131	539793	648.772029131	8.40491188348
4709.09901399	9933	0.5	0.22949748	600065	729.49748	8.08201008
4709.79996914	9533	0.5	0.200955157839	573695	700.955157839	8.32917936864
4710.68232555	9000	0.5	0.382356410753	537795	882.356410753	6.93757435699
4711.54277917	7800	0.5	0.360453616589	462222	860.453616589	5.15818553364
4712.39297357	7800	0.5	0.350194398779	456146	850.194398779	6.39922240488
4713.0349498	7666	0.5	0.141976230807	447075	641.976230807	6.96409507677
4713.51362866	7133	0.521321141115	0.0	421103	478.678858885	6.6
4714.04453209	8000	0.5	0.00958228803847	476265	530.903429154	7.09467084785
4714.51518222	7733	0.52934987189	0.0	454837	470.65012811	7.466
4714.95560685	8000	0.588925240665	0.0	462300	440.424631225	7.733
4715.39603148	8000	0.648500609439	0.0	462300	440.424631225	8.0
4715.84157782	8000	0.702954270484	0.0	468906	445.546338955	8.0
4716.28239108	8000	0.762141012595	0.0	467438	440.813257889	8.0
4716.72142434	7933	0.823107745576	0.0	465132	439.033267018	7.866
4717.15289767	7533	0.891634422438	0.0	455338	431.473323138	7.133
4717.63362897	8866	0.91090312195	0.0	543071	480.731300488	7.533
4718.11307524	9000	0.931456843481	0.0	551023	479.446278469	8.866
4718.63711628	10000	0.907415808147	0.0	612540	524.041035335	9.0
4719.15227602	10000	0.892256072315	0.0	612540	515.159735832	10.0
4719.65858696	10000	0.885945123932	0.0	612540	506.310948383	10.0
4720.12512866	9066	0.919403431781	0.0	555398	466.541692151	8.132
4720.55270329	9000	0.991828802076	0.0	551655	427.574629704	8.934
4720.97561952	9000	1.06891257091	0.0	551655	422.916231166	9.0
4721.40475149	9000	1.13978059737	0.0	551655	429.131973536	9.0
4721.89917921	9000	1.14535287345	0.0	551655	494.427723927	9.0
4722.37103655	8533	1.17349553597	0.0	521611	471.857337476	8.066
4722.81843346	8000	1.22609862754	0.0	487275	447.396908429	7.467
4723.32285541	8000	1.22167667656	0.0	487275	504.421950985	8.0
4723.82727736	8000	1.21725472557	0.0	487275	504.421950985	8.0
4724.28407417	7133	1.26045792145	0.0	432597	456.796804126	6.266
4724.71889242	7933	1.32563967184	0.0	483757	434.818249609	7.133
4725.13211528	8000	1.41241680683	0.0	488565	413.222865006	7.933
4725.54533815	8000	1.49919394182	0.0	488565	413.222865006	8.0
4725.94655226	8000	1.59797982741	0.0	488565	401.214114414	8.0
4726.28372624	6933	1.76080584361	0.0	419059	337.173983796	5.866
4726.61581639	6866	1.92871570071	0.0	410775	332.0901429	6.799
4726.94977596	6866	2.09475613189	0.0	413769	333.959568821	6.866

