4135.42264914	3066	0.5	0.185775228741	181435	185.775228741	2.32289908504
4135.77754814	7800	0.645101003758	0.0	471531	354.898996242	3.066
4136.13880816	7866	0.78384097728	0.0	482442	361.260026478	7.8
4136.50571039	8000	0.916938750213	0.0	492120	366.902227066	7.866
4136.87261262	8000	1.05003652315	0.0	492120	366.902227066	8.0
4137.27680218	8000	1.14584695657	0.0	490176	404.189566578	8.0
4137.70801823	8333	1.21463091263	0.0	513389	431.216043937	8.0
4138.12805997	8066	1.294589169	0.0	497055	420.041743627	7.799
4138.47169253	8466	1.45095660846	0.0	520019	343.632560545	8.066
4138.82571297	9000	1.59693616638	0.0	551265	354.020442077	8.466
4139.18324625	9266	1.73940289025	0.0	558332	357.53327613	9.0
4139.53016099	9000	1.89248814547	0.0	536970	346.914744782	8.734
4139.88983601	9000	2.03281313266	0.0	536970	359.675012809	9.0
4140.17236347	6400	2.25028567109	0.0	383025	282.527461574	3.8
4140.45489093	6400	2.46775820951	0.0	383025	282.527461574	6.4
4140.73741839	6400	2.68523074794	0.0	383025	282.527461574	6.4
4141.01632085	6400	2.90632829045	0.0	383025	278.902457486	6.4
4141.29434623	6400	3.12830290828	0.0	383025	278.02538217	6.4
4141.57237161	6400	3.35027752611	0.0	383025	278.02538217	6.4
4141.850397	6400	3.57225214394	0.0	383025	278.02538217	6.4
4142.12842238	6400	3.79422676177	0.0	383025	278.02538217	6.4
4142.40815888	6400	4.01449026311	0.0	383025	279.736498665	6.4
4142.72157644	6400	4.20107269645	0.0	383025	313.417566657	6.4
4143.03499401	6400	4.38765512979	0.0	383025	313.417566657	6.4
4143.34841158	6400	4.57423756314	0.0	383025	313.417566657	6.4
4143.68348607	6400	4.73916307239	0.0	383025	335.07449075	6.4
4144.03735891	6400	4.88529023272	0.0	383025	353.872839667	6.4
4144.39123175	6400	5.03141739305	0.0	383025	353.872839667	6.4
4144.74510459	6400	5.17754455339	0.0	383025	353.872839667	6.4
4145.11515696	6400	5.30749217545	0.0	383025	370.052377933	6.4
4145.4920962	6400	5.43055294031	0.0	383025	376.939235141	6.4
4145.86903543	6400	5.55361370517	0.0	383025	376.939235141	6.4
4146.24597467	6400	5.67667447003	0.0	383025	376.939235141	6.4
4146.6229139	6400	5.79973523489	0.0	383025	376.939235141	6.4
4146.9605799	6400	5.96206924228	0.0	383025	337.665992613	6.4
4147.29479882	6400	6.12785032289	0.0	383025	334.218919387	6.4
4147.62901774	6400	6.2936314035	0.0	383025	334.218919387	6.4
4147.96323666	6400	6.45941248411	0.0	383025	334.218919387	6.4
4148.30125377	6400	6.62139536824	0.0	383025	338.017115871	6.4
4148.68238657	6400	6.74026256476	0.0	383025	381.132803479	6.4
4149.06351938	6400	6.85912976128	0.0	383025	381.132803479	6.4
4149.44465218	6400	6.97799695781	0.0	383025	381.132803479	6.4
4149.82578499	6400	7.09686415433	0.0	383025	381.132803479	6.4
4150.27187081	6400	7.15077833056	0.0	383025	446.085823769	6.4
4150.83074607	6400	7.09190306454	0.0	383025	558.875266022	6.4
4151.38962134	6400	7.03302779852	0.0	383025	558.875266022	6.4
4151.94849661	6400	6.97415253249	0.0	383025	558.875266022	6.4
4152.46999752	6400	6.95265161785	0.0	383025	521.500914646	6.4
4152.95742454	6400	6.96522459846	0.0	383025	487.427019386	6.4
4153.44485156	6400	6.97779757908	0.0	383025	487.427019386	6.4
4153.93227858	6400	6.99037055969	0.0	383025	487.427019386	6.4
4154.4197056	6400	7.0029435403	0.0	383025	487.427019386	6.4
4154.80959893	6400	7.11305021412	0.0	383025	389.893326186	6.4
4155.15523609	6400	7.26741305	0.0	383025	345.637164117	6.4
4155.50087325	6400	7.42177588588	0.0	383025	345.637164117	6.4
4155.84651042	6400	7.57613872177	0.0	383025	345.637164117	6.4
4156.19258417	6400	7.73006496623	0.0	383025	346.073755535	6.4
4156.53976205	6400	7.88288709337	0.0	383025	347.177872861	6.4
4157.38693992	6400	7.53570922051	0.0	383025	347.177872861	6.4
4157.75206776	6400	7.67058137625	0.0	383025	365.127844257	6.4
4158.14396456	6400	7.77868457594	0.0	383025	391.896800317	6.4
4158.53586136	6400	7.88678777562	0.0	383025	391.896800317	6.4
4158.92775816	6400	7.9948909753	0.0	383025	391.896800317	6.4
4159.84275132	6400	7.57989781726	0.0	383025	414.993158037	6.4
4160.28179845	6400	7.64085068516	0.0	383025	439.0471321	6.4
4160.72084559	6400	7.70180355306	0.0	383025	439.0471321	6.4
4161.20858556	6400	7.71406357606	0.0	383025	487.739977007	6.4
4161.80232373	6400	7.62032540481	0.0	383025	593.738171244	6.4
4162.39606191	6400	7.52658723357	0.0	383025	593.738171244	6.4
4162.98980008	6400	7.43284906232	0.0	383025	593.738171244	6.4
4163.57395033	6400	7.34869881321	0.0	383025	584.150249116	6.4
4164.11085223	6400	7.31179690676	0.0	383025	536.901906448	6.4
4164.64775414	6400	7.27489500031	0.0	383025	536.901906448	6.4
4165.18465605	6400	7.23799309386	0.0	383025	536.901906448	6.4
4165.72155795	6400	7.20109118742	0.0	383025	536.901906448	6.4
4166.11962959	6400	7.30301954638	0.0	383025	398.071641033	6.4
4166.45928473	6400	7.46336441273	0.0	383025	339.655133649	6.4
4166.79893986	6400	7.62370927908	0.0	383025	339.655133649	6.4
4167.1457174	6400	7.77693174176	0.0	383025	346.777537324	6.4
4167.50553549	6400	7.91711364445	0.0	383025	359.818097311	6.4
4168.36535359	6400	7.55729554714	0.0	383025	359.818097311	6.4
4168.73453234	6400	7.68811680005	0.0	383025	369.178747085	6.4
4169.13927966	6400	7.78336947699	0.0	383025	404.747323062	6.4
4169.54402699	6400	7.87862215393	0.0	383025	404.747323062	6.4
4169.94079252	6400	7.98185662275	0.0	383025	396.765531174	6.4
4170.81389087	6400	7.60875826846	0.0	383025	373.098354298	6.4
4171.19881968	6400	7.72382945918	0.0	383025	384.928809274	6.4
4171.62959846	6400	7.79305067845	0.0	383025	430.778780729	6.4
4172.06037724	6400	7.86227189772	0.0	383025	430.778780729	6.4
4172.49115602	6400	7.93149311699	0.0	383025	430.778780729	6.4
4173.31699571	6400	7.50071433626	0.0	383025	430.778780729	6.4
4173.75803451	6400	7.55967553331	0.0	383025	441.038802956	6.4
4174.19907331	6400	7.61863673035	0.0	383025	441.038802956	6.4
4174.64011211	6400	7.6775979274	0.0	383025	441.038802956	6.4
4175.06815453	6400	7.74955551502	0.0	383025	428.042412375	6.4
4175.42995478	6400	7.8877552627	0.0	383025	361.800252317	6.4
4176.29175503	6400	7.52595501039	0.0	383025	361.800252317	6.4
4176.64450879	6400	7.67320125587	0.0	383025	352.753754515	6.4
4176.98830808	6400	7.82940196532	0.0	383025	343.799290553	6.4
4177.33210737	6400	7.98560267477	0.0	383025	343.799290553	6.4
4177.9298787	6400	7.64180338421	0.0	383025	343.799290553	6.4
4178.28250284	6400	7.78917924562	0.0	383025	352.624138589	6.4
4178.64186025	6400	7.92982183142	0.0	383025	359.357414203	6.4
4179.55730548	6400	7.51437660994	0.0	383025	415.445221478	6.4
4179.9727507	6400	7.59893138847	0.0	383025	415.445221478	6.4
4180.38819592	6400	7.68348616699	0.0	383025	415.445221478	6.4
4180.81757384	6400	7.75410824952	0.0	383025	429.377917468	6.4
4181.2579141	6400	7.81376798929	0.0	383025	440.340260233	6.4
4181.69825436	6400	7.87342772905	0.0	383025	440.340260233	6.4
4182.13859462	6400	7.93308746882	0.0	383025	440.340260233	6.4
4182.57893488	6400	7.99274720859	0.0	383025	440.340260233	6.4
4183.29577964	6400	7.77590244168	0.0	383025	716.844766911	6.4
4184.12936424	6400	7.44231784164	0.0	383025	833.584600036	6.4
4184.96294884	6400	7.10873324161	0.0	383025	833.584600036	6.4
4185.79653344	6400	6.77514864157	0.0	383025	833.584600036	6.4
4186.73553643	6400	6.33614565936	0.0	383025	939.002982212	6.4
4187.76091126	6400	5.81077082604	0.0	383025	1025.37483331	6.4
4188.78628609	6400	5.28539599273	0.0	383025	1025.37483331	6.4
4189.81166093	6400	4.76002115942	0.0	383025	1025.37483331	6.4
4190.74857822	6400	4.32310386206	0.0	383025	936.917297357	6.4

