1170.7794548	3066	0.5	0.305867456421	181435	305.867456421	1.84253017432
1171.08904948	3120	0.69040532907	0.0	184429	309.59467093	3.066
1171.40386772	3146	0.87558708029	0.0	188625	314.81824878	3.12
1171.72342902	3200	1.05602578299	0.0	192435	319.561297304	3.146
1172.02595452	3200	1.25350028214	0.0	192435	302.525500843	3.2
1172.32457778	3200	1.45487702616	0.0	192021	298.623255978	3.2
1173.04006183	8333	1.23939297165	0.0	513389	715.484054519	3.2
1173.8089588	8066	0.970496002307	0.0	497055	768.896969339	7.799
1174.67467243	8466	0.60478237059	0.0	520019	865.713631717	8.066
1175.58598116	9000	0.5	0.306526355215	551265	911.308725804	7.23989457914
1176.54960563	9266	0.5	0.463624467985	558332	963.624467985	7.14550212806
1177.33133958	9000	0.5	0.281733954635	536970	781.733954635	7.60706418146
1178.14059775	9000	0.5	0.309258171642	536970	809.258171642	7.76296731343
1178.93964466	9000	0.5	0.299046909555	536970	799.046909555	7.80381236178
1179.75698177	9000	0.5	0.317337109641	536970	817.337109641	7.73065156144
1180.58082204	9000	0.5	0.323840265443	536970	823.840265443	7.70463893823
1181.18311555	9400	0.5	0.102293508137	553424	602.293508137	8.59082596745
1181.62845293	9000	0.554662614378	0.0	522960	445.337385622	8.6
1182.06873772	9000	0.614377828819	0.0	522960	440.284785559	9.0
1182.4993604	9000	0.683755146782	0.0	532300	430.622682037	9.0
1182.90923941	8400	0.773876131696	0.0	503004	409.879015086	7.8
1183.29812947	8000	0.884986074503	0.0	481782	388.890057192	7.6
1183.67386531	8000	1.0092502345	0.0	481782	375.735840001	8.0
1184.05165186	8533	1.13146368934	0.0	510552	377.786545165	8.0
1184.44683003	9000	1.23628551287	0.0	536970	395.178176471	8.533
1184.86581707	9000	1.31729847824	0.0	536970	418.98703463	9.0
1185.30870324	9000	1.37441230869	0.0	536970	442.886169547	9.0
1185.74858058	9000	1.43453496669	0.0	536970	439.877341996	9.0
1186.23165447	9000	1.45146107904	0.0	536970	483.073887659	9.0
1186.75762324	9533	1.42549230322	0.0	573990	525.968775814	9.0
1187.29698186	9666	1.38613368943	0.0	586715	539.358613795	9.533
1187.81085148	9000	1.37226406664	0.0	551265	513.869622787	8.334
1188.31369317	9000	1.36942238062	0.0	551265	502.841686019	9.0
1188.79023834	9000	1.3928772066	0.0	551265	476.545174022	9.0
1189.24275011	9000	1.44036543852	0.0	551265	452.511768075	9.0
1189.71342526	9000	1.46969028513	0.0	551265	470.675153396	9.0
1190.21557065	9000	1.46754489235	0.0	551265	502.145392773	9.0
1190.70154524	8466	1.48157031068	0.0	527825	485.974581676	7.932
1191.13791794	8000	1.54519760584	0.0	498375	436.372704837	7.534
1191.51138874	7066	1.6717268083	0.0	434595	373.470797537	6.132
1191.88937167	7200	1.79374387158	0.0	442995	377.982936722	7.066
1192.28266991	7600	1.90044563822	0.0	469589	393.29823336	7.2
1192.68593896	8000	1.99717658727	0.0	496259	403.269050949	7.6
1193.09550906	8133	2.08760648997	0.0	508563	409.570097304	8.0
1193.4451355	6400	2.23798004678	0.0	383025	349.626443189	4.667
1193.83332292	6400	2.34979262657	0.0	383025	388.18742021	6.4
1194.2478791	6400	2.43523644239	0.0	383025	414.556184176	6.4
1194.64350376	6400	2.539611786	0.0	383025	395.624656396	6.4
1194.96312409	6400	2.71999145365	0.0	383025	319.620332347	6.4
1195.25203224	6400	2.93108330293	0.0	383025	288.908150719	6.4
1195.51876797	6400	3.16434757655	0.0	383025	266.735726383	6.4
1195.78571295	6400	3.39740259738	0.0	383025	266.944979165	6.4
1196.0578457	6400	3.6252698442	0.0	383025	272.132753184	6.4
1196.3577298	6400	3.82538574626	0.0	383025	299.884097943	6.4
1196.66848146	6400	4.01463408717	0.0	383025	310.751659081	6.4
1197.00568765	6400	4.17742789501	0.0	383025	337.206192162	6.4
1197.34277734	6400	4.34033820624	0.0	383025	337.089688778	6.4
1197.67980654	6400	4.50330900296	0.0	383025	337.029203275	6.4
1198.01798348	6400	4.66513206382	0.0	383025	338.176939144	6.4
1198.35650143	6400	4.82661411315	0.0	383025	338.517950668	6.4
1198.69551063	6400	4.98760492134	0.0	383025	339.009191808	6.4
1199.03292061	6400	5.1501949357	0.0	383025	337.409985643	6.4
1199.36963411	6400	5.31348144108	0.0	383025	336.713494614	6.4
1199.70288471	6400	5.48023083152	0.0	383025	333.250609563	6.4
1200.03560689	6400	5.64750865731	0.0	383025	332.722174215	6.4
1200.36766844	6400	5.8154471102	0.0	383025	332.061547103	6.4
1200.66733776	6400	6.01577778902	0.0	383025	299.669321184	6.4
1200.96472929	6400	6.2183862531	0.0	383025	297.39153592	6.4
1201.26171833	6400	6.42139721383	0.0	383025	296.989039267	6.4
1201.56056313	6400	6.62255241904	0.0	383025	298.844794795	6.4
1201.86178553	6400	6.821330012	0.0	383025	301.222407034	6.4
1202.18733169	6400	6.99578385574	0.0	383025	325.546156258	6.4
1202.5173937	6400	7.16572184826	0.0	383025	330.062007482	6.4
1202.84872574	6400	7.33438980206	0.0	383025	331.332046199	6.4
1203.17759565	6400	7.50551989995	0.0	383025	328.869902109	6.4
1203.5044961	6400	7.67861944287	0.0	383025	326.900457079	6.4
1203.82635849	6400	7.85675706059	0.0	383025	321.862382289	6.4
1204.31349945	6400	7.5345721578	0.0	383025	322.184902781	6.4
1204.6683686	6400	7.6797030032	0.0	383025	354.869154606	6.4
1205.02323772	6400	7.82483388537	0.0	383025	354.869117825	6.4
1205.37802573	6400	7.97004587369	0.0	383025	354.788011682	6.4
1205.93686793	6400	7.62036596968	0.0	383025	349.67990401	6.4
1206.28305951	6400	7.77417438879	0.0	383025	346.191580888	6.4
1206.63827743	6400	7.91895647263	0.0	383025	355.217916165	6.4
1207.42798353	6400	7.55938924812	0.0	383025	359.567224514	6.4
1207.78785149	6400	7.69952129057	0.0	383025	359.867957549	6.4
1208.14771944	6400	7.83965333302	0.0	383025	359.867957549	6.4
1208.5075874	6400	7.97978537547	0.0	383025	359.867957549	6.4
1209.09415595	6400	7.61137251844	0.0	383025	368.412857028	6.4
1209.46581058	6400	7.73971788252	0.0	383025	371.654635915	6.4
1209.83796632	6400	7.86756214751	0.0	383025	372.155735011	6.4
1210.20727596	6400	7.9982525089	0.0	383025	369.309638619	6.4
1211.07696157	6400	7.62856689585	0.0	383025	369.685613049	6.4
1211.47902292	6400	7.72650555004	0.0	383025	402.06134581	6.4
1211.88628925	6400	7.81923921171	0.0	383025	407.266338328	6.4
1212.29278588	6400	7.91274258803	0.0	383025	406.496623681	6.4
1213.01280929	6400	7.51612374036	0.0	383025	396.618847669	6.4
1213.43056401	6400	7.59836902104	0.0	383025	417.754719317	6.4
1213.88267534	6400	7.64625768715	0.0	383025	452.111333895	6.4
1214.33210146	6400	7.69683156701	0.0	383025	449.426120137	6.4
1214.77680837	6400	7.75212466143	0.0	383025	444.706905581	6.4
1215.21341334	6400	7.81551969343	0.0	383025	436.604967995	6.4
1215.65232049	6400	7.87661254254	0.0	383025	438.907150891	6.4
1216.09283488	6400	7.93609814722	0.0	383025	440.514395323	6.4
1216.5336451	6400	7.99528793389	0.0	383025	440.810213332	6.4
1217.11114682	6400	7.55865721829	0.0	383025	436.630715594	6.4
1217.53397858	6400	7.63582546299	0.0	383025	422.831755305	6.4
1217.948123	6400	7.72168104066	0.0	383025	414.14442233	6.4
1218.35917879	6400	7.8106252532	0.0	383025	411.05578746	6.4
1218.76883045	6400	7.90097358744	0.0	383025	409.651665754	6.4
1219.4929981	6400	7.50316706856	0.0	383025	397.806518882	6.4
1219.87105857	6400	7.62510659701	0.0	383025	378.060471556	6.4
1220.24193921	6400	7.75422595877	0.0	383025	370.880638235	6.4
1220.58887551	6400	7.90728966207	0.0	383025	346.936296699	6.4
1221.21047628	6400	7.56260850451	0.0	383025	344.68115756	6.4
1221.60244097	6400	7.67064381436	0.0	383025	391.964690148	6.4
1222.00939994	6400	7.7636848464	0.0	383025	406.958967969	6.4
1222.41923536	6400	7.85384942753	0.0	383025	409.835418868	6.4
1222.83133913	6400	7.9417456588	0.0	383025	412.103768726	6.4
1223.71655422	6400	7.53302942928	0.0	383025	408.716229519	6.4

