4306.82334058	3066	0.5	0.190120155051	181435	190.120155051	2.3055193798
4307.1895316	7800	0.633808984864	0.0	471531	366.191015136	3.066
4307.56234493	7866	0.760995647619	0.0	482442	372.813337245	7.8
4307.9468033	8000	0.8765372776	0.0	492120	384.458370018	7.866
4308.38746957	8000	0.935871017097	0.0	492120	440.666260503	8.0
4308.84372627	8000	0.979614311581	0.0	490176	456.256705516	8.0
4309.38709377	8333	0.936246816805	0.0	513389	543.367494776	8.0
4309.91571875	8066	0.9076218363	0.0	497055	528.624980504	7.799
4310.44435822	8466	0.878982361186	0.0	520019	528.639475115	8.066
4310.97326675	9000	0.850073828435	0.0	551265	528.908532751	8.466
4311.4908568	9266	0.832483780783	0.0	558332	517.590047652	9.0
4311.93682631	9000	0.886514268712	0.0	536970	445.969512071	8.734
4312.38279583	9000	0.940544756642	0.0	536970	445.969512071	9.0
4312.83094335	9000	0.992397236494	0.0	536970	448.147520148	9.0
4313.28145349	9000	1.04188709158	0.0	536970	450.510144916	9.0
4313.70169189	9000	1.12164869145	0.0	536970	420.238400127	9.0
4314.12054151	9400	1.20279907424	0.0	553424	418.84961721	9.0
4314.49014251	9000	1.3331980757	0.0	522960	369.600998544	8.6
4314.85371859	9000	1.46962199489	0.0	522960	363.576080812	9.0
4315.22669948	9000	1.59664110119	0.0	532300	372.980893691	9.0
4315.59030117	8400	1.73303940977	0.0	503004	363.60169142	7.8
4315.94193756	8000	1.88140302101	0.0	481782	351.636388768	7.6
4316.38107839	8000	1.94226219395	0.0	481782	439.14082706	8.0
4316.86868091	8533	1.95465967096	0.0	510552	487.602522989	8.0
4317.34791939	9000	1.97542119147	0.0	536970	479.238479492	8.533
4317.77470006	9000	2.04864052488	0.0	536970	426.780666582	9.0
4318.10610113	6400	2.21723945345	0.0	383025	331.401071434	3.8
4318.45392182	6400	2.36941875857	0.0	383025	347.820694881	6.4
4318.80174252	6400	2.52159806369	0.0	383025	347.820694881	6.4
4319.14956321	6400	2.67377736881	0.0	383025	347.820694881	6.4
4319.50285077	6400	2.82048981181	0.0	383025	353.287557002	6.4
4319.85720303	6400	2.96613754735	0.0	383025	354.352264453	6.4
4320.2115553	6400	3.1117852829	0.0	383025	354.352264453	6.4
4320.60835843	6400	3.21498215598	0.0	383025	396.803126922	6.4
4321.01501048	6400	3.30833010034	0.0	383025	406.652055634	6.4
4321.42166254	6400	3.40167804471	0.0	383025	406.652055634	6.4
4321.86545362	6400	3.45788695892	0.0	383025	443.791085795	6.4
4322.3376482	6400	3.48569238682	0.0	383025	472.194572093	6.4
4322.80984277	6400	3.51349781473	0.0	383025	472.194572093	6.4
4323.17617216	6400	3.64716841981	0.0	383025	366.329394918	6.4
4323.53265378	6400	3.7906868035	0.0	383025	356.481616312	6.4
4323.8891354	6400	3.93420518719	0.0	383025	356.481616312	6.4
4324.20267896	6400	4.1206616194	0.0	383025	313.543567784	6.4
4324.50050552	6400	4.32283505789	0.0	383025	297.826561514	6.4
4324.79833209	6400	4.52500849637	0.0	383025	297.826561514	6.4
4325.07022994	6400	4.7531106447	0.0	383025	271.897851674	6.4
4325.33539763	6400	4.98794294866	0.0	383025	265.167696038	6.4
4325.60056533	6400	5.22277525262	0.0	383025	265.167696038	6.4
4325.86298639	6400	5.46035418781	0.0	383025	262.421064809	6.4
4326.12363382	6400	5.69970676416	0.0	383025	260.64742365	6.4
4326.38396652	6400	5.93937406559	0.0	383025	260.332698577	6.4
4326.63947375	6400	6.18386683433	0.0	383025	255.507231259	6.4
4326.89498098	6400	6.42835960307	0.0	383025	255.507231259	6.4
4327.15048821	6400	6.67285237181	0.0	383025	255.507231259	6.4
4327.42320324	6400	6.90013734356	0.0	383025	272.71502825	6.4
4327.70809594	6400	7.11524464095	0.0	383025	284.892702615	6.4
4327.9995685	6400	7.32377208302	0.0	383025	291.472557928	6.4
4328.30136223	6400	7.52197835294	0.0	383025	301.793730076	6.4
4328.60315596	6400	7.72018462287	0.0	383025	301.793730076	6.4
4328.91752079	6400	7.90581979573	0.0	383025	314.364827137	6.4
4329.39788059	6400	7.5877901039	0.0	383025	318.029691829	6.4
4329.77890283	6400	7.70676786523	0.0	383025	381.022238676	6.4
4330.15992506	6400	7.82574562655	0.0	383025	381.022238676	6.4
4330.54631942	6400	7.9393512711	0.0	383025	386.394355453	6.4
4331.46296385	6400	7.52270683962	0.0	383025	416.644431478	6.4
4331.87528416	6400	7.61038652659	0.0	383025	412.320313034	6.4
4332.28479487	6400	7.70087581798	0.0	383025	409.510708608	6.4
4332.69430558	6400	7.79136510937	0.0	383025	409.510708608	6.4
4333.12062489	6400	7.8650457971	0.0	383025	426.319312272	6.4
4333.55807093	6400	7.92759975903	0.0	383025	437.446038069	6.4
4334.09910241	6400	7.8865682835	0.0	383025	541.031475528	6.4
4334.70487502	6400	7.78079567168	0.0	383025	605.772611826	6.4
4335.31064763	6400	7.67502305985	0.0	383025	605.772611826	6.4
4335.90752012	6400	7.57815056683	0.0	383025	596.872493021	6.4
4336.47108603	6400	7.5145846612	0.0	383025	563.565905633	6.4
4337.03465193	6400	7.45101875556	0.0	383025	563.565905633	6.4
4337.59821784	6400	7.38745284993	0.0	383025	563.565905633	6.4
4338.18090502	6400	7.30476566825	0.0	383025	582.687181686	6.4
4338.76566693	6400	7.22000376434	0.0	383025	584.76190391	6.4
4339.35575475	6400	7.12991594059	0.0	383025	590.087823745	6.4
4339.98195313	6400	7.00371756282	0.0	383025	626.198377769	6.4
4340.60815151	6400	6.87751918505	0.0	383025	626.198377769	6.4
4341.20895963	6400	6.77671106178	0.0	383025	600.808123269	6.4
4341.78713811	6400	6.6985325825	0.0	383025	578.178479283	6.4
4342.36531659	6400	6.62035410322	0.0	383025	578.178479283	6.4
4342.93937257	6400	6.54629812369	0.0	383025	574.055979528	6.4
4343.50812782	6400	6.47754286874	0.0	383025	568.755254948	6.4
4344.07688308	6400	6.40878761379	0.0	383025	568.755254948	6.4
4344.62622722	6400	6.35944347236	0.0	383025	549.344141433	6.4
4345.15546658	6400	6.33020411227	0.0	383025	529.239360095	6.4
4345.68470594	6400	6.30096475217	0.0	383025	529.239360095	6.4
4346.2139453	6400	6.27172539208	0.0	383025	529.239360095	6.4
4346.77186916	6400	6.21380152786	0.0	383025	557.923864219	6.4
4347.33196379	6400	6.1537068993	0.0	383025	560.094628556	6.4
4347.8919955	6400	6.09367519495	0.0	383025	560.031704352	6.4
4348.44744812	6400	6.03822256911	0.0	383025	555.452625836	6.4
4349.00290075	6400	5.98276994328	0.0	383025	555.452625836	6.4
4349.55291804	6400	5.93275265039	0.0	383025	550.017292891	6.4
4350.05942918	6400	5.92624151154	0.0	383025	506.511138846	6.4
4350.56594032	6400	5.9197303727	0.0	383025	506.511138846	6.4
4351.07896456	6400	5.9067061309	0.0	383025	513.024241796	6.4
4351.66075613	6400	5.82491455662	0.0	383025	581.791574279	6.4
4352.24254771	6400	5.74312298234	0.0	383025	581.791574279	6.4
4352.82378514	6400	5.66188554824	0.0	383025	581.237434107	6.4
4353.39987738	6400	5.58579330783	0.0	383025	576.092240406	6.4
4353.97596962	6400	5.50970106742	0.0	383025	576.092240406	6.4
4354.55206186	6400	5.43360882702	0.0	383025	576.092240406	6.4
4355.14248942	6400	5.34318126664	0.0	383025	590.427560382	6.4
4355.73301851	6400	5.25265218056	0.0	383025	590.529086073	6.4
4356.35094749	6400	5.13472319943	0.0	383025	617.928981131	6.4
4357.02006461	6400	4.96560607606	0.0	383025	669.11712337	6.4
4357.68918174	6400	4.79648895269	0.0	383025	669.11712337	6.4
4358.35829886	6400	4.62737182932	0.0	383025	669.11712337	6.4
4359.01451644	6400	4.47115425378	0.0	383025	656.217575545	6.4
4359.66849136	6400	4.31717932946	0.0	383025	653.974924316	6.4
4360.32246629	6400	4.16320440515	0.0	383025	653.974924316	6.4
4360.98023634	6400	4.00543435418	0.0	383025	657.770050965	6.4
4361.63864872	6400	3.84702196881	0.0	383025	658.412385374	6.4
4362.29706111	6400	3.68860958343	0.0	383025	658.412385374	6.4
4362.84863091	6400	3.63703978319	0.0	383025	551.569800247	6.4

