2300.90409313	3066	0.5	0.20068258121	181435	200.68258121	2.26326967516
2301.29773481	7800	0.606358320057	0.0	471531	393.641679943	3.066
2301.69863401	7866	0.705459122857	0.0	482442	400.8991972	7.8
2302.07074201	8000	0.833351118755	0.0	492120	372.108004102	7.866
2302.42382753	8000	0.980265601606	0.0	492120	353.085517149	8.0
2302.77583429	8000	1.12825884217	0.0	490176	352.006759437	8.0
2303.13452503	8333	1.26956810447	0.0	513389	358.690737701	8.0
2303.45421916	8066	1.44987397619	0.0	497055	319.694128282	7.799
2303.78498718	8466	1.61910595073	0.0	520019	330.76802546	8.066
2304.13236509	9000	1.7717280403	0.0	551265	347.377910429	8.466
2304.4854744	9266	1.91861873224	0.0	558332	353.109308051	9.0
2304.82813444	9000	2.0759586928	0.0	536970	342.660039447	8.734
2305.09549195	6400	2.3086011838	0.0	383025	267.357509003	3.8
2305.36767565	6400	2.5364174797	0.0	383025	272.1837041	6.4
2305.6464158	6400	2.75767733256	0.0	383025	278.740147137	6.4
2305.92515595	6400	2.97893718542	0.0	383025	278.740147137	6.4
2306.20500486	6400	3.199088273	0.0	383025	279.848912419	6.4
2306.48810976	6400	3.41598337452	0.0	383025	283.104898478	6.4
2306.77121466	6400	3.63287847605	0.0	383025	283.104898478	6.4
2307.05431956	6400	3.84977357757	0.0	383025	283.104898478	6.4
2307.32570937	6400	4.07838376588	0.0	383025	271.38981169	6.4
2307.59430699	6400	4.30978614018	0.0	383025	268.597625695	6.4
2307.86290462	6400	4.54118851449	0.0	383025	268.597625695	6.4
2308.13150224	6400	4.77259088879	0.0	383025	268.597625695	6.4
2308.43724009	6400	4.96685304282	0.0	383025	305.737845975	6.4
2308.78663854	6400	5.11745459526	0.0	383025	349.398447559	6.4
2309.13603699	6400	5.2680561477	0.0	383025	349.398447559	6.4
2309.48543543	6400	5.41865770014	0.0	383025	349.398447559	6.4
2309.83789654	6400	5.5661965918	0.0	383025	352.461108339	6.4
2310.1988469	6400	5.70524622996	0.0	383025	360.950361839	6.4
2310.55979727	6400	5.84429586812	0.0	383025	360.950361839	6.4
2310.92074763	6400	5.98334550629	0.0	383025	360.950361839	6.4
2311.276048	6400	6.12804513848	0.0	383025	355.30036781	6.4
2311.59553902	6400	6.30855411565	0.0	383025	319.491022821	6.4
2311.91503004	6400	6.48906309283	0.0	383025	319.491022821	6.4
2312.23452106	6400	6.66957207001	0.0	383025	319.491022821	6.4
2313.07163016	6400	6.33246297563	0.0	383025	837.109094382	6.4
2314.16299984	6400	5.74109329757	0.0	383025	1091.36967806	6.4
2315.25436951	6400	5.14972361951	0.0	383025	1091.36967806	6.4
2316.34573919	6400	4.55835394145	0.0	383025	1091.36967806	6.4
2317.47278825	6400	3.93130488449	0.0	383025	1127.04905696	6.4
2318.83405727	6400	3.07003586226	0.0	383025	1361.26902223	6.4
2320.19532629	6400	2.20876684002	0.0	383025	1361.26902223	6.4
2321.55659532	6400	1.34749781779	0.0	383025	1361.26902223	6.4
2322.70054117	5240	0.703551958716	0.0	318058	1143.94585908	4.08
2323.7157602	5240	0.5	0.311667069281	311404	1015.219028	3.99333172288
2324.66523669	5400	0.5	0.449476487863	318510	949.476487863	3.44209404855
2325.59875462	5400	0.5	0.43351793225	312664	933.51793225	3.665928271
2326.51771713	5360	0.5	0.41896250657	307332	918.96250657	3.64414997372
2327.45725706	5360	0.5	0.439539925695	314870	939.539925695	3.60184029722
2328.40673354	5400	0.5	0.449476487863	318510	949.476487863	3.56209404855
2329.3121952	6880	0.5	0.405461660092	408679	905.461660092	3.77815335963
2330.22098988	7000	0.5	0.40879467663	418197	908.79467663	5.24482129348
2331.13025623	6880	0.5	0.409266351781	418435	909.266351781	5.12293459288
2331.87739697	7200	0.5	0.24714074074	438855	747.14074074	5.89143703704
2332.72839144	9533	0.5	0.350994472341	584127	850.994472341	5.79602211064
2333.61688849	10000	0.5	0.388497046169	612540	888.497046169	7.97901181532
2334.37576715	10000	0.5	0.258878664024	612540	758.878664024	8.9644853439
2335.12302482	10000	0.5	0.247257662042	612540	747.257662042	9.01096935183
2335.8553951	10000	0.5	0.232370282729	612540	732.370282729	9.07051886908
2336.57991447	10000	0.5	0.224519374621	612540	724.519374621	9.10192250152
2337.35053873	9866	0.5	0.270624260288	607628	770.624260288	8.64950295885
2338.32972126	10000	0.5	0.479182525055	620415	979.182525055	7.94926989978
2339.37503826	10000	0.5	0.545317001026	620415	1045.31700103	7.81873199589
2340.521501	10000	0.5	0.646462739785	620415	1146.46273979	7.41414904086
2341.8580453	11600	0.5	0.836544297719	730995	1336.54429772	6.65382280912
2343.35042392	12000	0.5	0.992378623852	758640	1492.37862385	7.63048550459
2344.74855963	12266	0.5	0.898135709013	771584	1398.13570901	8.40745716395
2345.89888065	11000	0.5	0.650321023143	681300	1150.32102314	7.13271590743
2346.55333485	10200	0.5	0.154454198593	627772	654.454198593	8.78218320563
2347.06138715	10000	0.5	0.00805229531822	612540	508.052295318	9.76779081873
2347.5694031	10000	0.5	0.00801595080002	612540	508.0159508	9.9679361968
2348.07732131	10000	0.5	0.00791821357723	612540	507.918213577	9.96832714569
2348.56822591	9600	0.509095402143	0.0	588186	490.904597857	9.2
2348.99238596	8666	0.584935352231	0.0	530195	424.160049913	7.732
2349.37155485	8533	0.705766466061	0.0	515343	379.168886169	8.4
2349.76475906	9000	0.812562255533	0.0	539520	393.204210528	8.533
2350.18061424	9000	0.896707075252	0.0	539520	415.855180281	9.0
2350.61225943	9000	0.965061885073	0.0	539520	431.645190178	9.0
2351.04390462	9000	1.03341669489	0.0	539520	431.645190178	9.0
2351.44482004	9000	1.1325012742	0.0	539520	400.915420699	9.0
2351.83894449	9000	1.23837681886	0.0	540862	394.124455333	9.0
2352.22370296	9000	1.3536183518	0.0	539793	384.758467058	9.0
2352.64234954	9933	1.4349717774	0.0	600065	418.646574407	9.0
2353.0461142	9533	1.53120710773	0.0	573695	403.764669669	9.133
2353.4371818	9000	1.64013951663	0.0	537795	391.067591098	8.467
2353.78469711	7800	1.7926242046	0.0	462222	347.51531203	6.6
2354.12869588	7800	1.94862543448	0.0	456146	343.998770118	7.8
2354.47770559	7666	2.09961572546	0.0	447075	349.009709021	7.532
2354.79635535	6400	2.28096596057	0.0	383025	318.649764893	5.134
2355.11500512	6400	2.46231619567	0.0	383025	318.649764893	6.4
2355.43396808	6400	2.64335323386	0.0	383025	318.962961811	6.4
2355.75991411	6400	2.81740720362	0.0	383025	325.946030245	6.4
2356.08586014	6400	2.99146117337	0.0	383025	325.946030245	6.4
2356.41180617	6400	3.16551514313	0.0	383025	325.946030245	6.4
2356.76223158	6400	3.31508973401	0.0	383025	350.425409124	6.4
2357.12718593	6400	3.45013538664	0.0	383025	364.954347369	6.4
2357.49214027	6400	3.58518103927	0.0	383025	364.954347369	6.4
2357.85709462	6400	3.7202266919	0.0	383025	364.954347369	6.4
2358.20671404	6400	3.870607273	0.0	383025	349.619418897	6.4
2358.54720692	6400	4.03011439577	0.0	383025	340.49287723	6.4
2358.88769979	6400	4.18962151854	0.0	383025	340.49287723	6.4
2359.22819267	6400	4.34912864131	0.0	383025	340.49287723	6.4
2359.58308195	6400	4.49423935764	0.0	383025	354.889283673	6.4
2359.94099517	6400	4.63632613792	0.0	383025	357.913219721	6.4
2360.29890839	6400	4.7784129182	0.0	383025	357.913219721	6.4
2360.65682161	6400	4.92049969848	0.0	383025	357.913219721	6.4
2361.01217694	6400	5.06514437649	0.0	383025	355.355321983	6.4
2361.36012335	6400	5.21719795923	0.0	383025	347.946417265	6.4
2361.70806977	6400	5.36925154196	0.0	383025	347.946417265	6.4
2362.05601619	6400	5.5213051247	0.0	383025	347.946417265	6.4
2362.39897457	6400	5.67834674659	0.0	383025	342.958378114	6.4
2362.73668347	6400	5.84063784424	0.0	383025	337.708902348	6.4
2363.07439237	6400	6.00292894189	0.0	383025	337.708902348	6.4
2363.41210127	6400	6.16522003954	0.0	383025	337.708902348	6.4
2363.75245381	6400	6.324867498	0.0	383025	340.352541538	6.4
2364.09402491	6400	6.48329639951	0.0	383025	341.571098492	6.4
2364.43559601	6400	6.64172530102	0.0	383025	341.571098492	6.4
2364.77716711	6400	6.80015420253	0.0	383025	341.571098492	6.4
2365.20584567	6400	6.87147564079	0.0	383025	428.678561741	6.4

