6844.17927893	3066	0.5	0.211769133544	181435	211.769133544	2.21892346583
6844.60173343	7800	0.577545504953	0.0	471531	422.454495047	3.066
6845.03211216	7866	0.647166777998	0.0	482442	430.378726955	7.8
6845.47533302	8000	0.703945911393	0.0	492120	443.220866604	7.866
6845.95268973	8000	0.726589205293	0.0	492120	477.356706101	8.0
6846.42847677	8000	0.750802159918	0.0	490176	475.787045374	8.0
6846.92300689	8333	0.756272041272	0.0	513389	494.530118647	8.0
6847.40434831	8066	0.774930625457	0.0	497055	481.341415815	7.799
6847.97847502	8466	0.700803916874	0.0	520019	574.126708583	8.066
6848.59622743	9000	0.583051499059	0.0	551265	617.752417815	8.466
6849.44591308	9266	0.5	0.266634150266	558332	849.685649325	7.93346339894
6850.55484409	9000	0.5	0.608931003576	536970	1108.93100358	6.2982759857
6851.66377509	9000	0.5	0.608931003576	536970	1108.93100358	6.5642759857
6852.51773427	9000	0.5	0.353959179068	536970	853.959179068	7.58416328373
6853.26490332	9000	0.5	0.247169048845	536970	747.169048845	8.01132380462
6854.01207237	9000	0.5	0.247169048845	536970	747.169048845	8.01132380462
6854.6948113	9400	0.5	0.182738931109	553424	682.738931109	8.26904427556
6855.1646574	9000	0.530153902764	0.0	522960	469.846097236	8.6
6855.63450349	9000	0.560307805529	0.0	522960	469.846097236	9.0
6856.11131219	9000	0.583499105899	0.0	532300	476.80869963	9.0
6856.58852434	8400	0.606286954223	0.0	503004	477.212151676	7.8
6857.05197147	8000	0.642839827385	0.0	481782	463.447126838	7.6
6857.5154186	8000	0.679392700547	0.0	481782	463.447126838	8.0
6857.99147369	8533	0.703337604451	0.0	510552	476.055096095	8.0
6858.46035486	9000	0.734456441875	0.0	536970	468.881162576	8.533
6858.92923602	9000	0.765575279299	0.0	536970	468.881162576	9.0
6859.38985103	9000	0.80496026405	0.0	536970	460.615015249	9.0
6859.84346897	9000	0.85134232766	0.0	536970	453.61793639	9.0
6860.29708691	9000	0.897724391269	0.0	536970	453.61793639	9.0
6860.79584305	9533	0.898968251155	0.0	573990	498.756140114	9.0
6861.39881105	9666	0.796000250412	0.0	586715	602.968000743	9.533
6861.97018072	9000	0.724630582125	0.0	551265	571.369668288	8.334
6862.53526706	9000	0.659544238804	0.0	551265	565.086343321	9.0
6863.07956362	9000	0.615247682219	0.0	551265	544.296556585	9.0
6863.62386017	9000	0.570951125634	0.0	551265	544.296556585	9.0
6864.16815673	9000	0.526654569049	0.0	551265	544.296556585	9.0
6864.72225625	9000	0.5	0.0274449484678	551265	554.099517516	8.89022020613
6865.25660513	8466	0.5	0.0343488821903	527825	534.34888219	7.79460447124
6865.76354766	8000	0.5	0.00694252772006	498375	506.94252772	7.50622988912
6866.20779589	7066	0.555751764003	0.0	434595	444.248235997	6.132
6866.65908444	7200	0.604463214191	0.0	442995	451.288549812	7.066
6867.13266229	7600	0.630885366094	0.0	469589	473.577848097	7.2
6867.66068907	8000	0.602858586815	0.0	496259	528.026779279	7.6
6868.25186144	8133	0.511686213639	0.0	508563	591.172373176	8.0
6868.87155742	8733	0.5	0.108009763507	536941	619.695977146	7.70096094597
6869.44249819	8733	0.5	0.0709407687713	525223	570.940768771	8.44923692491
6869.96340705	9000	0.5	0.0209088648069	536970	520.908864807	8.64936454077
6870.47690627	9000	0.5	0.0134992113886	527946	513.499211389	8.94600315445
6870.98952749	8933	0.5	0.0126212291744	519390	512.621229174	8.8155150833
6871.54622321	8933	0.5	0.0566957130119	530998	556.695713012	8.70621714795
6872.1082802	9000	0.5	0.0620569889453	536970	562.056988945	8.68477204422
6872.74386792	8600	0.5	0.135587722202	513386	635.587722202	7.65764911119
6873.3004039	7000	0.5	0.0565359800003	418197	556.53598	5.17385608
6873.97976899	8600	0.5	0.179365092491	525989	679.365092491	6.28253963004
6874.70753797	9000	0.5	0.227768978945	551655	727.768978945	7.68892408422
6875.8662107	9533	0.5	0.658672729881	584127	1158.67272988	6.36530908048
6877.06915154	10000	0.5	0.702940844177	612540	1202.94084418	6.72123662329
6878.22567796	10000	0.5	0.656526419089	612540	1156.52641909	7.37389432364
6879.38220438	10000	0.5	0.656526419089	612540	1156.52641909	7.37389432364
6880.25583474	10000	0.5	0.373630355265	612540	873.630355265	8.50547857894
6881.05458672	10000	0.5	0.298751983043	612540	798.751983043	8.80499206783
6881.84757498	9866	0.5	0.292988261913	607628	792.988261913	8.56004695235
6882.42266111	10000	0.5	0.0750861310183	620415	575.086131018	9.56565547593
6882.99118993	10000	0.5	0.0685288132171	620415	568.528813217	9.72588474713
6883.55971874	10000	0.5	0.0685288132171	620415	568.528813217	9.72588474713
6884.16389584	11600	0.5	0.104177100378	730995	604.177100378	9.58329159849
6884.78518892	12000	0.5	0.121293082965	758640	621.293082965	11.1148276681
6885.48223601	12266	0.5	0.197047089653	771584	697.047089653	11.2118116414
6886.13164048	11000	0.5	0.149404469627	681300	649.404469627	9.13638212149
6886.69349086	10200	0.5	0.0618503778799	627772	561.85037788	9.15259848848
6887.13811605	10000	0.555374805911	0.0	612540	444.625194089	9.8
6887.62820171	10000	0.565289154061	0.0	612540	490.08565185	10.0
6888.16742199	10000	0.526068870767	0.0	612540	539.220283294	10.0
6888.68838412	9600	0.505106743314	0.0	588186	520.962127453	9.2
6889.15780105	8666	0.535689806175	0.0	530195	469.416937139	7.732
6889.59245687	8533	0.601033989978	0.0	515343	434.655816197	8.4
6890.04375115	9000	0.649739714215	0.0	539520	451.294275763	8.533
6890.49504542	9000	0.698445438452	0.0	539520	451.294275763	9.0
6890.92552606	9000	0.767964804042	0.0	539520	430.48063441	9.0
6891.35006414	9000	0.843426723739	0.0	539520	424.538080304	9.0
6891.77460222	9000	0.918888643435	0.0	539520	424.538080304	9.0
6892.2493032	9000	0.944187658044	0.0	540862	474.700985391	9.0
6892.72840616	9000	0.965084698934	0.0	539793	479.10295911	9.0
6893.27253849	9933	0.920952369778	0.0	600065	544.132329155	9.0
6893.8412221	9533	0.852268759569	0.0	573695	568.683610209	9.133
6894.37932545	9000	0.814165408219	0.0	537795	538.10335135	8.467
6894.85082474	7800	0.842666116674	0.0	462222	471.499291545	6.6
6895.29500486	7800	0.898486005038	0.0	456146	444.180111636	7.8
6895.73194282	7666	0.961548043487	0.0	447075	436.937961551	7.532
6896.14814512	7133	1.04534573644	0.0	421103	416.202307047	6.6
6896.61911958	8000	1.07437128315	0.0	476265	470.974453292	7.133
6897.08647811	7733	1.10701274636	0.0	454837	467.358536789	7.466
6897.56019246	8000	1.13329840131	0.0	462300	473.714345045	7.733
6898.0339068	8000	1.15958405627	0.0	462300	473.714345045	8.0
6898.52750942	8000	1.16598143639	0.0	468906	493.602619882	8.0
6899.09196904	8000	1.10152182178	0.0	467438	564.459614608	8.0
6899.65403868	7933	1.03945217947	0.0	465132	562.069642309	7.866
6900.20595768	7533	0.987533182734	0.0	455338	551.918996736	7.133
6900.75899429	8866	0.934496566295	0.0	543071	553.036616438	7.533
6901.2822725	9000	0.911218363367	0.0	551023	523.278202928	8.866
6901.85503892	10000	0.838451944504	0.0	612540	572.766418864	9.0
6902.3413951	10000	0.852095755851	0.0	612540	486.356188652	10.0
6902.81960124	10000	0.873889619947	0.0	612540	478.206135904	10.0
6903.25943447	9066	0.934056394256	0.0	555398	439.833225691	8.132
6903.67907577	9000	1.01441508741	0.0	551655	419.641306844	8.934
6904.09871708	9000	1.09477378057	0.0	551655	419.641306844	9.0
6904.5183564	9000	1.17513445656	0.0	551655	419.639324004	9.0
6904.93793563	9000	1.25555522745	0.0	551655	419.579229109	9.0
6905.33902084	8533	1.3544700179	0.0	521611	401.085209551	8.066
6905.71897003	8000	1.4745208307	0.0	487275	379.949187199	7.467
6906.11784691	8000	1.5756439499	0.0	487275	398.876880808	8.0
6906.52598418	8000	1.6675066817	0.0	487275	408.137268191	8.0
6906.89730058	7133	1.79619028376	0.0	432597	371.316397943	6.266
6907.31092175	7933	1.8825691063	0.0	483757	413.621177464	7.133
6907.73553349	8000	1.95795736637	0.0	488565	424.611739924	7.933
6908.16014523	8000	2.03334562645	0.0	488565	424.611739924	8.0
6908.51031381	6400	2.18317704769	0.0	383025	350.168578765	4.8
6908.8676371	6400	2.32585376285	0.0	383025	357.323284836	6.4
6909.26278739	6400	2.43070347498	0.0	383025	395.150287867	6.4
6909.65793767	6400	2.53555318712	0.0	383025	395.150287867	6.4

