1353.73543058	3066	0.5	0.213497229678	181435	213.497229678	2.21201108129
1354.16237622	7800	0.573054359923	0.0	471531	426.945640077	3.066
1354.59119218	7866	0.644238402677	0.0	482442	428.815957246	7.8
1355.01701667	8000	0.718413913174	0.0	492120	425.824489502	7.866
1355.49306345	8000	0.742367127005	0.0	492120	476.04678617	8.0
1355.98529451	8000	0.750136072644	0.0	490176	492.231054361	8.0
1356.52237945	8333	0.713051133142	0.0	513389	537.084939502	8.0
1357.0401262	8066	0.695304378818	0.0	497055	517.746754324	7.799
1357.58885755	8466	0.646573029908	0.0	520019	548.73134891	8.066
1358.20354155	9000	0.531889025077	0.0	551265	614.684004831	8.466
1358.82388826	9266	0.5	0.0884576810624	558332	620.346706139	8.64616927575
1359.23824127	9000	0.585646989499	0.0	536970	414.353010501	8.734
1359.66403835	9000	0.659849913926	0.0	536970	425.797075573	9.0
1360.10255353	9000	0.721334730193	0.0	536970	438.515183733	9.0
1360.60929938	9000	0.714588882447	0.0	536970	506.745847746	9.0
1361.11112675	9000	0.71276151073	0.0	536970	501.827371716	9.0
1361.61672044	9400	0.70716781886	0.0	553424	505.59369187	9.0
1362.09111335	9000	0.732774915252	0.0	522960	474.392903608	8.6
1362.87506397	9000	0.5	0.0511757107496	522960	783.950626001	8.795297157
1363.67684289	9000	0.5	0.301778922072	532300	801.778922072	7.79288431171
1364.45182902	8400	0.5	0.274986125124	503004	774.986125124	6.7000554995
1365.46484858	8000	0.5	0.513019558228	481782	1013.01955823	5.54792176709
1366.02259882	8000	0.5	0.0577502414118	481782	557.750241412	7.76899903435
1366.50298693	8533	0.519611890494	0.0	510552	480.388109506	8.0
1367.02496611	9000	0.5	0.00236729121448	536970	521.979181709	8.52353083514
1367.61136513	9000	0.5	0.086399024371	536970	586.399024371	8.65440390252
1368.21190459	9000	0.5	0.100539454317	536970	600.539454317	8.59784218273
1368.83177432	9000	0.5	0.11986973186	536970	619.86973186	8.52052107256
1369.47057451	9000	0.5	0.138800189204	536970	638.800189204	8.44479924318
1370.18822093	9533	0.5	0.217646417686	573990	717.646417686	8.12941432926
1370.85219756	9666	0.5	0.163976629019	586715	663.976629019	8.87709348392
1371.45694818	9000	0.5	0.104750625885	551265	604.750625885	7.91499749646
1372.08390172	9000	0.5	0.126953542077	551265	626.953542077	8.49218583169
1372.67726028	9000	0.5	0.0933585606312	551265	593.358560631	8.62656575748
1373.4004192	9000	0.5	0.223158916536	551265	723.158916536	8.10736433386
1374.67888625	9000	0.5	0.778467052033	551265	1278.46705203	5.88613179187
1375.19843457	9000	0.5	0.0195483210989	551265	519.548321099	8.9218067156
1375.64845783	8466	0.549976745647	0.0	527825	450.023254353	7.932
1376.1106712	8000	0.58776337118	0.0	498375	462.213374467	7.534
1376.56390275	7066	0.634531821698	0.0	434595	453.231549482	6.132
1377.40905329	7200	0.5	0.210618711994	442995	845.150533692	6.22352515202
1378.35359683	7600	0.5	0.444543547331	469589	944.543547331	5.42182581067
1378.83598968	8000	0.517607153842	0.0	496259	482.392846158	7.6
1379.32152454	8133	0.532072292812	0.0	508563	485.53486103	8.0
1379.81203161	8733	0.541565223888	0.0	536941	490.507068924	8.133
1380.29247366	8733	0.561123176058	0.0	525223	480.44204783	8.733
1380.87420625	9000	0.5	0.0206094153439	536970	581.732591402	8.65056233862
1381.47734078	9000	0.5	0.103134527507	527946	603.134527507	8.58746188997
1382.07122259	8933	0.5	0.0938818160936	519390	593.881816094	8.49047273563
1382.61347543	8933	0.5	0.0422528373663	530998	542.252837366	8.76398865053
1383.23442491	9000	0.5	0.120949482753	536970	620.949482753	8.44920206899
1383.83099655	8600	0.5	0.096571637694	513386	596.571637694	7.81371344922
1384.3267304	7000	0.504266155048	0.0	418197	495.733844952	5.4
1384.86839676	8600	0.5	0.0374002087779	525989	541.666363826	6.85039916489
1385.66133575	9000	0.5	0.292938991516	551655	792.938991516	7.42824403394
1386.49622924	9533	0.5	0.334893488004	584127	834.893488004	7.66042604799
1387.24429617	10000	0.5	0.24806693169	612540	748.06693169	8.54073227324
1387.95931596	10000	0.5	0.215019785935	612540	715.019785935	9.13992085626
1388.63809184	10000	0.5	0.178775884302	612540	678.775884302	9.28489646279
1389.20137714	10000	0.5	0.0632852963637	612540	563.285296364	9.74685881455
1389.74098366	10000	0.5	0.0396065236767	612540	539.606523677	9.84157390529
1390.27057581	9866	0.5	0.0295921509169	607628	529.592150917	9.61363139633
1390.80116	10000	0.5	0.0305841865207	620415	530.584186521	9.74366325392
1391.31621603	10000	0.5	0.0150560298858	620415	515.056029886	9.93977588046
1391.82086926	10000	0.5	0.00465322830999	620415	504.65322831	9.98138708676
1392.33929578	11600	0.5	0.0184265239882	730995	518.426523988	9.92629390405
1392.8327094	12000	0.506586376975	0.0	758640	493.413623025	11.6
1393.34428226	12266	0.5	0.00498647879951	771584	511.572855774	11.9800540848
1393.89861512	11000	0.5	0.0543328626371	681300	554.332862637	9.51666854945
1394.41765029	10200	0.5	0.0190351639538	627772	519.035163954	9.32385934418
1394.88246074	10000	0.535189541262	0.0	612540	464.810458738	9.8
1395.33111465	10000	0.586535640103	0.0	612540	448.653901159	10.0
1395.77602025	10000	0.641630035679	0.0	612540	444.905604425	10.0
1396.19388423	9600	0.72376605995	0.0	588186	417.863975729	9.2
1396.57614645	8666	0.841503835354	0.0	530195	382.262224596	7.732
1396.95073803	8533	0.966912254711	0.0	515343	374.591580643	8.4
1397.41628262	9000	1.0013676634	0.0	539520	465.544591307	8.533
1397.87609553	9000	1.0415547574	0.0	539520	459.812906005	9.0
1398.32462761	9000	1.09302267437	0.0	539520	448.532083027	9.0
1398.72887939	9000	1.18877089181	0.0	539520	404.251782558	9.0
1399.13000611	9000	1.28764417462	0.0	539520	401.126717194	9.0
1399.5752322	9000	1.34241808318	0.0	540862	445.226091436	9.0
1400.14324322	9000	1.27440706732	0.0	539793	568.011015866	9.0
1400.79469951	9933	1.12295077423	0.0	600065	651.456293088	9.0
1401.42104302	9533	0.99660726467	0.0	573695	626.343509559	9.133
1401.93339023	9000	0.984260053041	0.0	537795	512.347211629	8.467
1402.32406992	7800	1.09358036831	0.0	462222	390.67968473	6.6
1402.70995808	7800	1.20769220221	0.0	456146	385.888166099	7.8
1403.09479428	7666	1.32285600945	0.0	447075	384.836192765	7.532
1403.46973454	7133	1.44791574973	0.0	421103	374.940259714	6.6
1403.88589824	8000	1.53175204083	0.0	476265	416.163708901	7.133
1404.28957469	7733	1.62807560001	0.0	454837	403.676440822	7.466
1404.75711234	8000	1.66053794469	0.0	462300	467.537655315	7.733
1405.22338626	8000	1.6942640251	0.0	462300	466.273919596	8.0
1405.64638072	8000	1.77126956248	0.0	468906	422.994462618	8.0
1406.05383117	8000	1.86381911203	0.0	467438	407.450450446	8.0
1406.48145425	7933	1.93619603294	0.0	465132	427.623079091	7.866
1406.94371097	7533	1.97393931964	0.0	455338	462.2567133	7.133
1407.55296717	8866	1.86468311687	0.0	543071	609.256202778	7.533
1408.22776199	9000	1.68988829747	0.0	551023	674.794819396	8.866
1409.02026174	10000	1.3973885462	0.0	612540	792.499751267	9.0
1409.63974028	10000	1.2779100092	0.0	612540	619.478537002	10.0
1410.25754162	10000	1.16010866956	0.0	612540	617.801339638	10.0
1410.81694295	9066	1.10070734019	0.0	555398	559.40132937	8.132
1411.35145713	9000	1.06619315341	0.0	551655	534.51418678	8.934
1411.86182218	9000	1.05582810371	0.0	551655	510.365049696	9.0
1412.3651012	9000	1.05254909011	0.0	551655	503.279013604	9.0
1412.89805178	9000	1.01959850726	0.0	551655	532.950582845	9.0
1413.41566296	8533	1.00198732554	0.0	521611	517.611181724	8.066
1413.91123136	8000	1.00641892798	0.0	487275	495.568397563	7.467
1414.43031485	8000	0.987335434934	0.0	487275	519.083493044	8.0
1414.8769123	8000	1.04073798675	0.0	487275	446.597448187	8.0
1415.2313043	7133	1.18634598856	0.0	432597	354.391998187	6.266
1415.59422805	7933	1.32342223576	0.0	483757	362.923752795	7.133
1415.96223163	8000	1.45541865458	0.0	488565	368.003581181	7.933
1416.39872564	8000	1.51892464158	0.0	488565	436.494013005	8.0
1416.9100394	8000	1.50761088426	0.0	488565	511.31375732	8.0
1417.33365393	6933	1.58399635206	0.0	419059	423.614532204	5.866
1417.72533294	6866	1.69231734954	0.0	410775	391.679002512	6.799
1418.09080457	6866	1.82684571901	0.0	413769	365.471630537	6.866

