1576.66956459	3066	0.5	0.374549362187	181435	374.549362187	1.56780255125
1577.04897454	3120	0.620590049776	0.0	184429	379.409950224	3.066
1577.43519646	3146	0.734368133153	0.0	188625	386.221916623	3.12
1577.82760369	3200	0.841960899088	0.0	192435	392.407234065	3.146
1578.22001093	3200	0.949553665024	0.0	192435	392.407234065	3.2
1578.61174606	3200	1.05781853632	0.0	192021	391.735128705	3.2
1579.52520378	8333	0.64436081039	0.0	513389	913.457725929	3.2
1580.34070553	8066	0.5	0.171140939356	497055	815.501749746	7.11443624258
1581.12372806	8466	0.5	0.28302252971	520019	783.02252971	6.93390988116
1581.94191008	9000	0.5	0.318182020421	551265	818.182020421	7.19327191832
1582.71306851	9266	0.5	0.271158426356	558332	771.158426356	7.91536629457
1583.45778294	9000	0.5	0.244714435498	536970	744.714435498	7.75514225801
1584.20927303	9000	0.5	0.251490085014	536970	751.490085014	7.99403965994
1584.98674715	9000	0.5	0.27747412612	536970	777.47412612	7.89010349552
1585.76422128	9000	0.5	0.27747412612	536970	777.47412612	7.89010349552
1586.4177632	9000	0.5	0.153541924465	536970	653.541924465	8.38583230214
1587.06475817	9400	0.5	0.146994968701	553424	646.994968701	8.4120201252
1587.68054211	9000	0.5	0.115783935702	522960	615.783935702	8.13686425719
1588.3533283	9000	0.5	0.17278618882	522960	672.78618882	8.30885524472
1589.0785376	9000	0.5	0.225209299969	532300	725.209299969	8.09916280013
1589.79368673	8400	0.5	0.215149131648	503004	715.149131648	6.93940347341
1590.50226383	8000	0.5	0.208577097652	481782	708.577097652	6.76569160939
1591.19385178	8000	0.5	0.191587948972	481782	691.587948972	7.23364820411
1591.82186818	8533	0.5	0.128016404968	510552	628.016404968	7.48793438013
1592.47824114	9000	0.5	0.156372962941	536970	656.372962941	7.90750814823
1593.16963842	9000	0.5	0.191397279658	536970	691.397279658	8.23441088137
1593.92714955	9000	0.5	0.257511123948	536970	757.511123948	7.96995550421
1594.68466067	9000	0.5	0.257511123948	536970	757.511123948	7.96995550421
1595.45187214	9000	0.5	0.267211466522	536970	767.211466522	7.93115413391
1596.27293315	9533	0.5	0.321061014684	573990	821.061014684	7.71575594126
1597.09815358	9666	0.5	0.325220426994	586715	825.220426994	8.23211829202
1597.73227223	9000	0.5	0.13411864736	551265	634.11864736	7.79752541056
1598.36639087	9000	0.5	0.13411864736	551265	634.11864736	8.46352541056
1598.93451681	9000	0.5	0.0681259387391	551265	568.125938739	8.72749624504
1599.49769812	9000	0.5	0.0631813101271	551265	563.181310127	8.74727475949
1600.07510161	9000	0.5	0.0774034887339	551265	577.403488734	8.69038604506
1600.69759278	9000	0.5	0.122491170437	551265	622.491170437	8.51003531825
1601.29701702	8466	0.5	0.0994242370471	527825	599.424237047	7.53430305181
1602.04753044	8000	0.5	0.250513419734	498375	750.513419734	6.53194632106
1602.77371699	7066	0.5	0.226186549101	434595	726.186549101	5.2272538036
1603.51239325	7200	0.5	0.238676262541	442995	738.676262541	6.11129494984
1604.11818975	7600	0.5	0.105796504117	469589	605.796504117	6.77681398353
1604.57828258	8000	0.539907170651	0.0	496259	460.092829349	7.6
1605.04550842	8133	0.572681330656	0.0	508563	467.225839995	8.0
1605.49541081	8733	0.622778949104	0.0	536941	449.902381552	8.133
1605.93724058	8733	0.68094917908	0.0	525223	441.829770023	8.733
1606.37876161	9000	0.739428148302	0.0	536970	441.521030778	8.733
1606.79934457	9000	0.818845186935	0.0	527946	420.582961368	9.0
1607.21440797	8933	0.903781782146	0.0	519390	415.063404789	8.866
1607.63545759	8933	0.982732163958	0.0	530998	421.049618188	8.933
1608.06019386	9000	1.05799589862	0.0	536970	424.736265336	8.933
1608.50801212	8600	1.11017763124	0.0	513386	447.818267384	8.2
1608.96477727	7000	1.15341248293	0.0	418197	456.765148313	5.4
1609.50806088	8600	1.11012887349	0.0	525989	543.283609434	7.0
1609.9869006	9000	1.13128915514	0.0	551655	478.839718351	8.6
1610.48921717	9533	1.1289725838	0.0	584127	502.316571337	9.0
1611.1140408	10000	1.00414895667	0.0	612540	624.82362713	9.533
1611.85498065	10000	0.76320910108	0.0	612540	740.939855593	10.0
1612.40290727	10000	0.715282482456	0.0	612540	547.926618624	10.0
1612.94269206	10000	0.675497692903	0.0	612540	539.784789554	10.0
1613.43157686	10000	0.686612897991	0.0	612540	488.884794911	10.0
1613.91718278	9866	0.701006978112	0.0	607628	485.605919879	9.732
1614.42566351	10000	0.69252624574	0.0	620415	508.480732373	9.866
1614.93800391	10000	0.680185840707	0.0	620415	512.340405033	10.0
1615.44872005	10000	0.669469700035	0.0	620415	510.716140672	10.0
1616.03200491	11600	0.586184840915	0.0	730995	583.28485912	10.0
1616.65597563	12000	0.5	0.0377858704176	758640	623.970711333	11.4488565183
1617.32216036	12266	0.5	0.166184731224	771584	666.184731224	11.3352610751
1617.95334516	11000	0.5	0.131184800303	681300	631.184800303	9.20926079879
1618.56624253	10200	0.5	0.112897372494	627772	612.897372494	8.94841051003
1619.17779707	10000	0.5	0.111554543361	612540	611.554543361	9.35378182656
1619.78935162	10000	0.5	0.111554543361	612540	611.554543361	9.55378182656
1620.30925281	10000	0.5	0.0199011949483	612540	519.901194948	9.92039522021
1620.77521759	9600	0.534035219117	0.0	588186	465.964780883	9.2
1621.23030243	8666	0.57895037988	0.0	530195	455.084839238	7.732
1622.15577286	8533	0.5	0.346520048587	515343	925.470428466	7.01391980565
1623.12090801	9000	0.5	0.465135153803	539520	965.135153803	6.67245938479
1623.76959022	9000	0.5	0.148682202037	539520	648.682202037	8.40527119185
1624.26868438	9000	0.500905834755	0.0	539520	499.094165245	9.0
1624.73777358	9000	0.531816631983	0.0	539520	469.089202771	9.0
1625.17485013	9000	0.594740083196	0.0	539520	437.076548788	9.0
1625.61281487	9000	0.656775343556	0.0	540862	437.96473964	9.0
1626.05698684	9000	0.71260337337	0.0	539793	444.171970186	9.0
1626.54313673	9933	0.726453486124	0.0	600065	486.149887247	9.0
1627.03861895	9533	0.730971269373	0.0	573695	495.482216751	9.133
1627.53055177	9000	0.739038441811	0.0	537795	491.932827562	8.467
1627.96459823	7800	0.804991982804	0.0	462222	434.046459007	6.6
1628.36678132	7800	0.902808893442	0.0	456146	402.183089362	7.8
1628.71090957	7666	1.05868064854	0.0	447075	344.1282449	7.532
1629.03969377	7133	1.22989644833	0.0	421103	328.784200217	6.6
1629.42366139	8000	1.34592882952	0.0	476265	383.967618803	7.133
1629.84293	7733	1.42666022002	0.0	454837	419.268609504	7.466
1630.26776535	8000	1.50182486543	0.0	462300	424.835354586	7.733
1630.679073	8000	1.5905172143	0.0	462300	411.307651129	8.0
1631.07677654	8000	1.6928136734	0.0	468906	397.703540903	8.0
1631.47348545	8000	1.79610476425	0.0	467438	396.708909147	8.0
1631.85135555	7933	1.91823466291	0.0	465132	377.870101345	7.866
1632.20275385	7533	2.06683636964	0.0	455338	351.398293267	7.133
1632.51105092	6400	2.2585392996	0.0	383025	308.297070042	5.267
1632.82352117	6400	2.44606904117	0.0	383025	312.470258426	6.4
1633.15956804	6400	2.61002217655	0.0	383025	336.046864625	6.4
1633.4956149	6400	2.77397531192	0.0	383025	336.046864625	6.4
1633.83166177	6400	2.9379284473	0.0	383025	336.046864625	6.4
1634.20074306	6400	3.06884715497	0.0	383025	369.081292329	6.4
1634.61184637	6400	3.15774384812	0.0	383025	411.103306851	6.4
1635.02294967	6400	3.24664054127	0.0	383025	411.103306851	6.4
1635.43432308	6400	3.33526713625	0.0	383025	411.373405014	6.4
1635.8464308	6400	3.42315941944	0.0	383025	412.107716808	6.4
1636.25853851	6400	3.51105170264	0.0	383025	412.107716808	6.4
1636.67064623	6400	3.59894398583	0.0	383025	412.107716808	6.4
1637.09395958	6400	3.67563063726	0.0	383025	423.313348566	6.4
1637.56100592	6400	3.70858429423	0.0	383025	467.046343036	6.4
1638.02805226	6400	3.74153795119	0.0	383025	467.046343036	6.4
1638.49509861	6400	3.77449160815	0.0	383025	467.046343036	6.4
1638.84633895	6400	3.9232512642	0.0	383025	351.240343954	6.4
1639.14559305	6400	4.12399716931	0.0	383025	299.254094883	6.4
1639.44484714	6400	4.32474307443	0.0	383025	299.254094883	6.4
1639.74717738	6400	4.52241283086	0.0	383025	302.330243567	6.4
1640.12066191	6400	4.64892830442	0.0	383025	373.484526444	6.4
1640.49414644	6400	4.77544377798	0.0	383025	373.484526444	6.4

