7454.92761298	3066	0.5	0.329643573655	181435	329.643573655	1.74742570538
7455.26137612	3120	0.666236863639	0.0	184429	333.763136361	3.066
7455.6009127	3146	0.826700285357	0.0	188625	339.536578282	3.12
7455.9456916	3200	0.98192137778	0.0	192435	344.778907577	3.146
7456.29047051	3200	1.1371424702	0.0	192435	344.778907577	3.2
7456.76984519	4800	1.15776778993	0.0	290256	479.37468027	3.2
7457.55890858	8333	0.868704402686	0.0	513389	789.063387247	4.8
7458.32839139	8066	0.599221588864	0.0	497055	769.482813822	7.799
7459.06942354	8466	0.5	0.141810563108	520019	741.032151972	7.49875774757
7459.7560483	9000	0.5	0.186624758538	551265	686.624758538	7.71950096585
7460.45044975	9266	0.5	0.19440144882	558332	694.40144882	8.22239420472
7461.09560814	9000	0.5	0.145158384661	536970	645.158384661	8.15336646136
7461.72784417	9000	0.5	0.132236031102	536970	632.236031102	8.47105587559
7462.37544157	9000	0.5	0.147597397746	536970	647.597397746	8.40961040902
7463.03176973	9000	0.5	0.156328161891	536970	656.328161891	8.37468735244
7463.68809789	9000	0.5	0.156328161891	536970	656.328161891	8.37468735244
7464.23531096	9400	0.5	0.0472130685058	553424	547.213068506	8.81114772598
7464.73869769	9000	0.5	0.00338673064931	522960	503.386730649	8.5864530774
7465.24511479	9000	0.5	0.0064171018185	522960	506.417101819	8.97433159273
7465.76030721	9000	0.5	0.0151924241383	532300	515.192424138	8.93923030345
7466.25515288	8400	0.505154337045	0.0	503004	494.845662955	7.8
7466.73249599	8000	0.527811228064	0.0	481782	477.343108981	7.6
7467.21340944	8000	0.54689777648	0.0	481782	480.913451584	8.0
7467.72022111	8533	0.540086107004	0.0	510552	506.811669475	8.0
7468.24165657	9000	0.518650646728	0.0	536970	521.435460277	8.533
7468.73380776	9000	0.526499455448	0.0	536970	492.15119128	9.0
7469.22595895	9000	0.534348264168	0.0	536970	492.15119128	9.0
7469.71375431	9000	0.54655290029	0.0	536970	487.795363878	9.0
7470.20092062	9000	0.559386591834	0.0	536970	487.166308456	9.0
7470.74772575	9533	0.512581469179	0.0	573990	546.805122655	9.0
7471.30619513	9666	0.5	0.0458879203402	586715	558.469389519	9.34944831864
7471.830726	9000	0.5	0.0245308604374	551265	524.530860437	8.23587655825
7472.35359279	9000	0.5	0.0228667983227	551265	522.866798323	8.90853280671
7472.87681053	9000	0.5	0.0232177320966	551265	523.217732097	8.90712907161
7473.40023539	9000	0.5	0.023424867906	551265	523.424867906	8.90630052838
7473.92565787	9000	0.5	0.0254224764317	551265	525.422476432	8.89831009427
7474.45477215	9000	0.5	0.0291142777831	551265	529.114277783	8.88354288887
7474.96621401	8466	0.5	0.0114418661314	527825	511.441866131	7.88623253547
7475.45533399	8000	0.510880023436	0.0	498375	489.119976564	7.534
7475.89209646	7066	0.574117552978	0.0	434595	436.762470458	6.132
7476.32464864	7200	0.641565374153	0.0	442995	432.552178825	7.066
7476.77666593	7600	0.689548082304	0.0	469589	452.017291849	7.2
7477.26490631	8000	0.7013077009	0.0	496259	488.240381404	7.6
7477.77792958	8133	0.688284429335	0.0	508563	513.023271565	8.0
7478.30951918	8733	0.656694832934	0.0	536941	531.589596401	8.133
7478.81336898	8733	0.652845038051	0.0	525223	503.849794883	8.733
7479.29793343	9000	0.66828058884	0.0	536970	484.564449211	8.733
7479.75040078	9000	0.715813230064	0.0	527946	452.467358775	9.0
7480.19252576	8933	0.773688251714	0.0	519390	442.12497835	8.866
7480.56162509	8933	0.904588922536	0.0	530998	369.099329179	8.933
7480.93604414	9000	1.030169876	0.0	536970	374.41904654	8.933
7481.29980529	8600	1.16640871948	0.0	513386	363.761156519	8.2
7481.61461723	7000	1.3515967826	0.0	418197	314.81193688	5.4
7481.99818124	8600	1.46803277599	0.0	525989	383.564006606	7.0
7482.39812598	9000	1.56808802964	0.0	551655	399.94474635	8.6
7482.87679474	9533	1.58941927584	0.0	584127	478.668753805	9.0
7483.37485547	10000	1.59135854854	0.0	612540	498.0607273	9.533
7483.87963517	10000	1.58657884063	0.0	612540	504.779707911	10.0
7484.38608213	10000	1.5801318811	0.0	612540	506.446959528	10.0
7484.85373023	10000	1.61248378415	0.0	612540	467.64809695	10.0
7485.31479189	10000	1.65142212656	0.0	612540	461.061657588	10.0
7485.93982913	9866	1.52638488012	0.0	607628	625.037246439	9.732
7486.70159322	10000	1.2646207941	0.0	620415	761.764086024	9.866
7487.51138561	10000	0.954828400111	0.0	620415	809.792393985	10.0
7488.21343538	10000	0.752778632689	0.0	620415	702.049767421	10.0
7488.93439331	11600	0.531820708164	0.0	730995	720.957924525	10.0
7489.80766707	12000	0.5	0.341453053352	758640	873.273761516	10.2341877866
7490.68667242	12266	0.5	0.379005356073	771584	879.005356073	10.4839785757
7491.38119542	11000	0.5	0.19452300104	681300	694.52300104	8.95590799584
7492.01291428	10200	0.5	0.131718856293	627772	631.718856293	8.87312457483
7492.62902383	10000	0.5	0.116109545025	612540	616.109545025	9.3355618199
7493.26171228	10000	0.5	0.132688458958	612540	632.688458958	9.46924616417
7493.88981345	10000	0.5	0.128101164735	612540	628.101164735	9.48759534106
7494.41878736	9600	0.5	0.0289739075395	588186	528.973907539	9.08410436984
7494.9034956	8666	0.515291759906	0.0	530195	484.708240094	7.732
7495.36747833	8533	0.551309027114	0.0	515343	463.982732792	8.4
7495.84164099	9000	0.577146371287	0.0	539520	474.162655827	8.533
7496.33407209	9000	0.584715263444	0.0	539520	492.431107843	9.0
7496.85113863	9000	0.567648731816	0.0	539520	517.066531628	9.0
7497.34212028	9000	0.576667077273	0.0	539520	490.981654543	9.0
7497.77788922	9000	0.640898134923	0.0	539520	435.768942349	9.0
7498.2250452	9000	0.693742156401	0.0	540862	447.155978523	9.0
7498.74125857	9000	0.67752878407	0.0	539793	516.21337233	9.0
7499.30459891	9933	0.614188446423	0.0	600065	563.340337647	9.0
7499.82904316	9533	0.589744195873	0.0	573695	524.44425055	9.133
7500.32567551	9000	0.593111846411	0.0	537795	496.632349462	8.467
7500.7389876	7800	0.679799760709	0.0	462222	413.312085702	6.6
7501.14464395	7800	0.77414341067	0.0	456146	405.656350039	7.8
7501.53224767	7666	0.886539687939	0.0	447075	387.60372273	7.532
7501.89511569	7133	1.02367166497	0.0	421103	362.868022967	6.6
7502.29503775	8000	1.12374960562	0.0	476265	399.92205935	7.133
7502.65909193	7733	1.25969542655	0.0	454837	364.054179074	7.466
7503.01311247	8000	1.40567488647	0.0	462300	354.020540074	7.733
7503.36713301	8000	1.5516543464	0.0	462300	354.020540074	8.0
7503.77038991	8000	1.64839744296	0.0	468906	403.256903436	8.0
7504.17277117	8000	1.74601618928	0.0	467438	402.381253684	8.0
7504.61713769	7933	1.80164966437	0.0	465132	444.366524915	7.866
7505.10516439	7533	1.81362296309	0.0	455338	488.026701278	7.133
7505.65698927	8866	1.76179808692	0.0	543071	551.824876166	7.533
7506.09485015	9000	1.82393721002	0.0	551023	437.860876897	8.866
7506.57906811	10000	1.83971924421	0.0	612540	484.217965814	9.0
7507.11389092	10000	1.80489643779	0.0	612540	534.822806423	10.0
7507.64793122	10000	1.77085613929	0.0	612540	534.040298493	10.0
7508.1298287	9066	1.78895865801	0.0	555398	481.897481286	8.132
7508.60897746	9000	1.80980990068	0.0	551655	479.148757332	8.934
7509.07285489	9000	1.84593246878	0.0	551655	463.8774319	9.0
7509.53635011	9000	1.88243724628	0.0	551655	463.495222502	9.0
7509.98348429	9000	1.93530306646	0.0	551655	447.134179816	9.0
7510.41062376	8533	2.00816359221	0.0	521611	427.139474251	8.066
7510.73588046	6400	2.18290689908	0.0	383025	325.256693129	4.267
7511.05610594	6400	2.36268141547	0.0	383025	320.225483607	6.4
7511.37633143	6400	2.54245593187	0.0	383025	320.225483607	6.4
7511.70136732	6400	2.71742003798	0.0	383025	325.035893882	6.4
7512.03331417	6400	2.88547318221	0.0	383025	331.946855772	6.4
7512.36526103	6400	3.05352632644	0.0	383025	331.946855772	6.4
7512.75916574	6400	3.15962161611	0.0	383025	393.904710334	6.4
7513.21189756	6400	3.20688979781	0.0	383025	452.731818299	6.4
7513.66462938	6400	3.25415797951	0.0	383025	452.731818299	6.4
7514.07664082	6400	3.34214653198	0.0	383025	412.011447524	6.4
7514.45688759	6400	3.46189976785	0.0	383025	380.246764133	6.4

