0.18542259097	3066	0.5	0.18542259097	181435	185.42259097	2.32430963612
0.539405117729	7800	0.646017473241	0.0	471531	353.982526759	3.066
0.906798112564	7866	0.778624478406	0.0	482442	367.392994835	7.8
1.29443134565	8000	0.890991245323	0.0	492120	387.633233082	7.866
1.68969201515	8000	0.995730575817	0.0	492120	395.260669506	8.0
2.08630363124	8000	1.09911895973	0.0	490176	396.611616088	8.0
2.49939641358	8333	1.18602617739	0.0	513389	413.092782338	8.0
2.90243988747	8066	1.2829827035	0.0	497055	403.043473893	7.799
3.31868656268	8466	1.36673602829	0.0	520019	416.246675207	8.066
3.76644400993	9000	1.41897858104	0.0	551265	447.757447256	8.466
4.21608649205	9266	1.46933609892	0.0	558332	449.642482119	9.0
4.66868068382	9000	1.51674190715	0.0	536970	452.594191772	8.734
5.13850465188	9000	1.54691793909	0.0	536970	469.823968057	9.0
5.62166006007	9000	1.5637625309	0.0	536970	483.155408189	9.0
6.09943448543	9000	1.58598810554	0.0	536970	477.774425356	9.0
6.55876209092	9000	1.62666050005	0.0	536970	459.327605492	9.0
7.02071338697	9400	1.664709204	0.0	553424	461.951296056	9.0
7.44691937689	9000	1.73850321408	0.0	522960	426.205989918	8.6
7.8625470048	9000	1.82287558617	0.0	522960	415.627627904	9.0
8.28601409498	9000	1.89940849599	0.0	532300	423.467090182	9.0
8.69734617056	8400	1.98807642041	0.0	503004	411.33207558	7.8
9.09381619847	8000	2.0916063925	0.0	481782	396.470027912	7.6
9.4218290309	6400	2.26359356007	0.0	383025	328.012832433	4.8
9.74332649688	6400	2.44209609409	0.0	383025	321.497465975	6.4
10.0606563075	6400	2.62476628349	0.0	383025	317.329810604	6.4
10.3750272075	6400	2.81039538344	0.0	383025	314.370900046	6.4
10.6888233816	6400	2.99659920937	0.0	383025	313.796174073	6.4
11.0016310482	6400	3.18379154272	0.0	383025	312.807666648	6.4
11.3128141471	6400	3.37260844387	0.0	383025	311.183098849	6.4
11.6256931834	6400	3.55972940761	0.0	383025	312.87903626	6.4
11.9375789483	6400	3.74784364271	0.0	383025	311.885764901	6.4
12.2487887324	6400	3.93663385853	0.0	383025	311.209784183	6.4
12.5639248991	6400	4.12149769188	0.0	383025	315.13616665	6.4
12.8799127108	6400	4.30550988021	0.0	383025	315.987811665	6.4
13.1958144685	6400	4.48960812246	0.0	383025	315.901757754	6.4
13.51115649	6400	4.67426610095	0.0	383025	315.342021507	6.4
13.8245185722	6400	4.86090401875	0.0	383025	313.362082205	6.4
14.1367195454	6400	5.04870304559	0.0	383025	312.200973162	6.4
14.4480352452	6400	5.23738734578	0.0	383025	311.3156998	6.4
14.7599584712	6400	5.42546411979	0.0	383025	311.923225994	6.4
15.1085506922	6400	5.57687189875	0.0	383025	348.592221039	6.4
15.5130317859	6400	5.67239080503	0.0	383025	404.481093726	6.4
15.9158115197	6400	5.76961107125	0.0	383025	402.779733774	6.4
16.3170891825	6400	5.86833340851	0.0	383025	401.27766274	6.4
16.7139977349	6400	5.97142485606	0.0	383025	396.908552456	6.4
17.1097731224	6400	6.0756494686	0.0	383025	395.775387456	6.4
17.5049789787	6400	6.18044361229	0.0	383025	395.20585631	6.4
17.828422511	6400	6.35700007994	0.0	383025	323.443532352	6.4
18.1513454566	6400	6.53407713435	0.0	383025	322.922945586	6.4
18.47582401	6400	6.70959858098	0.0	383025	324.478553375	6.4
18.8015353464	6400	6.88388724453	0.0	383025	325.711336453	6.4
19.1297670617	6400	7.05565552924	0.0	383025	328.23171529	6.4
19.4587965308	6400	7.22662606016	0.0	383025	329.029469072	6.4
19.7888669967	6400	7.39655559432	0.0	383025	330.070465844	6.4
20.1383345335	6400	7.5470880575	0.0	383025	349.467536816	6.4
20.4954736371	6400	7.68994895386	0.0	383025	357.139103646	6.4
20.8684854297	6400	7.81693716126	0.0	383025	373.011792598	6.4
21.2370235146	6400	7.94839907632	0.0	383025	368.538084936	6.4
21.6972683114	6400	7.58178845434	0.0	383025	366.61062198	6.4
22.0484832531	6400	7.73057351262	0.0	383025	351.214941723	6.4
22.3904396531	6400	7.88861711259	0.0	383025	341.956400027	6.4
22.7298374106	6400	7.55732104935	0.0	383025	331.296063244	6.4
23.0855525779	6400	7.70160588204	0.0	383025	355.715167307	6.4
23.4407407061	6400	7.84641775386	0.0	383025	355.188128179	6.4
23.7951292044	6400	7.99202925553	0.0	383025	354.38849833	6.4
24.3774370129	6400	7.60757206671	0.0	383025	384.457188824	6.4
24.7801431649	6400	7.70486591469	0.0	383025	402.706152017	6.4
25.1472074142	6400	7.83780166536	0.0	383025	367.064249332	6.4
25.5117703685	6400	7.97323871112	0.0	383025	364.562954237	6.4
26.3074204075	6400	7.61150565057	0.0	383025	361.733060549	6.4
26.6945643627	6400	7.72436169535	0.0	383025	387.143955219	6.4
27.0863013933	6400	7.8326246648	0.0	383025	391.737030554	6.4
27.4925155508	6400	7.92641050723	0.0	383025	406.214157566	6.4
28.0730299537	6400	7.51565938583	0.0	383025	410.751121402	6.4
28.4199628238	6400	7.66872651571	0.0	383025	346.932870123	6.4
28.7518523693	6400	7.83683697018	0.0	383025	331.889545531	6.4
29.1712163418	6400	7.50144788495	0.0	383025	335.389085227	6.4
29.5417193583	6400	7.63094486846	0.0	383025	370.503016495	6.4
29.915521529	6400	7.75714269768	0.0	383025	373.802170772	6.4
30.3133672171	6400	7.85929700961	0.0	383025	397.845688073	6.4
30.7121544739	6400	7.96050975282	0.0	383025	398.787256795	6.4
31.4663710709	6400	7.55585797831	0.0	383025	404.651774503	6.4
31.8665026796	6400	7.65572636963	0.0	383025	400.131608689	6.4
32.2682018658	6400	7.75402718337	0.0	383025	401.699186254	6.4
32.661370045	6400	7.86085900422	0.0	383025	393.16817915	6.4
33.0600734243	6400	7.96215562488	0.0	383025	398.703379342	6.4
33.9587768036	6400	7.56345224554	0.0	383025	398.703379342	6.4
34.358008082	6400	7.6642209672	0.0	383025	399.231278342	6.4
34.7587969346	6400	7.76343211458	0.0	383025	400.788852614	6.4
35.1586728544	6400	7.86355619481	0.0	383025	399.875919769	6.4
35.5566123147	6400	7.96561673447	0.0	383025	397.939460347	6.4
36.1726183109	6400	7.59251665988	0.0	383025	373.100074586	6.4
36.5209298758	6400	7.744205095	0.0	383025	348.311564879	6.4
36.8597965695	6400	7.90533840129	0.0	383025	338.866693707	6.4
37.4107971185	6400	7.5698802455	0.0	383025	335.458155797	6.4
37.7353461457	6400	7.74533121825	0.0	383025	324.549027242	6.4
38.059552348	6400	7.92112501592	0.0	383025	324.206202332	6.4
38.5734738779	6400	7.59631306713	0.0	383025	324.811948796	6.4
38.9555085803	6400	7.71427836465	0.0	383025	382.03470248	6.4
39.3567423656	6400	7.8130445794	0.0	383025	401.233785244	6.4
39.7513685952	6400	7.91841834977	0.0	383025	394.626229633	6.4
40.5265616273	6400	7.53432400201	0.0	383025	384.094347757	6.4
41.0553939123	6400	7.505491717	0.0	383025	528.832285006	6.4
41.6609301573	6400	7.39995547209	0.0	383025	605.536244912	6.4
42.5532811376	6400	7.00760449176	0.0	383025	892.350980338	6.4
43.5712600181	6400	6.48962561129	0.0	383025	1017.97888046	6.4
44.6739818788	6400	5.88690375056	0.0	383025	1102.72186073	6.4
45.6534336687	6400	5.40745196066	0.0	383025	979.4517899	6.4
46.7664294675	6400	4.79445616181	0.0	383025	1112.99579885	6.4
48.1006353803	6400	3.960250249	0.0	383025	1334.20591281	6.4
49.5287837932	6400	3.0321018362	0.0	383025	1428.14841281	6.4
51.2584479654	6400	1.80243766391	0.0	383025	1729.66417229	6.4
53.1563718478	5706	0.5	0.0954862184358	344145	1897.92388234	4.63005512626
53.736317423	1586	0.5	0.0799455752566	94643	579.945575257	-2.85378230103
54.3216088234	1600	0.5	0.0852914003273	95655	585.291400327	1.24483439869
54.9069002237	1600	0.5	0.0852914003273	95655	585.291400327	1.25883439869
55.414623726	1600	0.5	0.00772350234868	95655	507.723502349	1.56910599061
55.8249278988	1386	0.589695827239	0.0	81995	410.304172761	1.172
56.2285772451	1373	0.686046480912	0.0	80343	403.649346327	1.36
56.6346677687	1373	0.779955957333	0.0	80949	406.090523578	1.373

