6185.60615706	3066	0.5	0.287567739158	181435	287.567739158	1.91572904337
6186.22560438	7800	0.5	0.119447315089	471531	619.447315089	2.58821073965
6186.85753424	7866	0.5	0.131929865875	482442	631.929865875	7.2722805365
6187.50053607	8000	0.5	0.143001823213	492120	643.001823213	7.29399270715
6188.10107136	8000	0.5	0.100535290407	492120	600.535290407	7.59785883837
6188.58815762	8000	0.512913737657	0.0	490176	487.086262343	8.0
6189.09452205	8333	0.506549311128	0.0	513389	506.364426529	8.0
6189.58732125	8066	0.51375010813	0.0	497055	492.799202999	7.799
6190.09919183	8466	0.501879532954	0.0	520019	511.870575176	8.066
6191.228692	9000	0.5	0.627620638171	551265	1129.50017112	5.95551744732
6192.39816003	9266	0.5	0.669468036688	558332	1169.46803669	6.32212785325
6193.5259446	9000	0.5	0.627784564847	536970	1127.78456485	6.22286174061
6194.30887546	9000	0.5	0.282930865032	536970	782.930865032	7.86827653987
6194.85865769	9000	0.5	0.049782223681	536970	549.782223681	8.80087110528
6195.40843991	9000	0.5	0.049782223681	536970	549.782223681	8.80087110528
6195.95822213	9000	0.5	0.049782223681	536970	549.782223681	8.80087110528
6196.52250763	9400	0.5	0.0642854980664	553424	564.285498066	8.74285800773
6197.07300849	9000	0.5	0.0505008563348	522960	550.500856335	8.39799657466
6197.62350934	9000	0.5	0.0505008563348	522960	550.500856335	8.79799657466
6198.2146077	9000	0.5	0.0910983559814	532300	591.098355981	8.63560657607
6198.9209649	8400	0.5	0.206357201628	503004	706.357201628	6.97457119349
6199.60089577	8000	0.5	0.179930865987	481782	679.930865987	6.88027653605
6200.28082663	8000	0.5	0.179930865987	481782	679.930865987	7.28027653605
6200.95927283	8533	0.5	0.178446197535	510552	678.446197535	7.28621520986
6201.66067608	9000	0.5	0.20140324641	536970	701.40324641	7.72738701436
6202.36207932	9000	0.5	0.20140324641	536970	701.40324641	8.19438701436
6203.06348257	9000	0.5	0.20140324641	536970	701.40324641	8.19438701436
6203.79616753	9000	0.5	0.232684958781	536970	732.684958781	8.06926016487
6204.53251357	9000	0.5	0.236346038364	536970	736.346038364	8.05461584654
6205.31410968	9533	0.5	0.281596108834	573990	781.596108834	7.87361556466
6206.15002824	9666	0.5	0.3359185659	586715	835.9185659	8.1893257364
6207.13570024	9000	0.5	0.485671997961	551265	985.671997961	6.39131200816
6208.12137224	9000	0.5	0.485671997961	551265	985.671997961	7.05731200816
6209.10704424	9000	0.5	0.485671997961	551265	985.671997961	7.05731200816
6210.03966819	9000	0.5	0.43262395233	551265	932.62395233	7.26950419068
6210.89339686	9000	0.5	0.353728671965	551265	853.728671965	7.58508531214
6211.74712553	9000	0.5	0.353728671965	551265	853.728671965	7.58508531214
6212.46974525	8466	0.5	0.222619720763	527825	722.619720763	7.04152111695
6212.94973058	8000	0.520014670001	0.0	498375	479.985329999	7.534
6213.37852742	7066	0.591217831293	0.0	434595	428.796838708	6.132
6213.81406593	7200	0.655679328633	0.0	442995	435.53850266	7.066
6214.27094821	7600	0.698797038934	0.0	469589	456.8822897	7.2
6214.6609762	8000	0.808769052007	0.0	496259	390.027986927	7.6
6215.04018787	8133	0.929557382843	0.0	508563	379.211669164	8.0
6215.43609566	8733	1.03364959393	0.0	536941	395.907788912	8.133
6215.82496639	8733	1.14477886662	0.0	525223	388.870727315	8.733
6216.21965584	9000	1.25008941212	0.0	536970	394.689454501	8.733
6216.60905681	9000	1.36068844233	0.0	527946	389.400969786	9.0
6216.99344357	8933	1.47630168744	0.0	519390	384.38675489	8.866
6217.40521829	8933	1.56452696462	0.0	530998	411.774722814	8.933
6217.89799301	9000	1.5717522466	0.0	536970	492.774718027	8.933
6218.37263845	8600	1.59710680758	0.0	513386	474.645439017	8.2
6218.77411106	7000	1.69563419504	0.0	418197	401.472612538	5.4
6219.2107822	8600	1.75896304991	0.0	525989	436.671145133	7.0
6219.65357053	9000	1.81617472628	0.0	551655	442.788323629	8.6
6220.11771362	9533	1.85203163845	0.0	584127	464.143087829	9.0
6220.6081566	10000	1.8615886509	0.0	612540	490.442987555	9.533
6221.11613687	10000	1.85360838327	0.0	612540	507.980267629	10.0
6221.62411714	10000	1.84562811564	0.0	612540	507.980267629	10.0
6222.12860558	10000	1.84113966961	0.0	612540	504.488446031	10.0
6222.62744606	10000	1.84229919408	0.0	612540	498.840475532	10.0
6223.12292782	9866	1.84681742886	0.0	607628	495.481765218	9.732
6223.62568659	10000	1.8440586679	0.0	620415	502.758760957	9.866
6224.1228874	10000	1.84685785877	0.0	620415	497.20080913	10.0
6224.6200882	10000	1.84965704964	0.0	620415	497.20080913	10.0
6225.14973652	11600	1.82000872978	0.0	730995	529.648319864	10.0
6225.69051381	12000	1.77923144363	0.0	758640	540.777286149	11.6
6226.24225712	12266	1.7274881324	0.0	771584	551.74331123	12.0
6226.79852621	11000	1.67121904073	0.0	681300	556.269091668	9.734
6227.31746209	10200	1.65228316036	0.0	627772	518.935880373	9.4
6227.82661367	10000	1.64313157885	0.0	612540	509.151581504	9.8
6228.33576526	10000	1.63397999735	0.0	612540	509.151581504	10.0
6228.8254986	10000	1.64424664978	0.0	612540	489.733347573	10.0
6229.27464144	9600	1.69510381711	0.0	588186	449.142832665	9.2
6229.68738938	8666	1.78235586975	0.0	530195	412.747947358	7.732
6230.09081628	8533	1.87892896939	0.0	515343	403.426900358	8.4
6230.49156235	9000	1.97818290787	0.0	539520	400.746061523	8.533
6230.89006656	9000	2.07967869219	0.0	539520	398.504215677	9.0
6231.19618436	6400	2.27356088894	0.0	383025	306.11780325	3.8
6231.50230217	6400	2.46744308569	0.0	383025	306.11780325	6.4
6231.81204423	6400	2.65770101902	0.0	383025	309.742066669	6.4
6232.20152486	6400	2.76822039267	0.0	383025	389.480626355	6.4
6232.59100549	6400	2.87873976631	0.0	383025	389.480626355	6.4
6232.98048611	6400	2.98925913996	0.0	383025	389.480626355	6.4
6233.36996674	6400	3.0997785136	0.0	383025	389.480626355	6.4
6233.75917403	6400	3.21057122678	0.0	383025	389.207286824	6.4
6234.14086385	6400	3.32888140807	0.0	383025	381.689818712	6.4
6234.52255366	6400	3.44719158936	0.0	383025	381.689818712	6.4
6234.90424348	6400	3.56550177064	0.0	383025	381.689818712	6.4
6235.2859333	6400	3.68381195193	0.0	383025	381.689818712	6.4
6235.66183235	6400	3.80791290584	0.0	383025	375.899046093	6.4
6235.95173739	6400	4.0180078655	0.0	383025	289.905040342	6.4
6236.24164243	6400	4.22810282516	0.0	383025	289.905040342	6.4
6236.53154747	6400	4.43819778481	0.0	383025	289.905040342	6.4
6236.86378668	6400	4.60595857496	0.0	383025	332.239209856	6.4
6237.20825381	6400	4.76149144262	0.0	383025	344.467132334	6.4
6237.55272094	6400	4.91702431029	0.0	383025	344.467132334	6.4
6237.89718808	6400	5.07255717795	0.0	383025	344.467132334	6.4
6238.24165521	6400	5.22809004562	0.0	383025	344.467132334	6.4
6238.58410095	6400	5.38564430284	0.0	383025	342.445742782	6.4
6238.89807755	6400	5.57166770876	0.0	383025	313.97659408	6.4
6239.21205414	6400	5.75769111468	0.0	383025	313.97659408	6.4
6239.52603073	6400	5.9437145206	0.0	383025	313.97659408	6.4
6239.84000733	6400	6.12973792652	0.0	383025	313.97659408	6.4
6240.15398392	6400	6.31576133244	0.0	383025	313.97659408	6.4
6240.49126071	6400	6.47848453888	0.0	383025	337.276793561	6.4
6240.84737729	6400	6.62236796242	0.0	383025	356.116576456	6.4
6241.20349387	6400	6.76625138596	0.0	383025	356.116576456	6.4
6241.55961044	6400	6.91013480951	0.0	383025	356.116576456	6.4
6241.91572702	6400	7.05401823305	0.0	383025	356.116576456	6.4
6242.24217452	6400	7.22757073083	0.0	383025	326.447502222	6.4
6242.56717243	6400	7.40257281899	0.0	383025	324.997911839	6.4
6242.89217035	6400	7.57757490715	0.0	383025	324.997911839	6.4
6243.21716826	6400	7.75257699531	0.0	383025	324.997911839	6.4
6243.58164137	6400	7.88810388643	0.0	383025	364.473108884	6.4
6244.46961318	6400	7.50013207001	0.0	383025	387.971816423	6.4
6244.857585	6400	7.61216025358	0.0	383025	387.971816423	6.4
6245.23640445	6400	7.7333408071	0.0	383025	378.819446483	6.4
6245.56436294	6400	7.90538231678	0.0	383025	327.958490317	6.4
6246.39232143	6400	7.57742382646	0.0	383025	327.958490317	6.4

