4363.06166334	3066	0.5	0.21303243107	181435	213.03243107	2.21387027572
4363.48740101	7800	0.574262323945	0.0	471531	425.737676055	3.066
4363.92113889	7866	0.640524444757	0.0	482442	433.737879188	7.8
4364.41360141	8000	0.648061929165	0.0	492120	492.462515591	7.866
4364.91179206	8000	0.649871274527	0.0	492120	498.190654638	8.0
4365.40274358	8000	0.658919757475	0.0	490176	490.951517052	8.0
4365.9601362	8333	0.601527140081	0.0	513389	557.392617394	8.0
4366.56903008	8066	0.5	0.00736673819835	497055	608.89387828	7.76953304721
4367.151547	8466	0.5	0.0825169212193	520019	582.516921219	7.73593231512
4367.7477832	9000	0.5	0.0962362052349	551265	596.236205235	8.08105517906
4368.3285006	9266	0.5	0.0807174017062	558332	580.717401706	8.67713039318
4368.87483862	9000	0.5	0.0463380145811	536970	546.338014581	8.54864794168
4369.46165842	9000	0.5	0.086819804108	536970	586.819804108	8.65272078357
4370.12606253	9000	0.5	0.164404106776	536970	664.404106776	8.34238357289
4370.81350431	9000	0.5	0.187441783295	536970	687.441783295	8.25023286682
4371.4725219	9000	0.5	0.159017582225	536970	659.017582225	8.3639296711
4372.13668162	9400	0.5	0.164159724479	553424	664.159724479	8.34336110208
4372.73636313	9000	0.5	0.0996815061517	522960	599.681506152	8.20127397539
4373.33656994	9000	0.5	0.100206817967	522960	600.206817967	8.59917272813
4373.94361705	9000	0.5	0.107047101593	532300	607.047101593	8.57181159363
4374.44105343	8400	0.502563615701	0.0	503004	497.436384299	7.8
4374.91916351	8000	0.5244535352	0.0	481782	478.110080501	7.6
4375.37773099	8000	0.565886052227	0.0	481782	458.567482973	8.0
4375.85857737	8533	0.58503967128	0.0	510552	480.846380946	8.0
4376.35913134	9000	0.584485705365	0.0	536970	500.553965915	8.533
4376.89367896	9000	0.54993808974	0.0	536970	534.547615625	9.0
4377.46458366	9000	0.5	0.0209666180125	536970	570.904707753	8.91613352795
4377.98088976	9000	0.5	0.016306100343	536970	516.306100343	8.93477559863
4378.50042069	9000	0.5	0.0195309269456	536970	519.530926946	8.92187629222
4379.05850526	9533	0.5	0.0580845715131	573990	558.084571513	8.76766171395
4379.64866666	9666	0.5	0.0901613996415	586715	590.161399641	9.17235440143
4380.20413323	9000	0.5	0.0554665683612	551265	555.466568361	8.11213372656
4380.73624943	9000	0.5	0.0321161987638	551265	532.116198764	8.87153520494
4381.34695737	9000	0.5	0.110707936214	551265	610.707936214	8.55716825514
4381.9660814	9000	0.5	0.119124032655	551265	619.124032655	8.52350386938
4382.60582438	9000	0.5	0.139742977914	551265	639.742977914	8.44102808834
4383.21303897	9000	0.5	0.107214598511	551265	607.214598511	8.57114160595
4383.73838081	8466	0.5	0.0253418320808	527825	525.341832081	7.83063267168
4384.22220207	8000	0.51617873199	0.0	498375	483.82126801	7.534
4384.78989182	7066	0.5	0.0515110084132	434595	567.689740403	5.92595596635
4385.37376932	7200	0.5	0.0838775002687	442995	583.877500269	6.73048999893
4385.92507951	7600	0.5	0.0513101965109	469589	551.310196511	6.99475921396
4386.48073465	8000	0.5	0.0556551427438	496259	555.655142744	7.37737942902
4387.01784614	8133	0.5	0.0371114850204	508563	537.11148502	7.85155405992
4387.57608863	8733	0.5	0.058242490303	536941	558.242490303	7.90003003879
4388.10375685	8733	0.5	0.0276682189388	525223	527.668218939	8.62232712424
4388.54100485	9000	0.562752001818	0.0	536970	437.247998182	8.733
4388.9837894	9000	0.619967446661	0.0	527946	442.784555158	9.0
4389.46350946	8933	0.640247385998	0.0	519390	479.720060662	8.866
4389.97813915	8933	0.625617699526	0.0	530998	514.629686472	8.933
4390.55177867	9000	0.551978179441	0.0	536970	573.639520085	8.933
4391.10315467	8600	0.500602181619	0.0	513386	551.375997822	8.2
4391.57267333	7000	0.531083522898	0.0	418197	469.518658721	5.4
4392.18219804	8600	0.5	0.0784411948421	525989	609.52471774	6.68623522063
4392.87670411	9000	0.5	0.194506065585	551655	694.506065585	7.82197573766
4393.69031956	9533	0.5	0.313615452489	584127	813.615452489	7.74553819004
4394.6812774	10000	0.5	0.49095784168	612540	990.95784168	7.56916863328
4395.65189896	10000	0.5	0.470621560018	612540	970.621560018	8.11751375993
4396.54871953	10000	0.5	0.396820563468	612540	896.820563468	8.41271774613
4397.34131781	10000	0.5	0.292598286423	612540	792.598286423	8.82960685431
4398.03830539	10000	0.5	0.196987577823	612540	696.987577823	9.21204968871
4398.64786761	9866	0.5	0.109562216599	607628	609.562216599	9.2937511336
4399.14388427	10000	0.50398334255	0.0	620415	496.01665745	9.866
4399.71173626	10000	0.5	0.0638686514965	620415	567.851994047	9.74452539401
4400.33061485	10000	0.5	0.118878588269	620415	618.878588269	9.52448564692
4401.03468983	11600	0.5	0.204074979744	730995	704.074979744	9.18370008103
4401.70298256	12000	0.5	0.168292729316	758640	668.292729316	10.9268290827
4402.38294741	12266	0.5	0.179964853222	771584	679.964853222	11.2801405871
4403.0328848	11000	0.5	0.149937391337	681300	649.937391337	9.13425043465
4403.71599091	10200	0.5	0.183106110776	627772	683.106110776	8.6675755569
4404.87026205	10000	0.5	0.654271140292	612540	1154.27114029	7.18291543883
4405.4423377	10000	0.5	0.0720756449769	612540	572.075644977	9.71169742009
4405.72297584	10000	0.719361858268	0.0	612540	280.638141732	10.0
4405.9949761	9600	0.947361601253	0.0	588186	272.000257015	9.2
4406.25143342	8666	1.19090428203	0.0	530195	256.457319224	7.732
4406.5605832	8533	1.38175449399	0.0	515343	309.149788038	8.4
4406.91731282	9000	1.52502487659	0.0	539520	356.729617402	8.533
4407.38005944	9000	1.56227825403	0.0	539520	462.746622563	9.0
4407.82886205	9000	1.61347564945	0.0	539520	448.802604576	9.0
4408.27214291	9000	1.6701947862	0.0	539520	443.280863255	9.0
4408.70693108	9000	1.73540662154	0.0	539520	434.78816466	9.0
4409.129716	9000	1.81262169576	0.0	540862	422.784925775	9.0
4409.51063609	9000	1.93170160308	0.0	539793	380.920092676	9.0
4409.92376737	9933	2.01857033105	0.0	600065	413.131272036	9.0
4410.21598437	6400	2.22635332892	0.0	383025	292.217002123	2.867
4410.56439102	6400	2.37794667399	0.0	383025	348.406654935	6.4
4410.93633238	6400	2.50600531636	0.0	383025	371.941357629	6.4
4411.29640056	6400	2.64593714233	0.0	383025	360.068174029	6.4
4411.63937008	6400	2.80296761626	0.0	383025	342.969526075	6.4
4411.97595333	6400	2.96638436498	0.0	383025	336.583251272	6.4
4412.2876542	6400	3.15468350185	0.0	383025	311.700863133	6.4
4412.59935506	6400	3.34298263872	0.0	383025	311.700863133	6.4
4412.93239634	6400	3.50994136041	0.0	383025	333.041278307	6.4
4413.28448594	6400	3.65785175292	0.0	383025	352.089607496	6.4
4413.63743745	6400	3.80490024318	0.0	383025	352.95150974	6.4
4413.99441844	6400	3.94791926235	0.0	383025	356.980980825	6.4
4414.35066952	6400	4.09166817327	0.0	383025	356.251089087	6.4
4414.70665648	6400	4.23568121533	0.0	383025	355.986957938	6.4
4415.06578824	6400	4.37654945462	0.0	383025	359.131760709	6.4
4415.42492	6400	4.51741769391	0.0	383025	359.131760709	6.4
4415.78525294	6400	4.65708476108	0.0	383025	360.332932833	6.4
4416.14830979	6400	4.7940279026	0.0	383025	363.056858477	6.4
4416.51135861	6400	4.93097908995	0.0	383025	363.048812653	6.4
4416.87423664	6400	5.06810105423	0.0	383025	362.878035721	6.4
4417.23711468	6400	5.2052230185	0.0	383025	362.878035721	6.4
4417.59628808	6400	5.34604962206	0.0	383025	359.173396443	6.4
4417.95625293	6400	5.48608476986	0.0	383025	359.964852205	6.4
4418.31914452	6400	5.62319317249	0.0	383025	362.891597368	6.4
4418.69311531	6400	5.74922239183	0.0	383025	373.970780661	6.4
4419.07764314	6400	5.86469455404	0.0	383025	384.527837785	6.4
4419.46217098	6400	5.98016671626	0.0	383025	384.527837785	6.4
4419.84669882	6400	6.09563887847	0.0	383025	384.527837785	6.4
4420.23122666	6400	6.21111104069	0.0	383025	384.527837785	6.4
4420.61575449	6400	6.3265832029	0.0	383025	384.527837785	6.4
4421.08497689	6400	6.35736081155	0.0	383025	469.222391352	6.4
4421.59136476	6400	6.35097293702	0.0	383025	506.38787453	6.4
4422.09775263	6400	6.34458506249	0.0	383025	506.38787453	6.4
4422.85775495	6400	6.08458274638	0.0	383025	760.00231611	6.4
4423.59427126	6400	5.84806644072	0.0	383025	736.516305655	6.4
4424.06786838	6400	5.87446931423	0.0	383025	473.597126495	6.4

