8387.61761792	3066	0.5	0.365754112817	181435	365.754112817	1.60298354873
8387.98808748	3120	0.629530436395	0.0	184429	370.469563605	3.066
8388.36516561	3146	0.752452311832	0.0	188625	377.078124563	3.12
8388.74824436	3200	0.869373563521	0.0	192435	383.078748311	3.146
8389.13132311	3200	0.98629481521	0.0	192435	383.078748311	3.2
8389.51374982	3200	1.10386810318	0.0	192021	382.42671203	3.2
8390.40232048	8333	0.715297440271	0.0	513389	888.570662908	3.2
8391.26516563	8066	0.5	0.147547713894	497055	862.845154166	7.20880914442
8392.16417833	8466	0.5	0.399012693211	520019	899.012693211	6.46994922716
8393.11240244	9000	0.5	0.448224107817	551265	948.224107817	6.67310356873
8394.07175683	9266	0.5	0.459354398639	558332	959.354398639	7.16258240544
8394.98845092	9000	0.5	0.416694084819	536970	916.694084819	7.06722366072
8395.61635145	9000	0.5	0.127900531466	536970	627.900531466	8.48839787414
8396.24425198	9000	0.5	0.127900531466	536970	627.900531466	8.48839787414
8396.87215251	9000	0.5	0.127900531466	536970	627.900531466	8.48839787414
8397.79733436	9000	0.5	0.425181849285	536970	925.181849285	7.29927260286
8398.7598485	9400	0.5	0.462514141395	553424	962.514141395	7.14994343442
8399.67378342	9000	0.5	0.413934913166	522960	913.934913166	6.94426034734
8400.58771833	9000	0.5	0.413934913166	522960	913.934913166	7.34426034734
8401.45991707	9000	0.5	0.372198741692	532300	872.198741692	7.51120503323
8402.10870851	8400	0.5	0.148791441846	503004	648.791441846	7.20483423261
8402.73350235	8000	0.5	0.124793835508	481782	624.793835508	7.10082465797
8403.35829618	8000	0.5	0.124793835508	481782	624.793835508	7.50082465797
8404.00891978	8533	0.5	0.150623599092	510552	650.623599092	7.39750560363
8404.64093879	9000	0.5	0.132019003801	536970	632.019003801	8.0049239848
8405.27295779	9000	0.5	0.132019003801	536970	632.019003801	8.4719239848
8405.9049768	9000	0.5	0.132019003801	536970	632.019003801	8.4719239848
8406.5369958	9000	0.5	0.132019003801	536970	632.019003801	8.4719239848
8407.1690148	9000	0.5	0.132019003801	536970	632.019003801	8.4719239848
8407.80772773	9533	0.5	0.138712923651	573990	638.712923651	8.4451483054
8408.45811335	9666	0.5	0.150385619543	586715	650.385619543	8.93145752183
8409.07028395	9000	0.5	0.112170606988	551265	612.170606988	7.88531757205
8409.52102157	9000	0.549262386599	0.0	551265	450.737613401	9.0
8409.97175918	9000	0.598524773197	0.0	551265	450.737613401	9.0
8410.42249679	9000	0.647787159796	0.0	551265	450.737613401	9.0
8410.89307364	9000	0.677210313708	0.0	551265	470.576846088	9.0
8411.37307144	9000	0.697212516005	0.0	551265	479.997797703	9.0
8411.83606117	8466	0.734222778633	0.0	527825	462.989737372	7.932
8412.277682	8000	0.79260195665	0.0	498375	441.620821983	7.534
8412.67167119	7066	0.898612763312	0.0	434595	393.989193338	6.132
8413.05915268	7200	1.0111312691	0.0	442995	387.481494212	7.066
8413.46509299	7600	1.10519095965	0.0	469589	405.940309452	7.2
8413.88954487	8000	1.18073908359	0.0	496259	424.451876062	7.6
8414.32253691	8133	1.24774703821	0.0	508563	432.992045375	8.0
8414.76688208	8733	1.30340186847	0.0	536941	444.345169745	8.133
8415.18678002	8733	1.38350393171	0.0	525223	419.897936757	8.733
8415.61428003	9000	1.45600392676	0.0	536970	427.500004951	8.733
8416.03594015	9000	1.53434380121	0.0	527946	421.660125545	9.0
8416.45206326	8933	1.61822068899	0.0	519390	416.123112225	8.866
8416.91433404	8933	1.65594991082	0.0	530998	462.270778169	8.933
8417.38205112	9000	1.68823283583	0.0	536970	467.717074985	8.933
8417.83273946	8600	1.73754449522	0.0	513386	450.688340612	8.2
8418.22102776	7000	1.84925619621	0.0	418197	388.288299012	5.4
8418.70984259	8600	1.86044136207	0.0	525989	488.814834142	7.0
8419.21860583	9000	1.85167812305	0.0	551655	508.76323902	8.6
8419.75260731	9533	1.81767664655	0.0	584127	534.0014765	9.0
8420.30879402	10000	1.76148993602	0.0	612540	556.186710523	9.533
8420.86668501	10000	1.70359894212	0.0	612540	557.890993906	10.0
8421.424576	10000	1.64570794821	0.0	612540	557.890993906	10.0
8421.982467	10000	1.5878169543	0.0	612540	557.890993906	10.0
8422.52049528	10000	1.54978867213	0.0	612540	538.028282173	10.0
8423.03948405	9866	1.53079990605	0.0	607628	518.988766076	9.732
8423.56771095	10000	1.50257300521	0.0	620415	528.226900842	9.866
8424.09593785	10000	1.47434610437	0.0	620415	528.226900842	10.0
8424.93005582	10000	1.1402281367	0.0	620415	834.117967667	10.0
8425.97208566	11600	0.598198297523	0.0	730995	1042.02983918	10.0
8427.00397316	12000	0.5	0.433689209012	758640	1031.88750654	9.86524316395
8427.73215104	12266	0.5	0.228177873393	771584	728.177873393	11.0872885064
8428.38448481	11000	0.5	0.152333777195	681300	652.333777195	9.12466489122
8428.99185179	10200	0.5	0.107366974867	627772	607.366974867	8.97053210053
8429.53184261	10000	0.5	0.0399908180717	612540	539.990818072	9.64003672771
8430.06595761	10000	0.5	0.0341150059194	612540	534.115005919	9.86353997632
8430.60007262	10000	0.5	0.0341150059194	612540	534.115005919	9.86353997632
8431.08086944	9600	0.519203177091	0.0	588186	480.796822909	9.2
8431.50148745	8666	0.598585169936	0.0	530195	420.618007156	7.732
8431.91256395	8533	0.687508668532	0.0	515343	411.076501404	8.4
8432.3391727	9000	0.760899916618	0.0	539520	426.608751913	8.533
8432.76135563	9000	0.838716989755	0.0	539520	422.182926864	9.0
8433.18044159	9000	0.919631025745	0.0	539520	419.085964009	9.0
8433.59952756	9000	1.00054506174	0.0	539520	419.085964009	9.0
8434.04317097	9000	1.05690164262	0.0	539520	443.643419115	9.0
8434.51032986	9000	1.08974276223	0.0	540862	467.158880393	9.0
8434.97672353	9000	1.12334909153	0.0	539793	466.393670703	9.0
8435.48626099	9933	1.11381162437	0.0	600065	509.53746716	9.0
8435.97684612	9533	1.12322649962	0.0	573695	490.585124745	9.133
8436.44153031	9000	1.15854230875	0.0	537795	464.684190866	8.467
8436.85215721	7800	1.24791540432	0.0	462222	410.626904434	6.6
8437.28422651	7800	1.31584610276	0.0	456146	432.069301559	7.8
8437.75476323	7666	1.34530939024	0.0	447075	470.536712518	7.532
8438.20261243	7133	1.39746018988	0.0	421103	447.849200361	6.6
8438.6986477	8000	1.401424922	0.0	476265	496.03526788	7.133
8439.22887488	7733	1.37119773963	0.0	454837	530.227182376	7.466
8439.87204619	8000	1.22802642603	0.0	462300	643.171313598	7.733
8440.5152175	8000	1.08485511243	0.0	462300	643.171313598	8.0
8441.16643621	8000	0.933636406018	0.0	468906	651.218706412	8.0
8441.81586661	8000	0.78420600912	0.0	467438	649.430396897	8.0
8442.38388558	7933	0.716187040859	0.0	465132	568.018968261	7.866
8442.88259133	7533	0.71748128701	0.0	455338	498.705753849	7.133
8443.46197191	8866	0.638100711595	0.0	543071	579.380575415	7.533
8444.04866474	9000	0.551407879889	0.0	551023	586.692831705	8.866
8444.69190873	10000	0.5	0.0918361092102	612540	643.2439891	8.63265556316
8445.18238234	10000	0.509526386276	0.0	612540	490.473613724	10.0
8445.67285595	10000	0.519052772552	0.0	612540	490.473613724	10.0
8446.12503773	9066	0.566870998113	0.0	555398	452.181774439	8.132
8446.55458161	9000	0.637327118149	0.0	551655	429.543879964	8.934
8446.94368087	9000	0.748227860844	0.0	551655	389.099257305	9.0
8447.33278012	9000	0.859128603539	0.0	551655	389.099257305	9.0
8447.72187938	9000	0.970029346235	0.0	551655	389.099257305	9.0
8448.13521295	8533	1.05669577258	0.0	521611	413.333573653	8.066
8448.58810266	8000	1.10380606499	0.0	487275	452.889707593	7.467
8449.04099237	8000	1.1509163574	0.0	487275	452.889707593	8.0
8449.46035032	8000	1.23155840377	0.0	487275	419.35795363	8.0
8449.81904067	7133	1.37286806032	0.0	432597	358.690343446	6.266
8450.21068962	7933	1.48121910188	0.0	483757	391.64895844	7.133
8450.60543602	8000	1.58647270362	0.0	488565	394.746398255	7.933
8451.00018242	8000	1.69172630537	0.0	488565	394.746398255	8.0
8451.40415335	8000	1.78775537232	0.0	488565	403.970933055	8.0
8451.77152917	6933	1.92037955209	0.0	419059	367.375820221	5.866
8452.13322412	6866	2.05868460567	0.0	410775	361.694946419	6.799
8452.4758891	6400	2.21601962642	0.0	383025	342.664979252	5.934

