6650.50184903	3066	0.5	0.242788463244	181435	242.788463244	2.09484614702
6651.00491959	7800	0.5	0.00307055894376	471531	503.070558944	3.05371776422
6651.5177798	7866	0.5	0.012860207702	482442	512.860207702	7.74855916919
6652.03932337	8000	0.5	0.0215435750086	492120	521.543575009	7.77982569997
6652.56086695	8000	0.5	0.0215435750086	492120	521.543575009	7.91382569997
6653.08406906	8000	0.5	0.0232021177027	490176	523.202117703	7.90719152919
6653.66236838	8333	0.5	0.0782993169785	513389	578.299316978	7.68680273209
6654.22481379	8066	0.5	0.0624454107913	497055	562.445410791	7.54921835683
6654.80954824	8466	0.5	0.0847344460357	520019	584.734446036	7.72706221586
6655.37813246	9000	0.5	0.0685842270032	551265	568.584227003	8.19166309199
6655.92716321	9266	0.5	0.0490307442337	558332	549.030744234	8.80387702307
6656.45824865	9000	0.5	0.0310854450957	536970	531.085445096	8.60965821962
6656.9893341	9000	0.5	0.0310854450957	536970	531.085445096	8.87565821962
6657.43554793	9000	0.553786165331	0.0	536970	446.213834669	9.0
6657.82015146	9000	0.669182640354	0.0	536970	384.603524977	9.0
6658.20475498	9000	0.784579115376	0.0	536970	384.603524977	9.0
6658.61162554	9400	0.877708557038	0.0	553424	406.870558338	9.0
6659.04338221	9000	0.945951893071	0.0	522960	431.756663967	8.6
6659.47513887	9000	1.0141952291	0.0	522960	431.756663967	9.0
6659.91317786	9000	1.07615623524	0.0	532300	438.038993861	9.0
6660.3315116	8400	1.15782250226	0.0	503004	418.333732985	7.8
6660.75169354	8000	1.2376405562	0.0	481782	420.181946059	7.6
6661.19141381	8000	1.29792029322	0.0	481782	439.720262981	8.0
6661.65261505	8533	1.33671904513	0.0	510552	461.201248086	8.0
6662.10991978	9000	1.37941432345	0.0	536970	457.304721686	8.533
6662.53326805	9000	1.45606604562	0.0	536970	423.348277821	9.0
6662.95661633	9000	1.5327177678	0.0	536970	423.348277821	9.0
6663.40022815	9000	1.58910594847	0.0	536970	443.611819333	9.0
6663.89252758	9000	1.59680651754	0.0	536970	492.299430929	9.0
6664.41325192	9533	1.57608217473	0.0	573990	520.724342811	9.0
6664.94374685	9666	1.54558724835	0.0	586715	530.494926379	9.533
6665.44455951	9000	1.54477459265	0.0	551265	500.812655699	8.334
6665.94345421	9000	1.54587988978	0.0	551265	498.89470287	9.0
6666.44234891	9000	1.54698518691	0.0	551265	498.89470287	9.0
6666.94124361	9000	1.54809048404	0.0	551265	498.89470287	9.0
6667.51162264	9000	1.47771146189	0.0	551265	570.379022153	9.0
6668.1037795	9000	1.38555459958	0.0	551265	592.156862304	9.0
6668.67415925	8466	1.31517484421	0.0	527825	570.379755373	7.932
6669.21717827	8000	1.27215583112	0.0	498375	543.01901309	7.534
6669.6516917	7066	1.33764240084	0.0	434595	434.513430285	6.132
6670.08724712	7200	1.40208697972	0.0	442995	435.555421121	7.066
6670.54414734	7600	1.4451867559	0.0	469589	456.900223815	7.2
6671.0241603	8000	1.4651738021	0.0	496259	480.012953805	7.6
6671.5206966	8133	1.46863749797	0.0	508563	496.536304121	8.0
6672.04047578	8733	1.44885831689	0.0	536941	519.779181087	8.133
6672.55065739	8733	1.43867671252	0.0	525223	510.181604363	8.733
6673.06779198	9000	1.42154211628	0.0	536970	517.134596248	8.733
6673.5660291	9000	1.42330499939	0.0	527946	498.237116887	9.0
6674.05748818	8933	1.43184591808	0.0	519390	491.459081307	8.866
6674.55814308	8933	1.43119101665	0.0	530998	500.654901434	8.933
6675.04183703	9000	1.44749707165	0.0	536970	483.693944998	8.933
6675.49091346	8600	1.4984206353	0.0	513386	449.076436353	8.2
6675.87155793	7000	1.61777617196	0.0	418197	380.644463335	5.4
6676.32969474	8600	1.65963935935	0.0	525989	458.136812615	7.0
6676.84117864	9000	1.64815545717	0.0	551655	511.483902176	8.6
6677.42874192	9533	1.56059217497	0.0	584127	587.563282199	9.0
6678.04099401	10000	1.4483400913	0.0	612540	612.252083671	9.533
6678.61888245	10000	1.37045164437	0.0	612540	577.888446927	10.0
6679.17100636	10000	1.3183277345	0.0	612540	552.123909871	10.0
6679.72313027	10000	1.26620382463	0.0	612540	552.123909871	10.0
6680.27666599	10000	1.21266810422	0.0	612540	553.535720417	10.0
6680.83024351	9866	1.15909058595	0.0	607628	553.577518269	9.732
6681.39378706	10000	1.09554704286	0.0	620415	563.543543083	9.866
6681.96847749	10000	1.02085661108	0.0	620415	574.690431787	10.0
6682.56405293	10000	0.925281168382	0.0	620415	595.575442694	10.0
6683.25152224	11600	0.737811860367	0.0	730995	687.469308015	10.0
6683.93766487	12000	0.551669226048	0.0	758640	686.142634319	11.6
6684.60742489	12266	0.5	0.118090794432	771584	669.76002048	11.5276368223
6685.25064823	11000	0.5	0.143223341658	681300	643.223341658	9.16110663337
6685.88621358	10200	0.5	0.13556534351	627772	635.56534351	8.85773862596
6686.50829891	10000	0.5	0.12208533594	612540	622.08533594	9.31165865624
6687.12147074	10000	0.5	0.113171822005	612540	613.171822005	9.54731271198
6687.664763	10000	0.5	0.0432922645431	612540	543.292264543	9.82683094183
6688.18963521	9600	0.5	0.0248722106516	588186	524.872210652	9.10051115739
6688.77819881	8666	0.5	0.0885635963525	530195	588.563596353	7.37774561459
6689.36079471	8533	0.5	0.0825958989422	515343	582.595898942	8.06961640423
6689.96696958	9000	0.5	0.106174876533	539520	606.174876533	8.10830049387
6690.49240915	9000	0.5	0.0254395641483	539520	525.439564148	8.89824174341
6691.00292439	9000	0.5	0.0105152398096	539520	510.51523981	8.95793904076
6691.51343963	9000	0.5	0.0105152398096	539520	510.51523981	8.95793904076
6692.05121306	9000	0.5	0.0377734344863	539520	537.773434486	8.84890626205
6692.71987739	9000	0.5	0.168664328185	540862	668.664328185	8.32534268726
6693.38737824	9000	0.5	0.167500848098	539793	667.500848098	8.32999660761
6694.12047803	9933	0.5	0.233099792724	600065	733.099792724	8.0676008291
6694.80802931	9533	0.5	0.187551276405	573695	687.551276405	8.38279489438
6695.42028439	9000	0.5	0.112255079419	537795	612.255079419	8.01797968232
6695.95774496	7800	0.5	0.0374605701412	462222	537.460570141	6.45015771944
6696.48919212	7800	0.5	0.0314471600825	456146	531.447160082	7.67421135967
6697.05126393	7666	0.5	0.0620718135287	447075	562.071813529	7.28371274589
6697.68265114	7133	0.5	0.131387207079	421103	631.387207079	6.07445117168
6698.3862668	8000	0.5	0.203615666902	476265	703.615666902	6.31853733239
6699.06182491	7733	0.5	0.175558101239	454837	675.558101239	6.76376759504
6699.74520682	8000	0.5	0.183381913556	462300	683.381913556	6.99947234578
6700.28484753	8000	0.5	0.0396407156968	462300	539.640715697	7.84143713721
6700.83105625	8000	0.5	0.04620871606	468906	546.20871606	7.81516513576
6701.31695349	8000	0.514102758625	0.0	467438	485.897241375	8.0
6701.71366856	7933	0.617387695488	0.0	465132	396.715063137	7.866
6702.10371474	7533	0.727341507699	0.0	455338	390.046187789	7.133
6702.55349959	8866	0.777556659414	0.0	543071	449.784848285	7.533
6703.0110659	9000	0.819990349377	0.0	551023	457.566310037	8.866
6703.61057322	10000	0.720483028743	0.0	612540	599.507320634	9.0
6704.21008054	10000	0.620975708109	0.0	612540	599.507320634	10.0
6704.80958786	10000	0.521468387474	0.0	612540	599.507320634	10.0
6705.32973171	9066	0.501324536612	0.0	555398	520.143850862	8.132
6705.81517012	9000	0.515886127019	0.0	551655	485.438409593	8.934
6706.30060853	9000	0.530447717426	0.0	551655	485.438409593	9.0
6706.77211027	9000	0.558945978001	0.0	551655	471.501739425	9.0
6707.20473396	9000	0.626322291264	0.0	551655	432.623686737	9.0
6707.6181532	8533	0.712903045789	0.0	521611	413.419245475	8.066
6708.02106662	8000	0.809989635052	0.0	487275	402.913410737	7.467
6708.58584591	8000	0.745210342955	0.0	487275	564.779292098	8.0
6709.1506252	8000	0.680431050857	0.0	487275	564.779292098	8.0
6709.66100654	7133	0.670049710908	0.0	432597	510.381339949	6.266
6710.22228585	7933	0.608770400442	0.0	483757	561.279310466	7.133
6710.79399165	8000	0.537064600795	0.0	488565	571.705799647	7.933
6711.36644377	8000	0.5	0.0353875203442	488565	572.452121139	7.85844991862
6711.93889589	8000	0.5	0.0724521211393	488565	572.452121139	7.71019151544
6712.44128901	6933	0.5	0.00239311746138	419059	502.393117461	5.85642753015
6712.94215258	6866	0.5	0.000863569009838	410775	500.86356901	6.79554572396
6713.4471977	6866	0.5	0.00504512293169	413769	505.045122932	6.84581950827

