7136.96499238	3066	0.5	0.292792568234	181435	292.792568234	1.89482972706
7137.2612964	3120	0.703695976152	0.0	184429	296.304023848	3.066
7137.56252162	3146	0.902470753989	0.0	188625	301.225222163	3.12
7137.86821533	3200	1.09677704622	0.0	192435	305.693707764	3.146
7138.17390904	3200	1.29108333846	0.0	192435	305.693707764	3.2
7138.59433024	4800	1.37066214252	0.0	290256	420.42119594	3.2
7139.2764487	8333	1.18854367688	0.0	513389	682.118465639	4.8
7139.93941015	8066	1.02558223061	0.0	497055	662.961446268	7.799
7140.47518541	8466	0.989806973126	0.0	520019	535.775257488	8.066
7140.9061375	9000	1.05885488168	0.0	551265	430.952091446	8.466
7141.34158866	9266	1.12340372276	0.0	558332	435.451158919	9.0
7141.81569285	9000	1.1492995304	0.0	536970	474.104192362	8.734
7142.30339987	9000	1.1615925122	0.0	536970	487.707018202	9.0
7142.79110688	9000	1.17388549399	0.0	536970	487.707018202	9.0
7143.2788139	9000	1.18617847579	0.0	536970	487.707018202	9.0
7143.73357683	9000	1.23141554782	0.0	536970	454.762927971	9.0
7144.19679502	9400	1.26819736256	0.0	553424	463.218185263	9.0
7144.63891842	9000	1.32607395959	0.0	522960	442.12340297	8.6
7145.09043387	9000	1.37455850955	0.0	522960	451.515450035	9.0
7145.55190155	9000	1.41309082919	0.0	532300	461.467680364	9.0
7145.99237453	8400	1.47261784573	0.0	503004	440.472983456	7.8
7146.41763897	8000	1.54735340466	0.0	481782	425.264441069	7.6
7146.84576806	8000	1.61922431636	0.0	481782	428.129088307	8.0
7147.31232181	8533	1.65267056739	0.0	510552	466.553748963	8.0
7147.7988774	9000	1.66611498328	0.0	536970	486.555584114	8.533
7148.29214749	9000	1.67284489287	0.0	536970	493.270090411	9.0
7148.79446115	9000	1.67053122877	0.0	536970	502.313664094	9.0
7149.29677481	9000	1.66821756468	0.0	536970	502.313664094	9.0
7149.78699542	9000	1.67799695499	0.0	536970	490.220609692	9.0
7150.29537918	9533	1.66961320316	0.0	573990	508.38375183	9.0
7150.81325993	9666	1.65173245096	0.0	586715	517.880752199	9.533
7151.30589025	9000	1.65910212706	0.0	551265	492.630323903	8.334
7151.81259897	9000	1.6523934109	0.0	551265	506.708716152	9.0
7152.31930768	9000	1.64568469475	0.0	551265	506.708716152	9.0
7152.8260164	9000	1.6389759786	0.0	551265	506.708716152	9.0
7153.33806061	9000	1.62693177175	0.0	551265	512.04420685	9.0
7153.8555837	9000	1.60940868031	0.0	551265	517.523091436	9.0
7154.35450314	8466	1.61048923914	0.0	527825	498.919441171	7.932
7154.83004897	8000	1.63494341146	0.0	498375	475.545827677	7.534
7155.2172846	7066	1.74770778167	0.0	434595	387.235629794	6.132
7155.60361528	7200	1.86137709761	0.0	442995	386.330684064	7.066
7156.00833569	7600	1.95665668406	0.0	469589	404.720413546	7.2
7156.4428631	8000	2.02212928316	0.0	496259	434.5274009	7.6
7156.81100459	6400	2.15398778516	0.0	383025	368.141497995	4.8
7157.17914609	6400	2.28584628717	0.0	383025	368.141497995	6.4
7157.54728759	6400	2.41770478917	0.0	383025	368.141497995	6.4
7157.91542909	6400	2.54956329118	0.0	383025	368.141497995	6.4
7158.28161212	6400	2.6833802561	0.0	383025	366.183035081	6.4
7158.64357752	6400	2.82141485599	0.0	383025	361.965400113	6.4
7159.00554292	6400	2.95944945587	0.0	383025	361.965400113	6.4
7159.36750832	6400	3.09748405576	0.0	383025	361.965400113	6.4
7159.72947372	6400	3.23551865565	0.0	383025	361.965400113	6.4
7160.06872997	6400	3.39626240461	0.0	383025	339.25625104	6.4
7160.39286023	6400	3.57213214955	0.0	383025	324.130255057	6.4
7160.71699048	6400	3.74800189449	0.0	383025	324.130255057	6.4
7161.04112074	6400	3.92387163943	0.0	383025	324.130255057	6.4
7161.36525099	6400	4.09974138438	0.0	383025	324.130255057	6.4
7161.68935958	6400	4.27563279771	0.0	383025	324.108586664	6.4
7162.01344469	6400	4.45154768556	0.0	383025	324.085112157	6.4
7162.33752981	6400	4.6274625734	0.0	383025	324.085112157	6.4
7162.66161492	6400	4.80337746124	0.0	383025	324.085112157	6.4
7162.98562782	6400	4.97936455666	0.0	383025	324.012904585	6.4
7163.30947314	6400	5.1555192368	0.0	383025	323.845319859	6.4
7163.63331846	6400	5.33167391694	0.0	383025	323.845319859	6.4
7163.95716378	6400	5.50782859708	0.0	383025	323.845319859	6.4
7164.2810091	6400	5.68398327723	0.0	383025	323.845319859	6.4
7164.60128853	6400	5.86370385342	0.0	383025	320.279423802	6.4
7164.91316589	6400	6.05182648789	0.0	383025	311.877365531	6.4
7165.22504326	6400	6.23994912236	0.0	383025	311.877365531	6.4
7165.53692062	6400	6.42807175683	0.0	383025	311.877365531	6.4
7165.84879799	6400	6.6161943913	0.0	383025	311.877365531	6.4
7166.19295151	6400	6.77204086967	0.0	383025	344.153521633	6.4
7166.54072809	6400	6.92426428415	0.0	383025	347.776585517	6.4
7166.88850468	6400	7.07648769863	0.0	383025	347.776585517	6.4
7167.23628127	6400	7.22871111311	0.0	383025	347.776585517	6.4
7167.58193282	6400	7.38305956325	0.0	383025	345.651549867	6.4
7167.91184785	6400	7.55314452624	0.0	383025	329.915037002	6.4
7168.24176289	6400	7.72322948924	0.0	383025	329.915037002	6.4
7168.57167793	6400	7.89331445224	0.0	383025	329.915037002	6.4
7169.42659527	6400	7.53839710941	0.0	383025	354.917342826	6.4
7169.80884542	6400	7.6561469592	0.0	383025	382.250150216	6.4
7170.19109557	6400	7.77389680898	0.0	383025	382.250150216	6.4
7170.57334572	6400	7.89164665877	0.0	383025	382.250150216	6.4
7171.45288855	6400	7.51210383197	0.0	383025	379.542826793	6.4
7171.81742225	6400	7.64757013001	0.0	383025	364.533701966	6.4
7172.15677397	6400	7.80821841108	0.0	383025	339.351718929	6.4
7172.49612569	6400	7.96886669215	0.0	383025	339.351718929	6.4
7173.16875504	6400	7.62951497322	0.0	383025	339.351718929	6.4
7173.54372468	6400	7.75454533237	0.0	383025	374.969640847	6.4
7173.91869432	6400	7.87957569153	0.0	383025	374.969640847	6.4
7174.58185045	6400	7.50460605068	0.0	383025	374.969640847	6.4
7174.98252127	6400	7.60393523373	0.0	383025	400.670816951	6.4
7175.38319208	6400	7.70326441678	0.0	383025	400.670816951	6.4
7175.7838629	6400	7.80259359983	0.0	383025	400.670816951	6.4
7176.18453372	6400	7.90192278288	0.0	383025	400.670816951	6.4
7176.63290308	6400	7.95355342167	0.0	383025	448.369361208	6.4
7177.11782798	6400	7.96862852278	0.0	383025	484.924898891	6.4
7177.60275288	6400	7.98370362388	0.0	383025	484.924898891	6.4
7178.08767778	6400	7.99877872499	0.0	383025	484.924898891	6.4
7179.0115415	6400	7.5138538261	0.0	383025	484.924898891	6.4
7179.45672874	6400	7.56866658738	0.0	383025	445.18723872	6.4
7179.90191598	6400	7.62347934866	0.0	383025	445.18723872	6.4
7180.34710322	6400	7.67829210994	0.0	383025	445.18723872	6.4
7180.78240322	6400	7.7429921129	0.0	383025	435.29999704	6.4
7181.20749618	6400	7.81789914551	0.0	383025	425.09296739	6.4
7181.63258915	6400	7.89280617812	0.0	383025	425.09296739	6.4
7182.05066091	6400	7.97473442214	0.0	383025	418.07175598	6.4
7182.96012979	6400	7.56526553783	0.0	383025	409.468884309	6.4
7183.36959868	6400	7.65579665352	0.0	383025	409.468884309	6.4
7183.77906756	6400	7.74632776921	0.0	383025	409.468884309	6.4
7184.17833813	6400	7.84705719505	0.0	383025	399.270574161	6.4
7184.57065822	6400	7.95473711217	0.0	383025	392.320082884	6.4
7185.4629783	6400	7.56241702929	0.0	383025	392.320082884	6.4
7185.85548696	6400	7.66990836619	0.0	383025	392.508663091	6.4
7186.26965632	6400	7.75573900705	0.0	383025	414.16935914	6.4
7186.68382568	6400	7.84156964791	0.0	383025	414.16935914	6.4
7187.09799504	6400	7.92740028877	0.0	383025	414.16935914	6.4
7187.90172599	6400	7.51323092963	0.0	383025	414.16935914	6.4
7188.37103474	6400	7.54392218413	0.0	383025	469.308745506	6.4
7188.84034348	6400	7.57461343862	0.0	383025	469.308745506	6.4

