7932.95823967	3066	0.5	0.317945554665	181435	317.945554665	1.79421778134
7933.65663582	7800	0.5	0.198396149236	471531	698.396149236	2.27241540306
7934.36934136	7866	0.5	0.21270553798	482442	712.70553798	6.94917784808
7935.09473925	8000	0.5	0.225397891044	492120	725.397891044	6.96440843582
7935.82013714	8000	0.5	0.225397891044	492120	725.397891044	7.09840843582
7936.52790373	8000	0.5	0.207766594398	490176	707.766594398	7.16893362241
7937.17164381	8333	0.5	0.143740079763	513389	643.740079763	7.42503968095
7937.79744792	8066	0.5	0.125804108282	497055	625.804108282	7.29578356687
7938.43829503	8466	0.5	0.140847109193	520019	640.847109193	7.50261156323
7939.11047226	9000	0.5	0.172177231835	551265	672.177231835	7.77729107266
7939.79024097	9266	0.5	0.17976871052	558332	679.76871052	8.28092515792
7940.42414926	9000	0.5	0.13390828999	536970	633.90828999	8.19836684004
7941.04392489	9000	0.5	0.119775623146	536970	619.775623146	8.52089750741
7941.66370051	9000	0.5	0.119775623146	536970	619.775623146	8.52089750741
7942.17050048	9000	0.5	0.00679997018468	536970	506.799970185	8.97280011926
7942.67590332	9000	0.5	0.00540283616993	536970	505.40283617	8.97838865532
7943.19434148	9400	0.5	0.0184381607995	553424	518.4381608	8.9262473568
7943.68759059	9000	0.506750882943	0.0	522960	493.249117057	8.6
7944.1789491	9000	0.515392374929	0.0	522960	491.358508014	9.0
7944.67529654	9000	0.51904493711	0.0	532300	496.347437819	9.0
7945.12598672	8400	0.568354759641	0.0	503004	450.690177468	7.8
7945.56103728	8000	0.633304193282	0.0	481782	435.050566359	7.6
7945.96888	8000	0.725461473617	0.0	481782	407.842719666	8.0
7946.35491683	8533	0.83942465022	0.0	510552	386.036823396	8.0
7946.75678922	9000	0.937552259045	0.0	536970	401.872391175	8.533
7947.1888979	9000	1.00544358049	0.0	536970	432.108678554	9.0
7947.7331222	9000	0.961219272215	0.0	536970	544.224308276	9.0
7948.27734651	9000	0.91699496394	0.0	536970	544.224308276	9.0
7948.80599175	9000	0.888349723592	0.0	536970	528.645240348	9.0
7949.27375889	9533	0.920582589149	0.0	573990	467.767134443	9.0
7949.75012258	9666	0.94421889939	0.0	586715	476.363689759	9.533
7950.20250972	9000	0.991831751203	0.0	551265	452.387148188	8.334
7950.65483246	9000	1.03950901413	0.0	551265	452.32273707	9.0
7951.1071552	9000	1.08718627706	0.0	551265	452.32273707	9.0
7951.58165629	9000	1.11268518461	0.0	551265	474.501092452	9.0
7952.05906383	9000	1.13527764547	0.0	551265	477.407539138	9.0
7952.53647137	9000	1.15787010633	0.0	551265	477.407539138	9.0
7953.04102028	8466	1.15332119287	0.0	527825	504.548913463	7.932
7953.52873228	8000	1.16560919537	0.0	498375	487.711997499	7.534
7953.96426696	7066	1.23007451656	0.0	434595	435.534678813	6.132
7954.4704442	7200	1.2238972709	0.0	442995	506.177245659	7.066
7955.03016179	7600	1.16417969064	0.0	469589	559.717580263	7.2
7955.61712461	8000	1.07721686428	0.0	496259	586.962826352	7.6
7956.16697763	8133	1.02736384627	0.0	508563	549.85301801	8.0
7956.63170022	8733	1.06264125378	0.0	536941	464.722592496	8.133
7957.08802677	8733	1.10631470356	0.0	525223	456.326550214	8.733
7957.53162324	9000	1.16271823692	0.0	536970	443.596466649	8.733
7957.96255021	9000	1.23179126625	0.0	527946	430.926970662	9.0
7958.38778999	8933	1.30655148928	0.0	519390	425.23977697	8.866
7958.78274712	8933	1.41159435581	0.0	530998	394.957133477	8.933
7959.16759883	9000	1.5267426458	0.0	536970	384.851710008	8.933
7959.5390613	8600	1.6552801805	0.0	513386	371.462465303	8.2
7959.83946425	7000	1.85487722836	0.0	418197	300.402952136	5.4
7960.19656524	8600	1.99777623334	0.0	525989	357.100995019	7.0
7960.56718757	9000	2.12715390206	0.0	551655	370.62233128	8.6
7960.86517501	6400	2.32916646944	0.0	383025	297.987432623	3.8
7961.16756406	6400	2.52677742021	0.0	383025	302.389049231	6.4
7961.4699531	6400	2.72438837097	0.0	383025	302.389049231	6.4
7961.76955014	6400	2.92479133373	0.0	383025	299.59703724	6.4
7962.06810753	6400	3.12623394389	0.0	383025	298.557389845	6.4
7962.36666492	6400	3.32767655405	0.0	383025	298.557389845	6.4
7962.66522231	6400	3.5291191642	0.0	383025	298.557389845	6.4
7962.97382215	6400	3.72051932423	0.0	383025	308.599839971	6.4
7963.31341588	6400	3.88092559932	0.0	383025	339.593724911	6.4
7963.6530096	6400	4.04133187441	0.0	383025	339.593724911	6.4
7964.00116111	6400	4.1931803659	0.0	383025	348.151508511	6.4
7964.35636555	6400	4.33797593009	0.0	383025	355.204435805	6.4
7964.71156998	6400	4.48277149429	0.0	383025	355.204435805	6.4
7965.06508339	6400	4.62925808127	0.0	383025	353.513413014	6.4
7965.41027545	6400	4.78406602234	0.0	383025	345.192058934	6.4
7965.75546751	6400	4.9388739634	0.0	383025	345.192058934	6.4
7966.10065957	6400	5.09368190447	0.0	383025	345.192058934	6.4
7966.45766936	6400	5.23667211694	0.0	383025	357.009787529	6.4
7967.00430601	6400	5.19003546909	0.0	383025	546.636647847	6.4
7967.55094265	6400	5.14339882125	0.0	383025	546.636647847	6.4
7968.0975793	6400	5.0967621734	0.0	383025	546.636647847	6.4
7968.64421595	6400	5.05012552555	0.0	383025	546.636647847	6.4
7969.11662425	6400	5.07771722552	0.0	383025	472.408300039	6.4
7969.5398011	6400	5.15454037415	0.0	383025	423.176851363	6.4
7969.96297795	6400	5.23136352279	0.0	383025	423.176851363	6.4
7970.3861548	6400	5.30818667143	0.0	383025	423.176851363	6.4
7970.81075082	6400	5.38359065269	0.0	383025	424.596018736	6.4
7971.23625752	6400	5.45808395373	0.0	383025	425.506698958	6.4
7971.66176422	6400	5.53257725477	0.0	383025	425.506698958	6.4
7972.08727092	6400	5.60707055581	0.0	383025	425.506698958	6.4
7972.51624186	6400	5.67809961441	0.0	383025	428.970941404	6.4
7972.94712838	6400	5.7472131002	0.0	383025	430.886514213	6.4
7973.37420216	6400	5.82013932077	0.0	383025	427.073779427	6.4
7973.76962174	6400	5.92471974082	0.0	383025	395.419579949	6.4
7974.16504132	6400	6.02930016087	0.0	383025	395.419579949	6.4
7974.56046089	6400	6.13388058092	0.0	383025	395.419579949	6.4
7974.95588047	6400	6.23846100097	0.0	383025	395.419579949	6.4
7975.36325914	6400	6.33108233517	0.0	383025	407.378665809	6.4
7975.77951855	6400	6.41482292526	0.0	383025	416.259409906	6.4
7976.19577796	6400	6.49856351535	0.0	383025	416.259409906	6.4
7976.61203737	6400	6.58230410545	0.0	383025	416.259409906	6.4
7977.01970834	6400	6.67463313189	0.0	383025	407.670973553	6.4
7977.39349956	6400	6.80084191348	0.0	383025	373.791218417	6.4
7977.76729078	6400	6.92705069506	0.0	383025	373.791218417	6.4
7978.141082	6400	7.05325947664	0.0	383025	373.791218417	6.4
7978.50902047	6400	7.18532100245	0.0	383025	367.938474197	6.4
7978.87236391	6400	7.32197756274	0.0	383025	363.343439703	6.4
7979.23570735	6400	7.45863412304	0.0	383025	363.343439703	6.4
7979.6046249	6400	7.58971657114	0.0	383025	368.9175519	6.4
7980.02289108	6400	7.67145039481	0.0	383025	418.266176332	6.4
7980.44115726	6400	7.75318421847	0.0	383025	418.266176332	6.4
7980.85942343	6400	7.83491804214	0.0	383025	418.266176332	6.4
7981.28150782	6400	7.91283365832	0.0	383025	422.084383824	6.4
7981.87441707	6400	7.81992440459	0.0	383025	592.90925373	6.4
7982.46732633	6400	7.72701515086	0.0	383025	592.90925373	6.4
7983.06023558	6400	7.63410589713	0.0	383025	592.90925373	6.4
7983.61710439	6400	7.57723708448	0.0	383025	556.868812653	6.4
7983.95626899	6400	7.73807248957	0.0	383025	339.164594903	6.4
7984.29543358	6400	7.89890789467	0.0	383025	339.164594903	6.4
7984.73890218	6400	7.55974329977	0.0	383025	339.164594903	6.4
7985.12325394	6400	7.67539153787	0.0	383025	384.351761897	6.4
7985.5076057	6400	7.79103977597	0.0	383025	384.351761897	6.4
7985.89195747	6400	7.90668801408	0.0	383025	384.351761897	6.4
7986.35485381	6400	7.94379166897	0.0	383025	462.896345104	6.4
7986.89677613	6400	7.90186935443	0.0	383025	541.922314546	6.4

