4083.55297273	3066	0.5	0.201914945663	181435	201.914945663	2.25834021735
4083.9498172	7800	0.603155530943	0.0	471531	396.844469057	3.066
4084.3539933	7866	0.698979433633	0.0	482442	404.17609731	7.8
4084.7482481	8000	0.80472463282	0.0	492120	394.254800813	7.866
4085.12934791	8000	0.923624824576	0.0	492120	381.099808244	8.0
4085.5044437	8000	1.04852903091	0.0	490176	375.095793669	8.0
4085.89312068	8333	1.15985205507	0.0	513389	388.676975841	8.0
4086.34632358	8066	1.20664915451	0.0	497055	453.202900556	7.799
4086.86074287	8466	1.19222986171	0.0	520019	514.419292797	8.066
4087.42262217	9000	1.13035056731	0.0	551265	561.879294407	8.466
4087.99457689	9266	1.05839584773	0.0	558332	571.954719577	9.0
4088.53435516	9000	1.01861757739	0.0	536970	539.778270335	8.734
4089.05535832	9000	0.997614413682	0.0	536970	521.003163713	9.0
4089.51438827	9000	1.03858446	0.0	536970	459.029953682	9.0
4089.95047787	9000	1.10249486531	0.0	536970	436.089594694	9.0
4090.37688605	9000	1.1760866825	0.0	536970	426.408182804	9.0
4090.81069876	9400	1.24227397514	0.0	553424	433.812707365	9.0
4091.19510085	9000	1.35787188421	0.0	522960	384.402090921	8.6
4091.57950294	9000	1.47346979329	0.0	522960	384.402090921	9.0
4092.02485089	9000	1.52812184385	0.0	532300	445.347949444	9.0
4092.45035588	8400	1.60261685306	0.0	503004	425.504990789	7.8
4092.92286816	8000	1.63010457303	0.0	481782	472.512280031	7.6
4093.40118164	8000	1.65179109357	0.0	481782	478.313479459	8.0
4093.89864035	8533	1.65433238714	0.0	510552	497.458706429	8.0
4094.4174767	9000	1.63549603362	0.0	536970	518.836353523	8.533
4094.92177336	9000	1.63119936996	0.0	536970	504.296663655	9.0
4095.42311895	9000	1.62985377859	0.0	536970	501.345591375	9.0
4095.91072324	9000	1.64224949315	0.0	536970	487.604285442	9.0
4096.39356791	9000	1.65940482451	0.0	536970	482.844668633	9.0
4096.88243504	9533	1.6705376915	0.0	573990	488.867133013	9.0
4097.34713681	9666	1.70583592807	0.0	586715	464.701763428	9.533
4097.77136404	9000	1.78160869461	0.0	551265	424.227233462	8.334
4098.2690906	9000	1.78388213334	0.0	551265	497.726561271	9.0
4098.79235134	9000	1.76062138947	0.0	551265	523.260743868	9.0
4099.35158212	9000	1.70139061448	0.0	551265	559.230774993	9.0
4099.91032751	9000	1.64264521954	0.0	551265	558.745394943	9.0
4100.46776561	9000	1.58520712466	0.0	551265	557.438094874	9.0
4100.95543127	8466	1.59754146761	0.0	527825	487.665657054	7.932
4101.41418709	8000	1.6387856404	0.0	498375	458.75582721	7.534
4101.83681928	7066	1.71615345562	0.0	434595	422.632184781	6.132
4102.27241744	7200	1.78055529532	0.0	442995	435.598160296	7.066
4102.73198137	7600	1.82099136099	0.0	469589	459.563934334	7.2
4103.20290088	8000	1.85007185376	0.0	496259	470.919507228	7.6
4103.66220886	8133	1.89076387225	0.0	508563	459.30798151	8.0
4104.12667087	8733	1.92630186644	0.0	536941	464.462005811	8.133
4104.55411671	8733	1.99885602692	0.0	525223	427.445839522	8.733
4104.98916615	9000	2.06380658792	0.0	536970	435.049438995	8.733
4105.32206492	6400	2.2309078126	0.0	383025	332.898775319	3.8
4105.6549637	6400	2.39800903728	0.0	383025	332.898775319	6.4
4105.99252449	6400	2.56044824165	0.0	383025	337.560795634	6.4
4106.33209175	6400	2.72088098076	0.0	383025	339.56726089	6.4
4106.67506539	6400	2.87790734344	0.0	383025	342.973637318	6.4
4107.05755186	6400	2.99542087425	0.0	383025	382.486469197	6.4
4107.43815829	6400	3.11481444372	0.0	383025	380.606430526	6.4
4107.81542652	6400	3.23754621536	0.0	383025	377.268228363	6.4
4108.19269475	6400	3.36027798699	0.0	383025	377.268228363	6.4
4108.56481842	6400	3.48815431303	0.0	383025	372.123673968	6.4
4108.93022277	6400	3.62274995992	0.0	383025	365.404353101	6.4
4109.29562713	6400	3.75734560682	0.0	383025	365.404353101	6.4
4109.62905754	6400	3.92391519005	0.0	383025	333.430416775	6.4
4109.93741809	6400	4.11555464625	0.0	383025	308.3605438	6.4
4110.2695902	6400	4.28338253584	0.0	383025	332.172110407	6.4
4110.79791254	6400	4.255060192	0.0	383025	528.322343836	6.4
4111.32623489	6400	4.22673784817	0.0	383025	528.322343836	6.4
4111.77214976	6400	4.28082297255	0.0	383025	445.914875616	6.4
4112.20891035	6400	4.34406238631	0.0	383025	436.760586241	6.4
4112.62450179	6400	4.42847094567	0.0	383025	415.59144064	6.4
4112.97200521	6400	4.58096752526	0.0	383025	347.503420413	6.4
4113.31950863	6400	4.73346410485	0.0	383025	347.503420413	6.4
4113.65651435	6400	4.89645838777	0.0	383025	337.005717071	6.4
4113.98891634	6400	5.06405639445	0.0	383025	332.40199332	6.4
4114.32131833	6400	5.23165440114	0.0	383025	332.40199332	6.4
4114.66813938	6400	5.38483335106	0.0	383025	346.82105008	6.4
4115.02291532	6400	5.53005741114	0.0	383025	354.775939915	6.4
4115.37574232	6400	5.67723041573	0.0	383025	352.826995412	6.4
4115.71041112	6400	5.84256161801	0.0	383025	334.668797716	6.4
4116.04507991	6400	6.0078928203	0.0	383025	334.668797716	6.4
4116.3717984	6400	6.18117433065	0.0	383025	326.718489648	6.4
4116.69186858	6400	6.36110415803	0.0	383025	320.070172623	6.4
4117.01193875	6400	6.5410339854	0.0	383025	320.070172623	6.4
4117.45437078	6400	6.59860195453	0.0	383025	442.43203087	6.4
4117.91369339	6400	6.63927934025	0.0	383025	459.322614279	6.4
4118.34500623	6400	6.70796650545	0.0	383025	431.312834801	6.4
4118.72381288	6400	6.82915985147	0.0	383025	378.806653983	6.4
4119.10261954	6400	6.95035319749	0.0	383025	378.806653983	6.4
4119.50360808	6400	7.04936464934	0.0	383025	400.988548145	6.4
4119.91723199	6400	7.13574074729	0.0	383025	413.623902052	6.4
4120.33629161	6400	7.21668112531	0.0	383025	419.059621979	6.4
4120.76505339	6400	7.28791934807	0.0	383025	428.761777239	6.4
4121.19381516	6400	7.35915757083	0.0	383025	428.761777239	6.4
4121.60999719	6400	7.4429755389	0.0	383025	416.182031938	6.4
4122.00775724	6400	7.54521549323	0.0	383025	397.760045666	6.4
4122.40551729	6400	7.64745544756	0.0	383025	397.760045666	6.4
4122.78046172	6400	7.77251101169	0.0	383025	374.944435875	6.4
4123.15158925	6400	7.90138348253	0.0	383025	371.127529155	6.4
4124.03383967	6400	7.51913305912	0.0	383025	382.250423412	6.4
4124.45676214	6400	7.59621059678	0.0	383025	422.922462345	6.4
4124.87600599	6400	7.67696674095	0.0	383025	419.24385583	6.4
4125.29524985	6400	7.75772288512	0.0	383025	419.24385583	6.4
4125.70778838	6400	7.84518435028	0.0	383025	412.538534838	6.4
4126.11637452	6400	7.93659821318	0.0	383025	408.586137094	6.4
4126.99886333	6400	7.52801207609	0.0	383025	408.586137094	6.4
4127.35554735	6400	7.67132805709	0.0	383025	356.684018998	6.4
4127.68750536	6400	7.83937004513	0.0	383025	331.958011965	6.4
4128.44396616	6400	7.50741203316	0.0	383025	331.958011965	6.4
4128.84182729	6400	7.60955090155	0.0	383025	397.861131612	6.4
4129.25477141	6400	7.69660678149	0.0	383025	412.944120056	6.4
4129.67440252	6400	7.77697567473	0.0	383025	419.631106769	6.4
4130.09409072	6400	7.85728747281	0.0	383025	419.688201919	6.4
4130.51796476	6400	7.9334134311	0.0	383025	423.874041702	6.4
4131.30421431	6400	7.5095393894	0.0	383025	423.874041702	6.4
4131.72781279	6400	7.58594090771	0.0	383025	423.598481689	6.4
4132.15317326	6400	7.66058044295	0.0	383025	425.360464764	6.4
4132.57996532	6400	7.73378837978	0.0	383025	426.792063169	6.4
4133.00661301	6400	7.8071406886	0.0	383025	426.647691177	6.4
4133.43004905	6400	7.88370464996	0.0	383025	423.436038638	6.4
4133.85348509	6400	7.96026861133	0.0	383025	423.436038638	6.4
4134.24118932	6400	7.64723956456	0.0	383025	313.029046764	6.4
4134.52394166	6400	7.86448722298	0.0	383025	282.752341585	6.4
4135.23687391	6400	7.58173488139	0.0	383025	282.752341585	6.4

