7068.38480884	3066	0.5	0.20093014511	181435	200.93014511	2.26227941956
7068.77909391	7800	0.605714926812	0.0	471531	394.285073188	3.066
7069.18065139	7866	0.704157448557	0.0	482442	401.557478255	7.8
7069.58865945	8000	0.796149384999	0.0	492120	408.008063558	7.866
7069.99666751	8000	0.888141321441	0.0	492120	408.008063558	8.0
7070.40337986	8000	0.981428973717	0.0	490176	406.712347725	8.0
7070.844996	8333	1.0398128365	0.0	513389	441.616137221	8.0
7071.34609843	8066	1.03871040334	0.0	497055	501.102433154	7.799
7071.86665585	8466	1.01815298779	0.0	520019	520.557415551	8.066
7072.41368471	9000	0.971124122146	0.0	551265	547.028865644	8.466
7072.86282084	9266	1.02198799984	0.0	558332	449.136122306	9.0
7073.26379945	9000	1.12100938127	0.0	536970	400.97861857	8.734
7073.66477807	9000	1.2200307627	0.0	536970	400.97861857	9.0
7074.06565531	9000	1.31915352297	0.0	536970	400.877239733	9.0
7074.44930685	9000	1.43550198479	0.0	536970	383.651538178	9.0
7074.83295839	9000	1.55185044661	0.0	536970	383.651538178	9.0
7075.22591451	9400	1.65889432455	0.0	553424	392.956122064	9.0
7075.60164352	9000	1.783165311	0.0	522960	375.729013549	8.6
7075.9962683	9000	1.88854053966	0.0	522960	394.624771337	9.0
7076.46685978	9000	1.91794905934	0.0	532300	470.59148032	9.0
7076.91595442	8400	1.96885441916	0.0	503004	449.094640178	7.8
7077.34947676	8000	2.03533207355	0.0	481782	433.522345616	7.6
7077.71053312	6400	2.17427571106	0.0	383025	361.056362483	4.8
7078.07158949	6400	2.31321934858	0.0	383025	361.056362483	6.4
7078.69242232	6400	2.19238651596	0.0	383025	620.832832622	6.4
7079.4860978	6400	1.89871103303	0.0	383025	793.675482926	6.4
7080.56661298	9000	1.31819586022	0.0	536970	1080.51517281	6.4
7081.64712815	9000	0.737680687404	0.0	536970	1080.51517281	9.0
7082.72764332	9000	0.5	0.34283448541	536970	1080.51517281	7.62866205836
7083.88373322	9533	0.5	0.656089903834	573990	1156.08990383	6.37564038466
7085.07575305	9666	0.5	0.692019820598	586715	1192.0198206	6.76492071761
7086.20058334	9000	0.5	0.62483029478	551265	1124.83029478	5.83467882088
7087.32541364	9000	0.5	0.62483029478	551265	1124.83029478	6.50067882088
7088.42322822	9000	0.5	0.597814583742	551265	1097.81458374	6.60874166503
7089.50299401	9000	0.5	0.579765794078	551265	1079.76579408	6.68093682369
7090.58275981	9000	0.5	0.579765794078	551265	1079.76579408	6.68093682369
7091.6625256	9000	0.5	0.579765794078	551265	1079.76579408	6.68093682369
7092.69978097	8466	0.5	0.537255367671	527825	1037.25536767	5.78297852932
7093.81798566	8000	0.5	0.618204693533	498375	1118.20469353	5.06118122587
7094.86273263	7066	0.5	0.544746970289	434595	1044.74697029	3.95301211884
7095.92612656	7200	0.5	0.563393927917	442995	1063.39392792	4.81242428833
7097.04855587	7600	0.5	0.622429307818	469589	1122.42930782	4.71028276873
7098.23018927	8000	0.5	0.681633398287	496259	1181.63339829	4.87346640685
7099.20692107	8133	0.5	0.476731803721	508563	976.731803721	6.09307278512
7099.87088462	8733	0.5	0.163963548758	536941	663.963548758	7.47714580497
7100.52210397	8733	0.5	0.151219346203	525223	651.219346203	8.12812261519
7101.18609905	9000	0.5	0.16399508843	536970	663.99508843	8.07701964628
7101.84027987	9000	0.5	0.154180812627	527946	654.180812627	8.38327674949
7102.4063649	8933	0.5	0.0660850380292	519390	566.085038029	8.60165984788
7102.86712433	8933	0.539240569856	0.0	530998	460.759430144	8.933
7103.33216607	9000	0.574198834851	0.0	536970	465.041735005	8.933
7103.78029657	8600	0.626068331903	0.0	513386	448.130502947	8.2
7104.15399508	7000	0.752369819538	0.0	418197	373.698512365	5.4
7104.5892498	8600	0.817115105784	0.0	525989	435.254713754	7.0
7105.04183941	9000	0.864525490572	0.0	551655	452.589615212	8.6
7105.51636073	9533	0.890004178946	0.0	584127	474.521311626	9.0
7106.01007227	10000	0.896292632958	0.0	612540	493.711545988	9.533
7106.42845045	10000	0.977914453184	0.0	612540	418.378179774	10.0
7106.84222901	10000	1.06413589144	0.0	612540	413.778561749	10.0
7107.25600757	10000	1.15035732969	0.0	612540	413.778561749	10.0
7107.70024834	10000	1.20611656356	0.0	612540	444.240766127	10.0
7108.19145754	9866	1.21490735969	0.0	607628	491.209203873	9.732
7108.69132029	10000	1.21504461765	0.0	620415	499.862742041	9.866
7109.19118303	10000	1.2151818756	0.0	620415	499.862742041	10.0
7109.7658476	10000	1.14051730294	0.0	620415	574.664572661	10.0
7110.51094025	11600	0.89542464997	0.0	730995	745.092652973	10.0
7111.30403332	12000	0.602331584667	0.0	758640	793.093065303	11.6
7112.51599323	12266	0.5	0.609628328399	771584	1211.95991307	9.5614866864
7113.59550111	11000	0.5	0.579507880894	681300	1079.50788089	7.41596847642
7114.59648021	10200	0.5	0.500979100843	627772	1000.97910084	7.39608359663
7115.55332687	10000	0.5	0.456846659378	612540	956.846659378	7.97261336249
7116.3385688	10000	0.5	0.285241923962	612540	785.241923962	8.85903230415
7117.12381072	10000	0.5	0.285241923962	612540	785.241923962	8.85903230415
7117.79183742	9600	0.5	0.168026694082	588186	668.026694082	8.52789322367
7118.33399992	8666	0.5	0.0421625091218	530195	542.162509122	7.56334996351
7118.86321618	8533	0.5	0.0292162580529	515343	529.216258053	8.28313496779
7119.41350715	9000	0.5	0.0502909626108	539520	550.290962611	8.33183614956
7119.92157984	9000	0.5	0.00807269713226	539520	508.072697132	8.96770921147
7120.42222362	9000	0.5	0.000643776099072	539520	500.643776099	8.9974248956
7120.92286739	9000	0.5	0.000643776099072	539520	500.643776099	8.9974248956
7121.42351117	9000	0.5	0.000643776099072	539520	500.643776099	8.9974248956
7121.88910554	9000	0.534405629456	0.0	540862	465.594370544	9.0
7122.30129247	9000	0.622218698431	0.0	539793	412.186931025	9.0
7122.7505706	9933	0.672940566322	0.0	600065	449.278132109	9.0
7123.18362072	9533	0.739890450084	0.0	573695	433.050116238	9.133
7123.59457809	9000	0.828933082037	0.0	537795	410.957368048	8.467
7123.92999768	7800	0.993513494483	0.0	462222	335.419587554	6.6
7124.24669458	7800	1.17681658896	0.0	456146	316.69690552	7.8
7124.55868449	7666	1.36482667995	0.0	447075	311.989909011	7.532
7124.85719737	7133	1.5663137981	0.0	421103	298.512881852	6.6
7125.18433415	8000	1.73917702236	0.0	476265	327.136775742	7.133
7125.49714835	7733	1.92636282386	0.0	454837	312.814198497	7.466
7125.80907286	8000	2.11443830974	0.0	462300	311.924514125	7.733
7126.08122706	6400	2.34228410895	0.0	383025	272.154200785	4.8
7126.35338126	6400	2.57012990817	0.0	383025	272.154200785	6.4
7126.62553546	6400	2.79797570738	0.0	383025	272.154200785	6.4
7126.89768966	6400	3.0258215066	0.0	383025	272.154200785	6.4
7127.22041832	6400	3.20309285494	0.0	383025	322.728651658	6.4
7127.58428274	6400	3.33922843217	0.0	383025	363.864422765	6.4
7127.94814716	6400	3.47536400941	0.0	383025	363.864422765	6.4
7128.31201158	6400	3.61149958664	0.0	383025	363.864422765	6.4
7128.75881103	6400	3.66470014501	0.0	383025	446.79944163	6.4
7129.25203073	6400	3.67148044365	0.0	383025	493.219701368	6.4
7129.74525043	6400	3.67826074228	0.0	383025	493.219701368	6.4
7130.23847013	6400	3.68504104091	0.0	383025	493.219701368	6.4
7130.73168983	6400	3.69182133954	0.0	383025	493.219701368	6.4
7131.22490953	6400	3.69860163817	0.0	383025	493.219701368	6.4
7131.71812923	6400	3.7053819368	0.0	383025	493.219701368	6.4
7132.2082394	6400	3.71527177084	0.0	383025	490.11016596	6.4
7132.69665512	6400	3.72685604724	0.0	383025	488.415723605	6.4
7133.18507085	6400	3.73844032363	0.0	383025	488.415723605	6.4
7133.67348657	6400	3.75002460003	0.0	383025	488.415723605	6.4
7134.16190229	6400	3.76160887643	0.0	383025	488.415723605	6.4
7134.65031802	6400	3.77319315282	0.0	383025	488.415723605	6.4
7135.13873374	6400	3.78477742922	0.0	383025	488.415723605	6.4
7135.46185984	6400	3.96165133212	0.0	383025	323.126097102	6.4
7135.76444483	6400	4.15906633923	0.0	383025	302.584992883	6.4
7136.06702982	6400	4.35648134635	0.0	383025	302.584992883	6.4
7136.36961482	6400	4.55389635346	0.0	383025	302.584992883	6.4
7136.67219981	6400	4.75131136058	0.0	383025	302.584992883	6.4

