499.787920033	3066	0.5	0.274398319479	181435	274.398319479	1.96840672208
500.373141374	7800	0.5	0.085221340879	471531	585.221340879	2.72511463648
500.970053293	7866	0.5	0.0969119191238	482442	596.911919124	7.4123523235
501.656477359	8000	0.5	0.186424065885	492120	686.424065885	7.12030373646
502.376702413	8000	0.5	0.220225053615	492120	720.225053615	7.11909978554
502.922600083	8000	0.5	0.0458976699745	490176	545.897669975	7.8164093201
503.490561017	8333	0.5	0.0679609342166	513389	567.960934217	7.72815626313
504.019111364	8066	0.5	0.028550347355	497055	528.550347355	7.68479861058
504.474693585	8466	0.544417779832	0.0	520019	455.582220168	8.066
504.982303599	9000	0.536807765604	0.0	551265	507.610014228	8.466
505.540123769	9266	0.5	0.0210124050835	558332	557.820170688	8.91595037967
506.074560955	9000	0.5	0.0344371852492	536970	534.437185249	8.596251259
506.524419906	9000	0.55014104833	0.0	536970	449.85895167	9.0
507.034120193	9000	0.540440761743	0.0	536970	509.700286586	9.0
507.600005398	9000	0.5	0.0254444435888	536970	565.885205332	8.89822222564
508.270299396	9000	0.5	0.170293997911	536970	670.293997911	8.31882400836
508.969266848	9400	0.5	0.198967451735	553424	698.967451735	8.20413019306
509.498115343	9000	0.5	0.0288484952476	522960	528.848495248	8.48460601901
510.015827563	9000	0.5	0.0177122198698	522960	517.71221987	8.92915112052
510.562993305	9000	0.5	0.0471657417158	532300	547.165741716	8.81133703314
511.088766257	8400	0.5	0.0257729522112	503004	525.772952211	7.69690819116
511.567589991	8000	0.521176266031	0.0	481782	478.823733969	7.6
512.036069961	8000	0.552696296368	0.0	481782	468.479969663	8.0
512.561246389	8533	0.527519868049	0.0	510552	525.176428319	8.0
513.112983905	9000	0.5	0.024217647683	536970	551.737515732	8.43612940927
513.583261445	9000	0.52972245939	0.0	536970	470.27754061	9.0
514.034191612	9000	0.578792293193	0.0	536970	450.930166196	9.0
514.460230654	9000	0.652753251022	0.0	536970	426.039042171	9.0
514.883317445	9000	0.729666459404	0.0	536970	423.086791619	9.0
515.314629728	9533	0.798354176903	0.0	573990	431.3122825	9.0
515.743007174	9666	0.869976730498	0.0	586715	428.377446405	9.533
516.128217975	9000	0.984765930116	0.0	551265	385.210800382	8.334
516.515490479	9000	1.09749342522	0.0	551265	387.2725049	9.0
516.907700222	9000	1.20528368232	0.0	551265	392.209742901	9.0
517.31546229	9000	1.29752161459	0.0	551265	407.762067724	9.0
517.738720305	9000	1.3742635997	0.0	551265	423.258014889	9.0
518.182525129	9000	1.43045877568	0.0	551265	443.804824023	9.0
518.624047627	8466	1.48893627793	0.0	527825	441.522497748	7.932
519.048916008	8000	1.56406789684	0.0	498375	424.868381091	7.534
519.42964954	7066	1.6833343647	0.0	434595	380.73353214	6.132
519.767709601	7200	1.84527430381	0.0	442995	338.060060891	7.066
520.098622553	7600	2.01436135189	0.0	469589	330.91295192	7.2
520.383627784	6400	2.22935612088	0.0	383025	285.005231007	5.2
520.668633015	6400	2.44435088988	0.0	383025	285.005231007	6.4
521.00673567	6400	2.60624823433	0.0	383025	338.102655546	6.4
521.364252928	6400	2.7487309769	0.0	383025	357.517257427	6.4
521.722633069	6400	2.8903508355	0.0	383025	358.380141405	6.4
522.109181991	6400	3.00380191323	0.0	383025	386.548922271	6.4
522.495730914	6400	3.11725299096	0.0	383025	386.548922271	6.4
522.881271947	6400	3.2317119573	0.0	383025	385.541033658	6.4
523.251349839	6400	3.36163406526	0.0	383025	370.077892038	6.4
523.621427731	6400	3.49155617322	0.0	383025	370.077892038	6.4
524.007428573	6400	3.60555533137	0.0	383025	386.00084185	6.4
524.41665495	6400	3.696328955	0.0	383025	409.226376368	6.4
524.825881326	6400	3.78710257864	0.0	383025	409.226376368	6.4
525.428904212	6400	3.6840796925	0.0	383025	603.022886138	6.4
526.067935522	6400	3.54504838233	0.0	383025	639.031310167	6.4
526.443072681	6400	3.66991122389	0.0	383025	375.13715844	6.4
526.818209839	6400	3.79477406545	0.0	383025	375.13715844	6.4
527.197614492	6400	3.91536941251	0.0	383025	379.404652942	6.4
527.614980659	6400	3.99800324527	0.0	383025	417.36616724	6.4
528.032346827	6400	4.08063707803	0.0	383025	417.36616724	6.4
528.435825623	6400	4.17715828162	0.0	383025	403.47879641	6.4
528.782410206	6400	4.33057369871	0.0	383025	346.584582914	6.4
529.128994789	6400	4.48398911579	0.0	383025	346.584582914	6.4
529.499213707	6400	4.61377019797	0.0	383025	370.218917817	6.4
529.878603801	6400	4.73438010399	0.0	383025	379.390093986	6.4
530.274794805	6400	4.83818909976	0.0	383025	396.191004232	6.4
530.694595689	6400	4.91838821578	0.0	383025	419.800883979	6.4
531.114396573	6400	4.9985873318	0.0	383025	419.800883979	6.4
531.546690047	6400	5.06629385807	0.0	383025	432.29347373	6.4
531.984128734	6400	5.12885517102	0.0	383025	437.438687045	6.4
532.418581885	6400	5.19440201989	0.0	383025	434.453151135	6.4
532.833809522	6400	5.27917438315	0.0	383025	415.22763674	6.4
533.249037158	6400	5.36394674641	0.0	383025	415.22763674	6.4
533.666306921	6400	5.44667698355	0.0	383025	417.269762857	6.4
534.114537154	6400	5.49844675028	0.0	383025	448.230233272	6.4
534.562767388	6400	5.55021651701	0.0	383025	448.230233272	6.4
534.980409072	6400	5.6325748324	0.0	383025	417.641684611	6.4
535.371601312	6400	5.74138259259	0.0	383025	391.192239805	6.4
535.762793552	6400	5.85019035279	0.0	383025	391.192239805	6.4
536.336689408	6400	5.77629449673	0.0	383025	573.895856057	6.4
536.917108735	6400	5.69587517008	0.0	383025	580.419326646	6.4
537.465805483	6400	5.64717842202	0.0	383025	548.696748063	6.4
537.949432323	6400	5.66355158197	0.0	383025	483.626840055	6.4
538.433059163	6400	5.67992474191	0.0	383025	483.626840055	6.4
538.939896096	6400	5.67308780822	0.0	383025	506.836933692	6.4
539.455478439	6400	5.65750546563	0.0	383025	515.58234259	6.4
539.970557457	6400	5.6424264474	0.0	383025	515.079018225	6.4
540.457059681	6400	5.65592422363	0.0	383025	486.50222377	6.4
540.943561905	6400	5.66942199986	0.0	383025	486.50222377	6.4
541.365305786	6400	5.7476781191	0.0	383025	421.743880766	6.4
541.759938857	6400	5.85304504744	0.0	383025	394.633071662	6.4
542.154571929	6400	5.95841197578	0.0	383025	394.633071662	6.4
542.537405741	6400	6.07557816338	0.0	383025	382.8338124	6.4
542.914826364	6400	6.1981575412	0.0	383025	377.420622177	6.4
543.295275358	6400	6.31770854635	0.0	383025	380.44899485	6.4
543.720796777	6400	6.39218712786	0.0	383025	425.521418484	6.4
544.146318195	6400	6.46666570938	0.0	383025	425.521418484	6.4
544.640131143	6400	6.47285276162	0.0	383025	493.812947759	6.4
545.236246233	6400	6.37673767142	0.0	383025	596.115090198	6.4
545.832361323	6400	6.28062258122	0.0	383025	596.115090198	6.4
546.377916494	6400	6.23506741032	0.0	383025	545.555170901	6.4
546.914037434	6400	6.19894647099	0.0	383025	536.120939335	6.4
547.441284479	6400	6.17169942559	0.0	383025	527.247045394	6.4
547.945443394	6400	6.16754051044	0.0	383025	504.158915154	6.4
548.449602309	6400	6.16338159529	0.0	383025	504.158915154	6.4
548.926838176	6400	6.18614572826	0.0	383025	477.235867025	6.4
549.376679774	6400	6.23630413048	0.0	383025	449.84159778	6.4
549.826521372	6400	6.2864625327	0.0	383025	449.84159778	6.4
550.26655228	6400	6.34643162453	0.0	383025	440.030908173	6.4
550.706110498	6400	6.40687340706	0.0	383025	439.558217464	6.4
551.158868513	6400	6.45411539213	0.0	383025	452.758014936	6.4
551.624483111	6400	6.4885007936	0.0	383025	465.614598529	6.4
552.09009771	6400	6.52288619507	0.0	383025	465.614598529	6.4
552.548439892	6400	6.56454401276	0.0	383025	458.342182307	6.4
553.00535048	6400	6.60763342487	0.0	383025	456.910587893	6.4
553.459444316	6400	6.65353958821	0.0	383025	454.093836666	6.4
553.89457242	6400	6.71841148422	0.0	383025	435.128103987	6.4
554.329700524	6400	6.78328338023	0.0	383025	435.128103987	6.4

