606.360029901	3066	0.5	0.287299137765	181435	287.299137765	1.91680344894
606.978779148	7800	0.5	0.118749247552	471531	618.749247552	2.59100300979
607.622093191	7866	0.5	0.143314042199	482442	643.314042199	7.2267438312
608.446917932	8000	0.5	0.324824741694	492120	824.824741694	6.56670103322
609.477660936	8000	0.5	0.530743003299	492120	1030.7430033	5.8770279868
610.577801788	8000	0.5	0.600140852133	490176	1100.14085213	5.59943659147
611.287349172	8333	0.5	0.209547384691	513389	709.547384691	7.16181046123
611.814845706	8066	0.5	0.0274965339879	497055	527.496533988	7.68901386405
612.357033436	8466	0.5	0.0421877299301	520019	542.18772993	7.89724908028
612.924344407	9000	0.5	0.0673109702178	551265	567.310970218	8.19675611913
613.470223671	9266	0.5	0.0458792648273	558332	545.879264827	8.81648294069
613.98382063	9000	0.5	0.0135969581269	536970	513.596958127	8.67961216749
614.507075711	9000	0.5	0.0232550812026	536970	523.255081203	8.90697967519
614.915165882	9000	0.591909828671	0.0	536970	408.090171329	9.0
615.310678156	9000	0.696397555174	0.0	536970	395.512273497	9.0
615.678644047	9000	0.828431663889	0.0	536970	367.965891285	9.0
616.083063665	9400	0.924012045808	0.0	553424	404.419618081	9.0
616.512270777	9000	0.994804933952	0.0	522960	429.207111856	8.6
616.950201212	9000	1.05687449848	0.0	522960	437.93043547	9.0
617.400906324	9000	1.10616938708	0.0	532300	450.705111404	9.0
617.836830269	8400	1.17024544201	0.0	503004	435.923945069	7.8
618.256124949	8000	1.25095076214	0.0	481782	419.294679867	7.6
618.670564994	8000	1.33651071721	0.0	481782	414.440044932	8.0
619.102905482	8533	1.40417022878	0.0	510552	432.340488432	8.0
619.551173968	9000	1.45590174314	0.0	536970	448.268485637	8.533
620.026363375	9000	1.48071233578	0.0	536970	475.189407364	9.0
620.508579784	9000	1.49849592675	0.0	536970	482.216409025	9.0
620.982036746	9000	1.52503896492	0.0	536970	473.456961834	9.0
621.434020499	9000	1.57305521155	0.0	536970	451.983753366	9.0
621.894734634	9533	1.61234107646	0.0	573990	460.714135088	9.0
622.355300722	9666	1.6517749891	0.0	586715	460.566087363	9.533
622.783498094	9000	1.72357761682	0.0	551265	428.197372283	8.334
623.222279402	9000	1.78479630913	0.0	551265	438.781307689	9.0
623.696062818	9000	1.8110128926	0.0	551265	473.783416531	9.0
624.188512605	9000	1.81856310544	0.0	551265	492.449787155	9.0
624.649458409	9000	1.85761730202	0.0	551265	460.945803426	9.0
625.062369697	9000	1.94470601343	0.0	551265	412.911288586	9.0
625.439842036	8466	2.0672336752	0.0	527825	377.472338228	7.932
625.735856845	6400	2.27121886624	0.0	383025	296.014808961	4.334
626.033122935	6400	2.47395277609	0.0	383025	297.266090155	6.4
626.330389025	6400	2.67668668593	0.0	383025	297.266090155	6.4
626.627206577	6400	2.8798691334	0.0	383025	296.817552532	6.4
626.923624701	6400	3.08345100932	0.0	383025	296.418124085	6.4
627.224846537	6400	3.28222917336	0.0	383025	301.221835956	6.4
627.559328674	6400	3.44774703691	0.0	383025	334.482136444	6.4
627.89381081	6400	3.61326490047	0.0	383025	334.482136444	6.4
628.229626383	6400	3.77744932759	0.0	383025	335.815572878	6.4
628.590898673	6400	3.91617703802	0.0	383025	361.272289569	6.4
629.004791654	6400	4.0022840564	0.0	383025	413.892981622	6.4
629.418684636	6400	4.08839107478	0.0	383025	413.892981622	6.4
629.822522643	6400	4.1845530681	0.0	383025	403.838006683	6.4
630.223974183	6400	4.28310152727	0.0	383025	401.451540826	6.4
630.6209735	6400	4.38610221125	0.0	383025	396.999316017	6.4
631.009725519	6400	4.49735019211	0.0	383025	388.752019144	6.4
631.39856308	6400	4.60851263079	0.0	383025	388.837561319	6.4
631.787623114	6400	4.71945259665	0.0	383025	389.060034145	6.4
632.164064595	6400	4.84301111563	0.0	383025	376.441481015	6.4
632.511615491	6400	4.99546021976	0.0	383025	347.55089587	6.4
632.859166387	6400	5.14790932389	0.0	383025	347.55089587	6.4
633.182263856	6400	5.32481185516	0.0	383025	323.097468733	6.4
633.504055375	6400	5.50302033574	0.0	383025	321.791519418	6.4
633.83888122	6400	5.66819449127	0.0	383025	334.82584447	6.4
634.179993862	6400	5.82708184869	0.0	383025	341.112642582	6.4
634.521470588	6400	5.98560512242	0.0	383025	341.476726265	6.4
634.873933401	6400	6.13314230932	0.0	383025	352.462813102	6.4
635.226396215	6400	6.28067949622	0.0	383025	352.462813102	6.4
635.601086684	6400	6.40598902641	0.0	383025	374.690469812	6.4
635.980331667	6400	6.52674404369	0.0	383025	379.244982715	6.4
636.379192316	6400	6.62788339483	0.0	383025	398.860648863	6.4
636.789852961	6400	6.7172227498	0.0	383025	410.660645032	6.4
637.192357519	6400	6.81471819197	0.0	383025	402.504557822	6.4
637.581912861	6400	6.92516285019	0.0	383025	389.555341789	6.4
637.964422891	6400	7.04265281993	0.0	383025	382.510030255	6.4
638.309230018	6400	7.19784569284	0.0	383025	344.807127088	6.4
638.654037145	6400	7.35303856575	0.0	383025	344.807127088	6.4
639.051845532	6400	7.45523017845	0.0	383025	397.808387301	6.4
639.464746703	6400	7.54232900731	0.0	383025	412.901171138	6.4
639.860001059	6400	7.64707465161	0.0	383025	395.254355708	6.4
640.250726824	6400	7.75634888633	0.0	383025	390.725765277	6.4
640.63173387	6400	7.87534184104	0.0	383025	381.007045287	6.4
641.204302427	6400	7.52855921094	0.0	383025	346.782630108	6.4
641.564699593	6400	7.66816204524	0.0	383025	360.397165693	6.4
641.928434085	6400	7.80442755347	0.0	383025	363.734491773	6.4
642.295215312	6400	7.93764632589	0.0	383025	366.781227581	6.4
643.163110394	6400	7.56975124455	0.0	383025	367.895081341	6.4
643.553487088	6400	7.67937454987	0.0	383025	390.376694679	6.4
643.948625464	6400	7.78423617445	0.0	383025	395.138375422	6.4
644.344432866	6400	7.88842877264	0.0	383025	395.807401807	6.4
644.741130133	6400	7.99173150513	0.0	383025	396.697267511	6.4
645.635089734	6400	7.59777190442	0.0	383025	393.959600708	6.4
646.046066874	6400	7.68679476369	0.0	383025	410.977140734	6.4
646.465011752	6400	7.76784988658	0.0	383025	418.944877104	6.4
646.894249296	6400	7.83861234215	0.0	383025	429.23754443	6.4
647.334281235	6400	7.89858040302	0.0	383025	440.031939132	6.4
647.775707949	6400	7.95715368896	0.0	383025	441.426714059	6.4
648.380962977	6400	7.5081218472	0.0	383025	449.031841759	6.4
648.81577635	6400	7.57330847422	0.0	383025	434.813372984	6.4
649.250073876	6400	7.63901094886	0.0	383025	434.297525362	6.4
649.682977705	6400	7.7061071192	0.0	383025	432.903829659	6.4
650.112759215	6400	7.77632560985	0.0	383025	429.781509352	6.4
650.518880562	6400	7.8702042625	0.0	383025	406.121347347	6.4
650.924498115	6400	7.96458670936	0.0	383025	405.617553135	6.4
651.354478707	6400	7.57447557089	0.0	383025	390.111138471	6.4
651.727486254	6400	7.70146802382	0.0	383025	373.007547069	6.4
652.100493801	6400	7.82846047675	0.0	383025	373.007547069	6.4
652.493547095	6400	7.93540718237	0.0	383025	393.053294384	6.4
653.124495663	6400	7.53940182858	0.0	383025	396.005353796	6.4
653.551755934	6400	7.6121415578	0.0	383025	427.260270775	6.4
653.979016205	6400	7.68488128703	0.0	383025	427.260270775	6.4
654.409600959	6400	7.7542965333	0.0	383025	430.584753724	6.4
654.841033114	6400	7.82286437741	0.0	383025	431.432155893	6.4
655.271760216	6400	7.89213727569	0.0	383025	430.727101716	6.4
655.702080822	6400	7.96181666959	0.0	383025	430.320606107	6.4
656.153817441	6400	7.53221250423	0.0	383025	429.604165357	6.4
656.593791725	6400	7.5922382194	0.0	383025	439.974284827	6.4
657.046977745	6400	7.6390521994	0.0	383025	453.186019999	6.4
657.501718136	6400	7.68431180856	0.0	383025	454.740390844	6.4
657.956458527	6400	7.72957141772	0.0	383025	454.740390844	6.4
658.411198918	6400	7.77483102687	0.0	383025	454.740390844	6.4
658.865939309	6400	7.82009063603	0.0	383025	454.740390844	6.4

