3258.18744001	3066	0.5	0.420101296989	181435	420.101296989	1.38559481205
3258.61315358	3120	0.574286427082	0.0	184429	425.713572918	3.066
3259.04673259	3146	0.64070742003	0.0	188625	433.579007052	3.12
3259.48745347	3200	0.6999865388	0.0	192435	440.72088123	3.146
3259.92817435	3200	0.75926565757	0.0	192435	440.72088123	3.2
3260.36811918	3200	0.81932082251	0.0	192021	439.94483506	3.2
3261.4104708	8333	0.5	0.223030789691	513389	1042.3516122	2.30787684124
3262.42225661	8066	0.5	0.511785814829	497055	1011.78581483	5.75185674068
3263.48047295	8466	0.5	0.55821634289	520019	1058.21634289	5.83313462844
3264.59746666	9000	0.5	0.616993710352	551265	1116.99371035	5.99802515859
3265.17142113	9266	0.5	0.0739544673885	558332	573.954467389	8.70418213045
3265.64427441	9000	0.527146718737	0.0	536970	472.853281263	8.734
3266.11712769	9000	0.554293437475	0.0	536970	472.853281263	9.0
3266.99460606	9000	0.5	0.323184924665	536970	877.47836214	7.70726030134
3267.9453251	9000	0.5	0.450719043469	536970	950.719043469	7.19712382613
3269.14837818	9000	0.5	0.703053078533	536970	1203.05307853	6.18778768587
3270.88386497	9400	0.5	1.23548679174	553424	1735.48679174	4.05805283302
3272.52822317	9000	0.5	1.14435820024	522960	1644.35820024	4.02256719903
3274.17258137	9000	0.5	1.14435820024	522960	1644.35820024	4.42256719903
3274.56389152	1800	0.608689846453	0.0	104070	391.310153547	-5.4
3274.93794456	1680	0.734636810959	0.0	98301	374.053035494	1.56
3275.27200528	1600	0.900576093084	0.0	93795	334.060717875	1.52
3275.58337336	1600	1.0892080116	0.0	93795	311.368081483	1.6
3275.90946296	1706	1.26311841287	0.0	99763	326.089598731	1.6
3276.24817488	1800	1.42440649447	0.0	104880	338.711918396	1.706
3276.84818879	3600	1.32439257841	0.0	210810	600.013916066	1.8
3277.44820271	3600	1.22437866234	0.0	210810	600.013916066	3.6
3278.04821662	3600	1.12436474628	0.0	210810	600.013916066	3.6
3278.64823054	3600	1.02435083021	0.0	210810	600.013916066	3.6
3279.05169671	3813	1.12088466046	0.0	225304	403.466169752	3.6
3279.41661641	3866	1.25596496309	0.0	229995	364.919697374	3.813
3279.90111207	5400	1.27146930193	0.0	326520	484.495661152	3.866
3280.73548861	9000	0.93709275808	0.0	551265	834.376543855	5.4
3282.06140752	9000	0.5	0.388826149264	551265	1325.91890734	7.44469540294
3283.38732643	9000	0.5	0.825918907344	551265	1325.91890734	5.69632437062
3284.70321507	9000	0.5	0.815888642775	551265	1315.88864278	5.7364454289
3285.97381508	9000	0.5	0.770600013026	551265	1270.60001303	5.9175999479
3287.19379033	8466	0.5	0.719975242171	527825	1219.97524217	5.05209903132
3288.34479153	8000	0.5	0.651001205031	498375	1151.00120503	4.92999517988
3289.32812672	7066	0.5	0.483335184778	434595	983.335184778	4.19865926089
3290.32892187	7200	0.5	0.500795154525	442995	1000.79515453	5.0628193819
3291.38499446	7600	0.5	0.556072587317	469589	1056.07258732	4.97570965073
3292.10271468	8000	0.5	0.217720218797	496259	717.720218797	6.72911912481
3292.64441991	8133	0.5	0.0417052329299	508563	541.70523293	7.83317906828
3293.21633694	8733	0.5	0.0719170260145	536941	571.917026014	7.84533189594
3293.79168459	8733	0.5	0.0753476502913	525223	575.347650291	8.43160939883
3294.37811105	9000	0.5	0.0864264660476	536970	586.426466048	8.38729413581
3294.93500998	9000	0.5	0.0568989301767	527946	556.898930177	8.77240427929
3295.43561737	8933	0.5	0.000607383641393	519390	500.607383641	8.86357046543
3295.94562503	8933	0.5	0.0100076618703	530998	510.00766187	8.89296935252
3296.41801135	9000	0.527613681436	0.0	536970	472.386318564	8.933
3296.84402362	8600	0.601601404766	0.0	513386	426.01227667	8.2
3297.20588035	7000	0.739744680846	0.0	418197	361.85672392	5.4
3297.64754707	8600	0.798077957047	0.0	525989	441.666723798	7.0
3298.11796261	9000	0.827662420132	0.0	551655	470.415536916	8.6
3298.62376791	9533	0.821857118299	0.0	584127	505.805301833	9.0
3299.23685155	10000	0.708773476834	0.0	612540	613.083641465	9.533
3299.84993519	10000	0.595689835368	0.0	612540	613.083641465	10.0
3300.47007269	10000	0.5	0.024447665012	612540	620.13750038	9.90220933995
3301.09343936	10000	0.5	0.123366667345	612540	623.366667345	9.50653333062
3301.69951266	10000	0.5	0.10607329961	612540	606.07329961	9.57570680156
3302.28516824	9866	0.5	0.0856555837768	607628	585.655583777	9.38937766489
3302.885346	10000	0.5	0.100177755366	620415	600.177755366	9.46528897853
3303.50867487	10000	0.5	0.123328872258	620415	623.328872258	9.50668451097
3304.09464707	10000	0.5	0.0859721952567	620415	585.972195257	9.65611121897
3304.70341216	11600	0.5	0.108765091695	730995	608.765091695	9.56493963322
3305.3381601	12000	0.5	0.134747940728	758640	634.747940728	11.0610082371
3306.01151311	12266	0.5	0.173353009844	771584	673.353009844	11.3065879606
3306.61181738	11000	0.5	0.10030427413	681300	600.30427413	9.33278290348
3307.16817556	10200	0.5	0.0563581790078	627772	556.358179008	9.17456728397
3307.66119778	10000	0.506977783745	0.0	612540	493.022216255	9.8
3308.15421999	10000	0.513955567491	0.0	612540	493.022216255	10.0
3308.64497829	10000	0.523197269273	0.0	612540	490.758298217	10.0
3309.11812451	9600	0.550051053221	0.0	588186	473.146216052	9.2
3309.55250927	8666	0.615666287144	0.0	530195	434.384766077	7.732
3310.01448084	8533	0.653694722406	0.0	515343	461.971564738	8.4
3310.505272	9000	0.662903558897	0.0	539520	490.791163509	8.533
3310.99726491	9000	0.670910654758	0.0	539520	491.992904139	9.0
3311.5052423	9000	0.662933261784	0.0	539520	507.977392975	9.0
3312.01321969	9000	0.654955868809	0.0	539520	507.977392975	9.0
3312.59427615	9000	0.573899407628	0.0	539520	581.056461181	9.0
3313.28366035	9000	0.5	0.115484788156	540862	689.384195784	8.53806084738
3314.04502601	9000	0.5	0.26136566269	539793	761.36566269	7.95453734924
3314.91767418	9933	0.5	0.372648167259	600065	872.648167259	7.50940733096
3315.75548923	9533	0.5	0.337815053895	573695	837.815053895	7.78173978442
3316.2711278	9000	0.5	0.0156385655933	537795	515.638565593	8.40444573763
3316.68602603	7800	0.585101766002	0.0	462222	414.898233998	6.6
3317.09652196	7800	0.674605835809	0.0	456146	410.495930192	7.8
3317.47498386	7666	0.796143940235	0.0	447075	378.461895574	7.532
3317.81766355	7133	0.953464249749	0.0	421103	342.679690487	6.6
3318.19475272	8000	1.07637507492	0.0	476265	377.089174833	7.133
3318.61970006	7733	1.15142773551	0.0	454837	424.947339411	7.466
3319.09764876	8000	1.17347903824	0.0	462300	477.948697261	7.733
3319.57559746	8000	1.19553034098	0.0	462300	477.948697261	8.0
3320.12946275	8000	1.14166504501	0.0	468906	553.865295974	8.0
3320.69213862	8000	1.07898917385	0.0	467438	562.67587116	8.0
3321.25243332	7933	1.01869447529	0.0	465132	560.294698557	7.866
3321.82580023	7533	0.94532757195	0.0	455338	573.366903343	7.133
3322.50423096	8866	0.766896837006	0.0	543071	678.430734943	7.533
3323.18633755	9000	0.584790246264	0.0	551023	682.106590742	8.866
3323.86343683	10000	0.5	0.0923090318161	612540	677.09927808	8.63076387274
3324.54053611	10000	0.5	0.17709927808	612540	677.09927808	9.29160288768
3325.15783704	10000	0.5	0.117300935327	612540	617.300935327	9.53079625869
3325.59967136	9066	0.558165679391	0.0	555398	441.834320609	8.132
3326.03906717	9000	0.618769872896	0.0	551655	439.395806495	8.934
3326.49246231	9000	0.665374732458	0.0	551655	453.395140438	9.0
3326.94914044	9000	0.708696605444	0.0	551655	456.678127014	9.0
3327.39572486	9000	0.762112184814	0.0	551655	446.58442063	9.0
3327.79538342	8533	0.862453618904	0.0	521611	399.65856591	8.066
3328.17399988	8000	0.983837163913	0.0	487275	378.61645499	7.467
3328.53901635	8000	1.11882069035	0.0	487275	365.016473566	8.0
3328.8824032	8000	1.27543384127	0.0	487275	343.38684908	8.0
3329.19623494	7133	1.461602102	0.0	432597	313.831739268	6.266
3329.53679343	7933	1.6210436123	0.0	483757	340.558489705	7.133
3329.87783275	8000	1.78000429538	0.0	488565	341.03931691	7.933
3330.21887207	8000	1.93896497847	0.0	488565	341.03931691	8.0
3330.56254118	8000	2.09529586808	0.0	488565	343.669110397	8.0
3330.85983229	6400	2.29800475204	0.0	383025	297.291116036	4.8
3331.15712341	6400	2.50071363601	0.0	383025	297.291116036	6.4
3331.45441452	6400	2.70342251997	0.0	383025	297.291116036	6.4

