659.203152472	3066	0.5	0.337213163309	181435	337.213163309	1.71714734676
659.951623165	7800	0.5	0.24847069258	471531	748.47069258	2.07211722968
660.715561947	7866	0.5	0.263938782115	482442	763.938782115	6.74424487154
661.548808594	8000	0.5	0.333246647744	492120	833.246647744	6.53301340902
662.54522301	8000	0.5	0.496414415395	492120	996.414415395	6.01434233842
663.538017354	8000	0.5	0.49279434382	490176	992.79434382	6.02882262472
664.377950533	8333	0.5	0.339933179799	513389	839.933179799	6.6402672808
665.190078667	8066	0.5	0.312128133766	497055	812.128133766	6.55048746494
666.036031208	8466	0.5	0.345952540448	520019	845.952540448	6.68218983821
666.778125367	9000	0.5	0.242094159259	551265	742.094159259	7.49762336296
667.526802286	9266	0.5	0.248676918794	558332	748.676918794	8.00529232482
668.228481381	9000	0.5	0.201679095383	536970	701.679095383	7.92728361847
668.930160477	9000	0.5	0.201679095383	536970	701.679095383	8.19328361847
669.641083065	9000	0.5	0.210922588288	536970	710.922588288	8.15630964685
670.385046743	9000	0.5	0.243963677981	536970	743.963677981	8.02414528807
671.133879776	9000	0.5	0.248833033288	536970	748.833033288	8.00466786685
671.908193138	9400	0.5	0.274313362053	553424	774.313362053	7.90274655179
672.602412293	9000	0.5	0.194219154761	522960	694.219154761	7.82312338095
673.275830443	9000	0.5	0.173418149815	522960	673.418149815	8.30632740074
673.960309038	9000	0.5	0.184478595029	532300	684.478595029	8.26208561989
674.61279614	8400	0.5	0.15248710219	503004	652.48710219	7.19005159124
675.241129714	8000	0.5	0.128333574022	481782	628.333574022	7.08666570391
675.836102221	8000	0.5	0.0949725072746	481782	594.972507275	7.6201099709
676.445281376	8533	0.5	0.109179154313	510552	609.179154313	7.56328338275
677.144025619	9000	0.5	0.198744243948	536970	698.744243948	7.73802302421
678.035244678	9000	0.5	0.391219058462	536970	891.219058462	7.43512376615
678.889021589	9000	0.5	0.353776910932	536970	853.776910932	7.58489235627
679.667963184	9000	0.5	0.278941595126	536970	778.941595126	7.88423361949
680.446904779	9000	0.5	0.278941595126	536970	778.941595126	7.88423361949
681.113460982	9533	0.5	0.166556203168	573990	666.556203168	8.33377518733
681.783972812	9666	0.5	0.170511830133	586715	670.511830133	8.85095267947
682.456885154	9000	0.5	0.172912341622	551265	672.912341622	7.64235063351
683.132125593	9000	0.5	0.175240438999	551265	675.240438999	8.299038244
683.758099495	9000	0.5	0.125973902355	551265	625.973902355	8.49610439058
684.358420555	9000	0.5	0.100321059976	551265	600.321059976	8.59871576009
684.949033945	9000	0.5	0.0906133898396	551265	590.61338984	8.63754644064
685.536815096	9000	0.5	0.0877811504103	551265	587.78115041	8.64887539836
686.204857135	8466	0.5	0.168042039423	527825	668.042039423	7.25983184231
686.918994957	8000	0.5	0.214137821766	498375	714.137821766	6.67744871293
687.571720996	7066	0.5	0.152726039598	434595	652.726039598	5.52109584161
688.282415074	7200	0.5	0.210694077992	442995	710.694077992	6.22322368803
689.030971156	7600	0.5	0.24855608165	469589	748.55608165	6.2057756734
689.689344366	8000	0.5	0.158373210254	496259	658.373210254	6.96650715898
690.308387613	8133	0.5	0.119043246969	508563	619.043246969	7.52382701212
691.052992615	8733	0.5	0.244605001663	536941	744.605001663	7.15457999335
691.787845096	8733	0.5	0.234852480986	525223	734.852480986	7.79359007605
692.458669473	9000	0.5	0.170824376928	536970	670.824376928	8.04970249229
693.040459395	9000	0.5	0.0817899216628	527946	581.789921663	8.67284031335
693.594212379	8933	0.5	0.0537529841225	519390	553.752984122	8.65098806351
694.150544007	8933	0.5	0.0563316285601	530998	556.33162856	8.70767348576
694.64577222	9000	0.504771787006	0.0	536970	495.228212994	8.933
695.122763395	8600	0.527780611789	0.0	513386	476.991175217	8.2
695.517067999	7000	0.633476008376	0.0	418197	394.304603413	5.4
695.988431912	8600	0.66211209486	0.0	525989	471.363913516	7.0
696.479387565	9000	0.671156441869	0.0	551655	490.95565299	8.6
696.999016526	9533	0.651527481453	0.0	584127	519.628960417	9.0
697.547577329	10000	0.602966678302	0.0	612540	548.56080315	9.533
698.167507548	10000	0.5	0.0169635409504	612540	619.930219253	9.9321458362
698.772935274	10000	0.5	0.105427726319	612540	605.427726319	9.57828909472
699.315718064	10000	0.5	0.0427827893272	612540	542.782789327	9.82886884269
699.822964199	10000	0.5	0.00724613535833	612540	507.246135358	9.97101545857
700.324321327	9866	0.5	0.00135712771309	607628	501.357127713	9.72657148915
700.801484068	10000	0.522837258591	0.0	620415	477.162741409	9.866
701.267064295	10000	0.557257032029	0.0	620415	465.580226562	10.0
701.718411463	10000	0.605909863442	0.0	620415	451.347168587	10.0
702.224193544	11600	0.600127782717	0.0	730995	505.782080724	10.0
702.822004782	12000	0.502316544934	0.0	758640	597.811237783	11.6
703.445886065	12266	0.5	0.121564737663	771584	623.881282597	11.5137410493
704.014832106	11000	0.5	0.068946041574	681300	568.946041574	9.4582158337
704.521782615	10200	0.5	0.00695050874101	627772	506.950508741	9.37219796504
705.014212365	10000	0.507570249425	0.0	612540	492.429750575	9.8
705.459959219	10000	0.561823396239	0.0	612540	445.746853186	10.0
705.905706072	10000	0.616076543054	0.0	612540	445.746853186	10.0
706.341240656	9600	0.680541958553	0.0	588186	435.534584501	9.2
706.743071395	8666	0.778711219373	0.0	530195	401.83073918	7.732
707.162849013	8533	0.858933602298	0.0	515343	419.777617074	8.4
707.616825781	9000	0.904956833656	0.0	539520	453.976768643	8.533
708.069391969	9000	0.952390645911	0.0	539520	452.566187745	9.0
708.520168968	9000	1.00161364654	0.0	539520	450.776999368	9.0
708.972247972	9000	1.04953464296	0.0	539520	452.079003583	9.0
709.428703984	9000	1.09307863061	0.0	539520	456.456012354	9.0
709.887325614	9000	1.13445700107	0.0	540862	458.621629534	9.0
710.389554523	9000	1.13222809163	0.0	539793	502.228909441	9.0
710.938928506	9933	1.08285410837	0.0	600065	549.373983256	9.0
711.42628323	9533	1.09549938474	0.0	573695	487.354723636	9.133
711.88360638	9000	1.13817623504	0.0	537795	457.323149694	8.467
712.31164186	7800	1.2101407548	0.0	462222	428.035480247	6.6
712.735272074	7800	1.28651054116	0.0	456146	423.630213631	7.8
713.151193558	7666	1.37058905677	0.0	447075	415.921484398	7.532
713.503126184	7133	1.51865643083	0.0	421103	351.932625937	6.6
713.890680374	8000	1.63110224078	0.0	476265	387.554190049	7.133
714.282258809	7733	1.73952380574	0.0	454837	391.578435037	7.466
714.709960109	8000	1.81182250547	0.0	462300	427.701300275	7.733
715.13766141	8000	1.88412120519	0.0	462300	427.701300275	8.0
715.61298242	8000	1.90880019477	0.0	468906	475.321010426	8.0
716.099195199	8000	1.92258741602	0.0	467438	486.212778751	8.0
716.568783613	7933	1.95299900148	0.0	465132	469.588414533	7.866
717.002395857	7533	2.01938675753	0.0	455338	433.612243956	7.133
717.379850341	6400	2.14193227374	0.0	383025	377.454483793	5.267
717.722733847	6400	2.29904876754	0.0	383025	342.883506199	6.4
718.040180377	6400	2.48160223773	0.0	383025	317.446529804	6.4
718.357626907	6400	2.66415570793	0.0	383025	317.446529804	6.4
718.666267294	6400	2.85551532041	0.0	383025	308.640387522	6.4
718.941157109	6400	3.08062550623	0.0	383025	274.889814181	6.4
719.216046923	6400	3.30573569204	0.0	383025	274.889814181	6.4
719.493192196	6400	3.52859041867	0.0	383025	277.145273374	6.4
719.785666547	6400	3.73611606744	0.0	383025	292.474351231	6.4
720.078140899	6400	3.94364171621	0.0	383025	292.474351231	6.4
720.37121591	6400	4.15056670459	0.0	383025	293.075011622	6.4
720.667370765	6400	4.35441184974	0.0	383025	296.154854848	6.4
720.96352562	6400	4.55825699489	0.0	383025	296.154854848	6.4
721.259680475	6400	4.76210214004	0.0	383025	296.154854848	6.4
721.560419613	6400	4.96136300163	0.0	383025	300.73913841	6.4
721.861531622	6400	5.16025099266	0.0	383025	301.112008971	6.4
722.162643631	6400	5.35913898369	0.0	383025	301.112008971	6.4
722.44749721	6400	5.57428540492	0.0	383025	284.853578765	6.4
722.722524241	6400	5.79925837348	0.0	383025	275.027031442	6.4
722.997551273	6400	6.02423134204	0.0	383025	275.027031442	6.4
723.283434622	6400	6.23834799297	0.0	383025	285.883349069	6.4
723.575180637	6400	6.44660197832	0.0	383025	291.746014654	6.4

