7697.17051865	3066	0.5	0.314213339874	181435	314.213339874	1.8091466405
7697.48859692	3120	0.681921723705	0.0	184429	318.078276295	3.066
7697.81209179	3146	0.858426856487	0.0	188625	323.494867218	3.12
7698.14050496	3200	1.0300136834	0.0	192435	328.413173085	3.146
7698.46891814	3200	1.20160051032	0.0	192435	328.413173085	3.2
7698.92360784	4800	1.24691080228	0.0	290256	454.689708041	3.2
7699.66633859	8333	1.00418005934	0.0	513389	742.730742936	4.8
7700.38798387	8066	0.78253477783	0.0	497055	721.645281511	7.799
7701.13927324	8466	0.53124540815	0.0	520019	751.28936968	8.066
7701.93139257	9000	0.5	0.260873921526	551265	792.119329676	7.42250431389
7702.75657328	9266	0.5	0.325180713514	558332	825.180713514	7.69927714594
7703.55324309	9000	0.5	0.296669808887	536970	796.669808887	7.54732076445
7704.29660613	9000	0.5	0.243363040039	536970	743.363040039	8.02654783985
7704.85977001	9000	0.5	0.0631638798104	536970	563.16387981	8.74734448076
7705.42293389	9000	0.5	0.0631638798104	536970	563.16387981	8.74734448076
7705.98609777	9000	0.5	0.0631638798104	536970	563.16387981	8.74734448076
7706.56797846	9400	0.5	0.0818806902248	553424	581.880690225	8.6724772391
7707.18483724	9000	0.5	0.116858784127	522960	616.858784127	8.13256486349
7707.80169603	9000	0.5	0.116858784127	522960	616.858784127	8.53256486349
7708.42814304	9000	0.5	0.126447014668	532300	626.447014668	8.49421194133
7709.05030135	8400	0.5	0.122158305057	503004	622.158305057	7.31136677977
7709.66765407	8000	0.5	0.117352724944	481782	617.352724944	7.13058910022
7710.2850068	8000	0.5	0.117352724944	481782	617.352724944	7.53058910022
7710.93444797	8533	0.5	0.149441175523	510552	649.441175523	7.40223529791
7711.61335431	9000	0.5	0.178906336711	536970	678.906336711	7.81737465316
7712.24522241	9000	0.5	0.131868097884	536970	631.868097884	8.47252760846
7712.84027386	9000	0.5	0.0950514479219	536970	595.051447922	8.61979420831
7713.4353253	9000	0.5	0.0950514479219	536970	595.051447922	8.61979420831
7714.3533297	9000	0.5	0.418004399993	536970	918.004399993	7.32798240003
7715.48606293	9533	0.5	0.63273322899	573990	1132.73322899	6.46906708404
7716.6421346	9666	0.5	0.656071667532	586715	1156.07166753	6.90871332987
7717.39641325	9000	0.5	0.254278646212	551265	754.278646212	7.31688541515
7717.96911316	9000	0.5	0.0726999092664	551265	572.699909266	8.70920036293
7718.54181306	9000	0.5	0.0726999092664	551265	572.699909266	8.70920036293
7719.11451297	9000	0.5	0.0726999092664	551265	572.699909266	8.70920036293
7719.69760343	9000	0.5	0.0830904576979	551265	583.090457698	8.66763816921
7720.28374341	9000	0.5	0.0861399794688	551265	586.139979469	8.65544008212
7720.84836212	8466	0.5	0.0646187127119	527825	564.618712712	7.67352514915
7721.38594153	8000	0.5	0.0375794078488	498375	537.579407849	7.3836823686
7721.92626596	7066	0.5	0.0403244298551	434595	540.324429855	5.97070228058
7722.49937952	7200	0.5	0.0731135564918	442995	573.113556492	6.77354577403
7723.10209581	7600	0.5	0.102716287722	469589	602.716287722	6.78913484911
7723.73449942	8000	0.5	0.132403617267	496259	632.403617267	7.07038553093
7724.34153445	8133	0.5	0.107035028621	508563	607.035028621	7.57185988552
7724.86789781	8733	0.5	0.0263633604776	536941	526.363360478	8.02754655809
7725.38451991	8733	0.5	0.0166220930793	525223	516.622093079	8.66651162768
7725.90791364	9000	0.5	0.0233937360314	536970	523.393736031	8.63942505587
7726.33681871	9000	0.571094930253	0.0	527946	428.905069747	9.0
7726.76006935	8933	0.647844286862	0.0	519390	423.250643391	8.866
7727.19099141	8933	0.716922233801	0.0	530998	430.922053061	8.933
7727.62586019	9000	0.7820534493	0.0	536970	434.868784501	8.933
7728.02156345	8600	0.886350195066	0.0	513386	395.703254235	8.2
7728.3574992	7000	1.05041443827	0.0	418197	335.935756797	5.4
7728.75940346	8600	1.14851018553	0.0	525989	401.904252738	7.0
7729.17692223	9000	1.23099140858	0.0	551655	417.518776951	8.6
7729.56756352	9533	1.34035012279	0.0	584127	390.641285787	9.0
7729.97331496	10000	1.43459867971	0.0	612540	405.751443086	9.533
7730.3790664	10000	1.52884723662	0.0	612540	405.751443086	10.0
7730.85095419	10000	1.55695945041	0.0	612540	471.887786206	10.0
7731.39261919	10000	1.51529445429	0.0	612540	541.664996125	10.0
7731.93428418	10000	1.47362945816	0.0	612540	541.664996125	10.0
7732.47998348	9866	1.42793016578	0.0	607628	545.699292379	9.732
7733.03980765	10000	1.36810599394	0.0	620415	559.824171847	9.866
7733.59963182	10000	1.30828182209	0.0	620415	559.824171847	10.0
7734.15235417	10000	1.25555947178	0.0	620415	552.722350308	10.0
7734.77148413	11600	1.13642950655	0.0	730995	619.129965235	10.0
7735.41100309	12000	0.996910553852	0.0	758640	639.518952696	11.6
7736.11790525	12266	0.790008386357	0.0	771584	706.902167495	12.0
7736.76304858	11000	0.644865060777	0.0	681300	645.14332558	9.734
7737.36379004	10200	0.544123602115	0.0	627772	600.741458661	9.4
7737.8594576	10000	0.548456037107	0.0	612540	495.667565009	9.8
7738.34668414	10000	0.56122949771	0.0	612540	487.226539396	10.0
7738.84665921	10000	0.561254426401	0.0	612540	499.97507131	10.0
7739.34426725	9600	0.563646389516	0.0	588186	497.608036884	9.2
7739.80070208	8666	0.607211565981	0.0	530195	456.434823535	7.732
7740.24659208	8533	0.66132156086	0.0	515343	445.890005121	8.4
7740.72686637	9000	0.681047271966	0.0	539520	480.274288894	8.533
7741.22403624	9000	0.683877402518	0.0	539520	497.169869448	9.0
7741.7198456	9000	0.688068039946	0.0	539520	495.809362571	9.0
7742.19422255	9000	0.713691092567	0.0	539520	474.376947379	9.0
7742.6685995	9000	0.739314145188	0.0	539520	474.376947379	9.0
7743.14395742	9000	0.763956226087	0.0	540862	475.357919101	9.0
7743.60504137	9000	0.802872266717	0.0	539793	461.083959369	9.0
7744.10819171	9933	0.799721926429	0.0	600065	503.150340289	9.0
7744.59274661	9533	0.81516702909	0.0	573695	484.554897339	9.133
7745.049181	9000	0.858732638844	0.0	537795	456.434390246	8.467
7745.44925572	7800	0.958657918795	0.0	462222	400.074720049	6.6
7745.845123	7800	1.06279064452	0.0	456146	395.867274278	7.8
7746.23470888	7666	1.1732047627	0.0	447075	389.585881818	7.532
7746.60630994	7133	1.30160370339	0.0	421103	371.601059311	6.6
7747.07865215	8000	1.329261495	0.0	476265	472.342208385	7.133
7747.57739728	7733	1.33051636486	0.0	454837	498.745130142	7.466
7748.08301321	8000	1.32490043286	0.0	462300	505.615932004	7.733
7748.58862914	8000	1.31928450085	0.0	462300	505.615932004	8.0
7749.09232926	8000	1.31558437805	0.0	468906	503.700122806	8.0
7749.57877807	8000	1.3291355688	0.0	467438	486.448809249	8.0
7750.06322176	7933	1.34469188312	0.0	465132	484.443685673	7.866
7750.53914932	7533	1.36876432074	0.0	455338	475.927562385	7.133
7751.07622143	8866	1.33169221039	0.0	543071	537.072110347	7.533
7751.56629498	9000	1.34161865903	0.0	551023	490.07355136	8.866
7752.10546584	10000	1.30244779936	0.0	612540	539.170859674	9.0
7752.69981171	10000	1.20810193084	0.0	612540	594.345868522	10.0
7753.29415758	10000	1.11375606231	0.0	612540	594.345868522	10.0
7753.84052168	9066	1.06739196089	0.0	555398	546.364101423	8.132
7754.37712664	9000	1.03078700195	0.0	551655	536.604958944	8.934
7754.89182189	9000	1.01609175065	0.0	551655	514.695251301	9.0
7755.40651714	9000	1.00139649935	0.0	551655	514.695251301	9.0
7755.92121239	9000	0.986701248045	0.0	551655	514.695251301	9.0
7756.43677822	8533	0.97113542047	0.0	521611	515.565827575	8.066
7756.98971213	8000	0.918201508162	0.0	487275	552.933912309	7.467
7757.54264605	8000	0.865267595853	0.0	487275	552.933912309	8.0
7758.09557996	8000	0.812333683545	0.0	487275	552.933912309	8.0
7758.52641858	7133	0.881495064353	0.0	432597	430.838619192	6.266
7758.93449903	7933	0.973414608663	0.0	483757	408.08045569	7.133
7759.34584024	8000	1.06207340257	0.0	488565	411.341206089	7.933
7759.75736164	8000	1.1505520024	0.0	488565	411.52140017	8.0
7760.23685892	8000	1.17105471635	0.0	488565	479.497286058	8.0
7760.65952148	6933	1.24839215722	0.0	419059	422.662559124	5.866
7761.07541026	6866	1.33250338566	0.0	410775	415.888771567	6.799
7761.49374721	6866	1.41416643447	0.0	413769	418.336951184	6.866

