1961.62603414	3066	0.5	0.231867067993	181435	231.867067993	2.13853172803
1962.10072111	7800	0.525313029803	0.0	471531	474.686970197	3.066
1962.58454095	7866	0.541493193406	0.0	482442	483.819836396	7.8
1963.11217181	8000	0.513862334512	0.0	492120	527.630858895	7.866
1963.66477305	8000	0.5	0.0387389080471	492120	552.601242559	7.84504436781
1964.34840328	8000	0.5	0.183630231787	490176	683.630231787	7.26547907285
1965.0606193	8333	0.5	0.212216022545	513389	712.216022545	7.15113590982
1965.75850457	8066	0.5	0.19788526441	497055	697.88526441	7.00745894236
1966.48679003	8466	0.5	0.228285461446	520019	728.285461446	7.15285815422
1967.16263599	9000	0.5	0.175845961578	551265	675.845961578	7.76261615369
1967.83263737	9266	0.5	0.170001379752	558332	670.001379752	8.31999448099
1968.50973942	9000	0.5	0.177102054716	536970	677.102054716	8.02559178114
1969.25289338	9000	0.5	0.243153956383	536970	743.153956383	8.02738417447
1969.82150458	9000	0.5	0.0686111944563	536970	568.611194456	8.72555522217
1970.34292975	9000	0.5	0.0214251710579	536970	521.425171058	8.91429931577
1970.80129294	9000	0.541636804822	0.0	536970	458.363195178	9.0
1971.26349786	9400	0.579431890881	0.0	553424	462.204913941	9.0
1971.67918579	9000	0.663743956902	0.0	522960	415.68793398	8.6
1972.10614825	9000	0.736781498214	0.0	522960	426.962458688	9.0
1972.62246726	9000	0.720462483141	0.0	532300	516.319015073	9.0
1973.11486818	8400	0.728061563124	0.0	503004	492.400920017	7.8
1973.5910097	8000	0.751920051567	0.0	481782	476.141511557	7.6
1974.06834625	8000	0.774583493884	0.0	481782	477.336557683	8.0
1974.57301508	8533	0.769914668545	0.0	510552	504.668825339	8.0
1975.10093349	9000	0.741996259624	0.0	536970	527.91840892	8.533
1975.63784295	9000	0.705086797767	0.0	536970	536.909461857	9.0
1976.17239393	9000	0.670535821272	0.0	536970	534.550976495	9.0
1976.70036686	9000	0.64256288763	0.0	536970	527.972933642	9.0
1977.21194855	9000	0.630981193337	0.0	536970	511.581694293	9.0
1977.70759503	9533	0.635334719536	0.0	573990	495.646473801	9.0
1978.18243233	9666	0.660497413069	0.0	586715	474.837306467	9.533
1978.62004924	9000	0.722880502342	0.0	551265	437.616910727	8.334
1979.07374881	9000	0.769180940843	0.0	551265	453.699561499	9.0
1979.53609543	9000	0.806834317118	0.0	551265	462.346623725	9.0
1980.05507822	9000	0.787851522878	0.0	551265	518.982794239	9.0
1980.58124136	9000	0.761688385668	0.0	551265	526.163137211	9.0
1981.13177811	9000	0.711151641792	0.0	551265	550.536743876	9.0
1981.65059788	8466	0.692331868127	0.0	527825	518.819773665	7.932
1982.14281716	8000	0.700112583707	0.0	498375	492.21928442	7.534
1982.59622144	7066	0.746708309439	0.0	434595	453.404274268	6.132
1983.06812128	7200	0.774808467527	0.0	442995	471.899841912	7.066
1983.63334608	7600	0.709583662739	0.0	469589	565.224804788	7.2
1984.21197376	8000	0.63095598431	0.0	496259	578.62767843	7.6
1984.7685206	8133	0.574409149237	0.0	508563	556.546835073	8.0
1985.33379199	8733	0.509137755972	0.0	536941	565.271393265	8.133
1985.85344981	8733	0.5	0.0105200652603	525223	519.657821232	8.69091973896
1986.36235354	9000	0.5	0.00890372471005	536970	508.90372471	8.69738510116
1986.79217817	9000	0.570175369662	0.0	527946	429.824630338	9.0
1987.20959035	8933	0.65276319124	0.0	519390	417.412178422	8.866
1987.61569529	8933	0.746658243033	0.0	530998	406.104948208	8.933
1988.01346168	9000	0.848891861273	0.0	536970	397.76638176	8.933
1988.37473976	8600	0.987613775635	0.0	513386	361.278085638	8.2
1988.88799544	7000	0.974358093151	0.0	418197	513.255682483	5.4
1989.52394153	8600	0.838412005766	0.0	525989	635.946087385	7.0
1990.32264723	9000	0.539706307002	0.0	551655	798.705698764	8.6
1991.23876737	9533	0.5	0.376413835225	584127	916.120142227	7.4943446591
1992.18216222	10000	0.5	0.443394848528	612540	943.394848528	7.75942060589
1993.0544174	10000	0.5	0.372255179239	612540	872.255179239	8.51097928304
1993.75093911	10000	0.5	0.196521707976	612540	696.521707976	9.21391316809
1994.41089243	10000	0.5	0.159953323246	612540	659.953323246	9.36018670702
1995.05434836	10000	0.5	0.143455933242	612540	643.455933242	9.42617626703
1995.6531792	9866	0.5	0.098830833556	607628	598.830833556	9.33667666578
1996.23052441	10000	0.5	0.0773452147076	620415	577.345214708	9.55661914117
1996.7880595	10000	0.5	0.0575350877828	620415	557.535087783	9.76985964887
1997.32723896	10000	0.5	0.0391794619089	620415	539.179461909	9.84328215236
1997.93295846	11600	0.5	0.105719495538	730995	605.719495538	9.57712201785
1998.53824583	12000	0.5	0.105287367518	758640	605.287367518	11.1788505299
1999.16341181	12266	0.5	0.125165981029	771584	625.165981029	11.4993360759
1999.7333697	11000	0.5	0.069957891279	681300	569.957891279	9.45416843488
2000.2733084	10200	0.5	0.0399386986904	627772	539.93869869	9.24024520524
2000.88685432	10000	0.5	0.113545926555	612540	613.545926555	9.34581629378
2001.49753869	10000	0.5	0.110684372105	612540	610.684372105	9.55726251158
2002.10288646	10000	0.5	0.105347766075	612540	605.347766075	9.5786089357
2002.64699955	9600	0.5	0.0441130875458	588186	544.113087546	9.02354764982
2003.1412389	8666	0.505760644666	0.0	530195	494.239355334	7.732
2003.6389864	8533	0.508013151404	0.0	515343	497.747493262	8.4
2004.15983169	9000	0.5	0.0128321427983	539520	520.845294202	8.48167142881
2004.73628246	9000	0.5	0.076450767212	539520	576.450767212	8.69419693115
2005.31680434	9000	0.5	0.0805218812694	539520	580.521881269	8.67791247492
2005.90633034	9000	0.5	0.0895260001716	539520	589.526000172	8.64189599931
2006.47589779	9000	0.5	0.0695674499882	539520	569.567449988	8.72173020005
2006.9947401	9000	0.5	0.0188423052769	540862	518.842305277	8.92463077889
2007.55525336	9000	0.5	0.0605132607769	539793	560.513260777	8.75794695689
2008.22144191	9933	0.5	0.166188555139	600065	666.188555139	8.33524577944
2008.80250084	9533	0.5	0.0810589255925	573695	581.058925593	8.80876429763
2009.32066353	9000	0.5	0.0181626939442	537795	518.162693944	8.39434922422
2009.72616319	7800	0.594500340268	0.0	462222	405.499659732	6.6
2010.11903464	7800	0.701628887394	0.0	456146	392.871452874	7.8
2010.49827312	7666	0.822390411254	0.0	447075	379.23847614	7.532
2010.85824535	7133	0.962418180257	0.0	421103	359.972230996	6.6
2011.25002753	8000	1.07063600182	0.0	476265	391.782178441	7.133
2011.62197422	7733	1.19868931236	0.0	454837	371.94668946	7.466
2012.006005	8000	1.31465853387	0.0	462300	384.03077849	7.733
2012.43133057	8000	1.38933296376	0.0	462300	425.325570107	8.0
2012.86243108	8000	1.45823244943	0.0	468906	431.100514331	8.0
2013.29943594	8000	1.52122759484	0.0	467438	437.004854586	8.0
2013.73471666	7933	1.58594686578	0.0	465132	435.280729058	7.866
2014.18763507	7533	1.63302845605	0.0	455338	452.918409733	7.133
2014.7183409	8866	1.60232263444	0.0	543071	530.705821608	7.533
2015.39646502	9000	1.4241985088	0.0	551023	678.124125647	8.866
2016.16844035	10000	1.15222318353	0.0	612540	771.97532526	9.0
2016.97602379	10000	0.844639739451	0.0	612540	807.583444084	10.0
2017.66475138	10000	0.655912146131	0.0	612540	688.727593321	10.0
2018.22999855	9066	0.590664977524	0.0	555398	565.247168607	8.132
2018.85660195	9000	0.5	0.0359384177359	551655	626.603395259	8.79024632906
2019.39779349	9000	0.5	0.0411915368022	551655	541.191536802	8.83523385279
2019.83910383	9000	0.558689653996	0.0	551655	441.310346004	9.0
2020.28454352	9000	0.613249969596	0.0	551655	445.4396844	9.0
2020.71496685	8533	0.682826635238	0.0	521611	430.423334358	8.066
2021.13420226	8000	0.763591227017	0.0	487275	419.235408221	7.467
2021.54466002	8000	0.853133462437	0.0	487275	410.45776458	8.0
2021.93053966	8000	0.967253824633	0.0	487275	385.879637804	8.0
2022.282096	7133	1.11569748853	0.0	432597	351.556336104	6.266
2022.66478092	7933	1.23301256032	0.0	483757	382.68492821	7.133
2023.07531782	8000	1.32247566123	0.0	488565	410.536899085	7.933
2023.45971149	8000	1.43808199062	0.0	488565	384.393670613	8.0
2023.75380325	8000	1.64399023863	0.0	488565	294.091751995	8.0
2024.0174371	6933	1.88035638131	0.0	419059	263.633857315	5.866
2024.27744087	6866	2.12035261635	0.0	410775	260.003764956	6.799
2024.52528444	6400	2.37250904731	0.0	383025	247.84356904	5.934

