5470.60177171	3066	0.5	0.198761944197	181435	198.761944197	2.27095222321
5470.99042185	7800	0.611349859129	0.0	471531	388.650140871	3.066
5471.38621401	7866	0.715557702808	0.0	482442	395.792156321	7.8
5471.78834109	8000	0.813430616094	0.0	492120	402.127086714	7.866
5472.19526164	8000	0.906510072963	0.0	492120	406.920543131	8.0
5472.60730509	8000	0.994466613681	0.0	490176	412.043459282	8.0
5473.03507296	8333	1.06669875169	0.0	513389	427.767861987	8.0
5473.45177623	8066	1.14999548255	0.0	497055	416.703269139	7.799
5473.88403523	8466	1.21773648241	0.0	520019	432.25900014	8.066
5474.35639036	9000	1.24538134478	0.0	551265	472.35513763	8.466
5474.87213247	9266	1.22963923551	0.0	558332	515.742109277	9.0
5475.37120292	9000	1.23056878922	0.0	536970	499.070446291	8.734
5475.88076905	9000	1.22100265715	0.0	536970	509.566132071	9.0
5476.4061359	9000	1.19563580542	0.0	536970	525.366851722	9.0
5476.93150275	9000	1.1702689537	0.0	536970	525.366851722	9.0
5477.47883294	9000	1.12293876813	0.0	536970	547.330185576	9.0
5478.17571574	9400	0.926055964813	0.0	553424	696.882803312	9.0
5478.83864137	9000	0.763130340301	0.0	522960	662.925624512	8.6
5479.50156699	9000	0.600204715788	0.0	522960	662.925624512	9.0
5480.1749036	9000	0.5	0.0731318872559	532300	673.336603044	8.70747245098
5480.64396403	8400	0.530939567939	0.0	503004	469.060432061	7.8
5481.09419835	8000	0.580705241911	0.0	481782	450.234326028	7.6
5481.54443268	8000	0.630470915884	0.0	481782	450.234326028	8.0
5482.01677585	8533	0.658127749011	0.0	510552	472.343166872	8.0
5482.51505841	9000	0.659845190692	0.0	536970	498.282558319	8.533
5483.01797849	9000	0.656925103678	0.0	536970	502.920087015	9.0
5483.52089858	9000	0.654005016663	0.0	536970	502.920087015	9.0
5484.02381867	9000	0.651084929648	0.0	536970	502.920087015	9.0
5484.5268351	9000	0.648068496968	0.0	536970	503.016432681	9.0
5485.05910699	9533	0.615796604089	0.0	573990	532.271892878	9.0
5485.60140547	9666	0.573498125666	0.0	586715	542.298478423	9.533
5486.07450955	9000	0.600394043971	0.0	551265	473.104081695	8.334
5486.48513294	9000	0.689770653942	0.0	551265	410.623390029	9.0
5486.89575633	9000	0.779147263913	0.0	551265	410.623390029	9.0
5487.30637972	9000	0.868523873883	0.0	551265	410.623390029	9.0
5487.77058388	9000	0.904319717006	0.0	551265	464.204156877	9.0
5488.35155511	9000	0.823348490435	0.0	551265	580.97122657	9.0
5488.91122484	8466	0.763678753259	0.0	527825	559.669737176	7.932
5489.4441314	8000	0.730772192817	0.0	498375	532.906560442	7.534
5489.97763152	7066	0.697272074348	0.0	434595	533.500118469	6.132
5490.62159471	7200	0.553308881697	0.0	442995	643.963192651	7.066
5491.2994139	7600	0.5	0.124510307399	469589	677.819189096	6.7019587704
5492.01118584	8000	0.5	0.211771938784	496259	711.771938784	6.75291224486
5492.73862162	8133	0.5	0.22743577951	508563	727.43577951	7.09025688196
5493.60767204	8733	0.5	0.369050416707	536941	869.050416707	6.65679833317
5494.48960712	8733	0.5	0.381935085346	525223	881.935085346	7.20525965861
5495.38947808	9000	0.5	0.399870955344	536970	899.870955344	7.13351617863
5496.20482873	9000	0.5	0.315350653412	527946	815.350653412	7.73859738635
5496.87931481	8933	0.5	0.174486073516	519390	674.486073516	8.16805570594
5497.56708722	8933	0.5	0.187772417769	530998	687.772417769	8.18191032893
5498.2616951	9000	0.5	0.194607880198	536970	694.607880198	8.15456847921
5498.87410155	8600	0.5	0.112406448879	513386	612.406448879	7.75037420448
5499.27385882	7000	0.600242730098	0.0	418197	399.757269902	5.4
5499.75603485	8600	0.618066706265	0.0	525989	482.176023832	7.0
5500.25783533	9000	0.616266222934	0.0	551655	501.800483332	8.6
5500.77876909	9533	0.595332459328	0.0	584127	520.933763606	9.0
5501.31651521	10000	0.557586339592	0.0	612540	537.746119736	9.533
5501.85426133	10000	0.519840219857	0.0	612540	537.746119736	10.0
5502.38794425	10000	0.5	0.0138427012565	612540	533.682921113	9.94462919497
5502.90214646	10000	0.5	0.0142022060804	612540	514.20220608	9.94319117568
5503.41634867	10000	0.5	0.0142022060804	612540	514.20220608	9.94319117568
5504.03460067	9866	0.5	0.118251999817	607628	618.251999817	9.25899200073
5504.72086716	10000	0.5	0.186266491611	620415	686.266491611	9.12093403356
5505.40713365	10000	0.5	0.186266491611	620415	686.266491611	9.25493403356
5506.09342428	10000	0.5	0.186290633214	620415	686.290633214	9.25483746715
5506.93192525	11600	0.5	0.338500971145	730995	838.500971145	8.64599611542
5507.83160085	12000	0.5	0.39967559562	758640	899.67559562	10.0012976175
5508.90333689	12266	0.5	0.571736036679	771584	1071.73603668	9.71305585329
5509.85902866	11000	0.5	0.455691774051	681300	955.691774051	7.9112329038
5511.06172597	10200	0.5	0.702697313539	627772	1202.69731354	6.58921074584
5512.32819515	10000	0.5	0.766469173018	612540	1266.46917302	6.73412330793
5513.59466432	10000	0.5	0.766469173018	612540	1266.46917302	6.93412330793
5514.72760704	10000	0.5	0.632942724943	612540	1132.94272494	7.46822910023
5515.46870524	9600	0.5	0.241098191568	588186	741.098191568	8.23560723373
5516.1446238	8666	0.5	0.175918562629	530195	675.918562629	7.02832574949
5516.80384929	8533	0.5	0.159225492169	515343	659.225492169	7.76309803132
5517.47682765	9000	0.5	0.172978362005	539520	672.978362005	7.84108655198
5517.94467702	9000	0.53215063664	0.0	539520	467.84936336	9.0
5518.41252638	9000	0.56430127328	0.0	539520	467.84936336	9.0
5518.88037574	9000	0.596451909919	0.0	539520	467.84936336	9.0
5519.38837686	9000	0.588450788858	0.0	539520	508.001121061	9.0
5519.9926899	9000	0.5	0.0158622482834	540862	604.313037142	8.93655100687
5520.59596665	9000	0.5	0.103276745746	539793	603.276745746	8.58689301701
5521.25767123	9933	0.5	0.161704580156	600065	661.704580156	8.35318167937
5521.81933595	9533	0.5	0.0616647262438	573695	561.664726244	8.88634109502
5522.31871318	9000	0.500622768592	0.0	537795	499.377231408	8.467
5522.74991117	7800	0.569424784946	0.0	462222	431.197983645	6.6
5523.12703833	7800	0.692297627428	0.0	456146	377.127157518	7.8
5523.49825676	7666	0.821079193095	0.0	447075	371.218434333	7.532
5523.8525574	7133	0.966778558183	0.0	421103	354.300634912	6.6
5524.24278979	8000	1.076546164	0.0	476265	390.23239418	7.133
5524.61939206	7733	1.19994389549	0.0	454837	376.602268509	7.466
5525.01683027	8000	1.30250568027	0.0	462300	397.438215226	7.733
5525.41426849	8000	1.40506746504	0.0	462300	397.438215226	8.0
5525.81624271	8000	1.50309324106	0.0	468906	401.974223986	8.0
5526.21720893	8000	1.60212701902	0.0	467438	400.966222039	8.0
5526.61143072	7933	1.7079052323	0.0	465132	394.221786721	7.866
5526.97870966	7533	1.84062629801	0.0	455338	367.278934288	7.133
5527.40134053	8866	1.91799542134	0.0	543071	422.630876673	7.533
5527.82898843	9000	1.99034751976	0.0	551023	427.647901577	8.866
5528.33103725	10000	1.98829870393	0.0	612540	502.048815831	9.0
5528.85666848	10000	1.96266747184	0.0	612540	525.631232092	10.0
5529.38229971	10000	1.93703623974	0.0	612540	525.631232092	10.0
5529.87088591	9066	1.94845004718	0.0	555398	488.586192567	8.132
5530.35863387	9000	1.96070208322	0.0	551655	487.747963952	8.934
5530.84638183	9000	1.97295411927	0.0	551655	487.747963952	9.0
5531.3341298	9000	1.98520615532	0.0	551655	487.747963952	9.0
5531.78865029	9000	2.03068566312	0.0	551655	454.520492202	9.0
5532.12625557	6400	2.19308037843	0.0	383025	337.605284688	3.8
5532.46386086	6400	2.35547509374	0.0	383025	337.605284688	6.4
5532.80146614	6400	2.51786980906	0.0	383025	337.605284688	6.4
5533.14172517	6400	2.67761078027	0.0	383025	340.259028784	6.4
5533.50556127	6400	2.81377468806	0.0	383025	363.836092216	6.4
5533.86939736	6400	2.94993859584	0.0	383025	363.836092216	6.4
5534.23323345	6400	3.08610250362	0.0	383025	363.836092216	6.4
5534.59706954	6400	3.22226641141	0.0	383025	363.836092216	6.4
5534.96090563	6400	3.35843031919	0.0	383025	363.836092216	6.4
5535.32474173	6400	3.49459422698	0.0	383025	363.836092216	6.4
5535.69836672	6400	3.62096923202	0.0	383025	373.624994952	6.4
5536.07452035	6400	3.74481560024	0.0	383025	376.153631782	6.4

