1707.11915004	3066	0.5	0.251642923418	181435	251.642923418	2.05942830633
1707.64523244	7800	0.5	0.0260823949194	471531	526.082394919	2.96167042032
1708.18163696	7866	0.5	0.0364045264674	482442	536.404526467	7.65438189413
1708.81189289	8000	0.5	0.130255930615	492120	630.255930615	7.34497627754
1709.50366152	8000	0.5	0.191768628621	492120	691.768628621	7.23292548552
1710.14873503	8000	0.5	0.145073512216	490176	645.073512216	7.41970595113
1710.81867973	8333	0.5	0.169944690896	513389	669.944690896	7.32022123642
1711.47189472	8066	0.5	0.153214994589	497055	653.214994589	7.18614002164
1712.1529178	8466	0.5	0.181023084386	520019	681.023084386	7.34190766246
1712.78212299	9000	0.5	0.129205187871	551265	629.205187871	7.94917924852
1713.36287805	9266	0.5	0.0807550569248	558332	580.755056925	8.6769797723
1713.92447402	9000	0.5	0.0615959732147	536970	561.595973215	8.48761610714
1714.4451933	9000	0.5	0.0207192736193	536970	520.719273619	8.91712290552
1714.95001698	9000	0.5	0.0048236857547	536970	504.823685755	8.98070525698
1715.43704759	9000	0.512969395375	0.0	536970	487.030604625	9.0
1715.86707061	9000	0.582946369766	0.0	536970	430.023025609	9.0
1716.27336413	9400	0.676652849821	0.0	553424	406.293519945	9.0
1716.64822338	9000	0.801793605422	0.0	522960	374.859244399	8.6
1717.00961366	9000	0.940403318173	0.0	522960	361.390287249	9.0
1717.3743294	9000	1.07568758263	0.0	532300	364.71573554	9.0
1717.7197838	8400	1.23023318314	0.0	503004	345.454399496	7.8
1718.05403854	8000	1.39597844262	0.0	481782	334.254740515	7.6
1718.39693403	8000	1.553082948	0.0	481782	342.895494625	8.0
1718.77243526	8533	1.67758171984	0.0	510552	375.501228161	8.0
1719.4166254	9000	1.53339158208	0.0	536970	644.190137753	8.533
1720.06081554	9000	1.38920144433	0.0	536970	644.190137753	9.0
1720.57847089	9000	1.37154609074	0.0	536970	517.655353588	9.0
1721.08577154	9000	1.36424544472	0.0	536970	507.300646023	9.0
1721.48574725	9000	1.46426973003	0.0	536970	399.975714687	9.0
1721.90773911	9533	1.54227786666	0.0	573990	421.991863372	9.0
1722.28187152	9666	1.66814545907	0.0	586715	374.13240759	9.533
1722.63714142	9000	1.81287556035	0.0	551265	355.269898722	8.334
1722.98976805	9000	1.96024893022	0.0	551265	352.626630127	9.0
1723.34117928	9000	2.10883770182	0.0	551265	351.411228403	9.0
1723.60705519	6400	2.3429617961	0.0	383025	265.875905711	3.8
1723.87293109	6400	2.57708589039	0.0	383025	265.875905711	6.4
1724.26799887	6400	2.68201811435	0.0	383025	395.067776041	6.4
1724.7318442	6400	2.71817278391	0.0	383025	463.84533044	6.4
1725.19568953	6400	2.75432745347	0.0	383025	463.84533044	6.4
1725.52916694	6400	2.92085004488	0.0	383025	333.477408592	6.4
1725.85478772	6400	3.09522926213	0.0	383025	325.620782746	6.4
1726.20987769	6400	3.2401392941	0.0	383025	355.089968031	6.4
1726.57507304	6400	3.37494394151	0.0	383025	365.19535259	6.4
1726.94026839	6400	3.50974858892	0.0	383025	365.19535259	6.4
1727.48662074	6400	3.46339623755	0.0	383025	546.352351368	6.4
1728.10025811	6400	3.34975887442	0.0	383025	613.637363132	6.4
1728.56048269	6400	3.38953429171	0.0	383025	460.224582711	6.4
1729.00919512	6400	3.44082186369	0.0	383025	448.712428017	6.4
1729.42703429	6400	3.52298268851	0.0	383025	417.839175182	6.4
1729.82633989	6400	3.6236770908	0.0	383025	399.305597715	6.4
1730.22564549	6400	3.72437149308	0.0	383025	399.305597715	6.4
1730.71953962	6400	3.73047735936	0.0	383025	493.89413372	6.4
1731.22770564	6400	3.7223113387	0.0	383025	508.166020665	6.4
1731.73587166	6400	3.71414531803	0.0	383025	508.166020665	6.4
1732.21181376	6400	3.73820322371	0.0	383025	475.94209432	6.4
1732.68233709	6400	3.76767988994	0.0	383025	470.523333771	6.4
1733.15469706	6400	3.79531992625	0.0	383025	472.359963684	6.4
1733.63619532	6400	3.81382166548	0.0	383025	481.49826078	6.4
1734.11769358	6400	3.8323234047	0.0	383025	481.49826078	6.4
1734.55914429	6400	3.89087269317	0.0	383025	441.450711527	6.4
1734.96091899	6400	3.98909798769	0.0	383025	401.774705479	6.4
1735.43249198	6400	4.01752500587	0.0	383025	471.572981817	6.4
1735.92976242	6400	4.02025456619	0.0	383025	497.270439682	6.4
1736.42703285	6400	4.02298412651	0.0	383025	497.270439682	6.4
1737.13607531	6400	3.81394167542	0.0	383025	709.042451087	6.4
1737.9525924	6400	3.49742458603	0.0	383025	816.517089396	6.4
1738.76910948	6400	3.18090749663	0.0	383025	816.517089396	6.4
1739.37826698	6400	3.07175000642	0.0	383025	609.157490213	6.4
1739.86853428	6400	3.08148269737	0.0	383025	490.26730905	6.4
1740.36443194	6400	3.08558503899	0.0	383025	495.897658371	6.4
1740.88709943	6400	3.06291754996	0.0	383025	522.667489031	6.4
1741.40976692	6400	3.04025006093	0.0	383025	522.667489031	6.4
1742.19487805	6400	2.75513893108	0.0	383025	785.111129848	6.4
1743.02740645	6400	2.42261053186	0.0	383025	832.52839922	6.4
1743.85653095	6400	2.09348603564	0.0	383025	829.124496221	6.4
1744.62868523	6400	1.82133174794	0.0	383025	772.1542877	6.4
1745.68363747	9000	1.26637950906	0.0	539520	1054.95223889	6.4
1746.27719496	9000	1.17282201955	0.0	539520	593.557489508	9.0
1746.8035994	9000	1.14641757651	0.0	539520	526.404443034	9.0
1747.37177257	9000	1.07824441415	0.0	539520	568.173162363	9.0
1747.96660256	9000	0.98341441871	0.0	539520	594.82999544	9.0
1748.91572548	9000	0.534291503329	0.0	540862	949.122915381	9.0
1749.97091348	9000	0.5	0.520896498584	539793	1055.18800191	6.91641400566
1750.70271041	9933	0.5	0.231796929932	600065	731.796929932	8.07281228027
1751.4388796	9533	0.5	0.236169187793	573695	736.169187793	8.18832324883
1752.47952817	9000	0.5	0.540648574835	537795	1040.64857483	6.30440570066
1753.39748492	7800	0.5	0.417956743973	462222	917.956743973	4.92817302411
1754.38537886	7800	0.5	0.487893939036	456146	987.893939036	5.84842424385
1755.35521826	7666	0.5	0.469839399654	447075	969.839399654	5.65264240138
1756.72556571	7133	0.5	0.870347450996	421103	1370.347451	3.11861019602
1758.47290315	8000	0.5	1.247337448	476265	1747.337448	2.14365020802
1760.07255604	7733	0.5	1.09965288503	454837	1599.65288503	3.06738845986
1761.32459758	6400	0.5	0.752041541011	367440	1252.04154101	2.05883383596
1761.98128833	3200	0.5	0.15669075334	180795	656.69075334	-0.626763013358
1762.35373413	1600	0.627554200401	0.0	91683	372.445799599	0.0
1762.72536974	1600	0.755918597165	0.0	91429	371.635603236	1.6
1763.09548383	1586	0.885804504421	0.0	90952	370.114092744	1.572
1763.45942895	1506	1.02185938713	0.0	89018	363.945117292	1.426
1763.87820267	1773	1.1030856664	0.0	106207	418.773720733	1.506
1764.17972117	1800	1.30156716675	0.0	107779	301.518499642	1.773
1764.41327022	2000	1.56801811373	0.0	119730	233.549053024	1.8
1764.64681927	2000	1.83446906071	0.0	119730	233.549053024	2.0
1764.88036833	2000	2.10092000768	0.0	119730	233.549053024	2.0
1765.45158294	6400	2.02970539117	0.0	383025	571.214616509	2.0
1765.9835842	6400	1.99770413486	0.0	383025	532.001256309	6.4
1766.64219937	9000	1.83908896198	0.0	551655	658.615172884	6.4
1767.28904726	9000	1.69224107863	0.0	551655	646.847883347	9.0
1767.91967834	9000	1.56160998978	0.0	551655	630.631088854	9.0
1768.47549301	8533	1.50579532713	0.0	521611	555.814662647	8.066
1768.96740296	8000	1.51388537422	0.0	487275	491.909952911	7.467
1769.41688501	8000	1.56440332338	0.0	487275	449.482050845	8.0
1769.82628317	8000	1.65500516006	0.0	487275	409.398163314	8.0
1770.20182191	7133	1.77946641913	0.0	432597	375.538740932	6.266
1770.63346399	7933	1.84782434356	0.0	483757	431.642075568	7.133
1771.0687598	8000	1.91252853453	0.0	488565	435.29580903	7.933
1771.55545509	8000	1.92583324715	0.0	488565	486.695287384	8.0
1772.04094268	8000	1.94034565677	0.0	488565	485.487590378	8.0
1772.44100914	6933	2.04027919202	0.0	419059	400.066464747	5.866
1772.81355377	6400	2.16773456785	0.0	383025	372.544624169	5.867
1773.15275896	6400	2.32852937706	0.0	383025	339.205190789	6.4

