6962.22591409	3066	0.5	0.315221898366	181435	315.221898366	1.80511240654
6962.91723174	7800	0.5	0.191317645209	471531	691.317645209	2.30072941917
6963.62269498	7866	0.5	0.205463240783	482442	705.463240783	6.97814703687
6964.34070529	8000	0.5	0.21801031016	492120	718.01031016	6.99395875936
6965.0587156	8000	0.5	0.21801031016	492120	718.01031016	7.12795875936
6965.77420561	8000	0.5	0.215490006082	490176	715.490006082	7.13803997567
6966.60808409	8333	0.5	0.333878481862	513389	833.878481862	6.66448607255
6967.45378331	8066	0.5	0.345699225388	497055	845.699225388	6.41620309845
6968.33485793	8466	0.5	0.381074620489	520019	881.074620489	6.54170151804
6969.26406614	9000	0.5	0.429208203285	551265	929.208203285	6.74916718686
6969.76194717	9266	0.502118967247	0.0	558332	497.881032753	9.0
6970.20224466	9000	0.56182147842	0.0	536970	440.297488826	8.734
6970.64254215	9000	0.621523989594	0.0	536970	440.297488826	9.0
6971.08283964	9000	0.681226500767	0.0	536970	440.297488826	9.0
6971.48159161	9000	0.782474522921	0.0	536970	398.751977846	9.0
6971.87239666	9000	0.891669475889	0.0	536970	390.805047032	9.0
6972.27272549	9400	0.991340644952	0.0	553424	400.328830937	9.0
6972.69467727	9000	1.06938886437	0.0	522960	421.951780578	8.6
6973.14950735	9000	1.11455878848	0.0	522960	454.830075894	9.0
6973.61103184	9000	1.15303429445	0.0	532300	461.524494031	9.0
6974.05155851	8400	1.21250762416	0.0	503004	440.52667029	7.8
6974.47687438	8000	1.28719176133	0.0	481782	425.315862828	7.6
6974.88606064	8000	1.37800549567	0.0	481782	409.186265658	8.0
6975.31102947	8533	1.45303666828	0.0	510552	424.968827391	8.0
6975.75384836	9000	1.5102177757	0.0	536970	442.81889258	8.533
6976.18578285	9000	1.57828328335	0.0	536970	431.934492355	9.0
6976.61648712	9000	1.64757901251	0.0	536970	430.704270835	9.0
6977.04719139	9000	1.71687474168	0.0	536970	430.704270835	9.0
6977.47905273	9000	1.78501340245	0.0	536970	431.86133923	9.0
6977.93539489	9533	1.82867124966	0.0	573990	456.342152791	9.0
6978.40008031	9666	1.86398582626	0.0	586715	464.685423395	9.533
6978.84103551	9000	1.92303062549	0.0	551265	440.955200768	8.334
6979.28029975	9000	1.98376638988	0.0	551265	439.264235608	9.0
6979.71956398	9000	2.04450215428	0.0	551265	439.264235608	9.0
6980.04918473	6400	2.21488140229	0.0	383025	329.620751987	3.8
6980.37880549	6400	2.3852606503	0.0	383025	329.620751987	6.4
6980.71721214	6400	2.54685399884	0.0	383025	338.406651459	6.4
6981.05690546	6400	2.70716067554	0.0	383025	339.693323304	6.4
6981.39659878	6400	2.86746735224	0.0	383025	339.693323304	6.4
6981.73629211	6400	3.02777402893	0.0	383025	339.693323304	6.4
6982.07598543	6400	3.18808070563	0.0	383025	339.693323304	6.4
6982.42439693	6400	3.33966920604	0.0	383025	348.411499591	6.4
6982.77869831	6400	3.48536782691	0.0	383025	354.301379123	6.4
6983.13299969	6400	3.63106644779	0.0	383025	354.301379123	6.4
6983.48730107	6400	3.77676506867	0.0	383025	354.301379123	6.4
6983.83153968	6400	3.93252645652	0.0	383025	344.238612148	6.4
6984.1517263	6400	4.11233983277	0.0	383025	320.186623754	6.4
6984.47191293	6400	4.29215320901	0.0	383025	320.186623754	6.4
6984.79209955	6400	4.47196658526	0.0	383025	320.186623754	6.4
6985.11228618	6400	4.6517799615	0.0	383025	320.186623754	6.4
6985.4324728	6400	4.83159333775	0.0	383025	320.186623754	6.4
6985.77702238	6400	4.98704375855	0.0	383025	344.549579198	6.4
6986.1261823	6400	5.13788383735	0.0	383025	349.159921206	6.4
6986.47534222	6400	5.28872391614	0.0	383025	349.159921206	6.4
6986.82450214	6400	5.43956399493	0.0	383025	349.159921206	6.4
6987.17366206	6400	5.59040407373	0.0	383025	349.159921206	6.4
6987.51292071	6400	5.75114542411	0.0	383025	339.258649613	6.4
6987.85107404	6400	5.91299209925	0.0	383025	338.153324866	6.4
6988.18922736	6400	6.07483877438	0.0	383025	338.153324866	6.4
6988.52738069	6400	6.23668544952	0.0	383025	338.153324866	6.4
6988.86553401	6400	6.39853212465	0.0	383025	338.153324866	6.4
6989.2703193	6400	6.49374683759	0.0	383025	404.785287061	6.4
6989.71400504	6400	6.55006109977	0.0	383025	443.68573782	6.4
6990.15769077	6400	6.60637536195	0.0	383025	443.68573782	6.4
6990.60137651	6400	6.66268962413	0.0	383025	443.68573782	6.4
6991.03457791	6400	6.72948822199	0.0	383025	433.201402136	6.4
6991.44492447	6400	6.81914166251	0.0	383025	410.346559487	6.4
6991.85527103	6400	6.90879510302	0.0	383025	410.346559487	6.4
6992.26561759	6400	6.99844854353	0.0	383025	410.346559487	6.4
6992.67596415	6400	7.08810198404	0.0	383025	410.346559487	6.4
6993.07984217	6400	7.18422396612	0.0	383025	403.878017929	6.4
6993.45176874	6400	7.3122973925	0.0	383025	371.926573612	6.4
6993.82369532	6400	7.44037081889	0.0	383025	371.926573612	6.4
6994.19562189	6400	7.56844424528	0.0	383025	371.926573612	6.4
6994.56754846	6400	7.69651767167	0.0	383025	371.926573612	6.4
6994.94052086	6400	7.82354528009	0.0	383025	372.972391572	6.4
6995.31425628	6400	7.94980986149	0.0	383025	373.735418606	6.4
6996.18799169	6400	7.57607444288	0.0	383025	373.735418606	6.4
6996.55064661	6400	7.71341952227	0.0	383025	362.654920616	6.4
6996.88862943	6400	7.87543670436	0.0	383025	337.98281791	6.4
6997.35253227	6400	7.53745388645	0.0	383025	337.98281791	6.4
6997.69189071	6400	7.69809543948	0.0	383025	339.358446965	6.4
6998.03124916	6400	7.85873699252	0.0	383025	339.358446965	6.4
6998.87060761	6400	7.51937854555	0.0	383025	339.358446965	6.4
6999.24683243	6400	7.64315371947	0.0	383025	376.224826085	6.4
6999.62548182	6400	7.76450432958	0.0	383025	378.649389881	6.4
7000.00413121	6400	7.8858549397	0.0	383025	378.649389881	6.4
7000.39916057	6400	7.9908255851	0.0	383025	395.0293546	6.4
7001.30408651	6400	7.58589964305	0.0	383025	404.925942049	6.4
7001.70690482	6400	7.68308133141	0.0	383025	402.818311641	6.4
7002.05660394	6400	7.83338221215	0.0	383025	349.699119261	6.4
7002.40630306	6400	7.98368309289	0.0	383025	349.699119261	6.4
7003.25600218	6400	7.63398397363	0.0	383025	349.699119261	6.4
7003.58782636	6400	7.80215978928	0.0	383025	331.824184354	6.4
7003.91648191	6400	7.97350424241	0.0	383025	328.655546868	6.4
7004.74513746	6400	7.64484869554	0.0	383025	328.655546868	6.4
7005.09116025	6400	7.79882590582	0.0	383025	346.022789718	6.4
7005.47576837	6400	7.91421778626	0.0	383025	384.608119567	6.4
7006.36037649	6400	7.52960966669	0.0	383025	384.608119567	6.4
7006.74496011	6400	7.64502604614	0.0	383025	384.58362055	6.4
7007.12867689	6400	7.76130926558	0.0	383025	383.716780563	6.4
7007.51239367	6400	7.87759248501	0.0	383025	383.716780563	6.4
7007.89611045	6400	7.99387570445	0.0	383025	383.716780563	6.4
7008.51304219	6400	7.61015892389	0.0	383025	383.716780563	6.4
7008.86534917	6400	7.7578519461	0.0	383025	352.306977787	6.4
7009.21765615	6400	7.90554496832	0.0	383025	352.306977787	6.4
7010.07440378	6400	7.54879733917	0.0	383025	356.747629144	6.4
7010.43307052	6400	7.69013059597	0.0	383025	358.666743203	6.4
7010.79173726	6400	7.83146385276	0.0	383025	358.666743203	6.4
7011.15040401	6400	7.97279710956	0.0	383025	358.666743203	6.4
7012.11963209	6400	7.5035690225	0.0	383025	469.228087064	6.4
7012.60191188	6400	7.52128923692	0.0	383025	482.279785578	6.4
7013.08419166	6400	7.53900945134	0.0	383025	482.279785578	6.4
7013.56647145	6400	7.55672966576	0.0	383025	482.279785578	6.4
7014.00104163	6400	7.62215948758	0.0	383025	434.57017818	6.4
7014.41451198	6400	7.70868913795	0.0	383025	413.470349627	6.4
7014.82798233	6400	7.79521878833	0.0	383025	413.470349627	6.4
7015.24145268	6400	7.8817484387	0.0	383025	413.470349627	6.4
7015.66557608	6400	7.95762503251	0.0	383025	424.123406186	6.4
7016.14352451	6400	7.97967660273	0.0	383025	477.94842978	6.4

