2553.50037739	3066	0.5	0.217217001627	181435	217.217001627	2.19713199349
2553.93699033	7800	0.563387053246	0.0	471531	436.612946754	3.066
2554.38185513	7866	0.618522254838	0.0	482442	444.864798408	7.8
2554.83403928	8000	0.666338107122	0.0	492120	452.184147716	7.866
2555.30923053	8000	0.691146854704	0.0	492120	475.191252418	8.0
2555.79818055	8000	0.702196840087	0.0	490176	488.950014617	8.0
2556.29909012	8333	0.701287272261	0.0	513389	500.909567826	8.0
2556.77702562	8066	0.723351764167	0.0	497055	477.935508094	7.799
2557.2733458	8466	0.727031588365	0.0	520019	496.320175803	8.066
2557.81703746	9000	0.68333992818	0.0	551265	543.691660185	8.466
2558.4424651	9266	0.557912287858	0.0	558332	625.427640322	9.0
2559.04702447	9000	0.5	0.0466470782963	536970	604.559366154	8.54741168681
2559.6492696	9000	0.5	0.102245130318	536970	602.245130318	8.59101947873
2560.24913142	9000	0.5	0.099861824549	536970	599.861824549	8.6005527018
2560.84899325	9000	0.5	0.099861824549	536970	599.861824549	8.6005527018
2561.41639258	9000	0.5	0.0673993306806	536970	567.399330681	8.73040267728
2561.86762408	9400	0.548768497747	0.0	553424	451.231502253	9.0
2562.28740336	9000	0.628989211207	0.0	522960	419.77928654	8.6
2562.63280899	9000	0.783583589889	0.0	522960	345.405621318	9.0
2562.98295472	9000	0.933437857467	0.0	532300	350.145732422	9.0
2563.22447877	8400	1.19191380484	0.0	503004	241.524052628	7.8
2563.4314733	8000	1.48491927347	0.0	481782	206.994531368	7.6
2563.63846783	8000	1.7779247421	0.0	481782	206.994531368	8.0
2563.85313102	8533	2.06326155844	0.0	510552	214.663183663	8.0
2564.03426604	6400	2.38212653953	0.0	383025	181.135018909	4.267
2564.21540106	6400	2.70099152062	0.0	383025	181.135018909	6.4
2564.39653607	6400	3.01985650172	0.0	383025	181.135018909	6.4
2564.5996647	6400	3.31672787955	0.0	383025	203.128622167	6.4
2565.27391529	6400	3.14247728823	0.0	383025	674.250591317	6.4
2565.94816588	6400	2.96822669691	0.0	383025	674.250591317	6.4
2566.62241647	6400	2.7939761056	0.0	383025	674.250591317	6.4
2567.28872703	6400	2.62766554207	0.0	383025	666.31056353	6.4
2567.91739242	6400	2.49900015284	0.0	383025	628.66538923	6.4
2568.54605781	6400	2.37033476361	0.0	383025	628.66538923	6.4
2569.17528148	6400	2.24111109237	0.0	383025	629.223671238	6.4
2569.99996483	6400	1.9164277474	0.0	383025	824.68334497	6.4
2570.9328438	7200	1.48354878035	0.0	438675	932.878967052	6.4
2572.03904962	8466	0.877342954202	0.0	527825	1106.20582614	7.2
2572.78361212	8000	0.632780459063	0.0	498375	744.562495139	7.534
2573.25322432	7066	0.663168254965	0.0	434595	469.612204098	6.132
2573.73036708	7200	0.686025493648	0.0	442995	477.142761317	7.066
2574.55872889	7600	0.5	0.142336310656	469589	828.361804305	6.63065475738
2575.69510002	8000	0.5	0.636371133912	496259	1136.37113391	5.05451546435
2576.8576623	8133	0.5	0.662562276907	508563	1162.56227691	5.34975089237
2577.89443901	8733	0.5	0.536776708779	536941	1036.77670878	5.98589316488
2578.7319821	8733	0.5	0.337543090713	525223	837.543090713	7.38282763715
2579.54455137	9000	0.5	0.312569278168	536970	812.569278168	7.48272288733
2580.17782348	9000	0.5	0.133272102674	527946	633.272102674	8.4669115893
2580.80212914	8933	0.5	0.124305662715	519390	624.305662715	8.36877734914
2581.38156148	8933	0.5	0.0794323421744	530998	579.432342174	8.6152706313
2581.88796215	9000	0.5	0.00640066527338	536970	506.400665273	8.90739733891
2582.37563508	8600	0.512327072384	0.0	513386	487.672927616	8.2
2582.82810159	7000	0.559860562043	0.0	418197	452.466510341	5.4
2583.37940262	8600	0.508559532095	0.0	525989	551.301029948	7.0
2583.97325071	9000	0.5	0.0852885620238	551655	593.848094118	8.2588457519
2584.72169823	9533	0.5	0.248447523815	584127	748.447523815	8.00620990474
2585.60526709	10000	0.5	0.38356885186	612540	883.56885186	7.99872459256
2586.66339115	10000	0.5	0.558124064624	612540	1058.12406462	7.76750374151
2587.72151521	10000	0.5	0.558124064624	612540	1058.12406462	7.76750374151
2588.90026686	10000	0.5	0.678751642256	612540	1178.75164226	7.28499343097
2590.01517898	10000	0.5	0.614912118679	612540	1114.91211868	7.54035152529
2590.90942859	9866	0.5	0.394249616408	607628	894.249616408	8.15500153437
2591.99292194	10000	0.5	0.583493348399	620415	1083.4933484	7.5320266064
2593.36940367	10000	0.5	0.87648172686	620415	1376.48172686	6.49407309256
2594.74552074	10000	0.5	0.876117074628	620415	1376.11707463	6.49553170149
2596.14866881	11600	0.5	0.903148067372	730995	1403.14806737	6.38740773051
2597.60185611	12000	0.5	0.953187299272	758640	1453.18729927	7.78725080291
2598.40311891	12266	0.5	0.301262805819	771584	801.262805819	10.7949487767
2599.03661615	11000	0.5	0.133497238199	681300	633.497238199	9.2000110472
2599.38287301	10200	0.653743137916	0.0	627772	346.256862084	9.4
2599.70961121	10000	0.827004943454	0.0	612540	326.738194462	9.8
2600.0504875	10000	0.986128653693	0.0	612540	340.876289761	10.0
2600.40341713	10000	1.13319902348	0.0	612540	352.929630214	10.0
2600.76490225	9600	1.27171390724	0.0	588186	361.485116236	9.2
2601.09931037	8666	1.43730577843	0.0	530195	334.408128813	7.732
2601.42822902	8533	1.608387128	0.0	515343	328.918650428	8.4
2601.89062309	9000	1.64599306431	0.0	539520	462.39406369	8.533
2602.35301715	9000	1.68359900062	0.0	539520	462.39406369	9.0
2602.79511816	9000	1.7414979951	0.0	539520	442.101005524	9.0
2603.13285594	9000	1.9037602112	0.0	539520	337.737783902	9.0
2603.47059373	9000	2.06602242729	0.0	539520	337.737783902	9.0
2603.753099	6400	2.28351715252	0.0	383025	282.505274774	3.8
2604.04843875	6400	2.48817740016	0.0	383025	295.339752356	6.4
2604.3437785	6400	2.69283764781	0.0	383025	295.339752356	6.4
2604.68399256	6400	2.85262359667	0.0	383025	340.214051141	6.4
2605.09175044	6400	2.94486570915	0.0	383025	407.757887513	6.4
2605.49950833	6400	3.03710782164	0.0	383025	407.757887513	6.4
2605.90726622	6400	3.12934993413	0.0	383025	407.757887513	6.4
2606.46540018	6400	3.07121597154	0.0	383025	558.133962585	6.4
2607.09530776	6400	2.94130839071	0.0	383025	629.907580833	6.4
2607.72521534	6400	2.81140080988	0.0	383025	629.907580833	6.4
2608.34640655	6400	2.69020959789	0.0	383025	621.191211984	6.4
2608.9097072	6400	2.62690895508	0.0	383025	563.300642808	6.4
2609.47300784	6400	2.56360831228	0.0	383025	563.300642808	6.4
2610.03630848	6400	2.50030766947	0.0	383025	563.300642808	6.4
2610.59960913	6400	2.43700702666	0.0	383025	563.300642808	6.4
2611.18593509	6400	2.35068105804	0.0	383025	586.325968617	6.4
2611.77639418	6400	2.26022197092	0.0	383025	590.459087119	6.4
2612.36685327	6400	2.16976288381	0.0	383025	590.459087119	6.4
2612.85764718	6400	2.17896897063	0.0	383025	490.793913177	6.4
2613.15597639	6400	2.38063976103	0.0	383025	298.329209599	6.4
2613.4543056	6400	2.58231055143	0.0	383025	298.329209599	6.4
2613.75263481	6400	2.78398134183	0.0	383025	298.329209599	6.4
2614.03633295	6400	3.00028320067	0.0	383025	283.698141165	6.4
2614.31562569	6400	3.2209904623	0.0	383025	279.292738368	6.4
2614.59491843	6400	3.44169772393	0.0	383025	279.292738368	6.4
2614.87607331	6400	3.66054284402	0.0	383025	281.154879913	6.4
2615.50853297	6400	3.52808318292	0.0	383025	632.4596611	6.4
2616.14099263	6400	3.39562352182	0.0	383025	632.4596611	6.4
2616.77345229	6400	3.26316386072	0.0	383025	632.4596611	6.4
2617.37243946	6400	3.16417669247	0.0	383025	598.987168248	6.4
2617.92544874	6400	3.11116741499	0.0	383025	553.009277482	6.4
2618.47845802	6400	3.05815813751	0.0	383025	553.009277482	6.4
2619.03146729	6400	3.00514886002	0.0	383025	553.009277482	6.4
2619.45174129	6400	3.08487486632	0.0	383025	420.273993704	6.4
2619.80935108	6400	3.2272650681	0.0	383025	357.609798222	6.4
2620.16696088	6400	3.36965526988	0.0	383025	357.609798222	6.4
2620.55275874	6400	3.48385741275	0.0	383025	385.797857129	6.4
2620.97482177	6400	3.56179438476	0.0	383025	422.063027987	6.4
2621.3968848	6400	3.63973135677	0.0	383025	422.063027987	6.4

