6131.99850294	3066	0.5	0.234238757409	181435	234.238757409	2.12904497036
6132.47935369	7800	0.519149251689	0.0	471531	480.850748311	3.066
6132.96947993	7866	0.529023010325	0.0	482442	490.126241364	7.8
6133.46783348	8000	0.530669455079	0.0	492120	498.353555246	7.866
6133.91730929	8000	0.581193645621	0.0	492120	449.475809458	8.0
6134.34424044	8000	0.654262504744	0.0	490176	426.931140877	8.0
6134.78760101	8333	0.710901933268	0.0	513389	443.360571476	8.0
6135.21940089	8066	0.779102052758	0.0	497055	431.79988051	7.799
6135.66745396	8466	0.831048976011	0.0	520019	448.053076747	8.066
6136.39814901	9000	0.600353927116	0.0	551265	730.695048894	8.466
6137.37958102	9266	0.5	0.381078077508	558332	981.432004625	7.47568768997
6138.32652388	9000	0.5	0.446942864682	536970	946.942864682	6.94622854127
6139.27346675	9000	0.5	0.446942864682	536970	946.942864682	7.21222854127
6139.99456787	9000	0.5	0.22110112291	536970	721.10112291	8.11559550836
6140.48206238	9000	0.512505490651	0.0	536970	487.494509349	9.0
6140.96955689	9000	0.525010981302	0.0	536970	487.494509349	9.0
6141.46953797	9400	0.525029899785	0.0	553424	499.981081517	9.0
6141.9464006	9000	0.548167265728	0.0	522960	476.862634056	8.6
6142.42326324	9000	0.571304631672	0.0	522960	476.862634056	9.0
6142.84657825	9000	0.647989619535	0.0	532300	423.315012138	9.0
6143.24623554	8400	0.748332333802	0.0	503004	399.657285733	7.8
6143.63240631	8000	0.862161554972	0.0	481782	386.17077883	7.6
6144.01848499	8000	0.976082876829	0.0	481782	386.078678143	8.0
6144.42262216	8533	1.07194570678	0.0	510552	404.137170051	8.0
6144.84353148	9000	1.15103638471	0.0	536970	420.909322071	8.533
6145.26444081	9000	1.23012706264	0.0	536970	420.909322071	9.0
6145.70069044	9000	1.29387742836	0.0	536970	436.249634278	9.0
6146.15216716	9000	1.34240070484	0.0	536970	451.476723515	9.0
6146.60364389	9000	1.39092398133	0.0	536970	451.476723515	9.0
6147.08073111	9533	1.41383676131	0.0	573990	477.087220013	9.0
6147.56654355	9666	1.42802432432	0.0	586715	485.812436996	9.533
6148.0152978	9000	1.47927006691	0.0	551265	448.754257405	8.334
6148.46405206	9000	1.53051580951	0.0	551265	448.754257405	9.0
6148.91280632	9000	1.5817615521	0.0	551265	448.754257405	9.0
6149.36156057	9000	1.6330072947	0.0	551265	448.754257405	9.0
6149.84829904	9000	1.64626883392	0.0	551265	486.73846078	9.0
6150.37233837	9000	1.62222949605	0.0	551265	524.039337863	9.0
6150.87749699	8466	1.61707088176	0.0	527825	505.158614292	7.932
6151.35893387	8000	1.63563399568	0.0	498375	481.436886085	7.534
6151.7889965	7066	1.70557136511	0.0	434595	430.062630565	6.132
6152.2091533	7200	1.7854145649	0.0	442995	420.156800211	7.066
6152.64017005	7600	1.85439782307	0.0	469589	431.01674183	7.2
6153.09112255	8000	1.90344531506	0.0	496259	450.95250801	7.6
6153.55127228	8133	1.94329559419	0.0	508563	460.149720873	8.0
6154.007187	8733	1.987380867	0.0	536941	455.914727189	8.133
6154.43403862	8733	2.06052925255	0.0	525223	426.851614453	8.733
6154.7669842	6400	2.22758366634	0.0	383025	332.94558621	4.067
6155.09992979	6400	2.39463808013	0.0	383025	332.94558621	6.4
6155.43287538	6400	2.56169249392	0.0	383025	332.94558621	6.4
6155.76582096	6400	2.72874690771	0.0	383025	332.94558621	6.4
6156.12273027	6400	2.87183759965	0.0	383025	356.90930805	6.4
6156.50074207	6400	2.99382579857	0.0	383025	378.011801081	6.4
6156.87875387	6400	3.11581399749	0.0	383025	378.011801081	6.4
6157.25676567	6400	3.23780219641	0.0	383025	378.011801081	6.4
6157.63477747	6400	3.35979039533	0.0	383025	378.011801081	6.4
6158.01278928	6400	3.48177859425	0.0	383025	378.011801081	6.4
6158.38207759	6400	3.61249027606	0.0	383025	369.288318185	6.4
6158.74348182	6400	3.75108605067	0.0	383025	361.404225394	6.4
6159.10488604	6400	3.88968182527	0.0	383025	361.404225394	6.4
6159.46629027	6400	4.02827759988	0.0	383025	361.404225394	6.4
6159.8276945	6400	4.16687337449	0.0	383025	361.404225394	6.4
6160.18909872	6400	4.30546914909	0.0	383025	361.404225394	6.4
6160.55067256	6400	4.44389531171	0.0	383025	361.573837385	6.4
6160.91389583	6400	4.58067203783	0.0	383025	363.22327388	6.4
6161.27711911	6400	4.71744876395	0.0	383025	363.22327388	6.4
6161.64034238	6400	4.85422549007	0.0	383025	363.22327388	6.4
6162.00356565	6400	4.99100221619	0.0	383025	363.22327388	6.4
6162.36678893	6400	5.12777894231	0.0	383025	363.22327388	6.4
6162.71802788	6400	5.27653999363	0.0	383025	351.238948674	6.4
6163.06621562	6400	5.42835224595	0.0	383025	348.187747683	6.4
6163.41440337	6400	5.58016449827	0.0	383025	348.187747683	6.4
6163.76259112	6400	5.73197675058	0.0	383025	348.187747683	6.4
6164.11077887	6400	5.8837890029	0.0	383025	348.187747683	6.4
6164.45896661	6400	6.03560125522	0.0	383025	348.187747683	6.4
6164.78695544	6400	6.20761242847	0.0	383025	327.988826747	6.4
6165.09723227	6400	6.39733559741	0.0	383025	310.276831065	6.4
6165.4075091	6400	6.58705876634	0.0	383025	310.276831065	6.4
6165.71778593	6400	6.77678193528	0.0	383025	310.276831065	6.4
6166.02806277	6400	6.96650510421	0.0	383025	310.276831065	6.4
6166.3383396	6400	7.15622827315	0.0	383025	310.276831065	6.4
6166.72362801	6400	7.27093985504	0.0	383025	385.288418102	6.4
6167.11843249	6400	7.37613537699	0.0	383025	394.804478057	6.4
6167.51323697	6400	7.48133089893	0.0	383025	394.804478057	6.4
6167.90804145	6400	7.58652642087	0.0	383025	394.804478057	6.4
6168.30284593	6400	7.69172194282	0.0	383025	394.804478057	6.4
6168.6976504	6400	7.79691746476	0.0	383025	394.804478057	6.4
6169.08891104	6400	7.90565683146	0.0	383025	391.260633299	6.4
6169.97922051	6400	7.51534735536	0.0	383025	390.309476097	6.4
6170.36952999	6400	7.62503787927	0.0	383025	390.309476097	6.4
6170.80872152	6400	7.68584635443	0.0	383025	439.191524835	6.4
6171.25407425	6400	7.74049361879	0.0	383025	445.352735644	6.4
6171.69942699	6400	7.79514088314	0.0	383025	445.352735644	6.4
6172.14477972	6400	7.8497881475	0.0	383025	445.352735644	6.4
6172.59013246	6400	7.90443541186	0.0	383025	445.352735644	6.4
6173.03548519	6400	7.95908267621	0.0	383025	445.352735644	6.4
6173.97583427	6400	7.51873360385	0.0	383025	440.34907236	6.4
6174.39731324	6400	7.59725462467	0.0	383025	421.478979178	6.4
6174.81879222	6400	7.67577564549	0.0	383025	421.478979178	6.4
6175.18155983	6400	7.81300804293	0.0	383025	362.767602567	6.4
6175.51433053	6400	7.98023734416	0.0	383025	332.770698766	6.4
6176.34710122	6400	7.6474666454	0.0	383025	332.770698766	6.4
6176.65727929	6400	7.83728857783	0.0	383025	310.178067572	6.4
6177.45082988	6400	7.54373798534	0.0	383025	293.550592487	6.4
6177.74438048	6400	7.75018739285	0.0	383025	293.550592487	6.4
6178.03793107	6400	7.95663680036	0.0	383025	293.550592487	6.4
6178.87583583	6400	7.61873203691	0.0	383025	337.904763456	6.4
6179.22963322	6400	7.76493465007	0.0	383025	353.797386842	6.4
6179.58343061	6400	7.91113726322	0.0	383025	353.797386842	6.4
6180.10019184	6400	7.55733987638	0.0	383025	353.797386842	6.4
6180.4379147	6400	7.71961701668	0.0	383025	337.722859706	6.4
6180.77563756	6400	7.88189415697	0.0	383025	337.722859706	6.4
6181.61336042	6400	7.54417129726	0.0	383025	337.722859706	6.4
6181.98815982	6400	7.66937189869	0.0	383025	374.79939857	6.4
6182.39726923	6400	7.76026248642	0.0	383025	409.109412271	6.4
6182.80637864	6400	7.85115307415	0.0	383025	409.109412271	6.4
6183.21548806	6400	7.94204366188	0.0	383025	409.109412271	6.4
6183.64196697	6400	7.53293424961	0.0	383025	409.109412271	6.4
6184.20084109	6400	7.47406013257	0.0	383025	558.874117041	6.4
6184.75971521	6400	7.41518601553	0.0	383025	558.874117041	6.4
6185.31858932	6400	7.35631189849	0.0	383025	558.874117041	6.4

