916.601571659	3066	0.5	0.224464361462	181435	224.464361462	2.16814255415
917.057019753	7800	0.544551906608	0.0	471531	455.448093392	3.066
917.521155534	7866	0.58041612535	0.0	482442	464.135781258	7.8
917.985292355	8000	0.616279304327	0.0	492120	464.136821023	7.866
918.457073253	8000	0.644498406675	0.0	492120	471.780897652	8.0
918.960127473	8000	0.641444186018	0.0	490176	503.054220657	8.0
919.489922885	8333	0.611648774286	0.0	513389	529.795411732	8.0
920.061313926	8066	0.540257733025	0.0	497055	571.391041261	7.799
920.658233421	8466	0.5	0.0566617612757	520019	596.919494301	7.8393529549
921.292368216	9000	0.5	0.134134795684	551265	634.134795684	7.92946081726
921.933606802	9266	0.5	0.141238585333	558332	641.238585333	8.43504565867
922.480853434	9000	0.5	0.0472466323758	536970	547.246632376	8.5450134705
923.018372316	9000	0.5	0.0375188814115	536970	537.518881412	8.84992447435
923.554192945	9000	0.5	0.0358206291843	536970	535.820629184	8.85671748326
924.07613433	9000	0.5	0.0219413848048	536970	521.941384805	8.91223446078
924.601371852	9000	0.5	0.025237522185	536970	525.237522185	8.89904991126
925.174477096	9400	0.5	0.0731052443478	553424	573.105244348	8.70757902261
925.711114793	9000	0.5	0.0366376967932	522960	536.637696793	8.45344921283
926.215031374	9000	0.5	0.00391658148086	522960	503.916581481	8.98433367408
926.726289888	9000	0.5	0.0112585139089	532300	511.258513909	8.95496594436
927.213307904	8400	0.51298198448	0.0	503004	487.01801552	7.8
927.696546231	8000	0.52974365682	0.0	481782	483.23832766	7.6
928.186782991	8000	0.539506896961	0.0	481782	490.23675986	8.0
928.751068803	8533	0.5	0.0247789150922	510552	564.285812053	7.90088433963
929.384950805	9000	0.5	0.133882001664	536970	633.882001664	7.99747199334
930.005521799	9000	0.5	0.120570993681	536970	620.570993681	8.51771602528
930.621921506	9000	0.5	0.116399707071	536970	616.399707071	8.53440117172
931.151944176	9000	0.5	0.0300226699142	536970	530.022669914	8.87990932034
931.66852979	9000	0.5	0.0165856139415	536970	516.585613942	8.93365754423
932.204547039	9533	0.5	0.0360172498825	573990	536.017249883	8.85593100047
932.718500967	9666	0.5	0.0139539276877	586715	513.953927688	9.47718428925
933.187181883	9000	0.531319083791	0.0	551265	468.680916209	8.334
933.613058669	9000	0.605442298346	0.0	551265	425.876785445	9.0
934.041951512	9000	0.676549454686	0.0	551265	428.89284366	9.0
934.479188497	9000	0.739312470058	0.0	551265	437.236984628	9.0
934.918123237	9000	0.800377729742	0.0	551265	438.934740316	9.0
935.357259586	9000	0.861241381272	0.0	551265	439.13634847	9.0
935.889498719	8466	0.829002248555	0.0	527825	532.239132717	7.932
936.414289942	8000	0.804211024801	0.0	498375	524.791223755	7.534
936.887592676	7066	0.83090829098	0.0	434595	473.302733821	6.132
937.356144762	7200	0.862356204882	0.0	442995	468.552086098	7.066
937.847704203	7600	0.870796763721	0.0	469589	491.559441161	7.2
938.266629219	8000	0.951871748295	0.0	496259	418.925015426	7.6
938.678393731	8133	1.04010723569	0.0	508563	411.764512602	8.0
939.169671078	8733	1.04882988935	0.0	536941	491.277346339	8.133
939.672210622	8733	1.04629034467	0.0	525223	502.539544687	8.733
940.201555574	9000	1.01694539327	0.0	536970	529.3449514	8.733
940.723961693	9000	0.994539273927	0.0	527946	522.40611934	9.0
941.239235967	8933	0.979265000044	0.0	519390	515.274273884	8.866
941.769530222	8933	0.948970745538	0.0	530998	530.294254506	8.933
942.304628333	9000	0.913872634445	0.0	536970	535.098111092	8.933
942.805413288	8600	0.913087678808	0.0	513386	500.784955637	8.2
943.228178783	7000	0.990322184438	0.0	418197	422.76549437	5.4
943.786869506	8600	0.931631461578	0.0	525989	558.69072286	7.0
944.386385929	9000	0.832115038459	0.0	551655	599.516423119	8.6
945.040055676	9533	0.678445291092	0.0	584127	653.669747367	9.0
945.663840004	10000	0.554660963251	0.0	612540	623.784327841	9.533
946.299081342	10000	0.5	0.0805803751123	612540	635.241338364	9.67767849955
947.00982737	10000	0.5	0.210746028072	612540	710.746028072	9.15701588771
947.67215462	10000	0.5	0.162327249761	612540	662.327249761	9.35069100095
948.318397724	10000	0.5	0.14624310428	612540	646.24310428	9.41502758288
949.166496461	9866	0.5	0.348098736859	607628	848.098736859	8.33960505257
949.909213001	10000	0.5	0.242716539302	620415	742.716539302	8.89513384279
950.513141185	10000	0.5	0.103928184355	620415	603.928184355	9.58428726258
951.122409691	10000	0.5	0.109268505817	620415	609.268505817	9.56292597673
951.814322146	11600	0.5	0.191912455604	730995	691.912455604	9.23235017758
952.510312747	12000	0.5	0.195990601124	758640	695.990601124	10.8160375955
953.19358527	12266	0.5	0.18327252238	771584	683.27252238	11.2669099105
953.762921776	11000	0.5	0.0693365060167	681300	569.336506017	9.45665397593
954.356252632	10200	0.5	0.0933308559851	627772	593.330855985	9.02667657606
954.955066934	10000	0.5	0.0988143024805	612540	598.81430248	9.40474279008
955.531220427	10000	0.5	0.076153492376	612540	576.153492376	9.6953860305
956.097289767	10000	0.5	0.0660693402401	612540	566.06934024	9.73572263904
956.634519694	9600	0.5	0.037229927286	588186	537.229927286	9.05108029086
957.110779621	8666	0.523740073265	0.0	530195	476.259926735	7.732
957.579484724	8533	0.555034969851	0.0	515343	468.705103414	8.4
958.118536055	9000	0.515983639372	0.0	539520	539.051330479	8.533
958.652628359	9000	0.5	0.0181086643248	539520	534.092303696	8.9275653427
959.179066389	9000	0.5	0.0264380302532	539520	526.438030253	8.89424787899
959.70077335	9000	0.5	0.0217069616632	539520	521.706961663	8.91317215335
960.21835167	9000	0.5	0.0175783198688	539520	517.578319869	8.92968672052
960.735000947	9000	0.5	0.0166492770982	540862	516.649277098	8.93340289161
961.252681581	9000	0.5	0.0176806335849	539793	517.680633585	8.92927746566
961.830212506	9933	0.5	0.0775309252631	600065	577.530925263	8.68987629895
962.34216974	9533	0.5	0.0119572333059	573695	511.957233306	9.08517106678
962.792752991	9000	0.549416748531	0.0	537795	450.583251469	8.467
963.174495659	7800	0.667674080704	0.0	462222	381.742667827	6.6
963.544209939	7800	0.797959801008	0.0	456146	369.714279696	7.8
963.894453113	7666	0.947716626399	0.0	447075	350.243174609	7.532
964.223672693	7133	1.11849704674	0.0	421103	329.21957966	6.6
964.58950521	8000	1.25266452987	0.0	476265	365.832516868	7.133
964.945429009	7733	1.39674073016	0.0	454837	355.923799708	7.466
965.315398424	8000	1.52677131601	0.0	462300	369.969414154	7.733
965.695085371	8000	1.64708436903	0.0	462300	379.686946984	8.0
966.109802263	8000	1.73236747666	0.0	468906	414.716892361	8.0
966.547005504	8000	1.79516423587	0.0	467438	437.203240792	8.0
967.010888946	7933	1.83128079313	0.0	465132	463.883442741	7.866
967.532796616	7533	1.80937312341	0.0	455338	521.907669719	7.133
968.15212546	8866	1.69004427988	0.0	543071	619.328843537	7.533
968.796358495	9000	1.54581124479	0.0	551023	644.233035082	8.866
969.299239641	10000	1.54293009872	0.0	612540	502.881146076	9.0
969.802868371	10000	1.53930136823	0.0	612540	503.628730484	10.0
970.308063639	10000	1.53410610028	0.0	612540	505.195267956	10.0
970.77594849	9066	1.5662212494	0.0	555398	467.884850876	8.132
971.206978192	9000	1.63519154709	0.0	551655	431.029702308	8.934
971.62412233	9000	1.7180474096	0.0	551655	417.144137493	9.0
972.034490166	9000	1.8076795731	0.0	551655	410.367836505	9.0
972.48919327	9000	1.85297647005	0.0	551655	454.703103045	9.0
972.981022591	8533	1.86114714853	0.0	521611	491.829321521	8.066
973.454777476	8000	1.88739226341	0.0	487275	473.754885123	7.467
973.928532361	8000	1.91363737828	0.0	487275	473.754885123	8.0
974.402287246	8000	1.93988249316	0.0	487275	473.754885123	8.0
974.831858191	7133	2.01031154854	0.0	432597	429.57094462	6.266
975.19610018	6400	2.14606955918	0.0	383025	364.241989365	5.667
975.545349863	6400	2.29681987678	0.0	383025	349.249682394	6.4
975.894599545	6400	2.44757019439	0.0	383025	349.249682394	6.4
976.258171577	6400	2.5839981621	0.0	383025	363.572032292	6.4
976.630548566	6400	2.71162117333	0.0	383025	372.376988764	6.4
977.002306809	6400	2.83986293099	0.0	383025	371.758242344	6.4
977.373759944	6400	2.96840979528	0.0	383025	371.453135712	6.4

