5889.06430907	3066	0.5	0.248383419963	181435	248.383419963	2.07246632015
5889.58192035	7800	0.5	0.0176112789625	471531	517.611278963	2.99555488415
5890.10965775	7866	0.5	0.0277373929715	482442	527.737392971	7.68905042811
5890.64637695	8000	0.5	0.0367192031977	492120	536.719203198	7.71912318721
5891.18309615	8000	0.5	0.0367192031977	492120	536.719203198	7.85312318721
5891.7180112	8000	0.5	0.0349150454089	490176	534.915045409	7.86033981836
5892.23983106	8333	0.5	0.0218198624633	513389	521.819862463	7.91272055015
5892.71932777	8066	0.520503292886	0.0	497055	479.496707114	7.799
5893.21728127	8466	0.522549790483	0.0	520019	497.953502403	8.066
5893.74034804	9000	0.5	0.000516977273631	551265	523.066767757	8.46393209091
5894.25187981	9266	0.5	0.0115317771086	558332	511.531777109	8.95387289157
5894.73895092	9000	0.512928893616	0.0	536970	487.071106384	8.734
5895.22602203	9000	0.525857787231	0.0	536970	487.071106384	9.0
5895.71309313	9000	0.538786680847	0.0	536970	487.071106384	9.0
5896.20016424	9000	0.551715574463	0.0	536970	487.071106384	9.0
5896.68699453	9000	0.564885283471	0.0	536970	486.830290992	9.0
5897.10940189	9400	0.642477925615	0.0	553424	422.407357856	9.0
5897.51296095	9000	0.73891886084	0.0	522960	403.559064775	8.6
5897.91652002	9000	0.835359796065	0.0	522960	403.559064775	9.0
5898.31368712	9000	0.938192693933	0.0	532300	397.167102131	9.0
5898.66699692	8400	1.08488289778	0.0	503004	353.309796154	7.8
5899.00877563	8000	1.24310418387	0.0	481782	341.778713908	7.6
5899.35055434	8000	1.40132546996	0.0	481782	341.778713908	8.0
5899.70796539	8533	1.5439144294	0.0	510552	357.41104056	8.0
5900.07973078	9000	1.67214903342	0.0	536970	371.765395982	8.533
5900.46998516	9000	1.78189465379	0.0	536970	390.254379631	9.0
5900.86285802	9000	1.88902179767	0.0	536970	392.872856121	9.0
5901.25573087	9000	1.99614894155	0.0	536970	392.872856121	9.0
5901.68705307	9000	2.06482674468	0.0	536970	431.322196873	9.0
5902.02710672	6400	2.22477309684	0.0	383025	340.053647841	3.8
5902.36716037	6400	2.38471944899	0.0	383025	340.053647841	6.4
5902.70721401	6400	2.54466580115	0.0	383025	340.053647841	6.4
5903.05005135	6400	2.70182846759	0.0	383025	342.837333568	6.4
5903.400252	6400	2.85162781853	0.0	383025	350.200649054	6.4
5903.75045265	6400	3.00142716948	0.0	383025	350.200649054	6.4
5904.10065329	6400	3.15122652042	0.0	383025	350.200649054	6.4
5904.45085394	6400	3.30102587137	0.0	383025	350.200649054	6.4
5904.80105459	6400	3.45082522231	0.0	383025	350.200649054	6.4
5905.13993412	6400	3.61194569187	0.0	383025	338.879530443	6.4
5905.44331099	6400	3.80856882038	0.0	383025	303.376871486	6.4
5905.74668787	6400	4.0051919489	0.0	383025	303.376871486	6.4
5906.05006474	6400	4.20181507741	0.0	383025	303.376871486	6.4
5906.35344161	6400	4.39843820593	0.0	383025	303.376871486	6.4
5906.65681848	6400	4.59506133444	0.0	383025	303.376871486	6.4
5906.96710156	6400	4.78477825728	0.0	383025	310.283077159	6.4
5907.30532589	6400	4.94655392351	0.0	383025	338.224333771	6.4
5907.64355023	6400	5.10832958974	0.0	383025	338.224333771	6.4
5907.98177456	6400	5.27010525597	0.0	383025	338.224333771	6.4
5908.31999889	6400	5.4318809222	0.0	383025	338.224333771	6.4
5908.65822323	6400	5.59365658843	0.0	383025	338.224333771	6.4
5908.99119035	6400	5.76068946881	0.0	383025	332.967119614	6.4
5909.31255541	6400	5.93932440192	0.0	383025	321.365066891	6.4
5909.63392048	6400	6.11795933503	0.0	383025	321.365066891	6.4
5909.95528555	6400	6.29659426814	0.0	383025	321.365066891	6.4
5910.27665061	6400	6.47522920125	0.0	383025	321.365066891	6.4
5910.59883237	6400	6.65304744178	0.0	383025	322.181759474	6.4
5910.9221283	6400	6.82975151876	0.0	383025	323.295923013	6.4
5911.24542422	6400	7.00645559575	0.0	383025	323.295923013	6.4
5911.56872014	6400	7.18315967274	0.0	383025	323.295923013	6.4
5911.89201607	6400	7.35986374972	0.0	383025	323.295923013	6.4
5912.21531199	6400	7.53656782671	0.0	383025	323.295923013	6.4
5912.5380048	6400	7.71387501963	0.0	383025	322.69280708	6.4
5912.85952602	6400	7.89235379136	0.0	383025	321.521228274	6.4
5913.68104725	6400	7.57083256308	0.0	383025	321.521228274	6.4
5914.00256848	6400	7.74931133481	0.0	383025	321.521228274	6.4
5914.35794865	6400	7.89393116237	0.0	383025	355.380172435	6.4
5915.21875454	6400	7.53312527916	0.0	383025	360.805883208	6.4
5915.57956042	6400	7.67231939596	0.0	383025	360.805883208	6.4
5915.9403663	6400	7.81151351275	0.0	383025	360.805883208	6.4
5916.27767154	6400	7.97420827158	0.0	383025	337.305241168	6.4
5917.10467851	6400	7.64720130118	0.0	383025	327.006970401	6.4
5917.43168548	6400	7.82019433078	0.0	383025	327.006970401	6.4
5917.81860429	6400	7.93327552637	0.0	383025	386.918804405	6.4
5918.71859484	6400	7.53328497306	0.0	383025	399.99055331	6.4
5919.1185854	6400	7.63329441975	0.0	383025	399.99055331	6.4
5919.51857595	6400	7.73330386645	0.0	383025	399.99055331	6.4
5919.93000229	6400	7.82187752037	0.0	383025	411.426346077	6.4
5920.34898854	6400	7.90289127791	0.0	383025	418.98624246	6.4
5920.76797478	6400	7.98390503545	0.0	383025	418.98624246	6.4
5921.68696102	6400	7.56491879299	0.0	383025	418.98624246	6.4
5922.15538786	6400	7.59649195187	0.0	383025	468.426841119	6.4
5922.62843383	6400	7.62344598511	0.0	383025	473.045966759	6.4
5923.1014798	6400	7.65040001835	0.0	383025	473.045966759	6.4
5923.57452576	6400	7.67735405159	0.0	383025	473.045966759	6.4
5924.04757173	6400	7.70430808483	0.0	383025	473.045966759	6.4
5924.49850232	6400	7.7533774967	0.0	383025	450.930588128	6.4
5924.89575956	6400	7.85612025141	0.0	383025	397.25724529	6.4
5925.29301681	6400	7.95886300612	0.0	383025	397.25724529	6.4
5925.90462249	6400	7.56160576083	0.0	383025	397.25724529	6.4
5926.32581721	6400	7.64041104671	0.0	383025	421.194714124	6.4
5926.74701192	6400	7.71921633259	0.0	383025	421.194714124	6.4
5927.16820663	6400	7.79802161846	0.0	383025	421.194714124	6.4
5927.58940135	6400	7.87682690434	0.0	383025	421.194714124	6.4
5928.01059606	6400	7.95563219021	0.0	383025	421.194714124	6.4
5928.92282468	6400	7.54340357543	0.0	383025	412.228614784	6.4
5929.32507901	6400	7.64114924321	0.0	383025	402.254332218	6.4
5929.76538459	6400	7.70084365786	0.0	383025	440.305585355	6.4
5930.28217525	6400	7.68405300597	0.0	383025	516.790651891	6.4
5930.7989659	6400	7.66726235408	0.0	383025	516.790651891	6.4
5931.31575655	6400	7.65047170218	0.0	383025	516.790651891	6.4
5931.8325472	6400	7.63368105029	0.0	383025	516.790651891	6.4
5932.40571987	6400	7.56050838355	0.0	383025	573.172666746	6.4
5933.01403956	6400	7.4521886962	0.0	383025	608.319687346	6.4
5933.62235924	6400	7.34386900886	0.0	383025	608.319687346	6.4
5934.23067893	6400	7.23554932151	0.0	383025	608.319687346	6.4
5934.83899862	6400	7.12722963416	0.0	383025	608.319687346	6.4
5935.44731831	6400	7.01890994682	0.0	383025	608.319687346	6.4
5936.0779138	6400	6.88831444795	0.0	383025	630.595498864	6.4
5936.71099085	6400	6.75523740761	0.0	383025	633.077040342	6.4
5937.34406789	6400	6.62216036727	0.0	383025	633.077040342	6.4
5937.97714493	6400	6.48908332693	0.0	383025	633.077040342	6.4
5938.61022197	6400	6.35600628659	0.0	383025	633.077040342	6.4
5939.24329901	6400	6.22292924624	0.0	383025	633.077040342	6.4
5939.85180687	6400	6.11442138302	0.0	383025	608.507863219	6.4
5940.43899211	6400	6.02723613981	0.0	383025	587.185243211	6.4
5941.02617736	6400	5.9400508966	0.0	383025	587.185243211	6.4
5941.6133626	6400	5.85286565339	0.0	383025	587.185243211	6.4
5942.20054784	6400	5.76568041018	0.0	383025	587.185243211	6.4
5942.78773309	6400	5.67849516697	0.0	383025	587.185243211	6.4
5943.42037451	6400	5.54585373792	0.0	383025	632.641429045	6.4

