5768.51235693	3066	0.5	0.341949823845	181435	341.949823845	1.69820070462
5769.27313772	7800	0.5	0.260780788643	471531	760.780788643	2.02287684543
5770.04967145	7866	0.5	0.276533727866	482442	776.533727866	6.69386508853
5770.84017795	8000	0.5	0.290506502663	492120	790.506502663	6.70397398935
5771.62537819	8000	0.5	0.285200241469	492120	785.200241469	6.85919903413
5772.39865018	8000	0.5	0.273271981964	490176	773.271981964	6.90691207215
5773.20475306	8333	0.5	0.306102888653	513389	806.102888653	6.77558844539
5773.98775424	8066	0.5	0.283001177118	497055	783.001177118	6.66699529153
5774.80323416	8466	0.5	0.315479914946	520019	815.479914946	6.80408034021
5775.65249988	9000	0.5	0.349265719215	551265	849.265719215	7.06893712314
5776.46449929	9266	0.5	0.311999414398	558332	811.999414398	7.75200234241
5777.24849212	9000	0.5	0.283992831415	536970	783.992831415	7.59802867434
5777.96734012	9000	0.5	0.218848000715	536970	718.848000715	8.12460799714
5778.48481683	9000	0.5	0.0174767113162	536970	517.476711316	8.93009315474
5779.00229355	9000	0.5	0.0174767113162	536970	517.476711316	8.93009315474
5779.51977026	9000	0.5	0.0174767113162	536970	517.476711316	8.93009315474
5779.85067831	9400	0.669091946801	0.0	553424	330.908053199	9.0
5780.16750742	9000	0.852262836076	0.0	522960	316.829110725	8.6
5780.48433653	9000	1.03543372535	0.0	522960	316.829110725	9.0
5780.80539538	9000	1.21437487642	0.0	532300	321.058848935	9.0
5781.23417823	8400	1.2855920274	0.0	503004	428.782849014	7.8
5781.68514315	8000	1.33462711103	0.0	481782	450.96491637	7.6
5782.13610806	8000	1.38366219466	0.0	481782	450.96491637	8.0
5782.60922545	8533	1.41054480966	0.0	510552	473.117385005	8.0
5783.11331076	9000	1.40645949152	0.0	536970	504.085318141	8.533
5783.63562231	9000	1.38414794954	0.0	536970	522.311541982	9.0
5784.15793385	9000	1.36183640755	0.0	536970	522.311541982	9.0
5784.68024539	9000	1.33952486557	0.0	536970	522.311541982	9.0
5785.16106032	9000	1.35870993862	0.0	536970	480.814926953	9.0
5785.57584352	9533	1.44392673752	0.0	573990	414.783201099	9.0
5785.99804865	9666	1.52172160184	0.0	586715	422.205135686	9.533
5786.40034795	9000	1.61942230683	0.0	551265	402.299295002	8.334
5786.80606402	9000	1.71370623778	0.0	551265	405.716069055	9.0
5787.21178009	9000	1.80799016872	0.0	551265	405.716069055	9.0
5787.61749616	9000	1.90227409967	0.0	551265	405.716069055	9.0
5788.02930393	9000	1.99046632898	0.0	551265	411.807770685	9.0
5788.49550351	9000	2.02426675016	0.0	551265	466.19957882	9.0
5788.84383923	6400	2.17593102474	0.0	383025	348.335725427	3.8
5789.19217496	6400	2.32759529931	0.0	383025	348.335725427	6.4
5789.54051068	6400	2.47925957388	0.0	383025	348.335725427	6.4
5789.88217213	6400	2.63759812438	0.0	383025	341.661449505	6.4
5790.20433941	6400	2.81543084249	0.0	383025	322.167281889	6.4
5790.5265067	6400	2.9932635606	0.0	383025	322.167281889	6.4
5790.84867398	6400	3.17109627871	0.0	383025	322.167281889	6.4
5791.17084126	6400	3.34892899682	0.0	383025	322.167281889	6.4
5791.49300854	6400	3.52676171494	0.0	383025	322.167281889	6.4
5791.8286461	6400	3.69112415725	0.0	383025	335.637557681	6.4
5792.17501826	6400	3.84475199886	0.0	383025	346.372158397	6.4
5792.52139042	6400	3.99837984046	0.0	383025	346.372158397	6.4
5792.86776257	6400	4.15200768206	0.0	383025	346.372158397	6.4
5793.21413473	6400	4.30563552367	0.0	383025	346.372158397	6.4
5793.48436225	6400	4.53540800926	0.0	383025	270.227514408	6.4
5793.7462578	6400	4.77351245404	0.0	383025	261.89555522	6.4
5794.00815336	6400	5.01161689882	0.0	383025	261.89555522	6.4
5794.27004891	6400	5.2497213436	0.0	383025	261.89555522	6.4
5794.53194447	6400	5.48782578838	0.0	383025	261.89555522	6.4
5794.80609826	6400	5.71367199975	0.0	383025	274.153788631	6.4
5795.11933085	6400	5.90043940536	0.0	383025	313.232594387	6.4
5795.43256345	6400	6.08720681097	0.0	383025	313.232594387	6.4
5795.74579604	6400	6.27397421659	0.0	383025	313.232594387	6.4
5796.05902863	6400	6.4607416222	0.0	383025	313.232594387	6.4
5796.3745486	6400	6.64522165849	0.0	383025	315.519963715	6.4
5796.69640616	6400	6.82336409834	0.0	383025	321.857560146	6.4
5797.01826372	6400	7.00150653819	0.0	383025	321.857560146	6.4
5797.34012128	6400	7.17964897805	0.0	383025	321.857560146	6.4
5797.66197884	6400	7.3577914179	0.0	383025	321.857560146	6.4
5797.9838364	6400	7.53593385776	0.0	383025	321.857560146	6.4
5798.65307545	6400	7.3666948075	0.0	383025	669.239050251	6.4
5799.3841986	6400	7.13557165713	0.0	383025	731.123150378	6.4
5800.11532175	6400	6.90444850675	0.0	383025	731.123150378	6.4
5800.8464449	6400	6.67332535637	0.0	383025	731.123150378	6.4
5801.32980511	6400	6.68996515118	0.0	383025	483.360205188	6.4
5801.72977647	6400	6.78999379131	0.0	383025	399.971359873	6.4
5802.12974783	6400	6.89002243144	0.0	383025	399.971359873	6.4
5802.52971918	6400	6.99005107157	0.0	383025	399.971359873	6.4
5802.92969054	6400	7.09007971169	0.0	383025	399.971359873	6.4
5803.3296619	6400	7.19010835182	0.0	383025	399.971359873	6.4
5803.77769699	6400	7.24207326904	0.0	383025	448.035082776	6.4
5804.23479137	6400	7.28497888538	0.0	383025	457.094383667	6.4
5804.69188575	6400	7.32788450171	0.0	383025	457.094383667	6.4
5805.22626704	6400	7.29350321297	0.0	383025	534.381288739	6.4
5805.95179353	6400	7.06797673056	0.0	383025	725.526482406	6.4
5806.67732001	6400	6.84245024816	0.0	383025	725.526482406	6.4
5807.40284649	6400	6.61692376575	0.0	383025	725.526482406	6.4
5808.12837297	6400	6.39139728334	0.0	383025	725.526482406	6.4
5808.79205166	6400	6.22771859188	0.0	383025	663.678691469	6.4
5809.4350031	6400	6.08476715216	0.0	383025	642.951439713	6.4
5810.07795454	6400	5.94181571245	0.0	383025	642.951439713	6.4
5810.72090598	6400	5.79886427274	0.0	383025	642.951439713	6.4
5811.36385742	6400	5.65591283302	0.0	383025	642.951439713	6.4
5812.06222206	6400	5.45754819549	0.0	383025	698.36463753	6.4
5812.99835432	6400	5.02141593465	0.0	383025	936.132260848	6.4
5813.93448658	6400	4.5852836738	0.0	383025	936.132260848	6.4
5814.87061884	6400	4.14915141295	0.0	383025	936.132260848	6.4
5815.8067511	6400	3.7130191521	0.0	383025	936.132260848	6.4
5816.74288337	6400	3.27688689125	0.0	383025	936.132260848	6.4
5817.67901563	6400	2.8407546304	0.0	383025	936.132260848	6.4
5818.56451321	6400	2.45525705106	0.0	383025	885.497579341	6.4
5819.4424373	6400	2.07733295264	0.0	383025	877.924098427	6.4
5820.3203614	6400	1.69940885421	0.0	383025	877.924098427	6.4
5821.67641499	10000	0.843355261753	0.0	612540	1356.05359246	6.4
5822.9323157	10000	0.5	0.41254544416	612540	1255.90070591	8.34981822336
5823.83527486	10000	0.5	0.402959159486	612540	902.959159486	8.38816336205
5824.66146265	9066	0.5	0.326187793875	555398	826.187793875	6.8272488245
5825.48262166	9000	0.5	0.321159002068	551655	821.159002068	7.64936399173
5826.1336356	9000	0.5	0.151013944921	551655	651.013944921	8.39594422032
5826.68839915	9000	0.5	0.0547635540081	551655	554.763554008	8.78094578397
5827.2065072	9000	0.5	0.0181080403415	551655	518.108040341	8.92756783863
5827.61146543	8533	0.595041769227	0.0	521611	404.958230773	8.066
5827.99503269	8000	0.711474509526	0.0	487275	383.567259701	7.467
5828.37859995	8000	0.827907249824	0.0	487275	383.567259701	8.0
5828.76216721	8000	0.944339990123	0.0	487275	383.567259701	8.0
5829.14097272	7133	1.06553447784	0.0	432597	378.805512282	6.266
5829.57710917	7933	1.12939802425	0.0	483757	436.136453593	7.133
5830.01678522	8000	1.18972197522	0.0	488565	439.676049029	7.933
5830.45646127	8000	1.25004592619	0.0	488565	439.676049029	8.0
5830.89613732	8000	1.31036987716	0.0	488565	439.676049029	8.0
5831.29485117	6933	1.4116560217	0.0	419059	398.713855462	5.866
5831.688119	6866	1.51838819621	0.0	410775	393.267825492	6.799
5832.08367013	6866	1.62283706752	0.0	413769	395.551128686	6.866

