5715.33531027	3066	0.5	0.250445922504	181435	250.445922504	2.06421630998
5715.85828179	7800	0.5	0.0229715120257	471531	522.971512026	2.9741139519
5716.39150345	7866	0.5	0.0332216592434	482442	533.221659243	7.66711336303
5716.93381693	8000	0.5	0.0423134862779	492120	542.313486278	7.69674605489
5717.47613042	8000	0.5	0.0423134862779	492120	542.313486278	7.83074605489
5718.01661765	8000	0.5	0.0404872296386	490176	540.487229639	7.83805108145
5718.57891192	8333	0.5	0.0622942745808	513389	562.294274581	7.75082290168
5719.12586151	8066	0.5	0.0469495853082	497055	546.949585308	7.61120165877
5719.79819185	8466	0.5	0.172330342775	520019	672.330342775	7.3766786289
5720.57555362	9000	0.5	0.277361766593	551265	777.361766593	7.35655293363
5721.36185529	9266	0.5	0.286301669552	558332	786.301669552	7.85479332179
5721.9386941	9000	0.5	0.076838817445	536970	576.838817445	8.42664473022
5722.37714146	9000	0.561552641429	0.0	536970	438.447358571	9.0
5722.81558882	9000	0.623105282858	0.0	536970	438.447358571	9.0
5723.25403618	9000	0.684657924286	0.0	536970	438.447358571	9.0
5723.69248354	9000	0.746210565715	0.0	536970	438.447358571	9.0
5724.10476414	9400	0.833929966151	0.0	553424	412.280599564	9.0
5724.49852619	9000	0.94016791649	0.0	522960	393.762049662	8.6
5724.89228824	9000	1.04640586683	0.0	522960	393.762049662	9.0
5725.29960019	9000	1.13909390993	0.0	532300	407.311956895	9.0
5725.71729384	8400	1.22140026624	0.0	503004	417.693643688	7.8
5726.12074001	8000	1.31795409277	0.0	481782	403.446173477	7.6
5726.52418618	8000	1.41450791929	0.0	481782	403.446173477	8.0
5726.94694721	8533	1.49174689717	0.0	510552	422.761022124	8.0
5727.38744405	9000	1.55125005052	0.0	536970	440.496846648	8.533
5727.82396953	9000	1.61472457265	0.0	536970	436.525477865	9.0
5728.25940886	9000	1.67928524597	0.0	536970	435.439326679	9.0
5728.69484818	9000	1.7438459193	0.0	536970	435.439326679	9.0
5729.13777994	9000	1.80091416373	0.0	536970	442.931755566	9.0
5729.61035238	9533	1.82834172661	0.0	573990	472.57243712	9.0
5730.0916279	9666	1.84706620361	0.0	586715	481.275522997	9.533
5730.55272364	9000	1.8859704651	0.0	551265	461.095738509	8.334
5731.02041411	9000	1.91827999073	0.0	551265	467.690474379	9.0
5731.48810459	9000	1.95058951635	0.0	551265	467.690474379	9.0
5731.95579506	9000	1.98289904197	0.0	551265	467.690474379	9.0
5732.44933608	9000	1.9893580199	0.0	551265	493.54102207	9.0
5733.08798842	9000	1.8507056877	0.0	551265	638.652332197	9.0
5733.70288664	8466	1.73580746771	0.0	527825	614.898219988	7.932
5734.28794021	8000	1.65075389809	0.0	498375	585.053569624	7.534
5734.80835908	7066	1.63033502457	0.0	434595	520.41887352	6.132
5735.33290807	7200	1.60578603697	0.0	442995	524.548987593	7.066
5735.87897222	7600	1.55972188493	0.0	469589	546.064152043	7.2
5736.45150618	8000	1.48718792432	0.0	496259	572.533960609	7.6
5737.03625178	8133	1.4024423205	0.0	508563	584.745603826	8.0
5737.64916238	8733	1.28953172876	0.0	536941	612.910591734	8.133
5738.10920976	8733	1.32948434287	0.0	525223	460.047385891	8.733
5738.56048209	9000	1.37821201113	0.0	536970	451.272331739	8.733
5739.00551504	9000	1.43317906245	0.0	527946	445.032948679	9.0
5739.43223679	8933	1.50645731574	0.0	519390	426.721746714	8.866
5739.8413824	8933	1.59731170682	0.0	530998	409.14560892	8.933
5740.25422982	9000	1.68446428061	0.0	536970	412.847426208	8.933
5740.65245842	8600	1.78623568543	0.0	513386	398.228595176	8.2
5740.99168295	7000	1.94701115688	0.0	418197	339.224528555	5.4
5741.42654572	8600	2.01214838259	0.0	525989	434.86277429	7.0
5741.77770124	6400	2.16099286245	0.0	383025	351.155520141	4.2
5742.12885676	6400	2.30983734231	0.0	383025	351.155520141	6.4
5742.48001228	6400	2.45868182217	0.0	383025	351.155520141	6.4
5742.8311678	6400	2.60752630203	0.0	383025	351.155520141	6.4
5743.20550981	6400	2.73318429404	0.0	383025	374.342007985	6.4
5743.64986478	6400	2.78882932527	0.0	383025	444.354968769	6.4
5744.09421975	6400	2.8444743565	0.0	383025	444.354968769	6.4
5744.53857472	6400	2.90011938773	0.0	383025	444.354968769	6.4
5744.98292968	6400	2.95576441896	0.0	383025	444.354968769	6.4
5745.42728465	6400	3.01140945019	0.0	383025	444.354968769	6.4
5745.89410828	6400	3.04458582626	0.0	383025	466.823623938	6.4
5746.44509348	6400	2.99360062285	0.0	383025	550.985203406	6.4
5746.99607868	6400	2.94261541944	0.0	383025	550.985203406	6.4
5747.54706389	6400	2.89163021604	0.0	383025	550.985203406	6.4
5748.09804909	6400	2.84064501263	0.0	383025	550.985203406	6.4
5748.59243676	6400	2.8462573452	0.0	383025	494.387667432	6.4
5748.90994037	6400	3.0287537309	0.0	383025	317.503614302	6.4
5749.22744399	6400	3.2112501166	0.0	383025	317.503614302	6.4
5749.5449476	6400	3.39374650229	0.0	383025	317.503614302	6.4
5749.86245122	6400	3.57624288799	0.0	383025	317.503614302	6.4
5750.17995483	6400	3.75873927369	0.0	383025	317.503614302	6.4
5750.49096972	6400	3.94772438001	0.0	383025	311.014893679	6.4
5750.79182978	6400	4.14686431943	0.0	383025	300.860060582	6.4
5751.09268985	6400	4.34600425885	0.0	383025	300.860060582	6.4
5751.39354991	6400	4.54514419826	0.0	383025	300.860060582	6.4
5751.69440997	6400	4.74428413768	0.0	383025	300.860060582	6.4
5751.99513396	6400	4.94356013988	0.0	383025	300.723997805	6.4
5752.2950057	6400	5.14368840439	0.0	383025	299.871735488	6.4
5752.59487744	6400	5.3438166689	0.0	383025	299.871735488	6.4
5752.89474917	6400	5.54394493341	0.0	383025	299.871735488	6.4
5753.19462091	6400	5.74407319793	0.0	383025	299.871735488	6.4
5753.49449264	6400	5.94420146244	0.0	383025	299.871735488	6.4
5753.87131298	6400	6.06738112068	0.0	383025	376.820341756	6.4
5754.34122286	6400	6.09747124475	0.0	383025	469.909875928	6.4
5754.81113274	6400	6.12756136883	0.0	383025	469.909875928	6.4
5755.28104261	6400	6.1576514929	0.0	383025	469.909875928	6.4
5755.72233225	6400	6.2163618551	0.0	383025	441.289637793	6.4
5756.06261558	6400	6.37607852161	0.0	383025	340.283333499	6.4
5756.40289892	6400	6.53579518811	0.0	383025	340.283333499	6.4
5756.74318225	6400	6.69551185461	0.0	383025	340.283333499	6.4
5757.08346558	6400	6.85522852111	0.0	383025	340.283333499	6.4
5757.42374892	6400	7.01494518761	0.0	383025	340.283333499	6.4
5757.76403225	6400	7.17466185411	0.0	383025	340.283333499	6.4
5758.05930563	6400	7.37938847039	0.0	383025	295.273383722	6.4
5758.35443469	6400	7.58425941262	0.0	383025	295.129057774	6.4
5758.64956375	6400	7.78913035484	0.0	383025	295.129057774	6.4
5758.94408026	6400	7.99461384452	0.0	383025	294.516510323	6.4
5759.73590071	6400	7.7027933958	0.0	383025	291.820448718	6.4
5760.02772116	6400	7.91097294708	0.0	383025	291.820448718	6.4
5760.80812409	6400	7.63057001329	0.0	383025	280.402933789	6.4
5761.08525846	6400	7.85343564343	0.0	383025	277.134369864	6.4
5761.76992144	6400	7.57630127357	0.0	383025	277.134369864	6.4
5762.07677171	6400	7.769451004	0.0	383025	306.850269568	6.4
5762.38362198	6400	7.96260073443	0.0	383025	306.850269568	6.4
5762.83855161	6400	7.65575046486	0.0	383025	306.850269568	6.4
5763.20425386	6400	7.79004821789	0.0	383025	365.702246971	6.4
5763.56995611	6400	7.92434597092	0.0	383025	365.702246971	6.4
5764.43565836	6400	7.55864372395	0.0	383025	365.702246971	6.4
5764.83145066	6400	7.66285142347	0.0	383025	395.792300481	6.4
5765.24218861	6400	7.7521134709	0.0	383025	410.737952573	6.4
5765.65292656	6400	7.84137551832	0.0	383025	410.737952573	6.4
5766.06366451	6400	7.93063756575	0.0	383025	410.737952573	6.4
5766.65833264	6400	7.51989961318	0.0	383025	410.737952573	6.4
5767.16235747	6400	7.51587479122	0.0	383025	504.024821956	6.4
5767.66638229	6400	7.51184996927	0.0	383025	504.024821956	6.4
5768.17040711	6400	7.50782514731	0.0	383025	504.024821956	6.4

