723.794314481	3066	0.5	0.219133844765	181435	219.133844765	2.18946462094
724.235909107	7800	0.558405374068	0.0	471531	441.594625932	3.066
724.685870858	7866	0.608443622829	0.0	482442	449.961751239	7.8
725.205365292	8000	0.588949189103	0.0	492120	519.494433726	7.866
725.774866818	8000	0.519447663494	0.0	492120	569.501525609	8.0
726.447894629	8000	0.5	0.153580147715	490176	673.02781121	7.38567940914
727.149006138	8333	0.5	0.201111508864	513389	701.111508864	7.19555396454
727.802917878	8066	0.5	0.153911740232	497055	653.911740232	7.18335303907
728.482371638	8466	0.5	0.179453760083	520019	679.453760083	7.34818495967
729.18721967	9000	0.5	0.204848031991	551265	704.848031991	7.64660787204
729.900078008	9266	0.5	0.212858337456	558332	712.858337456	8.14856665018
730.474677766	9000	0.5	0.0745997581438	536970	574.599758144	8.43560096742
731.007059971	9000	0.5	0.0323822053563	536970	532.382205356	8.87047117857
731.68271509	9000	0.5	0.175655119127	536970	675.655119127	8.29737952349
732.249448829	9000	0.5	0.0667337391839	536970	566.733739184	8.73306504326
732.755789358	9000	0.5	0.00634052861205	536970	506.340528612	8.97463788555
733.266533698	9400	0.5	0.0107443395267	553424	510.744339527	8.95702264189
733.750151516	9000	0.516382181926	0.0	522960	483.617818074	8.6
734.267089526	9000	0.5	0.000555827956622	522960	516.938009883	8.99777668817
734.805349576	9000	0.5	0.038260050269	532300	538.260050269	8.84695979892
735.350954213	8400	0.5	0.045604637594	503004	545.604637594	7.61758144962
735.882479077	8000	0.5	0.0315248632031	481782	531.524863203	7.47390054719
736.336118056	8000	0.546361020916	0.0	481782	453.638979084	8.0
736.812069187	8533	0.57040988939	0.0	510552	475.951131527	8.0
737.319189505	9000	0.563289571297	0.0	536970	507.120318093	8.533
737.825565299	9000	0.556913777666	0.0	536970	506.37579363	9.0
738.313918589	9000	0.568560487685	0.0	536970	488.353289982	9.0
738.802564635	9000	0.579914441475	0.0	536970	488.64604621	9.0
739.292699799	9000	0.589779278024	0.0	536970	490.135163451	9.0
739.859134543	9533	0.52334453401	0.0	573990	566.434744014	9.0
740.474773179	9666	0.5	0.092294102008	586715	615.638636018	9.16382359197
741.036105085	9000	0.5	0.0613319061835	551265	561.331906183	8.08867237527
741.596721217	9000	0.5	0.0606161321657	551265	560.616132166	8.75753547134
742.172605599	9000	0.5	0.0758843820756	551265	575.884382076	8.6964624717
742.771198199	9000	0.5	0.0985925997621	551265	598.592599762	8.60562960095
743.411734029	9000	0.5	0.140535829996	551265	640.535829996	8.43785668001
744.18602577	9000	0.5	0.274291740736	551265	774.291740736	7.90283303706
744.913894476	8466	0.5	0.227868706834	527825	727.868706834	7.02052517266
745.481275361	8000	0.5	0.0673808846176	498375	567.380884618	7.26447646153
745.950313627	7066	0.530961733922	0.0	434595	469.038266078	6.132
746.415007003	7200	0.56626835753	0.0	442995	464.693376393	7.066
746.909592026	7600	0.571683335063	0.0	469589	494.585022466	7.2
747.428508186	8000	0.552767174877	0.0	496259	518.916160186	7.6
747.934450136	8133	0.546825224619	0.0	508563	505.941950258	8.0
748.459776583	8733	0.521498777532	0.0	536941	525.326447087	8.133
748.962546688	8733	0.518728672709	0.0	525223	502.770104823	8.733
749.471571606	9000	0.509703755146	0.0	536970	509.024917563	8.733
749.986620893	9000	0.5	0.00534553187977	527946	515.049287026	8.97861787248
750.495161093	8933	0.5	0.00854019963294	519390	508.540199633	8.83183920147
751.013954401	8933	0.5	0.0187933087401	530998	518.79330874	8.85782676504
751.487707321	9000	0.526247080378	0.0	536970	473.752919622	8.933
751.940549446	8600	0.573404955671	0.0	513386	452.842124707	8.2
752.305147826	7000	0.708806575524	0.0	418197	364.598380147	5.4
752.735270646	8600	0.77868375494	0.0	525989	430.122820584	7.0
753.179259429	9000	0.83469497234	0.0	551655	443.9887826	8.6
753.642044711	9533	0.871909690164	0.0	584127	462.785282175	9.0
754.126643978	10000	0.887310422845	0.0	612540	484.599267319	9.533
754.626271875	10000	0.887682526422	0.0	612540	499.627896423	10.0
755.136610354	10000	0.877344047212	0.0	612540	510.338479211	10.0
755.657363913	10000	0.856590488261	0.0	612540	520.75355895	10.0
756.163009093	10000	0.850945308025	0.0	612540	505.645180237	10.0
756.638555469	9866	0.875398932449	0.0	607628	475.546375576	9.732
757.118434907	10000	0.895519493855	0.0	620415	479.879438594	9.866
757.594133687	10000	0.919820713763	0.0	620415	475.698780092	10.0
758.069546898	10000	0.944407502956	0.0	620415	475.413210807	10.0
758.609551623	11600	0.904402777789	0.0	730995	540.004725168	10.0
759.16146758	12000	0.852486821493	0.0	758640	551.915956296	11.6
759.729648119	12266	0.784306282668	0.0	771584	568.180538824	12.0
760.246161398	11000	0.767793003204	0.0	681300	516.513279464	9.734
760.748704102	10200	0.765250298794	0.0	627772	502.54270441	9.4
761.28900236	10000	0.724952041313	0.0	612540	540.298257481	9.8
761.883685248	10000	0.630269153578	0.0	612540	594.682887736	10.0
762.485684423	10000	0.528269978085	0.0	612540	601.999175493	10.0
763.063184903	9600	0.5	0.0492305012835	588186	577.500479369	9.00307799487
763.58243254	8666	0.5	0.0192476373141	530195	519.247637314	7.65500945074
764.074221813	8533	0.508210726692	0.0	515343	491.789273308	8.4
764.611962659	9000	0.5	0.0295301188987	539520	537.740845591	8.41487952441
765.177706182	9000	0.5	0.0657435230104	539520	565.74352301	8.73702590796
765.740534672	9000	0.5	0.0628284899633	539520	562.828489963	8.74868604015
766.302325974	9000	0.5	0.0617913022213	539520	561.791302221	8.75283479111
766.8929578	9000	0.5	0.0906318263722	539520	590.631826372	8.63747269451
767.471991426	9000	0.5	0.0790336259921	540862	579.033625992	8.68386549603
767.929363987	9000	0.54262743896	0.0	539793	457.37256104	9.0
768.426032083	9933	0.545959342983	0.0	600065	496.668095977	9.0
768.90014485	9533	0.571846576757	0.0	573695	474.112766226	9.133
769.429359256	9000	0.542632170363	0.0	537795	529.214406394	8.467
769.912920665	7800	0.559070761068	0.0	462222	483.561409294	6.6
770.369416404	7800	0.602575022525	0.0	456146	456.495738543	7.8
770.81287298	7666	0.659118445901	0.0	447075	443.456576624	7.532
771.25513639	7133	0.716855036239	0.0	421103	442.263409662	6.6
771.767686144	8000	0.704305282643	0.0	476265	512.549753597	7.133
772.233004609	7733	0.738986817295	0.0	454837	465.318465348	7.466
772.681186534	8000	0.790804892406	0.0	462300	448.181924889	7.733
773.112137968	8000	0.859853458085	0.0	462300	430.951434321	8.0
773.528640349	8000	0.943351077252	0.0	468906	416.502380833	8.0
773.98162789	8000	0.990363536421	0.0	467438	452.987540832	8.0
774.47956879	7933	0.992422636582	0.0	465132	497.940899839	7.866
774.979234816	7533	0.992756610387	0.0	455338	499.666026195	7.133
775.572442649	8866	0.899548776865	0.0	543071	593.207833522	7.533
776.137964912	9000	0.834026513823	0.0	551023	565.522263042	8.866
776.707447479	10000	0.764543947196	0.0	612540	569.482566627	9.0
777.321457389	10000	0.650534037157	0.0	612540	614.009910039	10.0
777.986094595	10000	0.5	0.0141031688329	612540	664.63720599	9.94358732467
778.54936536	9066	0.5	0.0632707647691	555398	563.270764769	7.87891694092
779.103719701	9000	0.5	0.0543543414431	551655	554.354341443	8.71658263423
779.675253582	9000	0.5	0.0715338810885	551655	571.533881089	8.71386447565
780.254845957	9000	0.5	0.0795923746513	551655	579.592374651	8.68163050139
780.790063213	9000	0.5	0.0352172554021	551655	535.217255402	8.85913097839
781.295498699	8533	0.5	0.00543548612191	521611	505.435486122	8.04425805551
781.743290617	8000	0.552208081865	0.0	487275	447.791918135	7.467
782.179333236	8000	0.616165462943	0.0	487275	436.042618922	8.0
782.573674681	8000	0.721824017732	0.0	487275	394.341445211	8.0
782.91136957	7133	0.884129128528	0.0	432597	337.694889205	6.266
783.2795401	7933	1.0159585991	0.0	483757	368.170529424	7.133
783.65057472	8000	1.14492397902	0.0	488565	371.034620084	7.933
784.02160934	8000	1.27388935894	0.0	488565	371.034620084	8.0
784.39264396	8000	1.40285473885	0.0	488565	371.034620084	8.0
784.765237296	6933	1.53026140268	0.0	419059	372.593336174	5.866
785.146123231	6866	1.64937546744	0.0	410775	380.885935237	6.799
785.529202222	6866	1.76629647642	0.0	413769	383.078991022	6.866

