1525.67450585	3066	0.5	0.175294597138	181435	175.294597138	2.36482161145
1526.00216676	7800	0.672339092881	0.0	471531	327.660907119	3.066
1526.33555842	7866	0.838947431777	0.0	482442	333.391661104	7.8
1526.67403323	8000	1.00047262183	0.0	492120	338.474809952	7.866
1527.04583029	8000	1.12867556279	0.0	492120	371.79705904	8.0
1527.41854528	8000	1.25596056836	0.0	490176	372.714994424	8.0
1527.82100985	8333	1.35349600604	0.0	513389	402.464562324	8.0
1528.21324836	8066	1.46125749605	0.0	497055	392.238509983	7.799
1528.62325635	8466	1.55124950462	0.0	520019	410.007991433	8.066
1529.0610478	9000	1.6134580536	0.0	551265	437.791451023	8.466
1529.52562034	9266	1.6488855135	0.0	558332	464.572540092	9.0
1530.03623375	9000	1.6382720998	0.0	536970	510.6134137	8.734
1530.54684717	9000	1.6276586861	0.0	536970	510.6134137	9.0
1531.03308889	9000	1.64141696011	0.0	536970	486.241725996	9.0
1531.49076504	9000	1.6837408069	0.0	536970	457.676153213	9.0
1531.93992106	9000	1.73458478731	0.0	536970	449.156019582	9.0
1532.38535012	9400	1.78915573465	0.0	553424	445.429052664	9.0
1532.80965175	9000	1.86485410495	0.0	522960	424.3016297	8.6
1533.22817428	9000	1.9463315755	0.0	522960	418.522529447	9.0
1533.65274278	9000	2.02176307614	0.0	532300	424.568499359	9.0
1533.98477177	6400	2.18973408595	0.0	383025	332.028990195	3.8
1534.34492741	6400	2.32957844171	0.0	383025	360.155644243	6.4
1534.70508305	6400	2.46942279746	0.0	383025	360.155644243	6.4
1535.0652387	6400	2.60926715322	0.0	383025	360.155644243	6.4
1535.43355369	6400	2.74095215681	0.0	383025	368.314996409	6.4
1535.8093465	6400	2.8651593541	0.0	383025	375.792802714	6.4
1536.1851393	6400	2.98936655138	0.0	383025	375.792802714	6.4
1536.56225708	6400	3.11224877511	0.0	383025	377.117776277	6.4
1536.94351437	6400	3.2309914854	0.0	383025	381.257289709	6.4
1537.32477166	6400	3.34973419569	0.0	383025	381.257289709	6.4
1537.81166625	6400	3.36283959867	0.0	383025	486.894597015	6.4
1538.3958598	6400	3.27864605153	0.0	383025	584.193547144	6.4
1538.98005335	6400	3.19445250439	0.0	383025	584.193547144	6.4
1539.53270728	6400	3.14179857617	0.0	383025	552.653928211	6.4
1539.92989605	6400	3.24460980242	0.0	383025	397.188773756	6.4
1540.32708482	6400	3.34742102866	0.0	383025	397.188773756	6.4
1540.72641624	6400	3.4480896141	0.0	383025	399.331414566	6.4
1541.14298826	6400	3.53151759501	0.0	383025	416.572019081	6.4
1541.55956028	6400	3.61494557593	0.0	383025	416.572019081	6.4
1541.97613229	6400	3.69837355685	0.0	383025	416.572019081	6.4
1542.34201733	6400	3.83248851889	0.0	383025	365.885037967	6.4
1542.69621185	6400	3.97829400314	0.0	383025	354.194515746	6.4
1543.04881666	6400	4.12568919069	0.0	383025	352.604812447	6.4
1543.36407594	6400	4.31042990844	0.0	383025	315.259282256	6.4
1543.67933523	6400	4.49517062618	0.0	383025	315.259282256	6.4
1543.99459451	6400	4.67991134393	0.0	383025	315.259282256	6.4
1544.29283733	6400	4.88166852291	0.0	383025	298.242821019	6.4
1544.58593526	6400	5.08857059481	0.0	383025	293.097928094	6.4
1544.87903318	6400	5.29547266672	0.0	383025	293.097928094	6.4
1545.19619994	6400	5.47830590678	0.0	383025	317.166759941	6.4
1545.51895912	6400	5.65554673421	0.0	383025	322.759172571	6.4
1545.84171829	6400	5.83278756164	0.0	383025	322.759172571	6.4
1546.18028039	6400	5.99422546368	0.0	383025	338.562097954	6.4
1546.52944835	6400	6.1450575042	0.0	383025	349.167959485	6.4
1546.88061452	6400	6.29389132725	0.0	383025	351.16617695	6.4
1547.23883654	6400	6.43566930945	0.0	383025	358.222017793	6.4
1547.59705856	6400	6.57744729166	0.0	383025	358.222017793	6.4
1547.95528058	6400	6.71922527387	0.0	383025	358.222017793	6.4
1548.25706955	6400	6.91743630551	0.0	383025	301.788968354	6.4
1548.54528919	6400	7.12921665826	0.0	383025	288.219647256	6.4
1548.87608382	6400	7.29842202844	0.0	383025	330.794629817	6.4
1549.23562378	6400	7.43888207091	0.0	383025	359.539957525	6.4
1549.59516374	6400	7.57934211339	0.0	383025	359.539957525	6.4
1549.96194341	6400	7.71256243958	0.0	383025	366.779673809	6.4
1550.32910615	6400	7.84539970582	0.0	383025	367.162733765	6.4
1550.69626888	6400	7.97823697205	0.0	383025	367.162733765	6.4
1551.50838393	6400	7.66612191893	0.0	383025	312.11505312	6.4
1551.8271239	6400	7.84738194942	0.0	383025	318.739969513	6.4
1552.26095118	6400	7.50942465586	0.0	383025	337.957293554	6.4
1552.54739603	6400	7.72297980697	0.0	383025	286.444848893	6.4
1552.83384088	6400	7.93653495808	0.0	383025	286.444848893	6.4
1553.2426585	6400	7.65150591573	0.0	383025	285.029042352	6.4
1553.57859153	6400	7.815572891	0.0	383025	335.93302473	6.4
1553.91452455	6400	7.97963986627	0.0	383025	335.93302473	6.4
1554.73204538	6400	7.64370684154	0.0	383025	335.93302473	6.4
1555.08309986	6400	7.79265235908	0.0	383025	351.054482458	6.4
1555.42150961	6400	7.95424260715	0.0	383025	338.409751926	6.4
1555.87856595	6400	7.63624039306	0.0	383025	318.00221409	6.4
1556.20248092	6400	7.81232541676	0.0	383025	323.914976306	6.4
1556.5263959	6400	7.98841044045	0.0	383025	323.914976306	6.4
1557.39513644	6400	7.61966989855	0.0	383025	368.740541904	6.4
1557.74471904	6400	7.77008729523	0.0	383025	349.582603314	6.4
1558.04050152	6400	7.97430481909	0.0	383025	295.782476142	6.4
1558.67305619	6400	7.67852234295	0.0	383025	295.782476142	6.4
1558.99417529	6400	7.8574032421	0.0	383025	321.119100851	6.4
1559.74430493	6400	7.53628414125	0.0	383025	321.119100851	6.4
1560.11116732	6400	7.66942175001	0.0	383025	366.862391237	6.4
1560.47888094	6400	7.80170812935	0.0	383025	367.713620657	6.4
1560.84745409	6400	7.93313497764	0.0	383025	368.573151716	6.4
1561.57676006	6400	7.56456182592	0.0	383025	368.573151716	6.4
1562.03857194	6400	7.60274994444	0.0	383025	461.811881476	6.4
1562.50038382	6400	7.64093806297	0.0	383025	461.811881476	6.4
1563.06415984	6400	7.57716204837	0.0	383025	563.776014595	6.4
1563.64533067	6400	7.49599121636	0.0	383025	581.17083201	6.4
1564.2265015	6400	7.41482038435	0.0	383025	581.17083201	6.4
1564.71128451	6400	7.43003738022	0.0	383025	484.78300413	6.4
1565.17218305	6400	7.46913883186	0.0	383025	460.898548366	6.4
1565.6330816	6400	7.50824028349	0.0	383025	460.898548366	6.4
1566.13972846	6400	7.50159342861	0.0	383025	506.646854881	6.4
1566.67385775	6400	7.46746413408	0.0	383025	534.129294526	6.4
1567.20798705	6400	7.43333483956	0.0	383025	534.129294526	6.4
1567.66390323	6400	7.47741865347	0.0	383025	455.916186081	6.4
1568.11266891	6400	7.52865297919	0.0	383025	448.76567428	6.4
1568.56143458	6400	7.57988730491	0.0	383025	448.76567428	6.4
1569.02179503	6400	7.61952685537	0.0	383025	460.360449542	6.4
1569.50021783	6400	7.64110406006	0.0	383025	478.422795313	6.4
1569.97864062	6400	7.66268126475	0.0	383025	478.422795313	6.4
1570.42380836	6400	7.71751352423	0.0	383025	445.167740517	6.4
1570.80828661	6400	7.83303527834	0.0	383025	384.478245891	6.4
1571.19276485	6400	7.94855703245	0.0	383025	384.478245891	6.4
1572.090006	6400	7.55131588763	0.0	383025	397.241144821	6.4
1572.5290512	6400	7.61227068913	0.0	383025	439.045198492	6.4
1573.03536975	6400	7.60595213455	0.0	383025	506.318554587	6.4
1573.57849678	6400	7.56282510524	0.0	383025	543.127029309	6.4
1574.12162381	6400	7.51969807593	0.0	383025	543.127029309	6.4
1574.58510374	6400	7.55621814668	0.0	383025	463.479929247	6.4
1575.00474958	6400	7.63657230958	0.0	383025	419.645837108	6.4
1575.42439541	6400	7.71692647247	0.0	383025	419.645837108	6.4
1575.8526168	6400	7.78870508744	0.0	383025	428.221385026	6.4
1576.29501523	6400	7.84630665722	0.0	383025	442.398430226	6.4

