8277.62701133	3066	0.5	0.271356856759	181435	271.356856759	1.98057257297
8278.20432822	7800	0.5	0.07731689048	471531	577.31689048	2.75673243808
8278.79315278	7866	0.5	0.0888245635535	482442	588.824563554	7.44470174579
8279.39218459	8000	0.5	0.0990318094527	492120	599.031809453	7.46987276219
8279.89689558	8000	0.5	0.00471099016897	492120	504.710990169	7.98115603932
8280.34856233	8000	0.548333249115	0.0	490176	451.666750885	8.0
8280.85001863	8333	0.546876946852	0.0	513389	501.456302263	8.0
8281.38662091	8066	0.510274669111	0.0	497055	536.60227774	7.799
8281.94431827	8466	0.5	0.0474226880589	520019	557.69735717	7.87630924776
8282.53531626	9000	0.5	0.0909979958718	551265	590.997995872	8.10200801651
8283.14341554	9266	0.5	0.10809927955	558332	608.09927955	8.5676028818
8283.73130954	9000	0.5	0.0878939952213	536970	587.893995221	8.38242401911
8284.35909068	9000	0.5	0.127781145463	536970	627.781145463	8.48887541815
8284.98976469	9000	0.5	0.130674009924	536970	630.674009924	8.47730396031
8285.6204387	9000	0.5	0.130674009924	536970	630.674009924	8.47730396031
8286.23464308	9000	0.5	0.114204372609	536970	614.204372609	8.54318250956
8286.85347056	9400	0.5	0.118827481565	553424	618.827481565	8.52469007374
8287.39426867	9000	0.5	0.040798114967	522960	540.798114967	8.43680754013
8287.89452113	9000	0.5	0.000252460903458	522960	500.252460903	8.99899015639
8288.41787586	9000	0.5	0.023354727044	532300	523.354727044	8.90658109182
8288.96121849	8400	0.5	0.0433426270048	503004	543.342627005	7.62662949198
8289.48501245	8000	0.5	0.02379396093	481782	523.79396093	7.50482415628
8290.02248265	8000	0.5	0.0374702024731	481782	537.470202473	7.85011919011
8290.660703	8533	0.5	0.138220351352	510552	638.220351352	7.44711859459
8291.32780791	9000	0.5	0.167104902274	536970	667.104902274	7.86458039091
8291.95950524	9000	0.5	0.131697339341	536970	631.697339341	8.47321064263
8292.4873353	9000	0.5	0.0278300528737	536970	527.830052874	8.88867978851
8293.01516535	9000	0.5	0.0278300528737	536970	527.830052874	8.88867978851
8293.55085445	9000	0.5	0.0356890994157	536970	535.689099416	8.85724360234
8294.12686892	9533	0.5	0.0760144719628	573990	576.014471963	8.69594211215
8294.66486531	9666	0.5	0.0379963840433	586715	537.996384043	9.38101446383
8295.08244413	9000	0.582421178959	0.0	551265	417.578821041	8.334
8295.50002295	9000	0.664842357919	0.0	551265	417.578821041	9.0
8295.92272135	9000	0.742143954407	0.0	551265	422.698403512	9.0
8296.35035128	9000	0.81451402472	0.0	551265	427.629929687	9.0
8296.77798121	9000	0.886884095034	0.0	551265	427.629929687	9.0
8297.2228104	9000	0.942054904429	0.0	551265	444.829190605	9.0
8297.65355123	8466	1.01131407227	0.0	527825	430.740832159	7.932
8298.06617583	8000	1.09868947214	0.0	498375	412.624600128	7.534
8298.45697645	7066	1.20788885313	0.0	434595	390.800619016	6.132
8298.85378433	7200	1.31108097402	0.0	442995	396.807879108	7.066
8299.28571963	7600	1.37914567533	0.0	469589	431.935298684	7.2
8299.78871367	8000	1.37615163305	0.0	496259	502.994042286	7.6
8300.30219522	8133	1.36267008586	0.0	508563	513.48154719	8.0
8300.82478314	8733	1.34008216898	0.0	536941	522.587916878	8.133
8301.31134746	8733	1.35351784749	0.0	525223	486.564321494	8.733
8301.80700489	9000	1.3578604149	0.0	536970	495.657432582	8.733
8302.19267242	9000	1.47219288907	0.0	527946	385.667525833	9.0
8302.56280156	8933	1.6020637489	0.0	519390	370.12914017	8.866
8302.93876887	8933	1.72609643207	0.0	530998	375.967316836	8.933
8303.31297861	9000	1.85188669163	0.0	536970	374.209740437	8.933
8303.67426651	8600	1.99059879509	0.0	513386	361.287896538	8.2
8303.96603975	7000	2.19882555366	0.0	418197	291.773241431	5.4
8304.23990515	6400	2.42496015713	0.0	383025	273.865396526	5.8
8304.51377055	6400	2.65109476061	0.0	383025	273.865396526	6.4
8304.78763594	6400	2.87722936408	0.0	383025	273.865396526	6.4
8305.08465169	6400	3.08021361095	0.0	383025	297.015753135	6.4
8305.38266626	6400	3.28219904116	0.0	383025	298.014569783	6.4
8305.69084714	6400	3.47401816469	0.0	383025	308.180876474	6.4
8306.01492895	6400	3.64993635694	0.0	383025	324.081807751	6.4
8306.33901076	6400	3.82585454919	0.0	383025	324.081807751	6.4
8306.65992441	6400	4.00494089945	0.0	383025	320.913649738	6.4
8306.9677052	6400	4.19716010386	0.0	383025	307.780795589	6.4
8307.275486	6400	4.38937930827	0.0	383025	307.780795589	6.4
8307.58326679	6400	4.58159851268	0.0	383025	307.780795589	6.4
8307.88969553	6400	4.77516977413	0.0	383025	306.428738558	6.4
8308.19386981	6400	4.97099549912	0.0	383025	304.174275003	6.4
8308.49804408	6400	5.16682122412	0.0	383025	304.174275003	6.4
8308.80221836	6400	5.36264694912	0.0	383025	304.174275003	6.4
8309.10570307	6400	5.55916224047	0.0	383025	303.484708651	6.4
8309.4060828	6400	5.75878250679	0.0	383025	300.379733677	6.4
8309.70646253	6400	5.95840277311	0.0	383025	300.379733677	6.4
8310.00684227	6400	6.15802303944	0.0	383025	300.379733677	6.4
8310.30473596	6400	6.36012934695	0.0	383025	297.893692482	6.4
8310.59972153	6400	6.56514377979	0.0	383025	294.985567168	6.4
8310.89470709	6400	6.77015821262	0.0	383025	294.985567168	6.4
8311.18969266	6400	6.97517264545	0.0	383025	294.985567168	6.4
8311.48536717	6400	7.17949813841	0.0	383025	295.67450704	6.4
8311.78134662	6400	7.38351868852	0.0	383025	295.979449894	6.4
8312.07979985	6400	7.58506545535	0.0	383025	298.453233168	6.4
8312.38611934	6400	7.77874596993	0.0	383025	306.319485419	6.4
8312.69243882	6400	7.97242648451	0.0	383025	306.319485419	6.4
8313.27186212	6400	7.66610699909	0.0	383025	306.319485419	6.4
8313.53823266	6400	7.89973646504	0.0	383025	266.370534051	6.4
8314.17044811	6400	7.63336593099	0.0	383025	266.370534051	6.4
8314.42736376	6400	7.87645028125	0.0	383025	256.915649737	6.4
8315.21363116	6400	7.59018287918	0.0	383025	286.267402074	6.4
8315.52639728	6400	7.77741675669	0.0	383025	312.766122491	6.4
8315.84336674	6400	7.96044729532	0.0	383025	316.96946137	6.4
8316.34606924	6400	7.64347783395	0.0	383025	316.96946137	6.4
8316.66934368	6400	7.82020338966	0.0	383025	323.274444288	6.4
8316.99261812	6400	7.99692894537	0.0	383025	323.274444288	6.4
8317.81523871	6400	7.67430835759	0.0	383025	322.620587785	6.4
8318.13228904	6400	7.85725802832	0.0	383025	317.050329264	6.4
8318.90834271	6400	7.54020769906	0.0	383025	317.050329264	6.4
8319.23102371	6400	7.71752669295	0.0	383025	322.681006105	6.4
8319.57060277	6400	7.87794763309	0.0	383025	339.579059864	6.4
8320.44842833	6400	7.50012207979	0.0	383025	377.825553295	6.4
8320.86175185	6400	7.58679855377	0.0	383025	413.323526024	6.4
8321.32287922	6400	7.62567118617	0.0	383025	461.127367602	6.4
8321.78400659	6400	7.66454381857	0.0	383025	461.127367602	6.4
8322.24513396	6400	7.70341645096	0.0	383025	461.127367602	6.4
8322.66933521	6400	7.77921519321	0.0	383025	424.201257754	6.4
8323.07964119	6400	7.86890921642	0.0	383025	410.30597679	6.4
8323.48994717	6400	7.95860323963	0.0	383025	410.30597679	6.4
8324.39830606	6400	7.55024434214	0.0	383025	408.358897493	6.4
8324.78780785	6400	7.66074255788	0.0	383025	389.501784255	6.4
8325.17730963	6400	7.77124077363	0.0	383025	389.501784255	6.4
8325.61128743	6400	7.83726297412	0.0	383025	433.97779951	6.4
8326.05039929	6400	7.8981511205	0.0	383025	439.111853616	6.4
8326.48951114	6400	7.95903926688	0.0	383025	439.111853616	6.4
8327.01399855	6400	7.93455185757	0.0	383025	524.48740931	6.4
8327.58124031	6400	7.86731009547	0.0	383025	567.241762106	6.4
8328.14848207	6400	7.80006833336	0.0	383025	567.241762106	6.4
8328.71572384	6400	7.73282657126	0.0	383025	567.241762106	6.4
8329.31121351	6400	7.63733689651	0.0	383025	595.489674748	6.4
8329.94288353	6400	7.50566687296	0.0	383025	631.670023545	6.4
8330.57455356	6400	7.37399684942	0.0	383025	631.670023545	6.4
8331.20622358	6400	7.24232682587	0.0	383025	631.670023545	6.4
8331.86446926	6400	7.08408115049	0.0	383025	658.245675389	6.4

