554.510015203	3066	0.5	0.180314678798	181435	180.314678798	2.34474128481
554.850722789	7800	0.659292414317	0.0	471531	340.707585683	3.066
555.197463022	7866	0.812552180796	0.0	482442	346.740233521	7.8
555.549554183	8000	0.960461020159	0.0	492120	352.091160637	7.866
555.917014532	8000	1.09300067101	0.0	492120	367.460349151	8.0
556.294809323	8000	1.21520587982	0.0	490176	377.794791186	8.0
556.800084533	8333	1.20993067072	0.0	513389	505.275209105	8.0
557.291829173	8066	1.21818603057	0.0	497055	491.744640149	7.799
557.751567299	8466	1.25844790433	0.0	520019	459.738126239	8.066
558.196075173	9000	1.31394003003	0.0	551265	444.507874299	8.466
558.585643883	9266	1.42437132034	0.0	558332	389.568709687	9.0
558.934504827	9000	1.5755103763	0.0	536970	348.860944045	8.734
559.283365771	9000	1.72664943225	0.0	536970	348.860944045	9.0
559.620398575	9000	1.88961662826	0.0	536970	337.032803995	9.0
559.973396706	9000	2.03661849759	0.0	536970	352.998130667	9.0
560.301312063	6400	2.20870314046	0.0	383025	327.915357128	3.8
560.62922742	6400	2.38078778333	0.0	383025	327.915357128	6.4
560.943414364	6400	2.56660083877	0.0	383025	314.186944563	6.4
561.252148923	6400	2.7578662803	0.0	383025	308.734558467	6.4
561.560883481	6400	2.94913172184	0.0	383025	308.734558467	6.4
561.870360536	6400	3.13965466749	0.0	383025	309.477054352	6.4
562.180511355	6400	3.32950384817	0.0	383025	310.150819314	6.4
562.490662174	6400	3.51935302886	0.0	383025	310.150819314	6.4
562.858721963	6400	3.65129324042	0.0	383025	368.059788433	6.4
563.33318539	6400	3.6768298128	0.0	383025	474.463427621	6.4
563.807648818	6400	3.70236638518	0.0	383025	474.463427621	6.4
564.254770862	6400	3.75524434133	0.0	383025	447.122043852	6.4
564.633290715	6400	3.87672448831	0.0	383025	378.519853021	6.4
565.011810568	6400	3.99820463529	0.0	383025	378.519853021	6.4
565.37017397	6400	4.13984123298	0.0	383025	358.36340231	6.4
565.720126644	6400	4.28988855947	0.0	383025	349.952673505	6.4
566.070079317	6400	4.43993588597	0.0	383025	349.952673505	6.4
566.486642066	6400	4.52337313773	0.0	383025	416.562748238	6.4
566.964731296	6400	4.54528390694	0.0	383025	478.089230789	6.4
567.442820527	6400	4.56719467615	0.0	383025	478.089230789	6.4
567.906176515	6400	4.60383868874	0.0	383025	463.355987407	6.4
568.360918091	6400	4.64909711255	0.0	383025	454.741576189	6.4
568.815659667	6400	4.69435553637	0.0	383025	454.741576189	6.4
569.271617573	6400	4.73839763059	0.0	383025	455.957905775	6.4
569.728522452	6400	4.78149275112	0.0	383025	456.904879466	6.4
570.187226351	6400	4.82278885196	0.0	383025	458.703899165	6.4
570.762535713	6400	4.74747949052	0.0	383025	575.309361436	6.4
571.337845074	6400	4.67217012909	0.0	383025	575.309361436	6.4
571.915758345	6400	4.59425685807	0.0	383025	577.913271022	6.4
572.864501882	6400	4.14551332143	0.0	383025	948.74353664	6.4
573.813245418	6400	3.69676978479	0.0	383025	948.74353664	6.4
574.697993196	6400	3.31202200771	0.0	383025	884.747777074	6.4
575.371901883	6400	3.13811332038	0.0	383025	673.908687329	6.4
576.04581057	6400	2.96420463305	0.0	383025	673.908687329	6.4
576.666020412	6400	2.84399479153	0.0	383025	620.209841523	6.4
577.172091863	6400	2.83792334063	0.0	383025	506.071450897	6.4
577.679808337	6400	2.83020686671	0.0	383025	507.716473925	6.4
578.197868588	6400	2.81214661522	0.0	383025	518.060251483	6.4
578.71592884	6400	2.79408636374	0.0	383025	518.060251483	6.4
579.233989091	6400	2.77602611226	0.0	383025	518.060251483	6.4
579.632978529	6400	2.87703667422	0.0	383025	398.989438033	6.4
580.027538453	6400	2.98247675077	0.0	383025	394.559923456	6.4
580.414015138	6400	3.09600006526	0.0	383025	386.476685512	6.4
580.800166723	6400	3.20984848035	0.0	383025	386.151584909	6.4
581.180970128	6400	3.32904507521	0.0	383025	380.803405135	6.4
581.555954209	6400	3.45406099424	0.0	383025	374.984080975	6.4
581.93093829	6400	3.57907691326	0.0	383025	374.984080975	6.4
582.301474639	6400	3.70854056414	0.0	383025	370.536349119	6.4
582.668060331	6400	3.84195487229	0.0	383025	366.585691856	6.4
583.034646023	6400	3.97536918043	0.0	383025	366.585691856	6.4
583.402011721	6400	4.10800348192	0.0	383025	367.365698516	6.4
583.771339172	6400	4.23867603132	0.0	383025	369.327450591	6.4
584.140666623	6400	4.36934858073	0.0	383025	369.327450591	6.4
584.517242377	6400	4.49277282633	0.0	383025	376.575754406	6.4
584.905583967	6400	4.60443123651	0.0	383025	388.341589817	6.4
585.293925557	6400	4.71608964669	0.0	383025	388.341589817	6.4
585.737116786	6400	4.77289841752	0.0	383025	443.191229172	6.4
586.236311137	6400	4.77370406629	0.0	383025	499.194351235	6.4
586.714403025	6400	4.79561217819	0.0	383025	478.091888093	6.4
587.180317207	6400	4.82969799665	0.0	383025	465.914181544	6.4
587.646231388	6400	4.86378381511	0.0	383025	465.914181544	6.4
588.07856603	6400	4.93144917313	0.0	383025	432.334641974	6.4
588.459473691	6400	5.05054151273	0.0	383025	380.907660402	6.4
588.840381351	6400	5.16963385233	0.0	383025	380.907660402	6.4
589.218522823	6400	5.29149238043	0.0	383025	378.141471892	6.4
589.585915486	6400	5.42409971704	0.0	383025	367.392663397	6.4
589.95330815	6400	5.55670705364	0.0	383025	367.392663397	6.4
590.32102286	6400	5.68899234354	0.0	383025	367.714710102	6.4
590.689028462	6400	5.82098674165	0.0	383025	368.005601891	6.4
591.057034064	6400	5.95298113976	0.0	383025	368.005601891	6.4
591.425449459	6400	6.08456574447	0.0	383025	368.415395287	6.4
591.793868684	6400	6.21614651962	0.0	383025	368.419224855	6.4
592.162287704	6400	6.34772749912	0.0	383025	368.419020492	6.4
592.530684147	6400	6.47933105668	0.0	383025	368.39644244	6.4
592.899080589	6400	6.61093461424	0.0	383025	368.39644244	6.4
593.269643721	6400	6.74037148189	0.0	383025	370.563132357	6.4
593.651119132	6400	6.85889607136	0.0	383025	381.475410523	6.4
594.032594542	6400	6.97742066084	0.0	383025	381.475410523	6.4
594.414069953	6400	7.09594525032	0.0	383025	381.475410523	6.4
594.810043729	6400	7.19997147384	0.0	383025	395.973776479	6.4
595.210872705	6400	7.29914249793	0.0	383025	400.828975909	6.4
595.611701681	6400	7.39831352202	0.0	383025	400.828975909	6.4
596.01716559	6400	7.49284961368	0.0	383025	405.463908341	6.4
596.42290498	6400	7.58711022283	0.0	383025	405.739390853	6.4
596.812635192	6400	7.69738001121	0.0	383025	389.730211619	6.4
597.111827474	6400	7.89818772919	0.0	383025	299.19228202	6.4
597.722338854	6400	7.59899544717	0.0	383025	299.19228202	6.4
598.220196448	6400	7.60113785343	0.0	383025	497.85759374	6.4
598.718054042	6400	7.60328025969	0.0	383025	497.85759374	6.4
599.210627247	6400	7.61070705463	0.0	383025	492.57320506	6.4
599.702594816	6400	7.61873948518	0.0	383025	491.967569451	6.4
600.194562386	6400	7.62677191573	0.0	383025	491.967569451	6.4
600.627264087	6400	7.6940702142	0.0	383025	432.701701526	6.4
601.055898388	6400	7.76543591338	0.0	383025	428.634300821	6.4
601.459491108	6400	7.86184319301	0.0	383025	403.592720371	6.4
601.822735858	6400	7.99859844355	0.0	383025	363.244749459	6.4
602.410941459	6400	7.63535369409	0.0	383025	363.244749459	6.4
602.827331552	6400	7.71896360015	0.0	383025	416.39009394	6.4
603.243721646	6400	7.80257350621	0.0	383025	416.39009394	6.4
603.648224811	6400	7.89807034156	0.0	383025	404.503164657	6.4
604.04947604	6400	7.99681911309	0.0	383025	401.251228463	6.4
604.905473843	6400	7.59556788463	0.0	383025	401.251228463	6.4
605.313843455	6400	7.68719827224	0.0	383025	408.369612393	6.4
605.701620351	6400	7.79942137602	0.0	383025	387.77689622	6.4
606.072730763	6400	7.92831096433	0.0	383025	371.110411689	6.4

