5035.84147597	3066	0.5	0.224222302029	181435	224.222302029	2.16911079188
5036.29629498	7800	0.545180994307	0.0	471531	454.819005693	3.066
5036.75978712	7866	0.581688857534	0.0	482442	463.492136773	7.8
5037.23097227	8000	0.610503698802	0.0	492120	471.185158731	7.866
5037.71636547	8000	0.62511050213	0.0	492120	485.393196673	8.0
5038.34461385	8000	0.5	0.00313787382717	490176	628.248375957	7.98744850469
5038.99882533	8333	0.5	0.15421147809	513389	654.21147809	7.38315408764
5039.60509565	8066	0.5	0.106270326226	497055	606.270326226	7.3739186951
5040.01110106	8466	0.593994587219	0.0	520019	406.005412781	8.066
5040.43669493	9000	0.668400726463	0.0	551265	425.593860756	8.466
5040.86671916	9266	0.738376488639	0.0	558332	430.024237824	9.0
5041.28335134	9000	0.821744314621	0.0	536970	416.632174018	8.734
5041.82221652	9000	0.782879132723	0.0	536970	538.865181898	9.0
5042.39546417	9000	0.709631483408	0.0	536970	573.247649315	9.0
5042.9689809	9000	0.636114752944	0.0	536970	573.516730464	9.0
5043.63325669	9000	0.5	0.0281610367188	536970	664.275789663	8.88735585312
5044.31543604	9400	0.5	0.182179348229	553424	682.179348229	8.27128260708
5044.96446758	9000	0.5	0.149031541729	522960	649.031541729	8.00387383308
5045.58895724	9000	0.5	0.124489662277	522960	624.489662277	8.50204135089
5046.0833367	9000	0.505620535642	0.0	532300	494.379464358	9.0
5046.55491012	8400	0.534047121984	0.0	503004	471.573413658	7.8
5047.02299259	8000	0.565964650242	0.0	481782	468.082471743	7.6
5047.49738311	8000	0.59157412598	0.0	481782	474.390524262	8.0
5047.99532499	8533	0.593632254048	0.0	510552	497.941871932	8.0
5048.51462481	9000	0.574332427183	0.0	536970	519.299826865	8.533
5049.03388873	9000	0.555068505594	0.0	536970	519.263921589	9.0
5049.55315266	9000	0.535804584005	0.0	536970	519.263921589	9.0
5050.04023545	9000	0.548721794547	0.0	536970	487.082789458	9.0
5050.50992766	9000	0.579029585407	0.0	536970	469.69220914	9.0
5051.00648618	9533	0.58247106049	0.0	573990	496.558524917	9.0
5051.48349015	9666	0.605467089168	0.0	586715	477.003971322	9.533
5051.90999246	9000	0.6789647791	0.0	551265	426.502310069	8.334
5052.33649477	9000	0.752462469031	0.0	551265	426.502310069	9.0
5052.77689427	9000	0.812062974137	0.0	551265	440.399494894	9.0
5053.23643687	9000	0.852520366087	0.0	551265	459.54260805	9.0
5053.69597948	9000	0.892977758037	0.0	551265	459.54260805	9.0
5054.27183837	9000	0.817118870901	0.0	551265	575.858887136	9.0
5054.84400876	8466	0.744948481701	0.0	527825	572.1703892	7.932
5055.3887185	8000	0.700238743214	0.0	498375	544.709738488	7.534
5055.86697688	7066	0.721980356057	0.0	434595	478.258387156	6.132
5056.34164898	7200	0.747308260383	0.0	442995	474.672095675	7.066
5056.84001414	7600	0.748943098844	0.0	469589	498.365161538	7.2
5057.36214008	8000	0.726817161695	0.0	496259	522.125937149	7.6
5057.72867211	8133	0.860285130354	0.0	508563	366.532031341	8.0
5058.10512455	8733	0.983832690485	0.0	536941	376.452439868	8.133
5058.47510732	8733	1.11384991803	0.0	525223	369.982772455	8.733
5058.86859916	9000	1.22035808199	0.0	536970	393.491836041	8.733
5059.26700604	9000	1.32195120226	0.0	527946	398.406879733	9.0
5059.66025275	8933	1.42870448902	0.0	519390	393.246713233	8.866
5060.04336652	8933	1.54559072008	0.0	530998	383.113768945	8.933
5060.42829398	9000	1.6606632637	0.0	536970	384.927456373	8.933
5060.79982886	8600	1.78912837885	0.0	513386	371.53488485	8.2
5061.14897827	7000	1.93997896606	0.0	418197	349.149412791	5.4
5061.59070885	8600	1.99824838896	0.0	525989	441.730577101	7.0
5062.05009032	9000	2.03886691614	0.0	551655	459.381472827	8.6
5062.42831085	6400	2.16064639369	0.0	383025	378.220522449	3.8
5062.83441729	6400	2.25453995291	0.0	383025	406.106440779	6.4
5063.24052373	6400	2.34843351213	0.0	383025	406.106440779	6.4
5063.64663017	6400	2.44232707135	0.0	383025	406.106440779	6.4
5064.03955292	6400	2.54940431915	0.0	383025	392.922752202	6.4
5064.40490126	6400	2.68405598249	0.0	383025	365.34833666	6.4
5064.77024959	6400	2.81870764583	0.0	383025	365.34833666	6.4
5065.12898224	6400	2.95997499925	0.0	383025	358.732646579	6.4
5065.4450982	6400	3.14385903736	0.0	383025	316.115961888	6.4
5065.76121417	6400	3.32774307547	0.0	383025	316.115961888	6.4
5066.07733013	6400	3.51162711358	0.0	383025	316.115961888	6.4
5066.39344609	6400	3.69551115169	0.0	383025	316.115961888	6.4
5066.70041104	6400	3.88854620386	0.0	383025	306.964947833	6.4
5066.99540752	6400	4.09354971912	0.0	383025	294.996484745	6.4
5067.29040401	6400	4.29855323437	0.0	383025	294.996484745	6.4
5067.57455564	6400	4.51440160474	0.0	383025	284.151629629	6.4
5067.84799247	6400	4.74096476622	0.0	383025	273.436838529	6.4
5068.12142931	6400	4.96752792769	0.0	383025	273.436838529	6.4
5068.39486615	6400	5.19409108916	0.0	383025	273.436838529	6.4
5068.65108161	6400	5.43787562991	0.0	383025	256.21545925	6.4
5068.90383378	6400	5.68512345719	0.0	383025	252.752172715	6.4
5069.15658596	6400	5.93237128448	0.0	383025	252.752172715	6.4
5069.40933813	6400	6.17961911176	0.0	383025	252.752172715	6.4
5069.68632994	6400	6.40262730364	0.0	383025	276.991808117	6.4
5069.99503673	6400	6.59392051332	0.0	383025	308.706790327	6.4
5070.30374352	6400	6.78521372299	0.0	383025	308.706790327	6.4
5070.61245031	6400	6.97650693266	0.0	383025	308.706790327	6.4
5070.9211571	6400	7.16780014234	0.0	383025	308.706790327	6.4
5071.27979477	6400	7.30916247242	0.0	383025	358.637669911	6.4
5071.65872797	6400	7.43022926735	0.0	383025	378.933205073	6.4
5072.03766118	6400	7.55129606228	0.0	383025	378.933205073	6.4
5072.41659438	6400	7.6723628572	0.0	383025	378.933205073	6.4
5072.83374784	6400	7.75520939564	0.0	383025	417.153461563	6.4
5073.28973644	6400	7.79922080055	0.0	383025	455.98859509	6.4
5073.74572504	6400	7.84323220546	0.0	383025	455.98859509	6.4
5074.20171363	6400	7.88724361037	0.0	383025	455.98859509	6.4
5074.68732313	6400	7.90163410768	0.0	383025	485.609502687	6.4
5075.23577542	6400	7.85318181927	0.0	383025	548.452288411	6.4
5075.78422771	6400	7.80472953086	0.0	383025	548.452288411	6.4
5076.39016475	6400	7.69879248795	0.0	383025	605.937042916	6.4
5077.02678514	6400	7.56217209678	0.0	383025	636.620391162	6.4
5077.66340553	6400	7.42555170562	0.0	383025	636.620391162	6.4
5078.30002593	6400	7.28893131446	0.0	383025	636.620391162	6.4
5078.93664632	6400	7.1523109233	0.0	383025	636.620391162	6.4
5079.47782108	6400	7.11113616101	0.0	383025	541.174762286	6.4
5079.99793826	6400	7.09101898131	0.0	383025	520.117179696	6.4
5080.51805544	6400	7.07090180162	0.0	383025	520.117179696	6.4
5081.03817262	6400	7.05078462192	0.0	383025	520.117179696	6.4
5081.57744288	6400	7.01151435957	0.0	383025	539.270262351	6.4
5082.19015625	6400	6.89880099461	0.0	383025	612.713364961	6.4
5082.80286961	6400	6.78608762965	0.0	383025	612.713364961	6.4
5083.41558298	6400	6.67337426469	0.0	383025	612.713364961	6.4
5083.97108208	6400	6.61787516341	0.0	383025	555.49910128	6.4
5084.41544403	6400	6.67351320746	0.0	383025	444.361955948	6.4
5084.85980599	6400	6.72915125151	0.0	383025	444.361955948	6.4
5085.30416794	6400	6.78478929556	0.0	383025	444.361955948	6.4
5085.7502555	6400	6.83870173938	0.0	383025	446.087556179	6.4
5086.19702389	6400	6.89193335219	0.0	383025	446.768387192	6.4
5086.64379228	6400	6.945164965	0.0	383025	446.768387192	6.4
5087.09056066	6400	6.99839657781	0.0	383025	446.768387192	6.4
5087.57101198	6400	7.01794526448	0.0	383025	480.45131333	6.4
5088.09495547	6400	6.99400177338	0.0	383025	523.943491102	6.4
5088.61889896	6400	6.97005828228	0.0	383025	523.943491102	6.4
5089.14284245	6400	6.94611479117	0.0	383025	523.943491102	6.4
5089.60601976	6400	6.98293748153	0.0	383025	463.177309639	6.4

