4191.03733313	3066	0.5	0.288754901745	181435	288.754901745	1.91098039302
4191.65986576	7800	0.5	0.122532629177	471531	622.532629177	2.57586948329
4192.29495233	7866	0.5	0.135086572644	482442	635.086572644	7.25965370942
4192.94117418	8000	0.5	0.146221854917	492120	646.221854917	7.28111258033
4193.49996945	8000	0.5	0.0587952628949	492120	558.795262895	7.76481894842
4194.02334512	8000	0.5	0.0233756760145	490176	523.375676015	7.90649729594
4194.53910432	8333	0.5	0.0157591991164	513389	515.759199116	7.93696320353
4195.00410201	8066	0.535002306084	0.0	497055	464.997693916	7.799
4195.48688665	8466	0.552217673011	0.0	520019	482.784633073	8.066
4195.99240395	9000	0.546700372407	0.0	551265	505.517300604	8.466
4196.38486927	9266	0.654235051055	0.0	558332	392.465321352	9.0
4196.76537955	9000	0.773724774721	0.0	536970	380.510276334	8.734
4197.15093522	9000	0.888169105089	0.0	536970	385.555669631	9.0
4197.53953999	9000	0.999564331849	0.0	536970	388.604773241	9.0
4197.92814476	9000	1.11095955861	0.0	536970	388.604773241	9.0
4198.31839379	9000	1.22071053144	0.0	536970	390.24902717	9.0
4198.72178208	9400	1.31732224294	0.0	553424	403.3882885	9.0
4199.10710891	9000	1.43199540772	0.0	522960	385.326835222	8.6
4199.49168708	9000	1.54741723765	0.0	522960	384.578170064	9.0
4199.88193011	9000	1.65717421251	0.0	532300	390.243025144	9.0
4200.27597834	8400	1.76312598549	0.0	503004	394.048227021	7.8
4200.6567767	8000	1.88232761627	0.0	481782	380.798369219	7.6
4201.03757507	8000	2.00152924705	0.0	481782	380.798369219	8.0
4201.33062619	6400	2.20847813379	0.0	383025	293.051113261	4.8
4201.62116536	6400	2.41793896491	0.0	383025	290.539168877	6.4
4201.91170452	6400	2.62739979603	0.0	383025	290.539168877	6.4
4202.20224369	6400	2.83686062716	0.0	383025	290.539168877	6.4
4202.46625603	6400	3.07284829478	0.0	383025	264.012332378	6.4
4202.72944546	6400	3.30965886376	0.0	383025	263.189431015	6.4
4202.99263489	6400	3.54646943275	0.0	383025	263.189431015	6.4
4203.25467867	6400	3.78442565095	0.0	383025	262.0437818	6.4
4203.50569893	6400	4.03340539301	0.0	383025	251.020257939	6.4
4203.75671919	6400	4.28238513507	0.0	383025	251.020257939	6.4
4204.00773944	6400	4.53136487713	0.0	383025	251.020257939	6.4
4204.30137132	6400	4.73773300333	0.0	383025	293.631873796	6.4
4204.60437746	6400	4.93472685824	0.0	383025	303.006145095	6.4
4204.90738361	6400	5.13172071315	0.0	383025	303.006145095	6.4
4205.21038975	6400	5.32871456805	0.0	383025	303.006145095	6.4
4205.5158154	6400	5.52328891885	0.0	383025	305.425649206	6.4
4205.82159113	6400	5.71751318716	0.0	383025	305.775731689	6.4
4206.12736687	6400	5.91173745547	0.0	383025	305.775731689	6.4
4206.42777808	6400	6.11132624342	0.0	383025	300.411212049	6.4
4206.71135658	6400	6.32774774158	0.0	383025	283.578501842	6.4
4206.99493508	6400	6.54416923973	0.0	383025	283.578501842	6.4
4207.27851358	6400	6.76059073789	0.0	383025	283.578501842	6.4
4207.56028676	6400	6.97881755568	0.0	383025	281.773182215	6.4
4207.83886587	6400	7.20023845352	0.0	383025	278.579102157	6.4
4208.11744497	6400	7.42165935136	0.0	383025	278.579102157	6.4
4208.39897832	6400	7.64012600558	0.0	383025	281.533345782	6.4
4208.71118446	6400	7.8279198564	0.0	383025	312.206149183	6.4
4209.13820284	6400	7.51571370721	0.0	383025	312.206149183	6.4
4209.40967869	6400	7.7442378583	0.0	383025	271.475848915	6.4
4209.68115454	6400	7.97276200938	0.0	383025	271.475848915	6.4
4210.46201926	6400	7.69189729149	0.0	383025	280.864717892	6.4
4210.79497753	6400	7.85893901528	0.0	383025	332.958276214	6.4
4211.64146962	6400	7.51244692981	0.0	383025	346.49208547	6.4
4212.01094092	6400	7.64297562601	0.0	383025	369.471303796	6.4
4212.38903581	6400	7.76488073924	0.0	383025	378.094886774	6.4
4212.7671307	6400	7.88678585247	0.0	383025	378.094886774	6.4
4213.53706056	6400	7.50869096569	0.0	383025	378.094886774	6.4
4213.96433271	6400	7.58141882069	0.0	383025	427.272145006	6.4
4214.37652762	6400	7.66922391016	0.0	383025	412.194910529	6.4
4214.78337727	6400	7.76237425109	0.0	383025	406.849659072	6.4
4215.19022693	6400	7.85552459201	0.0	383025	406.849659072	6.4
4215.62261247	6400	7.92313905821	0.0	383025	432.385533804	6.4
4216.06397259	6400	7.98177893775	0.0	383025	441.360120462	6.4
4216.68543995	6400	7.54041881729	0.0	383025	441.360120462	6.4
4217.16975578	6400	7.55610298867	0.0	383025	484.315828618	6.4
4217.65407161	6400	7.57178716005	0.0	383025	484.315828618	6.4
4218.13838744	6400	7.58747133143	0.0	383025	484.315828618	6.4
4218.62330882	6400	7.60254995156	0.0	383025	484.921379868	6.4
4219.10886512	6400	7.61699364342	0.0	383025	485.556308142	6.4
4219.59442143	6400	7.63143733528	0.0	383025	485.556308142	6.4
4220.07997774	6400	7.64588102714	0.0	383025	485.556308142	6.4
4220.44011926	6400	7.7857395111	0.0	383025	360.141516033	6.4
4220.79189709	6400	7.9339616769	0.0	383025	351.777834202	6.4
4221.47201715	6400	7.5821838427	0.0	383025	351.777834202	6.4
4221.83059783	6400	7.72360316154	0.0	383025	358.580681154	6.4
4222.23415613	6400	7.82004485978	0.0	383025	403.558301762	6.4
4222.6483009	6400	7.90590009164	0.0	383025	414.144768143	6.4
4223.06244567	6400	7.9917553235	0.0	383025	414.144768143	6.4
4223.90950595	6400	7.57761055535	0.0	383025	414.144768143	6.4
4224.36969435	6400	7.6174221541	0.0	383025	460.188401252	6.4
4224.82988275	6400	7.65723375285	0.0	383025	460.188401252	6.4
4225.29175842	6400	7.69535808343	0.0	383025	461.875669417	6.4
4225.75880899	6400	7.72830751913	0.0	383025	467.050564301	6.4
4226.22585955	6400	7.76125695483	0.0	383025	467.050564301	6.4
4226.69224498	6400	7.79487152291	0.0	383025	466.385431916	6.4
4227.11855919	6400	7.86855731705	0.0	383025	426.314205859	6.4
4227.54487339	6400	7.9422431112	0.0	383025	426.314205859	6.4
4228.4557848	6400	7.51592890534	0.0	383025	426.314205859	6.4
4228.84046307	6400	7.63125063318	0.0	383025	384.678272153	6.4
4229.22514134	6400	7.74657236103	0.0	383025	384.678272153	6.4
4229.63685553	6400	7.83485817601	0.0	383025	411.714185016	6.4
4230.05007277	6400	7.92164093889	0.0	383025	413.217237127	6.4
4230.79539242	6400	7.50842370176	0.0	383025	413.217237127	6.4
4231.1817665	6400	7.6220496157	0.0	383025	386.374086065	6.4
4231.56814059	6400	7.73567552963	0.0	383025	386.374086065	6.4
4231.95451468	6400	7.84930144357	0.0	383025	386.374086065	6.4
4232.33943399	6400	7.96438213422	0.0	383025	384.919309343	6.4
4232.75511482	6400	7.57961362532	0.0	383025	384.768508906	6.4
4233.12085084	6400	7.71387760263	0.0	383025	365.736022688	6.4
4233.48658687	6400	7.84814157994	0.0	383025	365.736022688	6.4
4233.85232289	6400	7.98240555725	0.0	383025	365.736022688	6.4
4234.71237149	6400	7.62235695459	0.0	383025	360.048602662	6.4
4235.06926855	6400	7.76545989914	0.0	383025	356.897055456	6.4
4235.43285614	6400	7.90187230931	0.0	383025	363.587589825	6.4
4235.82061687	6400	7.53731875856	0.0	383025	364.553550753	6.4
4236.17866105	6400	7.67927458109	0.0	383025	358.044177469	6.4
4236.53670523	6400	7.82123040362	0.0	383025	358.044177469	6.4
4236.89474941	6400	7.96318622615	0.0	383025	358.044177469	6.4
4237.75968232	6400	7.59825331206	0.0	383025	364.932914095	6.4
4238.13590169	6400	7.72203394202	0.0	383025	376.219370035	6.4
4238.5881983	6400	7.76973732986	0.0	383025	452.296612157	6.4
4239.04645125	6400	7.81148438509	0.0	383025	458.252944777	6.4
4239.50470419	6400	7.85323144031	0.0	383025	458.252944777	6.4
4239.96295714	6400	7.89497849553	0.0	383025	458.252944777	6.4
4240.56474971	6400	7.79318591963	0.0	383025	601.792575906	6.4
4241.19602439	6400	7.66191124605	0.0	383025	631.274673582	6.4
4241.82729906	6400	7.53063657246	0.0	383025	631.274673582	6.4

