4022.41359462	3066	0.5	0.206768226319	181435	206.768226319	2.23892709472
4022.82305226	7800	0.59054235112	0.0	471531	409.45764888	3.066
4023.24013341	7866	0.673461211087	0.0	482442	417.081140033	7.8
4023.68844126	8000	0.725153351359	0.0	492120	448.307859728	7.866
4024.18784211	8000	0.725752506783	0.0	492120	499.400844576	8.0
4024.75061372	8000	0.662980896521	0.0	490176	562.771610262	8.0
4025.3156964	8333	0.597898211676	0.0	513389	565.082684844	8.0
4025.8347931	8066	0.578801518068	0.0	497055	519.096693608	7.799
4026.41187215	8466	0.501722467523	0.0	520019	577.079050545	8.066
4027.03170774	9000	0.5	0.118113128141	551265	619.835595664	7.99354748744
4027.69224947	9266	0.5	0.160541721493	558332	660.541721493	8.35783311403
4028.32920657	9000	0.5	0.136957102119	536970	636.957102119	8.18617159153
4028.90246613	9000	0.5	0.0732595642736	536970	573.259564274	8.70696174291
4029.50745498	9000	0.5	0.104988852296	536970	604.988852296	8.58004459082
4030.12432225	9000	0.5	0.116867263793	536970	616.867263793	8.53253094483
4030.78155364	9000	0.5	0.157231392883	536970	657.231392883	8.37107442847
4031.45613215	9400	0.5	0.174578505285	553424	674.578505285	8.30168597886
4032.09075527	9000	0.5	0.134623123	522960	634.623123	8.061507508
4032.70495917	9000	0.5	0.114203901377	522960	614.203901377	8.54318439449
4033.30506009	9000	0.5	0.1001009167	532300	600.1009167	8.5995963332
4033.80182713	8400	0.503232958806	0.0	503004	496.767041194	7.8
4034.27494454	8000	0.530115547745	0.0	481782	473.117411061	7.6
4034.68329254	8000	0.621767544822	0.0	481782	408.348002923	8.0
4035.10742475	8533	0.697635333499	0.0	510552	424.132211323	8.0
4035.53681107	9000	0.768249016902	0.0	536970	429.386316598	8.533
4035.94807942	9000	0.856980670711	0.0	536970	411.26834619	9.0
4036.33774602	9000	0.967314066548	0.0	536970	389.666604163	9.0
4036.77143765	9000	1.0336224408	0.0	536970	433.691625745	9.0
4037.22259017	9000	1.0824699197	0.0	536970	451.152521102	9.0
4037.76411345	9533	1.04094663289	0.0	573990	541.523286809	9.0
4038.32536379	9666	0.979696293263	0.0	586715	561.250339631	9.533
4038.85591187	9000	0.949148214031	0.0	551265	530.548079231	8.334
4039.35526113	9000	0.949798953898	0.0	551265	499.349260134	9.0
4039.80424491	9000	1.0008151775	0.0	551265	448.983776402	9.0
4040.24385619	9000	1.06120390203	0.0	551265	439.611275469	9.0
4040.65727192	9000	1.14778816594	0.0	551265	413.41573609	9.0
4041.05831438	9000	1.24674570293	0.0	551265	401.042463004	9.0
4041.45374348	8466	1.35131661223	0.0	527825	395.429090708	7.932
4041.84218969	8000	1.46287039842	0.0	498375	388.446213809	7.534
4042.20232662	7066	1.60273346742	0.0	434595	360.136930999	6.132
4042.57770513	7200	1.72735496147	0.0	442995	375.378505951	7.066
4042.97703837	7600	1.82802171721	0.0	469589	399.333244253	7.2
4043.40983856	8000	1.89522152863	0.0	496259	432.800188585	7.6
4043.87264981	8133	1.93241027443	0.0	508563	462.811254204	8.0
4044.38087096	8733	1.92418912317	0.0	536941	508.221151257	8.133
4044.95940561	8733	1.84565448143	0.0	525223	578.534641734	8.733
4045.46207187	9000	1.84298821419	0.0	536970	502.666267246	8.733
4045.91759501	9000	1.88746507396	0.0	527946	455.523140227	9.0
4046.36495629	8933	1.94010380136	0.0	519390	447.361272598	8.866
4046.82003836	8933	1.98502172915	0.0	530998	455.082072218	8.933
4047.35665789	9000	1.94840219878	0.0	536970	536.619530365	8.933
4047.87332593	8600	1.93173415807	0.0	513386	516.668040709	8.2
4048.30511684	7000	1.99994324597	0.0	418197	431.790912097	5.4
4048.85682663	8600	1.94823345568	0.0	525989	551.709790297	7.0
4049.44373286	9000	1.86132722777	0.0	551655	586.906227906	8.6
4050.07091295	9533	1.73414713363	0.0	584127	627.180094144	9.0
4050.63037598	10000	1.67468411042	0.0	612540	559.463023207	9.533
4051.12857965	10000	1.67648043497	0.0	612540	498.203675454	10.0
4051.72297056	10000	1.58208952358	0.0	612540	594.390911388	10.0
4052.32284731	10000	1.48221277841	0.0	612540	599.876745165	10.0
4052.91517307	10000	1.38988701324	0.0	612540	592.325765172	10.0
4053.47401632	9866	1.33104377108	0.0	607628	558.843242162	9.732
4054.05158274	10000	1.25347734488	0.0	620415	577.5664262	9.866
4054.61994897	10000	1.18511111352	0.0	620415	568.366231363	10.0
4055.14247769	10000	1.16258239687	0.0	620415	522.528716649	10.0
4055.70949545	11600	1.09556463302	0.0	730995	567.017763848	10.0
4056.28987296	12000	1.01518712369	0.0	758640	580.377509327	11.6
4056.89076001	12266	0.914300080205	0.0	771584	600.887043488	12.0
4057.4508832	11000	0.854176889952	0.0	681300	560.123190253	9.734
4058.02194696	10200	0.783113126866	0.0	627772	571.063763086	9.4
4058.59900527	10000	0.706054819931	0.0	612540	577.058306935	9.8
4059.18871887	10000	0.616341212763	0.0	612540	589.713607168	10.0
4059.78908704	10000	0.515973049536	0.0	612540	600.368163227	10.0
4060.39032432	9600	0.5	0.0852642352518	588186	601.237284788	8.85894305899
4060.94199528	8666	0.5	0.0516709526158	530195	551.670952616	7.52531618954
4061.46689922	8533	0.5	0.0249039415741	515343	524.903941574	8.3003842337
4062.04192965	9000	0.5	0.0750304367618	539520	575.030436762	8.23287825295
4062.64547961	9000	0.5	0.103549951778	539520	603.549951778	8.58580019289
4063.16078801	9000	0.5	0.0153084068132	539520	515.308406813	8.93876637275
4063.6548611	9000	0.505926914474	0.0	539520	494.073085526	9.0
4064.10420623	9000	0.55658178563	0.0	539520	449.345128843	9.0
4064.59694085	9000	0.563847159152	0.0	540862	492.734626478	9.0
4065.12190902	9000	0.538878993681	0.0	539793	524.968165471	9.0
4065.7679182	9933	0.5	0.107130182982	600065	646.009176664	8.57147926807
4066.38392379	9533	0.5	0.116005596574	573695	616.005596574	8.6689776137
4066.95991924	9000	0.5	0.075995447702	537795	575.995447702	8.16301820919
4067.38466873	7800	0.575250513482	0.0	462222	424.749486518	6.6
4067.83553854	7800	0.624380696466	0.0	456146	450.869817016	7.8
4068.36505938	7666	0.594859858452	0.0	447075	529.520838014	7.532
4068.86845739	7133	0.591461846663	0.0	421103	503.398011789	6.6
4069.4247755	8000	0.535143737241	0.0	476265	556.318109422	7.133
4069.95062232	7733	0.509296920271	0.0	454837	525.846816971	7.466
4070.42645126	8000	0.533467983622	0.0	462300	475.828936649	7.733
4070.87875275	8000	0.581166491199	0.0	462300	452.301492423	8.0
4071.35395532	8000	0.605963915108	0.0	468906	475.202576091	8.0
4071.83574927	8000	0.624169965674	0.0	467438	481.793949434	8.0
4072.31414198	7933	0.645777256201	0.0	465132	478.392709473	7.866
4072.78203615	7533	0.677883090647	0.0	455338	467.894165554	7.133
4073.28971734	8866	0.67020190372	0.0	543071	507.681186927	7.533
4073.78007489	9000	0.679844350772	0.0	551023	490.357552948	8.866
4074.45129368	10000	0.508625562442	0.0	612540	671.21878833	9.0
4075.12201168	10000	0.5	0.162092445302	612540	670.718007743	9.35163021879
4075.63884691	10000	0.5	0.0168352271336	612540	516.835227134	9.93265909147
4076.1149311	9066	0.523915807164	0.0	555398	476.084192836	8.132
4076.58834596	9000	0.550500948993	0.0	551655	473.414858172	8.934
4077.06176082	9000	0.577086090821	0.0	551655	473.414858172	9.0
4077.42665499	9000	0.712191920228	0.0	551655	364.894170594	9.0
4077.78722799	9000	0.851618917533	0.0	551655	360.573002694	9.0
4078.07749617	8533	1.06135074187	0.0	521611	290.268175667	8.066
4078.34980249	8000	1.28904442144	0.0	487275	272.306320424	7.467
4078.62207558	8000	1.51677133296	0.0	487275	272.27308848	8.0
4078.96347328	8000	1.67537362781	0.0	487275	341.397705157	8.0
4079.64289427	7133	1.49595264053	0.0	432597	679.42098728	6.266
4080.32356539	7933	1.31528151778	0.0	483757	680.671122751	7.133
4080.88109599	8000	1.25775091983	0.0	488565	557.530597945	7.933
4081.43578281	8000	1.20306409844	0.0	488565	554.686821394	8.0
4081.9506098	8000	1.18823711187	0.0	488565	514.826986567	8.0
4082.42236917	6933	1.21647774231	0.0	419059	471.759369556	5.866
4082.89966124	6866	1.23918567677	0.0	410775	477.292065548	6.799
4083.35105779	6866	1.28778912442	0.0	413769	451.396552348	6.866

