8044.94030644	3066	0.5	0.228007264442	181435	228.007264442	2.15397094223
8045.40496217	7800	0.535344264284	0.0	471531	464.655735716	3.066
8045.87851866	7866	0.561787780299	0.0	482442	473.556483986	7.8
8046.35997006	8000	0.580336379096	0.0	492120	481.451401203	7.866
8046.84142146	8000	0.598884977893	0.0	492120	481.451401203	8.0
8047.32128702	8000	0.619019412511	0.0	490176	479.865565382	8.0
8047.82008881	8333	0.620217629588	0.0	513389	498.801782923	8.0
8048.30556598	8066	0.634740456897	0.0	497055	485.477172691	7.799
8048.80977624	8466	0.630530190698	0.0	520019	504.210266199	8.066
8049.33947572	9000	0.600830713571	0.0	551265	529.699477127	8.466
8049.86714035	9266	0.573166090191	0.0	558332	527.664623379	9.0
8050.37575705	9000	0.564549388489	0.0	536970	508.616701702	8.734
8050.88437375	9000	0.555932686787	0.0	536970	508.616701702	9.0
8051.39299045	9000	0.547315985084	0.0	536970	508.616701702	9.0
8051.88611646	9000	0.554189973566	0.0	536970	493.126011518	9.0
8052.29893502	9000	0.641371414311	0.0	536970	412.818559255	9.0
8052.72195191	9400	0.718354526333	0.0	553424	423.016887978	9.0
8053.12608695	9000	0.814219483876	0.0	522960	404.135042457	8.6
8053.53022199	9000	0.910084441419	0.0	522960	404.135042457	9.0
8053.94014605	9000	1.00016038776	0.0	532300	409.924053656	9.0
8054.33191219	8400	1.10839424332	0.0	503004	391.766144439	7.8
8054.71052476	8000	1.22978167444	0.0	481782	378.612568887	7.6
8055.03617545	8000	1.4041309814	0.0	481782	325.650693041	8.0
8055.37208096	8533	1.56822547293	0.0	510552	335.905508465	8.0
8055.72122804	9000	1.71907839118	0.0	536970	349.147081748	8.533
8056.07037513	9000	1.86993130944	0.0	536970	349.147081748	9.0
8056.41952221	9000	2.02078422769	0.0	536970	349.147081748	9.0
8056.69150698	6400	2.24879945948	0.0	383025	271.984768211	3.8
8056.9371375	6400	2.50316893879	0.0	383025	245.630520692	6.4
8057.17055596	6400	2.76975047155	0.0	383025	233.418467238	6.4
8057.40397443	6400	3.03633200431	0.0	383025	233.418467238	6.4
8057.6373929	6400	3.30291353707	0.0	383025	233.418467238	6.4
8057.87081137	6400	3.56949506983	0.0	383025	233.418467238	6.4
8058.10422983	6400	3.83607660259	0.0	383025	233.418467238	6.4
8058.3376483	6400	4.10265813536	0.0	383025	233.418467238	6.4
8058.57106677	6400	4.36923966812	0.0	383025	233.418467238	6.4
8058.80448523	6400	4.63582120088	0.0	383025	233.418467238	6.4
8059.0379037	6400	4.90240273364	0.0	383025	233.418467238	6.4
8059.27132217	6400	5.1689842664	0.0	383025	233.418467238	6.4
8059.48729937	6400	5.45300706601	0.0	383025	215.977200389	6.4
8059.69177182	6400	5.74853461795	0.0	383025	204.47244806	6.4
8059.89624427	6400	6.04406216989	0.0	383025	204.47244806	6.4
8060.10071671	6400	6.33958972183	0.0	383025	204.47244806	6.4
8060.30518916	6400	6.63511727377	0.0	383025	204.47244806	6.4
8060.50966161	6400	6.93064482571	0.0	383025	204.47244806	6.4
8060.71413406	6400	7.22617237765	0.0	383025	204.47244806	6.4
8060.95690572	6400	7.48340071145	0.0	383025	242.7716662	6.4
8061.22385172	6400	7.71645471084	0.0	383025	266.94600061	6.4
8061.49079773	6400	7.94950871023	0.0	383025	266.94600061	6.4
8062.25774373	6400	7.68256270962	0.0	383025	266.94600061	6.4
8062.52468973	6400	7.91561670901	0.0	383025	266.94600061	6.4
8063.36412173	6400	7.57618470118	0.0	383025	339.432007833	6.4
8063.71109162	6400	7.72921481519	0.0	383025	346.969885987	6.4
8064.05806151	6400	7.88224492921	0.0	383025	346.969885987	6.4
8064.90503139	6400	7.53527504322	0.0	383025	346.969885987	6.4
8065.25200128	6400	7.68830515723	0.0	383025	346.969885987	6.4
8065.57162049	6400	7.86868594538	0.0	383025	319.619211849	6.4
8066.33434393	6400	7.60596250265	0.0	383025	262.723442734	6.4
8066.59706738	6400	7.84323905991	0.0	383025	262.723442734	6.4
8067.35979082	6400	7.58051561718	0.0	383025	262.723442734	6.4
8067.66518304	6400	7.7751233999	0.0	383025	305.392217279	6.4
8068.03894514	6400	7.90136129563	0.0	383025	373.762104269	6.4
8068.91270724	6400	7.52759919136	0.0	383025	373.762104269	6.4
8069.28646935	6400	7.6538370871	0.0	383025	373.762104269	6.4
8069.66023145	6400	7.78007498283	0.0	383025	373.762104269	6.4
8070.03399356	6400	7.90631287856	0.0	383025	373.762104269	6.4
8070.61321228	6400	7.53255077429	0.0	383025	373.762104269	6.4
8071.10259715	6400	7.54316590083	0.0	383025	489.384873461	6.4
8071.59198202	6400	7.55378102737	0.0	383025	489.384873461	6.4
8072.0813669	6400	7.5643961539	0.0	383025	489.384873461	6.4
8072.57075177	6400	7.57501128044	0.0	383025	489.384873461	6.4
8073.06013664	6400	7.58562640698	0.0	383025	489.384873461	6.4
8073.54952152	6400	7.59624153352	0.0	383025	489.384873461	6.4
8074.03890639	6400	7.60685666006	0.0	383025	489.384873461	6.4
8074.69477442	6400	7.45098863336	0.0	383025	655.8680267	6.4
8075.35432072	6400	7.29144232633	0.0	383025	659.546307031	6.4
8076.01386703	6400	7.1318960193	0.0	383025	659.546307031	6.4
8076.67341334	6400	6.97234971227	0.0	383025	659.546307031	6.4
8077.33295964	6400	6.81280340524	0.0	383025	659.546307031	6.4
8077.99250595	6400	6.6532570982	0.0	383025	659.546307031	6.4
8078.65205226	6400	6.49371079117	0.0	383025	659.546307031	6.4
8079.31159857	6400	6.33416448414	0.0	383025	659.546307031	6.4
8079.97114487	6400	6.17461817711	0.0	383025	659.546307031	6.4
8080.58237946	6400	6.06338358839	0.0	383025	611.234588723	6.4
8081.08002214	6400	6.06574090566	0.0	383025	497.642682734	6.4
8081.57766483	6400	6.06809822292	0.0	383025	497.642682734	6.4
8082.07530751	6400	6.07045554019	0.0	383025	497.642682734	6.4
8082.57295019	6400	6.07281285745	0.0	383025	497.642682734	6.4
8083.07059287	6400	6.07517017472	0.0	383025	497.642682734	6.4
8083.56823556	6400	6.07752749199	0.0	383025	497.642682734	6.4
8084.06587824	6400	6.07988480925	0.0	383025	497.642682734	6.4
8084.56352092	6400	6.08224212652	0.0	383025	497.642682734	6.4
8085.12473362	6400	6.02102943	0.0	383025	561.212696521	6.4
8085.85648301	6400	5.78928004405	0.0	383025	731.749385952	6.4
8086.58823239	6400	5.55753065809	0.0	383025	731.749385952	6.4
8087.31998178	6400	5.32578127214	0.0	383025	731.749385952	6.4
8088.05173116	6400	5.09403188619	0.0	383025	731.749385952	6.4
8088.78348055	6400	4.86228250024	0.0	383025	731.749385952	6.4
8089.51522994	6400	4.63053311429	0.0	383025	731.749385952	6.4
8090.24697932	6400	4.39878372833	0.0	383025	731.749385952	6.4
8090.97872871	6400	4.16703434238	0.0	383025	731.749385952	6.4
8091.71047809	6400	3.93528495643	0.0	383025	731.749385952	6.4
8092.45022952	6400	3.69553352929	0.0	383025	739.751427136	6.4
8093.19297076	6400	3.45279228679	0.0	383025	742.741242507	6.4
8093.93571201	6400	3.21005104428	0.0	383025	742.741242507	6.4
8094.67845325	6400	2.96730980177	0.0	383025	742.741242507	6.4
8095.42119449	6400	2.72456855927	0.0	383025	742.741242507	6.4
8096.16393573	6400	2.48182731676	0.0	383025	742.741242507	6.4
8096.90667698	6400	2.23908607425	0.0	383025	742.741242507	6.4
8097.64941822	6400	1.99634483174	0.0	383025	742.741242507	6.4
8098.4331934	8000	1.71256965099	0.0	487275	783.775180758	6.4
8099.16521332	8000	1.48054973421	0.0	487275	732.019916773	8.0
8099.82406891	7133	1.32169413945	0.0	432597	658.855594759	6.266
8100.55138141	7933	1.09438163855	0.0	483757	727.312500905	7.133
8101.28512747	8000	0.860635580086	0.0	488565	733.746058464	7.933
8102.01887353	8000	0.626889521621	0.0	488565	733.746058464	8.0
8102.75261959	8000	0.5	0.106856536843	488565	733.746058464	7.57257385263
8103.41110044	6933	0.5	0.15848085163	419059	658.48085163	5.23207659348
8104.08598296	6866	0.5	0.174882525387	410775	674.882525387	6.09946989845
8104.76520139	6866	0.5	0.179218422852	413769	679.218422852	6.14912630859

