7566.6747079	3066	0.5	0.181310308805	181435	181.310308805	2.34075876478
7567.01800302	7800	0.656704873804	0.0	471531	343.295126196	3.066
7567.36739067	7866	0.807317225331	0.0	482442	349.387648473	7.8
7567.72218236	8000	0.952525541426	0.0	492120	354.791683905	7.866
7568.07697404	8000	1.09773385752	0.0	492120	354.791683905	8.0
7568.43068023	8000	1.24402767112	0.0	490176	353.706186397	8.0
7568.79734817	8333	1.37735972873	0.0	513389	366.667942389	8.0
7569.20955972	8066	1.46514817561	0.0	497055	412.211553125	7.799
7569.64849563	8466	1.52621227174	0.0	520019	438.935903867	8.066
7570.10899865	9000	1.56570924965	0.0	551265	460.503022092	8.466
7570.57437957	9266	1.6003283288	0.0	558332	465.380920847	9.0
7571.02501567	9000	1.64969223224	0.0	536970	450.636096565	8.734
7571.47565176	9000	1.69905613567	0.0	536970	450.636096565	9.0
7571.97134854	9000	1.70335935671	0.0	536970	495.696778961	9.0
7572.5085682	9000	1.66613970053	0.0	536970	537.219656185	9.0
7573.04578785	9000	1.62892004434	0.0	536970	537.219656185	9.0
7573.59701778	9400	1.57769012274	0.0	553424	551.229921605	9.0
7574.12230819	9000	1.55239971285	0.0	522960	525.29040989	8.6
7574.84954198	9000	1.32516592121	0.0	522960	727.233791634	9.0
7575.87968531	9000	0.795022589926	0.0	532300	1030.14333129	9.0
7576.85753595	8400	0.5	0.182828051087	503004	977.850641013	7.06868779565
7577.79750581	8000	0.5	0.439969856161	481782	939.969856161	5.84012057536
7578.73747566	8000	0.5	0.439969856161	481782	939.969856161	6.24012057536
7579.72879931	8533	0.5	0.491323648461	510552	991.323648461	6.03470540616
7580.76727849	9000	0.5	0.538479174528	536970	1038.47917453	6.37908330189
7581.80575766	9000	0.5	0.538479174528	536970	1038.47917453	6.84608330189
7582.75495528	9000	0.5	0.449197618446	536970	949.197618446	7.20320952622
7583.66195113	9000	0.5	0.40699585062	536970	906.99585062	7.37201659752
7584.56894698	9000	0.5	0.40699585062	536970	906.99585062	7.37201659752
7585.53295791	9533	0.5	0.464010928539	573990	964.010928539	7.14395628584
7586.49692538	9666	0.5	0.463967471021	586715	963.967471021	7.67713011592
7587.36704729	9000	0.5	0.370121914004	551265	870.121914004	6.85351234398
7588.23716921	9000	0.5	0.370121914004	551265	870.121914004	7.51951234398
7589.10729112	9000	0.5	0.370121914004	551265	870.121914004	7.51951234398
7589.97741303	9000	0.5	0.370121914004	551265	870.121914004	7.51951234398
7590.73830181	9000	0.5	0.26088877994	551265	760.88877994	7.95644488024
7591.44684076	9000	0.5	0.208538941482	551265	708.538941482	8.16584423407
7592.12865398	8466	0.5	0.181813223745	527825	681.813223745	7.20474710502
7592.77688903	8000	0.5	0.148235050223	498375	648.235050223	6.94105979911
7593.35240368	7066	0.5	0.0755146459027	434595	575.514645903	5.82994141639
7593.9374958	7200	0.5	0.0850921215423	442995	585.092121542	6.72563151383
7594.57077549	7600	0.5	0.133279690328	469589	633.279690328	6.66688123869
7595.36202358	8000	0.5	0.291248092512	496259	791.248092512	6.43500762995
7596.17090601	8133	0.5	0.308882425654	508563	808.882425654	6.76447029739
7597.02046034	8733	0.5	0.349554329577	536941	849.554329577	6.73478268169
7597.8532202	8733	0.5	0.332759863083	525223	832.759863083	7.40196054767
7598.70281609	9000	0.5	0.349595892944	536970	849.595892944	7.33461642822
7599.53947861	9000	0.5	0.336662519873	527946	836.662519873	7.65334992051
7600.28530381	8933	0.5	0.245825197	519390	745.825197	7.882699212
7601.02996649	8933	0.5	0.244662679924	530998	744.662679924	7.9543492803
7601.78210446	9000	0.5	0.252137972721	536970	752.137972721	7.92444810912
7602.50472179	8600	0.5	0.222617325481	513386	722.617325481	7.30953069808
7603.1081888	7000	0.5	0.103467016366	418197	603.467016366	4.98613193454
7603.8465816	8600	0.5	0.238392796867	525989	738.392796867	6.04642881253
7604.78589283	9000	0.5	0.439311231945	551655	939.311231945	6.84275507222
7605.90276464	9533	0.5	0.616871806267	584127	1116.87180627	6.53251277493
7607.07007178	10000	0.5	0.667307137336	612540	1167.30713734	6.86377145066
7608.23737891	10000	0.5	0.667307137336	612540	1167.30713734	7.33077145066
7609.43135998	10000	0.5	0.693981065074	612540	1193.98106507	7.2240757397
7610.80394037	10000	0.5	0.872580392781	612540	1372.58039278	6.50967842888
7612.17652076	10000	0.5	0.872580392781	612540	1372.58039278	6.50967842888
7613.53873587	9866	0.5	0.862215102531	607628	1362.21510253	6.28313958987
7614.92793406	10000	0.5	0.889198198301	620415	1389.1981983	6.3092072068
7616.31713226	10000	0.5	0.889198198301	620415	1389.1981983	6.4432072068
7617.37799917	10000	0.5	0.560866907499	620415	1060.8669075	7.75653237
7618.26964171	11600	0.5	0.391642541422	730995	891.642541422	8.43342983431
7619.19197921	12000	0.5	0.422337495639	758640	922.337495639	9.91065001745
7620.12868876	12266	0.5	0.436709551612	771584	936.709551612	10.2531617936
7620.93145842	11000	0.5	0.302769666173	681300	802.769666173	8.52292133531
7621.56329197	10200	0.5	0.131833542863	627772	631.833542863	8.87266582855
7622.18173605	10000	0.5	0.118444082159	612540	618.444082159	9.32622367136
7622.80018013	10000	0.5	0.118444082159	612540	618.444082159	9.52622367136
7623.41862421	10000	0.5	0.118444082159	612540	618.444082159	9.52622367136
7624.00450261	9600	0.5	0.0858783944859	588186	585.878394486	8.85648642206
7624.38938037	8666	0.615122239147	0.0	530195	384.877760853	7.732
7624.76571779	8533	0.738784816291	0.0	515343	376.337422856	8.4
7625.1559577	9000	0.848544905436	0.0	539520	390.239910854	8.533
7625.54619761	9000	0.958304994582	0.0	539520	390.239910854	9.0
7625.97842774	9000	1.02607486597	0.0	539520	432.230128612	9.0
7626.61427662	9000	0.890225990436	0.0	539520	635.848875534	9.0
7627.25012549	9000	0.754377114901	0.0	539520	635.848875534	9.0
7627.88735699	9000	0.617145622984	0.0	540862	637.231491917	9.0
7628.52348712	9000	0.5	0.0189845150484	539793	636.130138032	8.92406193981
7629.22171343	9933	0.5	0.198226303932	600065	698.226303932	8.20709478427
7629.9422264	9533	0.5	0.220512973244	573695	720.512973244	8.25094810702
7630.6547283	9000	0.5	0.212501902692	537795	712.501902692	7.61699238923
7631.27834863	7800	0.5	0.123620328314	462222	623.620328314	6.10551868674
7631.89482296	7800	0.5	0.116474331121	456146	616.474331121	7.33410267552
7632.50062887	7666	0.5	0.105805907727	447075	605.805907727	7.10877636909
7633.07588905	7133	0.5	0.0752601804202	421103	575.26018042	6.29895927832
7633.47827462	8000	0.597614431801	0.0	476265	402.385568199	7.133
7633.80587736	7733	0.770011689212	0.0	454837	327.602742589	7.466
7634.13754279	8000	0.938346262039	0.0	462300	331.665427172	7.733
7634.46920822	8000	1.10668083487	0.0	462300	331.665427172	8.0
7634.8044698	8000	1.27141925409	0.0	468906	335.261580778	8.0
7635.13893223	8000	1.43695681856	0.0	467438	334.462435532	8.0
7635.45374857	7933	1.62214048483	0.0	465132	314.816333724	7.866
7635.72373065	7533	1.85215839998	0.0	455338	269.98208485	7.133
7636.03031785	8866	2.04557120365	0.0	543071	306.587196328	7.533
7636.27012856	6400	2.30576049589	0.0	383025	239.810707759	3.934
7636.50993926	6400	2.56594978814	0.0	383025	239.810707759	6.4
7636.75067197	6400	2.82521708267	0.0	383025	240.732705467	6.4
7636.99949339	6400	3.07639566473	0.0	383025	248.821417935	6.4
7637.2483148	6400	3.3275742468	0.0	383025	248.821417935	6.4
7637.49713622	6400	3.57875282886	0.0	383025	248.821417935	6.4
7637.74595764	6400	3.82993141093	0.0	383025	248.821417935	6.4
7637.99477906	6400	4.08110999299	0.0	383025	248.821417935	6.4
7638.24360048	6400	4.33228857506	0.0	383025	248.821417935	6.4
7638.49242189	6400	4.58346715712	0.0	383025	248.821417935	6.4
7638.74124331	6400	4.83464573919	0.0	383025	248.821417935	6.4
7639.02788056	6400	5.04800849498	0.0	383025	286.637244206	6.4
7639.35997257	6400	5.21591648394	0.0	383025	332.092011043	6.4
7639.69206458	6400	5.38382447289	0.0	383025	332.092011043	6.4
7640.02415659	6400	5.55173246185	0.0	383025	332.092011043	6.4
7640.3562486	6400	5.71964045081	0.0	383025	332.092011043	6.4
7640.67712014	6400	5.89876891019	0.0	383025	320.871540614	6.4
7640.97146886	6400	6.104420196	0.0	383025	294.348714198	6.4
7641.26581757	6400	6.3100714818	0.0	383025	294.348714198	6.4
7641.56016628	6400	6.5157227676	0.0	383025	294.348714198	6.4
7641.854515	6400	6.7213740534	0.0	383025	294.348714198	6.4

