4478.92827035	3066	0.5	0.193951432399	181435	193.951432399	2.2901942704
4479.30441846	7800	0.623851887063	0.0	471531	376.148112937	3.066
4479.6874193	7866	0.740851049575	0.0	482442	383.000837488	7.8
4480.05851394	8000	0.869756405404	0.0	492120	371.09464417	7.866
4480.41706096	8000	1.01120938541	0.0	492120	358.547019997	8.0
4480.76269836	8000	1.165571988	0.0	490176	345.63739741	8.0
4481.11704705	8333	1.31122329101	0.0	513389	354.348696984	8.0
4481.45818147	8066	1.47008887542	0.0	497055	341.134415592	7.799
4481.84581061	8466	1.58245973157	0.0	520019	387.629143847	8.066
4482.26136363	9000	1.66690671669	0.0	551265	415.553014883	8.466
4482.67449188	9266	1.7537784602	0.0	558332	413.12825649	9.0
4483.12057811	9000	1.8076922319	0.0	536970	446.086228301	8.734
4483.61444705	9000	1.81382329019	0.0	536970	493.868941711	9.0
4484.31251493	9000	1.61575541127	0.0	536970	698.06787892	9.0
4485.01229373	9000	1.41597661839	0.0	536970	699.778792879	9.0
4485.61923098	9000	1.30903936487	0.0	536970	606.937253518	9.0
4486.23098698	9400	1.19728336145	0.0	553424	611.756003423	9.0
4486.79622681	9000	1.13204353256	0.0	522960	565.239828887	8.6
4487.35295464	9000	1.07531570438	0.0	522960	556.727828179	9.0
4487.90358115	9000	1.02468919347	0.0	532300	550.626510913	9.0
4488.40341138	8400	1.02485896668	0.0	503004	499.830226787	7.8
4488.87768966	8000	1.05058068472	0.0	481782	474.278281961	7.6
4489.3433213	8000	1.08494904904	0.0	481782	465.631635686	8.0
4489.82727944	8533	1.10099090803	0.0	510552	483.958141007	8.0
4490.33029597	9000	1.09797437404	0.0	536970	503.016533992	8.533
4490.83152708	9000	1.09674326437	0.0	536970	501.231109667	9.0
4491.33896515	9000	1.08930519547	0.0	536970	507.438068902	9.0
4491.85073244	9000	1.07753790414	0.0	536970	511.76729133	9.0
4492.35851165	9000	1.06975869255	0.0	536970	507.77921159	9.0
4492.85861424	9533	1.06965610928	0.0	573990	500.102583272	9.0
4493.33462701	9666	1.09364333264	0.0	586715	476.012776641	9.533
4493.803082	9000	1.12518834939	0.0	551265	468.45498325	8.334
4494.31930027	9000	1.10897007684	0.0	551265	516.218272542	9.0
4494.8516586	9000	1.0766117437	0.0	551265	532.358333148	9.0
4495.41677758	9000	1.01149276704	0.0	551265	565.118976653	9.0
4495.98867998	9000	0.939590368868	0.0	551265	571.902398175	9.0
4496.52749472	9000	0.900775620385	0.0	551265	538.814748483	9.0
4497.03440419	8466	0.893866158429	0.0	527825	506.909461956	7.932
4497.515133	8000	0.913137347	0.0	498375	480.728811429	7.534
4497.94430119	7066	0.983969158343	0.0	434595	429.168188657	6.132
4498.3785375	7200	1.04973284232	0.0	442995	434.236316022	7.066
4498.83660538	7600	1.09166496504	0.0	469589	458.067877277	7.2
4499.32364465	8000	1.10462569445	0.0	496259	487.03927059	7.6
4499.79610199	8133	1.13216835245	0.0	508563	472.457342004	8.0
4500.25619998	8733	1.17207036651	0.0	536941	460.097985939	8.133
4500.6923053	8733	1.23596504968	0.0	525223	436.105316828	8.733
4501.16076859	9000	1.26750175985	0.0	536970	468.46328983	8.733
4501.63479299	9000	1.29347735879	0.0	527946	474.024401058	9.0
4502.11283677	8933	1.31543357292	0.0	519390	478.043785871	8.866
4502.61294728	8933	1.31532306988	0.0	530998	500.110503047	8.933
4503.1349367	9000	1.29333364983	0.0	536970	521.989420051	8.933
4503.6234817	8600	1.30478864087	0.0	513386	488.545008953	8.2
4504.03542447	7000	1.39284587637	0.0	418197	411.9427645	5.4
4504.52904132	8600	1.39922902713	0.0	525989	493.616849239	7.0
4505.07555718	9000	1.35271316332	0.0	551655	546.515863811	8.6
4505.67302081	9533	1.25524953199	0.0	584127	597.463631332	9.0
4506.35805034	10000	1.07022000106	0.0	612540	685.029530929	9.533
4506.99556319	10000	0.932707159833	0.0	612540	637.512841228	10.0
4507.5831047	10000	0.845165647876	0.0	612540	587.541511958	10.0
4508.14532527	10000	0.782945071242	0.0	612540	562.220576634	10.0
4508.81116441	10000	0.617105937881	0.0	612540	665.83913336	10.0
4509.44819188	9866	0.5	0.0199215393817	607628	637.027477263	9.65231384247
4510.0479809	10000	0.5	0.0997890182848	620415	599.789018285	9.46684392686
4510.64988876	10000	0.5	0.101907861025	620415	601.907861025	9.5923685559
4511.27242156	10000	0.5	0.122532798796	620415	622.532798796	9.50986880481
4511.92271958	11600	0.5	0.150298012417	730995	650.298012417	9.39880795033
4512.571618	12000	0.5	0.148898422906	758640	648.898422906	11.0044063084
4513.48023272	12266	0.5	0.408614719647	771584	908.614719647	10.3655411214
4514.43478226	11000	0.5	0.45454954081	681300	954.54954081	7.91580183676
4515.09760989	10200	0.5	0.162827635715	627772	662.827635715	8.74868945714
4515.6957964	10000	0.5	0.0981865019293	612540	598.186501929	9.40725399228
4516.30308598	10000	0.5	0.107289583073	612540	607.289583073	9.57084166771
4517.00617412	10000	0.5	0.20308813984	612540	703.08813984	9.18764744064
4517.65143697	9600	0.5	0.145262848719	588186	645.262848719	8.61894860512
4518.21558961	8666	0.5	0.0641526468128	530195	564.152646813	7.47538941275
4518.74737035	8533	0.5	0.0317807328579	515343	531.780732858	8.27287706857
4519.25686698	9000	0.5	0.00949663319601	539520	509.496633196	8.49501346722
4519.79142936	9000	0.5	0.0345623838692	539520	534.562383869	8.86175046452
4520.41436417	9000	0.5	0.12293480276	539520	622.93480276	8.50826078896
4520.97195612	9000	0.5	0.0575919505398	539520	557.59195054	8.76963219784
4521.50885326	9000	0.5	0.0368971399694	539520	536.897139969	8.85241144012
4522.03169186	9000	0.5	0.0228385975156	540862	522.838597516	8.90864560994
4522.62023001	9000	0.5	0.0885381585231	539793	588.538158523	8.64584736591
4523.26816416	9933	0.5	0.147934146249	600065	647.934146249	8.408263415
4523.86249329	9533	0.5	0.0943291314701	573695	594.32913147	8.75568347412
4524.38982014	9000	0.5	0.0273268464678	537795	527.326846468	8.35769261413
4524.84284551	7800	0.546974625018	0.0	462222	453.025374982	6.6
4525.26453355	7800	0.625286583871	0.0	456146	421.688041147	7.8
4525.67649673	7666	0.7133234033	0.0	447075	411.963180571	7.532
4526.06171795	7133	0.828102186565	0.0	421103	385.221216735	6.6
4526.48494475	8000	0.904875385084	0.0	476265	423.226801481	7.133
4526.9155672	7733	0.974252941972	0.0	454837	430.622443112	7.466
4527.39298772	8000	0.996832421943	0.0	462300	477.420520029	7.733
4527.8673167	8000	1.02250343969	0.0	462300	474.328982256	8.0
4528.34490416	8000	1.04491598051	0.0	468906	477.58745918	8.0
4528.80713979	8000	1.08268034666	0.0	467438	462.235633842	8.0
4529.29202397	7933	1.09779616795	0.0	465132	484.884178717	7.866
4529.81388368	7533	1.07593646226	0.0	455338	521.859705687	7.133
4530.39556451	8866	0.994255632504	0.0	543071	581.680829757	7.533
4530.98459127	9000	0.905228864631	0.0	551023	589.026767873	8.866
4531.63044652	10000	0.759373616497	0.0	612540	645.855248134	9.0
4532.12357637	10000	0.766243764423	0.0	612540	493.129852074	10.0
4532.51672756	10000	0.873092578888	0.0	612540	393.151185534	10.0
4532.9511929	9066	0.938627241483	0.0	555398	434.465337406	8.132
4533.50396551	9000	0.885854627417	0.0	551655	552.772614066	8.934
4534.12513268	9000	0.764687458915	0.0	551655	621.167168502	9.0
4534.71572762	9000	0.674092519909	0.0	551655	590.594939006	9.0
4535.26856015	9000	0.621259984509	0.0	551655	552.8325354	9.0
4535.75939023	8533	0.630429907497	0.0	521611	490.830077012	8.066
4536.2208989	8000	0.668921234539	0.0	487275	461.508672958	7.467
4536.67925346	8000	0.710566680301	0.0	487275	458.354554238	8.0
4537.14305859	8000	0.74676154671	0.0	487275	463.805133591	8.0
4537.5753594	7133	0.814460740777	0.0	432597	432.300805932	6.266
4538.064021	7933	0.825799134908	0.0	483757	488.661605869	7.133
4538.54239067	8000	0.847429468914	0.0	488565	478.369665995	7.933
4539.00848	8000	0.881340140134	0.0	488565	466.08932878	8.0
4539.4323966	8000	0.957423536481	0.0	488565	423.916603653	8.0
4539.78775054	6933	1.10206960006	0.0	419059	355.353936421	5.866
4540.15515042	6866	1.23466972168	0.0	410775	367.39987838	6.799
4540.53803694	6866	1.35178319409	0.0	413769	382.886527594	6.866

