7814.95284856	3066	0.5	0.301359347494	181435	301.359347494	1.86056261002
7815.60813885	7800	0.5	0.155290293953	471531	655.290293953	2.44483882419
7816.27674109	7866	0.5	0.168602233989	482442	668.602233989	7.12559106404
7816.95715094	8000	0.5	0.180409855259	492120	680.409855259	7.14436057896
7817.6375608	8000	0.5	0.180409855259	492120	680.409855259	7.27836057896
7818.41848871	8000	0.5	0.280927914799	490176	780.927914799	6.87628834081
7819.2607783	8333	0.5	0.342289587628	513389	842.289587628	6.63084164949
7820.07881486	8066	0.5	0.31803655898	497055	818.03655898	6.52685376408
7820.75951506	8466	0.5	0.180700205282	520019	680.700205282	7.34319917887
7821.43511682	9000	0.5	0.175601761184	551265	675.601761184	7.76359295526
7822.11835397	9266	0.5	0.183237140986	558332	683.237140986	8.26705143606
7822.77851102	9000	0.5	0.160157052784	536970	660.157052784	8.09337178886
7823.37948055	9000	0.5	0.100969536843	536970	600.969536843	8.59612185263
7823.89486057	9000	0.5	0.01538001248	536970	515.38001248	8.93847995008
7824.41024058	9000	0.5	0.01538001248	536970	515.38001248	8.93847995008
7824.92600426	9000	0.5	0.0157636846922	536970	515.763684692	8.93694526123
7825.4559198	9400	0.5	0.0299155402608	553424	529.915540261	8.88033783896
7825.96106911	9000	0.5	0.00514930854967	522960	505.14930855	8.5794027658
7826.46621842	9000	0.5	0.00514930854967	522960	505.14930855	8.9794027658
7826.97528546	9000	0.5	0.00906704072925	532300	509.067040729	8.96373183708
7827.43805986	8400	0.537225599133	0.0	503004	462.774400867	7.8
7827.88468481	8000	0.590600649036	0.0	481782	446.624950097	7.6
7828.33153688	8000	0.643748579044	0.0	481782	446.852069992	8.0
7828.80079157	8533	0.674493888247	0.0	510552	469.254690797	8.0
7829.29018786	9000	0.685097604779	0.0	536970	489.396283468	8.533
7829.75975897	9000	0.715526494951	0.0	536970	469.571109828	9.0
7830.20600492	9000	0.769280540575	0.0	536970	446.245954376	9.0
7830.65225088	9000	0.823034586199	0.0	536970	446.245954376	9.0
7831.09849683	9000	0.876788631823	0.0	536970	446.245954376	9.0
7831.56887129	9533	0.906414176757	0.0	573990	470.374455066	9.0
7832.04779461	9666	0.927490849721	0.0	586715	478.923327035	9.533
7832.50261453	9000	0.972670932252	0.0	551265	454.81991747	8.334
7832.95975359	9000	1.01553186983	0.0	551265	457.13906242	9.0
7833.41859889	9000	1.05668657111	0.0	551265	458.845298725	9.0
7833.87744419	9000	1.09784127238	0.0	551265	458.845298725	9.0
7834.34387237	9000	1.13141309024	0.0	551265	466.428182137	9.0
7834.84112315	9000	1.13416231334	0.0	551265	497.250776908	9.0
7835.32063226	8466	1.15465320008	0.0	527825	479.50911326	7.932
7835.75221649	8000	1.22306897484	0.0	498375	431.584225234	7.534
7836.08869426	7066	1.3865912073	0.0	434595	336.477767548	6.132
7836.43012931	7200	1.54515615021	0.0	442995	341.435057087	7.066
7836.78725891	7600	1.6880265505	0.0	469589	357.129599707	7.2
7837.16663861	8000	1.80864684862	0.0	496259	379.379701877	7.6
7837.59734145	8133	1.87794401636	0.0	508563	430.702832261	8.0
7838.04761362	8733	1.92767183876	0.0	536941	450.272177601	8.133
7838.48980512	8733	1.98548034298	0.0	525223	442.191495781	8.733
7838.88953337	9000	2.08575209642	0.0	536970	399.728246557	8.733
7839.18893965	6400	2.28634581092	0.0	383025	299.406285509	3.8
7839.48834594	6400	2.48693952541	0.0	383025	299.406285509	6.4
7839.78775222	6400	2.6875332399	0.0	383025	299.406285509	6.4
7840.09346761	6400	2.88181785625	0.0	383025	305.715383643	6.4
7840.43168187	6400	3.04360359639	0.0	383025	338.214259864	6.4
7840.76989613	6400	3.20538933653	0.0	383025	338.214259864	6.4
7841.10811039	6400	3.36717507666	0.0	383025	338.214259864	6.4
7841.44169133	6400	3.53359413696	0.0	383025	333.580939706	6.4
7841.74556142	6400	3.7297240415	0.0	383025	303.870095453	6.4
7842.04943152	6400	3.92585394605	0.0	383025	303.870095453	6.4
7842.35330161	6400	4.1219838506	0.0	383025	303.870095453	6.4
7842.65717171	6400	4.31811375514	0.0	383025	303.870095453	6.4
7842.95476813	6400	4.52051733687	0.0	383025	297.596418276	6.4
7843.23844501	6400	4.73684044792	0.0	383025	283.676888944	6.4
7843.5221219	6400	4.95316355898	0.0	383025	283.676888944	6.4
7843.80579879	6400	5.16948667003	0.0	383025	283.676888944	6.4
7844.08947568	6400	5.38580978109	0.0	383025	283.676888944	6.4
7844.44205791	6400	5.53322754917	0.0	383025	352.58223192	6.4
7844.79532811	6400	5.6799573477	0.0	383025	353.270201471	6.4
7845.14859832	6400	5.82668714623	0.0	383025	353.270201471	6.4
7845.50186852	6400	5.97341694476	0.0	383025	353.270201471	6.4
7845.85110098	6400	6.12418448257	0.0	383025	349.232462187	6.4
7846.192589	6400	6.28269646382	0.0	383025	341.48801875	6.4
7846.53407702	6400	6.44120844507	0.0	383025	341.48801875	6.4
7846.87556504	6400	6.59972042632	0.0	383025	341.48801875	6.4
7847.21263572	6400	6.76264973787	0.0	383025	337.070688448	6.4
7847.54922028	6400	6.92606518382	0.0	383025	336.584554055	6.4
7847.88580483	6400	7.08948062976	0.0	383025	336.584554055	6.4
7848.22238939	6400	7.25289607571	0.0	383025	336.584554055	6.4
7848.55897394	6400	7.41631152165	0.0	383025	336.584554055	6.4
7848.89408612	6400	7.58119933934	0.0	383025	335.112182317	6.4
7849.22881941	6400	7.74646605731	0.0	383025	334.733282031	6.4
7849.56355269	6400	7.91173277527	0.0	383025	334.733282031	6.4
7850.37689661	6400	7.59838885104	0.0	383025	313.343924234	6.4
7850.68081153	6400	7.79447392817	0.0	383025	303.914922872	6.4
7850.9941694	6400	7.98111606131	0.0	383025	313.357866862	6.4
7851.80755594	6400	7.66772952751	0.0	383025	313.386533795	6.4
7852.11691551	6400	7.85836995463	0.0	383025	309.359572885	6.4
7852.920852	6400	7.55443346633	0.0	383025	303.936488299	6.4
7853.22478848	6400	7.75049697803	0.0	383025	303.936488299	6.4
7853.52004891	6400	7.95523655697	0.0	383025	295.260421058	6.4
7854.3074129	6400	7.6678725587	0.0	383025	287.36399827	6.4
7854.58988793	6400	7.88539753659	0.0	383025	282.475022114	6.4
7855.36123303	6400	7.61405243054	0.0	383025	271.345106049	6.4
7855.65079193	6400	7.82449352979	0.0	383025	289.558900743	6.4
7855.9903537	6400	7.9849317655	0.0	383025	339.561764291	6.4
7856.64834156	6400	7.64537000121	0.0	383025	339.561764291	6.4
7856.96825319	6400	7.82545836825	0.0	383025	319.911632964	6.4
7857.33641419	6400	7.50554673528	0.0	383025	319.911632964	6.4
7857.80339516	6400	7.53856576471	0.0	383025	466.980970575	6.4
7858.27037613	6400	7.57158479413	0.0	383025	466.980970575	6.4
7858.7373571	6400	7.60460382356	0.0	383025	466.980970575	6.4
7859.20433807	6400	7.63762285298	0.0	383025	466.980970575	6.4
7859.67051443	6400	7.67144649556	0.0	383025	466.176357426	6.4
7860.13028015	6400	7.71168077972	0.0	383025	459.765715836	6.4
7860.59004586	6400	7.75191506389	0.0	383025	459.765715836	6.4
7861.04981158	6400	7.79214934805	0.0	383025	459.765715836	6.4
7861.50957729	6400	7.83238363222	0.0	383025	459.765715836	6.4
7862.11786963	6400	7.72409129326	0.0	383025	608.292338954	6.4
7862.73825271	6400	7.6037082115	0.0	383025	620.383081759	6.4
7863.3586358	6400	7.48332512974	0.0	383025	620.383081759	6.4
7863.97901888	6400	7.36294204798	0.0	383025	620.383081759	6.4
7864.66256314	6400	7.17939778021	0.0	383025	683.544267774	6.4
7865.3471948	6400	6.99476612771	0.0	383025	684.631652498	6.4
7866.03182645	6400	6.81013447522	0.0	383025	684.631652498	6.4
7866.7164581	6400	6.62550282272	0.0	383025	684.631652498	6.4
7867.3935076	6400	6.44845332674	0.0	383025	677.049495979	6.4
7868.04084486	6400	6.30111606253	0.0	383025	647.337264205	6.4
7868.68818213	6400	6.15377879833	0.0	383025	647.337264205	6.4
7869.33551939	6400	6.00644153412	0.0	383025	647.337264205	6.4
7869.98285666	6400	5.85910426992	0.0	383025	647.337264205	6.4
7870.54122856	6400	5.80073237013	0.0	383025	558.371899793	6.4
7871.0630193	6400	5.77894162792	0.0	383025	521.790742207	6.4

