7514.63743542	3066	0.5	0.180547827786	181435	180.547827786	2.34380868886
7514.97874893	7800	0.658686483955	0.0	471531	341.313516045	3.066
7515.32610912	7866	0.811326299137	0.0	482442	347.360184819	7.8
7515.67883267	8000	0.958602750704	0.0	492120	352.723548433	7.866
7516.03350955	8000	1.10392586647	0.0	492120	354.676884232	8.0
7516.49881341	8000	1.1386220058	0.0	490176	465.303860674	8.0
7516.9823639	8333	1.15507151836	0.0	513389	483.550487433	8.0
7517.41169862	8066	1.22573679889	0.0	497055	429.33471947	7.799
7517.8222271	8466	1.31520832023	0.0	520019	410.528478667	8.066
7518.2526158	9000	1.38481961945	0.0	551265	430.388700782	8.466
7518.68749634	9266	1.44993907364	0.0	558332	434.880545809	9.0
7519.2078749	9000	1.4295605214	0.0	536970	520.378552238	8.734
7519.76341074	9000	1.3740246781	0.0	536970	555.5358433	9.0
7520.31894658	9000	1.3184888348	0.0	536970	555.5358433	9.0
7520.83368592	9000	1.30374949928	0.0	536970	514.739335524	9.0
7521.31672333	9000	1.32071208477	0.0	536970	483.037414501	9.0
7521.81211074	9400	1.32532467378	0.0	553424	495.387410996	9.0
7522.28463257	9000	1.35280284521	0.0	522960	472.52182857	8.6
7522.74396331	9000	1.393472105	0.0	522960	459.330740212	9.0
7523.2065093	9000	1.43092612185	0.0	532300	462.545983144	9.0
7523.65736923	8400	1.48006619053	0.0	503004	450.859931325	7.8
7524.10834832	8000	1.52908709244	0.0	481782	450.979098086	7.6
7524.55932742	8000	1.57810799436	0.0	481782	450.979098086	8.0
7525.05298203	8533	1.58445339013	0.0	510552	493.654604223	8.0
7525.58407393	9000	1.55336148236	0.0	536970	531.091907771	8.533
7526.11516584	9000	1.52226957459	0.0	536970	531.091907771	9.0
7526.61250407	9000	1.52493135102	0.0	536970	497.338223567	9.0
7527.04805723	9000	1.58937819125	0.0	536970	435.553159775	9.0
7527.48361039	9000	1.65382503147	0.0	536970	435.553159775	9.0
7527.92683855	9533	1.71059687061	0.0	573990	443.228160859	9.0
7528.31014418	9666	1.82729124105	0.0	586715	383.305629563	9.533
7528.67512373	9000	1.962311689	0.0	551265	364.97955205	8.334
7529.03810408	9000	2.09933134025	0.0	551265	362.980348748	9.0
7529.30419324	6400	2.33324218075	0.0	383025	266.0891595	3.8
7529.5702824	6400	2.56715302125	0.0	383025	266.0891595	6.4
7529.83637156	6400	2.80106386175	0.0	383025	266.0891595	6.4
7530.13750022	6400	2.99993519868	0.0	383025	301.128663067	6.4
7530.48986983	6400	3.14756558909	0.0	383025	352.369609598	6.4
7530.84223944	6400	3.29519597949	0.0	383025	352.369609598	6.4
7531.19460905	6400	3.44282636989	0.0	383025	352.369609598	6.4
7531.54697866	6400	3.59045676029	0.0	383025	352.369609598	6.4
7531.8988339	6400	3.73860151483	0.0	383025	351.855245464	6.4
7532.25060084	6400	3.88683457595	0.0	383025	351.766938873	6.4
7532.60236778	6400	4.03506763708	0.0	383025	351.766938873	6.4
7532.95413472	6400	4.18330069821	0.0	383025	351.766938873	6.4
7533.28125425	6400	4.35618116569	0.0	383025	327.119532521	6.4
7533.59936351	6400	4.53807190333	0.0	383025	318.109262357	6.4
7533.91747278	6400	4.71996264097	0.0	383025	318.109262357	6.4
7534.23558204	6400	4.90185337861	0.0	383025	318.109262357	6.4
7534.56193532	6400	5.07550009286	0.0	383025	326.353285755	6.4
7534.91460193	6400	5.22283348911	0.0	383025	352.666603752	6.4
7535.26726853	6400	5.37016688535	0.0	383025	352.666603752	6.4
7535.61993514	6400	5.5175002816	0.0	383025	352.666603752	6.4
7535.99209941	6400	5.64533600846	0.0	383025	372.164273142	6.4
7536.37890787	6400	5.7585275484	0.0	383025	386.808460061	6.4
7536.76571633	6400	5.87171908834	0.0	383025	386.808460061	6.4
7537.15252479	6400	5.98491062828	0.0	383025	386.808460061	6.4
7537.52893355	6400	6.10850187121	0.0	383025	376.408757065	6.4
7537.8770411	6400	6.26039432087	0.0	383025	348.107550339	6.4
7538.22514865	6400	6.41228677053	0.0	383025	348.107550339	6.4
7538.5732562	6400	6.5641792202	0.0	383025	348.107550339	6.4
7538.91518292	6400	6.72225249564	0.0	383025	341.926724559	6.4
7539.24742917	6400	6.89000624423	0.0	383025	332.246251407	6.4
7539.57967542	6400	7.05775999282	0.0	383025	332.246251407	6.4
7539.91192168	6400	7.22551374142	0.0	383025	332.246251407	6.4
7540.24722521	6400	7.39021020202	0.0	383025	335.303539402	6.4
7540.59578248	6400	7.5416529407	0.0	383025	348.557261313	6.4
7540.94433974	6400	7.69309567939	0.0	383025	348.557261313	6.4
7541.2923762	6400	7.84505921527	0.0	383025	348.036464122	6.4
7542.11765862	6400	7.51977679983	0.0	383025	325.282415434	6.4
7542.44294103	6400	7.6944943844	0.0	383025	325.282415434	6.4
7542.76412933	6400	7.873306088	0.0	383025	321.1882964	6.4
7543.24389638	6400	7.55704337145	0.0	383025	316.262716549	6.4
7543.55738326	6400	7.74355649273	0.0	383025	313.486878718	6.4
7543.87087014	6400	7.93006961401	0.0	383025	313.486878718	6.4
7544.68309299	6400	7.61784675901	0.0	383025	312.222855006	6.4
7544.98789055	6400	7.81304919464	0.0	383025	304.797564366	6.4
7545.79707753	6400	7.50386221778	0.0	383025	309.186976859	6.4
7546.14613076	6400	7.654808989	0.0	383025	349.053228783	6.4
7546.49518399	6400	7.80575576022	0.0	383025	349.053228783	6.4
7546.83121301	6400	7.96972673722	0.0	383025	336.029022997	6.4
7547.6384725	6400	7.66246724473	0.0	383025	307.25949249	6.4
7547.96258682	6400	7.83835292599	0.0	383025	324.11431874	6.4
7548.32068813	6400	7.9802516203	0.0	383025	358.101305686	6.4
7549.17878943	6400	7.62215031462	0.0	383025	358.101305686	6.4
7549.56030664	6400	7.74063310562	0.0	383025	381.517208998	6.4
7549.94195958	6400	7.85898016704	0.0	383025	381.652938575	6.4
7550.32740638	6400	7.9735333706	0.0	383025	385.446796449	6.4
7551.2213359	6400	7.57960384838	0.0	383025	393.929522211	6.4
7551.61526542	6400	7.68567432617	0.0	383025	393.929522211	6.4
7552.01831221	6400	7.7826275348	0.0	383025	403.046791378	6.4
7552.45384148	6400	7.84709826701	0.0	383025	435.529267788	6.4
7552.88937075	6400	7.91156899922	0.0	383025	435.529267788	6.4
7553.32490002	6400	7.97603973143	0.0	383025	435.529267788	6.4
7554.14046656	6400	7.54051046364	0.0	383025	435.529267788	6.4
7554.51900251	6400	7.66197452178	0.0	383025	378.53594186	6.4
7554.89753845	6400	7.78343857992	0.0	383025	378.53594186	6.4
7555.28235616	6400	7.89862086698	0.0	383025	384.817712939	6.4
7556.17471741	6400	7.50625961303	0.0	383025	392.361253956	6.4
7556.74027503	6400	7.44070199778	0.0	383025	565.557615247	6.4
7557.47799246	6400	7.20298456312	0.0	383025	737.717434663	6.4
7558.2157099	6400	6.96526712845	0.0	383025	737.717434663	6.4
7558.95342733	6400	6.72754969379	0.0	383025	737.717434663	6.4
7559.64080551	6400	6.54017152222	0.0	383025	687.378171575	6.4
7560.04978446	6400	6.63119256875	0.0	383025	408.978953463	6.4
7560.45876341	6400	6.72221361529	0.0	383025	408.978953463	6.4
7560.86774237	6400	6.81323466183	0.0	383025	408.978953463	6.4
7561.27642399	6400	6.90455303447	0.0	383025	408.681627354	6.4
7561.68270775	6400	6.99826927819	0.0	383025	406.283756288	6.4
7562.08899151	6400	7.0919855219	0.0	383025	406.283756288	6.4
7562.49527526	6400	7.18570176561	0.0	383025	406.283756288	6.4
7562.90155902	6400	7.27941800932	0.0	383025	406.283756288	6.4
7563.30061562	6400	7.38036141207	0.0	383025	399.056597248	6.4
7563.67643822	6400	7.50453880357	0.0	383025	375.822608504	6.4
7564.05226083	6400	7.62871619507	0.0	383025	375.822608504	6.4
7564.42808344	6400	7.75289358656	0.0	383025	375.822608504	6.4
7564.80592682	6400	7.87505021209	0.0	383025	377.843374477	6.4
7565.19116686	6400	7.98981016492	0.0	383025	385.240047164	6.4
7566.07640691	6400	7.60457011776	0.0	383025	385.240047164	6.4
7566.49339759	6400	7.68757943776	0.0	383025	416.99068	6.4

