7761.76401514	3066	0.5	0.270267936622	181435	270.267936622	1.98492825351
7762.33850204	7800	0.5	0.0744868984657	471531	574.486898466	2.76805240614
7762.92443113	7866	0.5	0.0859290868884	482442	585.929086888	7.45628365245
7763.52050938	8000	0.5	0.0960782482444	492120	596.078248244	7.48168700702
7764.11658763	8000	0.5	0.0960782482444	492120	596.078248244	7.61568700702
7764.71062723	8000	0.5	0.0940396070297	490176	594.03960703	7.62384157188
7765.32900994	8333	0.5	0.118382702975	513389	618.382702975	7.5264691881
7765.93026344	8066	0.5	0.101253502563	497055	601.253502563	7.39398598975
7766.35605404	8466	0.574209402663	0.0	520019	425.790597337	8.066
7766.79310258	9000	0.637160856777	0.0	551265	437.048545886	8.466
7767.23472835	9266	0.695535089275	0.0	558332	441.625767502	9.0
7767.70109005	9000	0.729173392164	0.0	536970	466.361697111	8.734
7768.21337215	9000	0.716891287979	0.0	536970	512.282104184	9.0
7768.72565425	9000	0.704609183795	0.0	536970	512.282104184	9.0
7769.23793636	9000	0.692327079611	0.0	536970	512.282104184	9.0
7769.75021846	9000	0.680044975427	0.0	536970	512.282104184	9.0
7770.26589636	9400	0.664367075247	0.0	553424	515.67790018	9.0
7770.72987265	9000	0.700390783997	0.0	522960	463.97629125	8.6
7771.19384895	9000	0.736414492747	0.0	522960	463.97629125	9.0
7771.664683	9000	0.7655804331	0.0	532300	470.834059646	9.0
7772.11400687	8400	0.816256564346	0.0	503004	449.323868755	7.8
7772.53400477	8000	0.896258669892	0.0	481782	419.997894453	7.6
7772.95175389	8000	0.978509552364	0.0	481782	417.749117528	8.0
7773.38967196	8533	1.04059147437	0.0	510552	437.918077995	8.0
7773.84611015	9000	1.08415328523	0.0	536970	456.438189138	8.533
7774.30254834	9000	1.12771509609	0.0	536970	456.438189138	9.0
7774.75898653	9000	1.17127690696	0.0	536970	456.438189138	9.0
7775.24194065	9000	1.1883227837	0.0	536970	482.954123258	9.0
7775.73381515	9000	1.19644828372	0.0	536970	491.874499974	9.0
7776.25408527	9533	1.17617816763	0.0	573990	520.270116096	9.0
7776.76797935	9666	1.16228409077	0.0	586715	513.894076855	9.533
7777.22220968	9000	1.20805376143	0.0	551265	454.230329345	8.334
7777.67644001	9000	1.25382343208	0.0	551265	454.230329345	9.0
7778.13067034	9000	1.29959310274	0.0	551265	454.230329345	9.0
7778.59589614	9000	1.33436729291	0.0	551265	465.225809833	9.0
7779.06961394	9000	1.36064949938	0.0	551265	473.717793529	9.0
7779.54333173	9000	1.38693170585	0.0	551265	473.717793529	9.0
7780.00030849	8466	1.42995494445	0.0	527825	456.976761394	7.932
7780.43625183	8000	1.49401160441	0.0	498375	435.943340046	7.534
7780.83372271	7066	1.59654072944	0.0	434595	397.470874963	6.132
7781.24476342	7200	1.68550002012	0.0	442995	411.040709327	7.066
7781.67567726	7600	1.75458618215	0.0	469589	430.913837971	7.2
7782.12652102	8000	1.80374242235	0.0	496259	450.843759794	7.6
7782.58655929	8133	1.84370414595	0.0	508563	460.038276408	8.0
7783.06855307	8733	1.8617103662	0.0	536941	481.993779741	8.133
7783.56196098	8733	1.86830245909	0.0	525223	493.407907111	8.733
7784.06461506	9000	1.86564837905	0.0	536970	502.654080041	8.733
7784.56016626	9000	1.87009717332	0.0	527946	495.551205731	9.0
7785.04898296	8933	1.88128047475	0.0	519390	488.816698573	8.866
7785.5445585	8933	1.88570494147	0.0	530998	495.575533282	8.933
7786.02394192	9000	1.90632152056	0.0	536970	479.383420902	8.933
7786.48578421	8600	1.94447922598	0.0	513386	461.842294585	8.2
7786.87682756	7000	2.05343587445	0.0	418197	391.04335153	5.4
7787.24171095	6400	2.18855248284	0.0	383025	364.883391607	5.8
7787.59688181	6400	2.33338162913	0.0	383025	355.170853713	6.4
7787.93924173	6400	2.49102171001	0.0	383025	342.359919119	6.4
7788.28160165	6400	2.64866179089	0.0	383025	342.359919119	6.4
7788.62396157	6400	2.80630187177	0.0	383025	342.359919119	6.4
7788.96632149	6400	2.96394195266	0.0	383025	342.359919119	6.4
7789.3086814	6400	3.12158203354	0.0	383025	342.359919119	6.4
7789.65104132	6400	3.27922211442	0.0	383025	342.359919119	6.4
7789.98664058	6400	3.44362285415	0.0	383025	335.599260265	6.4
7790.31282484	6400	3.61743860042	0.0	383025	326.184253729	6.4
7790.63900909	6400	3.79125434669	0.0	383025	326.184253729	6.4
7790.96519334	6400	3.96507009297	0.0	383025	326.184253729	6.4
7791.2913776	6400	4.13888583924	0.0	383025	326.184253729	6.4
7791.61756185	6400	4.31270158551	0.0	383025	326.184253729	6.4
7791.9451082	6400	4.48515524135	0.0	383025	327.546344157	6.4
7792.30482866	6400	4.62543477459	0.0	383025	359.720466758	6.4
7792.66454913	6400	4.76571430783	0.0	383025	359.720466758	6.4
7793.0242696	6400	4.90599384108	0.0	383025	359.720466758	6.4
7793.38399006	6400	5.04627337432	0.0	383025	359.720466758	6.4
7793.74371053	6400	5.18655290756	0.0	383025	359.720466758	6.4
7794.103431	6400	5.3268324408	0.0	383025	359.720466758	6.4
7794.46911708	6400	5.46114635291	0.0	383025	365.686087897	6.4
7794.85692828	6400	5.57333515959	0.0	383025	387.811193322	6.4
7795.24473947	6400	5.68552396626	0.0	383025	387.811193322	6.4
7795.63255066	6400	5.79771277294	0.0	383025	387.811193322	6.4
7796.02036186	6400	5.90990157962	0.0	383025	387.811193322	6.4
7796.40817305	6400	6.0220903863	0.0	383025	387.811193322	6.4
7796.76369317	6400	6.1665702635	0.0	383025	355.520122796	6.4
7797.09696244	6400	6.33330099415	0.0	383025	333.269269355	6.4
7797.43023171	6400	6.50003172479	0.0	383025	333.269269355	6.4
7797.76350098	6400	6.66676245544	0.0	383025	333.269269355	6.4
7798.09677025	6400	6.83349318608	0.0	383025	333.269269355	6.4
7798.43003952	6400	7.00022391673	0.0	383025	333.269269355	6.4
7798.76330879	6400	7.16695464737	0.0	383025	333.269269355	6.4
7799.14124582	6400	7.28901761535	0.0	383025	377.937032024	6.4
7799.52310393	6400	7.40715951275	0.0	383025	381.858102598	6.4
7799.90496203	6400	7.52530141015	0.0	383025	381.858102598	6.4
7800.28682013	6400	7.64344330755	0.0	383025	381.858102598	6.4
7800.66867823	6400	7.76158520495	0.0	383025	381.858102598	6.4
7801.05053634	6400	7.87972710235	0.0	383025	381.858102598	6.4
7801.44345279	6400	7.98681065028	0.0	383025	392.916452077	6.4
7802.33687537	6400	7.59338807259	0.0	383025	393.422577683	6.4
7802.73029794	6400	7.69996549491	0.0	383025	393.422577683	6.4
7803.12372052	6400	7.80654291723	0.0	383025	393.422577683	6.4
7803.516107	6400	7.91415643927	0.0	383025	392.386477956	6.4
7804.40204643	6400	7.52821700852	0.0	383025	385.939430747	6.4
7804.78798586	6400	7.64227757778	0.0	383025	385.939430747	6.4
7805.17392529	6400	7.75633814703	0.0	383025	385.939430747	6.4
7805.5349279	6400	7.89533553467	0.0	383025	361.002612361	6.4
7806.39510337	6400	7.53516006276	0.0	383025	360.175471909	6.4
7806.75527885	6400	7.67498459085	0.0	383025	360.175471909	6.4
7807.11545432	6400	7.81480911894	0.0	383025	360.175471909	6.4
7807.47562979	6400	7.95463364704	0.0	383025	360.175471909	6.4
7808.3362767	6400	7.59398673318	0.0	383025	360.646913855	6.4
7808.6971777	6400	7.7330857423	0.0	383025	360.90099088	6.4
7809.05606283	6400	7.87420060635	0.0	383025	358.885135949	6.4
7809.90419055	6400	7.52607288829	0.0	383025	348.127718062	6.4
7810.25231827	6400	7.67794517023	0.0	383025	348.127718062	6.4
7810.60044599	6400	7.82981745216	0.0	383025	348.127718062	6.4
7811.05892039	6400	7.87134304437	0.0	383025	458.47440779	6.4
7811.58655205	6400	7.8437113833	0.0	383025	527.631661077	6.4
7812.11418372	6400	7.81607972222	0.0	383025	527.631661077	6.4
7812.64181538	6400	7.78844806114	0.0	383025	527.631661077	6.4
7813.16944704	6400	7.76081640006	0.0	383025	527.631661077	6.4
7813.6970787	6400	7.73318473899	0.0	383025	527.631661077	6.4
7814.2201986	6400	7.71006483804	0.0	383025	523.119900947	6.4
7814.65148921	6400	7.77877422741	0.0	383025	431.290610632	6.4

