324.03264327	3066	0.5	0.229523647276	181435	229.523647276	2.1479054109
324.501239929	7800	0.53140334046	0.0	471531	468.59665954	3.066
324.972878365	7866	0.55976490492	0.0	482442	471.63843554	7.8
325.429538451	8000	0.603104819192	0.0	492120	456.660085728	7.866
325.885201082	8000	0.647442187724	0.0	492120	455.662631468	8.0
326.311034913	8000	0.721608356697	0.0	490176	425.833831027	8.0
326.74492082	8333	0.787722450136	0.0	513389	433.885906561	8.0
327.166748617	8066	0.865894652789	0.0	497055	421.827797347	7.799
327.644190874	8466	0.888452396253	0.0	520019	477.442256536	8.066
328.149764429	9000	0.882878840538	0.0	551265	505.573555715	8.466
328.650658585	9266	0.881984684991	0.0	558332	500.894155547	9.0
329.116655099	9000	0.915988170609	0.0	536970	465.996514382	8.734
329.583369109	9000	0.949274161046	0.0	536970	466.714009563	9.0
330.084035786	9000	0.948607483416	0.0	536970	500.666677631	9.0
330.588948312	9000	0.943694958097	0.0	536970	504.912525319	9.0
331.074882745	9000	0.95776052485	0.0	536970	485.934433247	9.0
331.538699968	9400	0.993943301395	0.0	553424	463.817223454	9.0
331.985431237	9000	1.04721203271	0.0	522960	446.731268681	8.6
332.445704472	9000	1.08693879784	0.0	522960	460.273234878	9.0
332.918364061	9000	1.11427920917	0.0	532300	472.659588671	9.0
333.367976399	8400	1.1646668708	0.0	503004	449.61233837	7.8
333.803596615	8000	1.22904665465	0.0	481782	435.620216144	7.6
334.237860365	8000	1.29478290531	0.0	481782	434.263749338	8.0
334.683711316	8533	1.34893195363	0.0	510552	445.85095168	8.0
335.141998742	9000	1.39064452738	0.0	536970	458.287426251	8.533
335.599801878	9000	1.43284139202	0.0	536970	457.803135359	9.0
336.097544462	9000	1.43509880762	0.0	536970	497.7425844	9.0
336.610369178	9000	1.4222740923	0.0	536970	512.824715319	9.0
337.11033784	9000	1.42230542971	0.0	536970	499.968662593	9.0
337.60468823	9533	1.4279550395	0.0	573990	494.350390212	9.0
338.156815494	9666	1.37582777552	0.0	586715	552.127263982	9.533
338.792631772	9000	1.24001149781	0.0	551265	635.816277712	8.334
339.442356074	9000	1.09028719593	0.0	551265	649.724301878	9.0
340.064536662	9000	0.96810660744	0.0	551265	622.180588487	9.0
340.653812078	9000	0.878831191446	0.0	551265	589.275415994	9.0
341.209892394	9000	0.822750876109	0.0	551265	556.080315337	9.0
341.778162318	9000	0.754480951507	0.0	551265	568.269924602	9.0
342.357294584	8466	0.675348686148	0.0	527825	579.132265359	7.932
342.901041324	8000	0.631601945528	0.0	498375	543.74674062	7.534
343.37763109	7066	0.65501217983	0.0	434595	476.589765698	6.132
343.861591822	7200	0.671051447772	0.0	442995	483.960732058	7.066
344.391149828	7600	0.641493441468	0.0	469589	529.558006303	7.2
344.948183946	8000	0.584459323731	0.0	496259	557.034117737	7.6
345.496838339	8133	0.535804930568	0.0	508563	548.654393163	8.0
346.063082203	8733	0.5	0.0304389333348	536941	566.243863903	8.01124426666
346.616768474	8733	0.5	0.0536862705827	525223	553.686270583	8.51825491767
347.179842463	9000	0.5	0.0630739894498	536970	563.07398945	8.4807040422
347.773904774	9000	0.5	0.0940623112228	527946	594.062311223	8.62375075511
348.403573154	8933	0.5	0.129668379469	519390	629.668379469	8.34732648212
348.998829396	8933	0.5	0.0952562417689	530998	595.256241769	8.55197503292
349.568962459	9000	0.5	0.0701330632794	536970	570.133063279	8.65246774688
350.106130047	8600	0.5	0.0371675877634	513386	537.167587763	8.05132964895
350.555553844	7000	0.550576202594	0.0	418197	449.423797406	5.4
351.107832728	8600	0.5	0.00170268141166	525989	552.278884005	6.99318927435
351.688162986	9000	0.5	0.0803302577349	551655	580.330257735	8.27867896906
352.289273859	9533	0.5	0.101110872991	584127	601.110872991	8.59555650803
352.910295052	10000	0.5	0.121021193173	612540	621.021193173	9.04891522731
353.50456578	10000	0.5	0.0942707276758	612540	594.270727676	9.6229170893
354.068864388	10000	0.5	0.0642986084401	612540	564.29860844	9.74280556624
354.606624767	10000	0.5	0.0377603786678	612540	537.760378668	9.84895848533
355.133116999	10000	0.5	0.0264922322963	612540	526.492232296	9.89403107081
355.664586312	9866	0.5	0.0314693128113	607628	531.469312811	9.60612274875
356.257741074	10000	0.5	0.0931547616421	620415	593.154761642	9.49338095343
356.829746747	10000	0.5	0.0720056739374	620415	572.005673937	9.71197730425
357.366490634	10000	0.5	0.036743886716	620415	536.743886716	9.85302445314
357.975274592	11600	0.5	0.108783958149	730995	608.783958149	9.5648641674
358.716253069	12000	0.5	0.240978476537	758640	740.978476537	10.6360860939
359.410831198	12266	0.5	0.194578129385	771584	694.578129385	11.2216874825
359.990977169	11000	0.5	0.0801459708698	681300	580.14597087	9.41341611652
360.558537423	10200	0.5	0.0675602534206	627772	567.560253421	9.12975898632
361.130616878	10000	0.5	0.0720794558737	612540	572.079455874	9.51168217651
361.698747762	10000	0.5	0.0681308839463	612540	568.130883946	9.72747646421
362.259349342	10000	0.5	0.0606015792474	612540	560.601579247	9.75759368301
362.856067718	9600	0.5	0.0967183762836	588186	596.718376284	8.81312649487
363.43794408	8666	0.5	0.0818763625021	530195	581.876362502	7.40449454999
363.940737905	8533	0.5	0.00279382482545	515343	502.793824825	8.3888247007
364.427035038	9000	0.513702867308	0.0	539520	486.297132692	8.533
364.910943288	9000	0.529794617586	0.0	539520	483.908249722	9.0
365.436830388	9000	0.50390751731	0.0	539520	525.887100276	9.0
365.962087285	9000	0.5	0.0213493797467	539520	525.256897057	8.91460248101
366.442205542	9000	0.519881742633	0.0	539520	480.118257367	9.0
366.899736221	9000	0.562351064275	0.0	540862	457.530678358	9.0
367.385817598	9000	0.576269687033	0.0	539793	486.081377242	9.0
367.978875371	9933	0.5	0.0167880860073	600065	593.05777304	8.93284765597
368.646439536	9533	0.5	0.16756416524	573695	667.56416524	8.46274333904
369.203185268	9000	0.5	0.0567457322298	537795	556.74573223	8.24001707108
369.715266126	7800	0.5	0.0120808570696	462222	512.08085707	6.55167657172
370.378621001	7800	0.5	0.163354875295	456146	663.354875295	7.14658049882
370.953943983	7666	0.5	0.075322982142	447075	575.322982142	7.23070807143
371.349018714	7133	0.604925269382	0.0	421103	395.074730618	6.6
371.786317528	8000	0.667626454691	0.0	476265	437.29881469	7.133
372.297410235	7733	0.656533747571	0.0	454837	511.09270712	7.466
372.856424801	8000	0.597519181975	0.0	462300	559.014565596	7.733
373.328498152	8000	0.625445830928	0.0	462300	472.073351047	8.0
373.755031976	8000	0.698912006795	0.0	468906	426.533824133	8.0
374.172574996	8000	0.781368986624	0.0	467438	417.54302017	8.0
374.622783713	7933	0.831160269997	0.0	465132	450.208716627	7.866
375.115360418	7533	0.838583564636	0.0	455338	492.576705361	7.133
375.658473181	8866	0.795470801616	0.0	543071	543.11276302	7.533
376.147888777	9000	0.806055205755	0.0	551023	489.415595861	8.866
376.683548987	10000	0.770394995862	0.0	612540	535.660209894	9.0
377.240833155	10000	0.713110828349	0.0	612540	557.284167512	10.0
377.803251431	10000	0.650692552411	0.0	612540	562.418275939	10.0
378.288588099	9066	0.665355883825	0.0	555398	485.336668586	8.132
378.760803601	9000	0.693140381688	0.0	551655	472.215502137	8.934
379.261969269	9000	0.691974713991	0.0	551655	501.165667696	9.0
379.819821331	9000	0.634122652079	0.0	551655	557.852061912	9.0
380.358377089	9000	0.595566894437	0.0	551655	538.555757642	9.0
380.835121264	8533	0.618822719434	0.0	521611	476.744175002	8.066
381.275557859	8000	0.678386123692	0.0	487275	440.436595742	7.467
381.747969219	8000	0.705974763571	0.0	487275	472.411360121	8.0
382.235441534	8000	0.718502449473	0.0	487275	487.472314097	8.0
382.668828163	7133	0.785115819765	0.0	432597	433.386629708	6.266
383.103780777	7933	0.850163206302	0.0	483757	434.952613464	7.133
383.529894535	8000	0.92404944789	0.0	488565	426.113758412	7.933
383.966932971	8000	0.987011011769	0.0	488565	437.038436121	8.0
384.454077055	8000	0.999866927671	0.0	488565	487.144084098	8.0
384.891247701	6933	1.06269628232	0.0	419059	437.170645349	5.866
385.302832952	6866	1.15111103121	0.0	410775	411.585251113	6.799
385.714667442	6866	1.23927654115	0.0	413769	411.834490056	6.866

