2492.23275366	3066	0.5	0.221774191577	181435	221.774191577	2.17890323369
2492.68121027	7800	0.551543382872	0.0	471531	448.456617128	3.066
2493.13676664	7866	0.595987011039	0.0	482442	455.556371833	7.8
2493.58302343	8000	0.649730222374	0.0	492120	446.256788665	7.866
2494.0114443	8000	0.721309359145	0.0	492120	428.420863229	8.0
2494.43815378	8000	0.794599871137	0.0	490176	426.709488008	8.0
2494.93625643	8333	0.79649722352	0.0	513389	498.102647617	8.0
2495.44163763	8066	0.791116026819	0.0	497055	505.3811967	7.799
2495.963439	8466	0.769314656613	0.0	520019	521.801370206	8.066
2496.50759945	9000	0.725154200887	0.0	551265	544.160455726	8.466
2497.04747744	9266	0.685276214959	0.0	558332	539.877985928	9.0
2497.54708577	9000	0.685667882592	0.0	536970	499.608332366	8.734
2498.01305952	9000	0.719694132656	0.0	536970	465.973749936	9.0
2498.44356005	9000	0.789193603101	0.0	536970	430.500529556	9.0
2498.85188	9000	0.880873654174	0.0	536970	408.319948926	9.0
2499.2816876	9000	0.951066055321	0.0	536970	429.807598853	9.0
2499.78288882	9400	0.949864831585	0.0	553424	501.201223735	9.0
2500.30882745	9000	0.923926206028	0.0	522960	525.938625558	8.6
2500.79938909	9000	0.933364565788	0.0	522960	490.56164024	9.0
2501.2452512	9000	0.987502452231	0.0	532300	445.862113557	9.0
2501.66973661	8400	1.06301704694	0.0	503004	424.485405296	7.8
2502.07722205	8000	1.15553160788	0.0	481782	407.485439053	7.6
2502.48173899	8000	1.2510146636	0.0	481782	404.516944286	8.0
2502.90768671	8533	1.32506694713	0.0	510552	425.947716469	8.0
2503.44618798	9000	1.28656568046	0.0	536970	538.501266664	8.533
2504.00151191	9000	1.23124174872	0.0	536970	555.323931748	9.0
2504.4856543	9000	1.24709935074	0.0	536970	484.142397975	9.0
2504.9254256	9000	1.3073280555	0.0	536970	439.771295242	9.0
2505.39112434	9000	1.34162931905	0.0	536970	465.698736447	9.0
2505.92273327	9533	1.31002038391	0.0	573990	531.608935137	9.0
2506.50165251	9666	1.23110114096	0.0	586715	578.919242952	9.533
2507.07858907	9000	1.15416458853	0.0	551265	576.936552427	8.334
2507.66445973	9000	1.06829393021	0.0	551265	585.870658323	9.0
2508.22021294	9000	1.01254071836	0.0	551265	555.753211853	9.0
2508.77619364	9000	0.956560019118	0.0	551265	555.98069924	9.0
2509.33409945	9000	0.898654205886	0.0	551265	557.905813232	9.0
2509.88444758	9000	0.848306074969	0.0	551265	550.348130917	9.0
2510.35779689	8466	0.874956767164	0.0	527825	473.349307805	7.932
2510.76240934	8000	0.970344312938	0.0	498375	404.612454226	7.534
2511.12517427	7066	1.10757938222	0.0	434595	362.764930714	6.132
2511.51498601	7200	1.21776764506	0.0	442995	389.811737167	7.066
2511.92818329	7600	1.30457036672	0.0	469589	413.197278334	7.2
2512.36238486	8000	1.37036879806	0.0	496259	434.201568658	7.6
2512.81583991	8133	1.41691374262	0.0	508563	453.455055444	8.0
2513.29203735	8733	1.44071630254	0.0	536941	476.197440077	8.133
2513.79674089	8733	1.43601276792	0.0	525223	504.703534624	8.733
2514.36462487	9000	1.36812878431	0.0	536970	567.883983606	8.733
2514.93983052	9000	1.29292313795	0.0	527946	575.205646368	9.0
2515.4240729	8933	1.30868075375	0.0	519390	484.242384194	8.866
2515.91557874	8933	1.31717491581	0.0	530998	491.505837945	8.933
2516.35059054	9000	1.38216312054	0.0	536970	435.011795265	8.933
2516.74818553	8600	1.4845681279	0.0	513386	397.594992646	8.2
2517.08778478	7000	1.64496887836	0.0	418197	339.59924954	5.4
2517.56152008	8600	1.6712335763	0.0	525989	473.735302052	7.0
2518.0994523	9000	1.6333013526	0.0	551655	537.932223703	8.6
2518.68553395	9533	1.54721970127	0.0	584127	586.081651333	9.0
2519.29720186	10000	1.43555179198	0.0	612540	611.667909291	9.533
2519.92834028	10000	1.30441337665	0.0	612540	631.138415326	10.0
2520.60260836	10000	1.13014529112	0.0	612540	674.268085529	10.0
2521.29887347	10000	0.933880184067	0.0	612540	696.265107055	10.0
2522.01813076	10000	0.714622900274	0.0	612540	719.257283792	10.0
2522.73983375	9866	0.5	0.00708009428683	607628	721.702994561	9.70367962285
2523.47393661	10000	0.5	0.23410285692	620415	734.10285692	8.92958857232
2524.21222857	10000	0.5	0.238291962253	620415	738.291962253	9.04683215099
2524.97131725	10000	0.5	0.259088679243	620415	759.088679243	8.96364528303
2525.76268666	11600	0.5	0.291369414608	730995	791.369414608	8.83452234157
2526.47101457	12000	0.5	0.208327905329	758640	708.327905329	10.7666883787
2527.12488535	12266	0.5	0.153870780122	771584	653.870780122	11.3845168795
2527.71635626	11000	0.5	0.091470913347	681300	591.470913347	9.36811634661
2528.28825522	10200	0.5	0.0718989543669	627772	571.898954367	9.11240418253
2528.83539426	10000	0.5	0.0471390405446	612540	547.139040545	9.61144383782
2529.33371047	10000	0.501683790412	0.0	612540	498.316209588	10.0
2529.83338526	10000	0.502008998126	0.0	612540	499.674792286	10.0
2530.4149119	9600	0.5	0.0795176468981	588186	581.526645024	8.88192941241
2530.99507183	8666	0.5	0.0801599254304	530195	580.15992543	7.41136029828
2531.56122111	8533	0.5	0.0661492780036	515343	566.149278004	8.13540288799
2532.10526078	9000	0.5	0.0440396744375	539520	544.039674438	8.35684130225
2532.60039023	9000	0.504870550057	0.0	539520	495.129449943	9.0
2533.00846	9000	0.596800785045	0.0	539520	408.069765012	9.0
2533.41919969	9000	0.6860610914	0.0	539520	410.739693645	9.0
2533.95771849	9000	0.647542287923	0.0	539520	538.518803477	9.0
2534.51652104	9000	0.588739742876	0.0	540862	558.802545047	9.0
2535.04650579	9000	0.558754995736	0.0	539793	529.98474714	9.0
2535.5640073	9933	0.541253481533	0.0	600065	517.501514203	9.0
2536.07029752	9533	0.534963258307	0.0	573695	506.290223225	9.133
2536.56052497	9000	0.544735813563	0.0	537795	490.227444745	8.467
2537.11904733	7800	0.5	0.0137865462923	462222	558.522359855	6.54485381483
2537.73937539	7800	0.5	0.120328064283	456146	620.328064283	7.31868774287
2538.39062027	7666	0.5	0.151244873812	447075	651.244873812	6.92702050475
2538.66276791	7133	0.727852358604	0.0	421103	272.147641396	6.6
2538.96035245	8000	0.930267817364	0.0	476265	297.58454124	7.133
2539.24835749	7733	1.14226277163	0.0	454837	288.005045733	7.466
2539.65962936	8000	1.23099090736	0.0	462300	411.27186427	7.733
2540.17402687	8000	1.21659339627	0.0	462300	514.39751109	8.0
2540.78209475	8000	1.10852551114	0.0	468906	608.067885134	8.0
2541.37636794	8000	1.01425232971	0.0	467438	594.273181426	8.0
2541.97718997	7933	0.913430298417	0.0	465132	600.822031296	7.866
2542.56837792	7533	0.822242346851	0.0	455338	591.187951565	7.133
2543.22494359	8866	0.66567667278	0.0	543071	656.565674071	7.533
2543.81799985	9000	0.57262041578	0.0	551023	593.056257001	8.866
2544.44465391	10000	0.5	0.0540336405927	612540	626.654056372	8.78386543763
2545.03593654	10000	0.5	0.0912826296821	612540	591.282629682	9.63486948127
2545.6250728	10000	0.5	0.08913626416	612540	589.13626416	9.64345494336
2546.1619614	9066	0.5	0.0368886036935	555398	536.888603694	7.98444558523
2546.67384679	9000	0.5	0.0118853902324	551655	511.885390232	8.88645843907
2547.13671447	9000	0.537132322809	0.0	551655	462.867677191	9.0
2547.59713965	9000	0.576707145461	0.0	551655	460.425177347	9.0
2548.04431454	9000	0.62953225795	0.0	551655	447.174887512	9.0
2548.46825668	8533	0.705590110189	0.0	521611	423.942147761	8.066
2548.90784431	8000	0.76600248153	0.0	487275	439.587628659	7.467
2549.3682226	8000	0.805624196435	0.0	487275	460.378285094	8.0
2549.76934182	8000	0.904504973078	0.0	487275	401.119223358	8.0
2550.14263258	7133	1.03121421219	0.0	432597	373.290760885	6.266
2550.57170083	7933	1.10214596704	0.0	483757	429.068245155	7.133
2551.01169837	8000	1.16214842587	0.0	488565	439.997541166	7.933
2551.46605091	8000	1.20779588633	0.0	488565	454.352539542	8.0
2551.92766974	8000	1.24617705466	0.0	488565	461.618831672	8.0
2552.34841231	6933	1.3254344796	0.0	419059	420.742575054	5.866
2552.8080016	6866	1.36584518975	0.0	410775	459.589289852	6.799
2553.28316039	6866	1.3906864085	0.0	413769	475.15878125	6.866

