1288.31056678	3066	0.5	0.17940130741	181435	179.40130741	2.34839477036
1288.64890061	7800	0.661666173097	0.0	471531	338.333826903	3.066
1288.99321215	7866	0.817354625991	0.0	482442	344.311547106	7.8
1289.34905495	8000	0.961511834212	0.0	492120	355.842791779	7.866
1289.70566936	8000	1.10489742	0.0	492120	356.614414207	8.0
1290.06025145	8000	1.25031532704	0.0	490176	354.582092961	8.0
1290.42610768	8333	1.38445910411	0.0	513389	365.85622293	8.0
1290.78002984	8066	1.53053693903	0.0	497055	353.922165082	7.799
1291.16489787	8466	1.64566890516	0.0	520019	384.868033872	8.066
1291.57574188	9000	1.73482489863	0.0	551265	410.844006531	8.466
1291.99555355	9266	1.81501322675	0.0	558332	419.811671879	9.0
1292.43991465	9000	1.87065212635	0.0	536970	444.361100398	8.734
1292.94109516	9000	1.8694716216	0.0	536970	501.180504748	9.0
1293.55123416	9000	1.75933261684	0.0	536970	610.139004766	9.0
1294.18170339	9000	1.62886339336	0.0	536970	630.469223475	9.0
1294.85165023	9000	1.45891654666	0.0	536970	669.946846697	9.0
1295.59800923	9400	1.21255754796	0.0	553424	746.358998706	9.0
1296.3366687	9000	0.973898076606	0.0	522960	738.659471353	8.6
1297.24332246	9000	0.567244317396	0.0	522960	906.653759209	9.0
1298.16610352	9000	0.5	0.355536735695	532300	922.781053091	7.57785305722
1298.76071058	8400	0.5	0.0946070597057	503004	594.607059706	7.42157176118
1299.3336061	8000	0.5	0.0728955205905	481782	572.895520591	7.30841791764
1299.79262994	8000	0.540976155106	0.0	481782	459.023844894	8.0
1300.27421134	8533	0.559394756154	0.0	510552	481.581398953	8.0
1300.78216497	9000	0.551441128446	0.0	536970	507.953627708	8.533
1301.29023014	9000	0.543375954074	0.0	536970	508.065174372	9.0
1301.79597666	9000	0.537629436087	0.0	536970	505.746517987	9.0
1302.28879912	9000	0.544806979596	0.0	536970	492.822456492	9.0
1302.79898653	9000	0.534619567474	0.0	536970	510.187412121	9.0
1303.35983814	9533	0.5	0.0262320417567	573990	560.851609231	8.89507183297
1303.96199527	9666	0.5	0.102157131458	586715	602.157131458	9.12437147417
1304.57327533	9000	0.5	0.111280064667	551265	611.280064667	7.88887974133
1305.32286798	9000	0.5	0.249592647457	551265	749.592647457	8.00162941017
1306.21197222	9000	0.5	0.389104241432	551265	889.104241432	7.44358303427
1307.24593602	9000	0.5	0.533963795742	551265	1033.96379574	6.86414481703
1308.1012963	9000	0.5	0.355360281571	551265	855.360281571	7.57855887372
1308.78533692	9000	0.5	0.184040619651	551265	684.040619651	8.2638375214
1309.33813263	8466	0.5	0.0527957084395	527825	552.79570844	7.72081716624
1309.82608998	8000	0.512042644093	0.0	498375	487.957355907	7.534
1310.25632474	7066	0.581807885053	0.0	434595	430.23475904	6.132
1310.67868862	7200	0.659444011848	0.0	442995	422.363873205	7.066
1311.11748907	7600	0.720643559438	0.0	469589	438.80045241	7.2
1311.55815455	8000	0.779978082963	0.0	496259	440.665476475	7.6
1312.00556624	8133	0.832566389569	0.0	508563	447.411693395	8.0
1312.4704241	8733	0.867708525507	0.0	536941	464.857864062	8.133
1312.92561809	8733	0.912514533222	0.0	525223	455.193992286	8.733
1313.37593717	9000	0.962195462464	0.0	536970	450.319070757	8.733
1313.79399985	9000	1.04413277597	0.0	527946	418.062686489	9.0
1314.2040238	8933	1.13410882714	0.0	519390	410.023948835	8.866
1314.61674643	8933	1.22138619796	0.0	530998	412.722629184	8.933
1314.93570953	9000	1.40242310091	0.0	536970	318.963097051	8.933
1315.24461646	8600	1.59351616872	0.0	513386	308.906932186	8.2
1315.51151655	7000	1.82661607481	0.0	418197	266.900093908	5.4
1315.84638469	8600	1.99174793668	0.0	525989	334.868138132	7.0
1316.21921883	9000	2.11891379869	0.0	551655	372.834137994	8.6
1316.52560963	6400	2.31252299369	0.0	383025	306.390804998	3.8
1316.8379972	6400	2.50013542919	0.0	383025	312.387564493	6.4
1317.14837284	6400	2.68975978444	0.0	383025	310.375644752	6.4
1317.44883913	6400	2.88929349888	0.0	383025	300.466285566	6.4
1317.74930541	6400	3.08882721331	0.0	383025	300.466285566	6.4
1318.04736987	6400	3.29076275562	0.0	383025	298.064457694	6.4
1318.34516997	6400	3.49296265956	0.0	383025	297.800096058	6.4
1318.66229873	6400	3.67583389578	0.0	383025	317.128763775	6.4
1318.98978604	6400	3.84834658467	0.0	383025	327.487311111	6.4
1319.32079373	6400	4.01733889408	0.0	383025	331.007690589	6.4
1319.65734636	6400	4.18078626988	0.0	383025	336.552624202	6.4
1319.98641135	6400	4.35172127787	0.0	383025	329.06499201	6.4
1320.27801158	6400	4.56012104362	0.0	383025	291.600234254	6.4
1320.56961182	6400	4.76852080936	0.0	383025	291.600234254	6.4
1320.86020166	6400	4.97793096817	0.0	383025	290.589841196	6.4
1321.15046604	6400	5.18766659155	0.0	383025	290.264376622	6.4
1321.49126998	6400	5.34686265244	0.0	383025	340.803939108	6.4
1321.85258482	6400	5.48554780511	0.0	383025	361.314847323	6.4
1322.22356704	6400	5.61456559221	0.0	383025	370.982212907	6.4
1322.64852099	6400	5.68961163771	0.0	383025	424.9539545	6.4
1323.07347494	6400	5.76465768321	0.0	383025	424.9539545	6.4
1323.61000802	6400	5.72812460497	0.0	383025	536.533078235	6.4
1324.14908537	6400	5.68904725656	0.0	383025	539.077348412	6.4
1324.70740038	6400	5.63073225116	0.0	383025	558.315005398	6.4
1325.27054213	6400	5.56759049936	0.0	383025	563.141751804	6.4
1325.81674428	6400	5.52138835119	0.0	383025	546.202148171	6.4
1326.35527318	6400	5.48285945176	0.0	383025	538.52889943	6.4
1326.94340669	6400	5.39472593424	0.0	383025	588.133517518	6.4
1327.56853869	6400	5.26959394304	0.0	383025	625.131991201	6.4
1328.18002159	6400	5.15811104123	0.0	383025	611.48290181	6.4
1328.75636475	6400	5.08176787806	0.0	383025	576.343163164	6.4
1329.34618817	6400	4.99194446254	0.0	383025	589.823415523	6.4
1330.00458453	6400	4.8335480947	0.0	383025	658.396367844	6.4
1330.65244006	6400	4.68569257019	0.0	383025	647.855524503	6.4
1331.24443385	6400	4.59369877925	0.0	383025	591.993790939	6.4
1331.83642764	6400	4.50170498831	0.0	383025	591.993790939	6.4
1332.66295143	6400	4.17518120228	0.0	383025	826.523786033	6.4
1333.50138225	6400	3.83675037756	0.0	383025	838.430824724	6.4
1334.68017309	6400	3.15795953402	0.0	383025	1178.79084354	6.4
1336.03628325	6400	2.3018493743	0.0	383025	1356.11015972	6.4
1337.14534134	6400	1.69279128419	0.0	383025	1109.05809011	6.4
1337.95147138	6346	1.38666124439	0.0	369976	806.130039798	6.292
1338.80334845	6026	1.03478417318	0.0	362250	851.877071218	5.706
1339.72706485	5320	0.611067774804	0.0	321769	923.716398372	4.614
1340.66291642	5400	0.5	0.324783787277	326397	935.851562082	4.02086485089
1341.68467978	6000	0.5	0.521763369351	362580	1021.76336935	3.3129465226
1342.70273403	6000	0.5	0.518054243895	362580	1018.0542439	3.92778302442
1343.50650579	6000	0.5	0.303771763895	362580	803.771763895	4.78491294442
1344.21882393	7253	0.5	0.212318134105	441782	712.318134105	5.15072746358
1345.02129642	7200	0.5	0.302472489232	438855	802.472489232	5.93711004307
1346.04839239	7200	0.5	0.527095971	438855	1027.095971	5.091616116
1347.00373477	7200	0.5	0.455342382301	438855	955.342382301	5.3786304708
1347.83903526	7200	0.5	0.335300487022	438855	835.300487022	5.85879805191
1348.48289963	8533	0.5	0.143864374832	521611	643.864374832	6.62454250067
1348.97151321	8000	0.511386421096	0.0	487275	488.613578904	7.467
1349.45992037	8000	0.522979256884	0.0	487275	488.407164212	8.0
1349.94562165	8000	0.537277978904	0.0	487275	485.701277981	8.0
1350.38921922	7133	0.593680406141	0.0	432597	443.597572763	6.266
1350.88515924	7933	0.597740387027	0.0	483757	495.940019114	7.133
1351.39022438	8000	0.592675254201	0.0	488565	505.065132826	7.933
1351.90560398	8000	0.577295648518	0.0	488565	515.379605684	8.0
1352.39312546	8000	0.589774168446	0.0	488565	487.521480072	8.0
1352.77262856	6933	0.710271075908	0.0	419059	379.503092538	5.866
1353.14621104	6866	0.836688590297	0.0	410775	373.58248561	6.799
1353.52193335	6866	0.960966281275	0.0	413769	375.722309022	6.866

