2429.56857856	3066	0.5	0.293767100548	181435	293.767100548	1.89093159781
2430.20413739	7800	0.5	0.135558821001	471531	635.558821001	2.52376471599
2430.84219693	7866	0.5	0.138059542065	482442	638.059542065	7.24776183174
2431.43358671	8000	0.5	0.0913897840055	492120	591.389784005	7.50044086398
2432.08856748	8000	0.5	0.154980764878	492120	654.980764878	7.38007694049
2432.7532369	8000	0.5	0.164669420232	490176	664.669420232	7.34132231907
2433.42192252	8333	0.5	0.168685624456	513389	668.685624456	7.32525750218
2434.0473128	8066	0.5	0.125390282985	497055	625.390282985	7.29743886806
2434.58271065	8466	0.5	0.0353978496695	520019	535.397849669	7.92440860132
2435.14215573	9000	0.5	0.0594450769321	551265	559.445076932	8.22821969227
2435.65822481	9266	0.5	0.0160690830715	558332	516.069083072	8.93572366771
2436.18167494	9000	0.5	0.0234501213283	536970	523.450121328	8.64019951469
2436.71496756	9000	0.5	0.0332926216142	536970	533.292621614	8.86682951354
2437.25380467	9000	0.5	0.0388371108275	536970	538.837110828	8.84465155669
2437.81129036	9000	0.5	0.0574856953328	536970	557.485695333	8.77005721867
2438.36533837	9000	0.5	0.0540480055139	536970	554.048005514	8.78380797794
2438.91121801	9400	0.5	0.0458796417365	553424	545.879641737	8.81648143305
2439.42608447	9000	0.5	0.0148664593797	522960	514.86645938	8.54053416248
2439.92852395	9000	0.5	0.00243947662521	522960	502.439476625	8.9902420935
2440.40526729	9000	0.523256655651	0.0	532300	476.743344349	9.0
2440.85299506	8400	0.575528889943	0.0	503004	447.727765709	7.8
2441.27738269	8000	0.651141258728	0.0	481782	424.387631214	7.6
2441.68580567	8000	0.742718278264	0.0	481782	408.422980465	8.0
2442.10808443	8533	0.820439519411	0.0	510552	422.278758853	8.0
2442.56185245	9000	0.866671500247	0.0	536970	453.768019164	8.533
2443.02184472	9000	0.906679227469	0.0	536970	459.992272777	9.0
2443.4861158	9000	0.942408141796	0.0	536970	464.271085673	9.0
2443.94403555	9000	0.984488392319	0.0	536970	457.919749477	9.0
2444.4012866	9000	1.0272373427	0.0	536970	457.251049617	9.0
2444.88433514	9533	1.04418881048	0.0	573990	483.048532218	9.0
2445.38723951	9666	1.04128443518	0.0	586715	502.904375304	9.533
2445.86429657	9000	1.06422738015	0.0	551265	477.05705503	8.334
2446.34072322	9000	1.0878007229	0.0	551265	476.426657247	9.0
2446.81468794	9000	1.11383600502	0.0	551265	473.964717885	9.0
2447.29113314	9000	1.1373908061	0.0	551265	476.445198919	9.0
2447.78236331	9000	1.14616064076	0.0	551265	491.230165337	9.0
2448.27987435	9000	1.14864960037	0.0	551265	497.511040392	9.0
2448.76614842	8466	1.1623755272	0.0	527825	486.274073175	7.932
2449.2404339	8000	1.18809004683	0.0	498375	474.285480369	7.534
2449.67660616	7066	1.25191778626	0.0	434595	436.17226057	6.132
2450.11680542	7200	1.31171852473	0.0	442995	440.199261522	7.066
2450.57653902	7600	1.35198492407	0.0	469589	459.733600664	7.2
2451.04758614	8000	1.38093780594	0.0	496259	471.047118124	7.6
2451.57674082	8133	1.35178312841	0.0	508563	529.154677534	8.0
2452.15621925	8733	1.27230470039	0.0	536941	579.47842802	8.133
2452.74590677	8733	1.18261717895	0.0	525223	589.687521438	8.733
2453.34440038	9000	1.08412356138	0.0	536970	598.493617571	8.733
2453.91851157	9000	1.01001238041	0.0	527946	574.111180972	9.0
2454.43375458	8933	0.994769367515	0.0	519390	515.243012894	8.866
2454.97272415	8933	0.955799799074	0.0	530998	538.969568441	8.933
2455.56136182	9000	0.867162126585	0.0	536970	588.637672489	8.933
2456.25811356	8600	0.670410388	0.0	513386	696.751738585	8.2
2456.86301945	7000	0.565504493392	0.0	418197	604.905894608	5.4
2457.60742724	8600	0.5	0.178903295675	525989	744.407789066	6.2843868173
2458.36354217	9000	0.5	0.25611493127	551655	756.11493127	7.57554027492
2459.11174296	9533	0.5	0.248200787558	584127	748.200787558	8.00719684977
2459.75944556	10000	0.5	0.147702601834	612540	647.702601834	8.94218959266
2460.41330036	10000	0.5	0.153854794853	612540	653.854794853	9.38458082059
2461.07139707	10000	0.5	0.158096712346	612540	658.096712346	9.36761315062
2461.72374928	10000	0.5	0.152352209424	612540	652.352209424	9.39059116231
2462.34627816	10000	0.5	0.122528883739	612540	622.528883739	9.50988446505
2462.90154098	9866	0.5	0.0552628219954	607628	555.262821995	9.51094871202
2463.41990067	10000	0.5	0.0183596833147	620415	518.359683315	9.79256126674
2463.93854656	10000	0.5	0.0186458950053	620415	518.645895005	9.92541641998
2464.45198313	10000	0.5	0.0134365632489	620415	513.436563249	9.946253747
2465.04304772	11600	0.5	0.0910645953465	730995	591.064595346	9.63574161861
2465.65506414	12000	0.5	0.11201642205	758640	612.01642205	11.1519343118
2466.27768702	12266	0.5	0.122622879259	771584	622.622879259	11.509508483
2466.83910282	11000	0.5	0.0614158000492	681300	561.415800049	9.4883367998
2467.36285208	10200	0.5	0.0237492555617	627772	523.749255562	9.30500297775
2467.87746412	10000	0.5	0.0146120363653	612540	514.612036365	9.74155185454
2468.39229749	10000	0.5	0.0148333707816	612540	514.833370782	9.94066651687
2468.90121047	10000	0.5	0.00891297948473	612540	508.912979485	9.96434808206
2469.36102005	9600	0.540190414749	0.0	588186	459.809585251	9.2
2469.78030888	8666	0.620901582927	0.0	530195	419.288831823	7.732
2470.18840109	8533	0.712809376409	0.0	515343	408.092206517	8.4
2470.65806944	9000	0.743141027236	0.0	539520	469.668349173	8.533
2471.13239032	9000	0.76882014438	0.0	539520	474.320882856	9.0
2471.60760301	9000	0.793607452829	0.0	539520	475.212691552	9.0
2472.10269114	9000	0.798519323874	0.0	539520	495.088128954	9.0
2472.6015096	9000	0.799700860894	0.0	539520	498.81846298	9.0
2473.10479022	9000	0.796420246282	0.0	540862	503.280614612	9.0
2473.61460335	9000	0.786607115977	0.0	539793	509.813130305	9.0
2474.19168827	9933	0.709522199911	0.0	600065	577.084916065	9.0
2474.77808698	9533	0.623123482754	0.0	573695	586.398717157	9.133
2475.33855225	9000	0.562658220268	0.0	537795	560.465262487	8.467
2475.7731737	7800	0.628036765354	0.0	462222	434.621454914	6.6
2476.17872925	7800	0.722481212422	0.0	456146	405.555552932	7.8
2476.57791746	7666	0.823293001028	0.0	447075	399.188211394	7.532
2476.95977793	7133	0.941432538883	0.0	421103	381.860462146	6.6
2477.38249309	8000	1.01871737709	0.0	476265	422.715161796	7.133
2477.79801662	7733	1.10319384533	0.0	454837	415.523531756	7.466
2478.22233102	8000	1.17887944945	0.0	462300	424.314395877	7.733
2478.68934033	8000	1.21187013401	0.0	462300	467.009315439	8.0
2479.17641583	8000	1.22479463754	0.0	468906	487.075496477	8.0
2479.62670197	8000	1.27450849792	0.0	467438	450.286139621	8.0
2480.04281289	7933	1.35839757482	0.0	465132	416.110923096	7.866
2480.45184653	7533	1.44936393383	0.0	455338	409.033640989	7.133
2480.92427727	8866	1.47693319349	0.0	543071	472.430740342	7.533
2481.40287773	9000	1.49833273937	0.0	551023	478.600454118	8.866
2481.92875964	10000	1.47245082334	0.0	612540	525.881916029	9.0
2482.45467173	10000	1.44653873553	0.0	612540	525.912087814	10.0
2482.9787518	10000	1.42245866113	0.0	612540	524.080074403	10.0
2483.45903991	9066	1.44217055051	0.0	555398	480.288110614	8.132
2483.92750589	9000	1.47370457796	0.0	551655	468.465972551	8.934
2484.40130098	9000	1.49990948741	0.0	551655	473.795090553	9.0
2484.89468441	9000	1.50652605682	0.0	551655	493.383430588	9.0
2485.39339134	9000	1.50781912816	0.0	551655	498.706928663	9.0
2485.90353975	8533	1.4976707182	0.0	521611	510.148409954	8.066
2486.52688362	8000	1.37432684094	0.0	487275	623.343877266	7.467
2487.19094256	8000	1.21026790773	0.0	487275	664.058933204	8.0
2487.87023329	8000	1.03097717386	0.0	487275	679.290733877	8.0
2488.3797832	7133	1.02142726068	0.0	432597	509.549913173	6.266
2488.92965137	7933	0.971559092785	0.0	483757	549.868167899	7.133
2489.42221888	8000	0.978991590194	0.0	488565	492.567502591	7.933
2489.92213041	8000	0.979080052422	0.0	488565	499.911537773	8.0
2490.45570387	8000	0.945506594775	0.0	488565	533.573457646	8.0
2490.97512861	6933	0.92608185839	0.0	419059	519.424736385	5.866
2491.51039476	6866	0.890815704876	0.0	410775	535.266153514	6.799
2492.01097946	6866	0.890231001275	0.0	413769	500.584703601	6.866

