2747.58502726	3066	0.5	0.239186372549	181435	239.186372549	2.1092545098
2748.07873636	7800	0.506290906196	0.0	471531	493.709093804	3.066
2748.58201848	7866	0.503008783423	0.0	482442	503.282122773	7.8
2749.09379183	8000	0.5	0.00876456603463	492120	511.773349457	7.83094173586
2749.54341381	8000	0.550378015373	0.0	492120	449.621984627	8.0
2749.98979855	8000	0.603993277519	0.0	490176	446.384737854	8.0
2750.47821211	8333	0.615579717759	0.0	513389	488.41355976	8.0
2750.95688923	8066	0.636902595163	0.0	497055	478.677122596	7.799
2751.69593387	8466	0.5	0.102142039223	520019	739.044634386	7.65743184311
2752.58936213	9000	0.5	0.393428265555	551265	893.428265555	6.89228693778
2753.5602669	9266	0.5	0.470904764159	558332	970.904764159	7.11638094336
2754.97816061	9000	0.5	0.917893709824	536970	1417.89370982	5.0624251607
2756.39605432	9000	0.5	0.917893709824	536970	1417.89370982	5.3284251607
2757.84677407	9000	0.5	0.95071975181	536970	1450.71975181	5.19712099276
2759.3528371	9000	0.5	1.00606303012	536970	1506.06303012	4.97574787951
2760.85890013	9000	0.5	1.00606303012	536970	1506.06303012	4.97574787951
2761.50641475	3760	0.5	0.147514623612	217068	647.514623612	-2.07005849445
2762.08939779	3600	0.5	0.0829830380564	204750	582.983038056	3.10806784777
2762.67238083	3600	0.5	0.0829830380564	204750	582.983038056	3.26806784777
2763.26528842	3600	0.5	0.0929075873788	208790	592.907587379	3.22836965048
2764.07811812	5040	0.5	0.31282970459	298314	812.82970459	2.34868118164
2764.94518474	6400	0.5	0.367066615497	383463	867.066615497	3.57173353801
2765.60617322	6400	0.5	0.16098848324	383463	660.98848324	5.75604606704
2766.30195771	6826	0.5	0.195784490954	406429	695.784490954	5.61686203619
2767.16121296	9000	0.5	0.35925524914	536970	859.25524914	5.38897900344
2767.80027026	9000	0.5	0.139057302919	536970	639.057302919	8.44377078832
2768.43932757	9000	0.5	0.139057302919	536970	639.057302919	8.44377078832
2769.15848006	9000	0.5	0.219152495257	536970	719.152495257	8.12339001897
2769.90607808	9000	0.5	0.247598021322	536970	747.598021322	8.00960791471
2770.71527762	9533	0.5	0.309199534949	573990	809.199534949	7.7632018602
2771.594059	9666	0.5	0.378781382314	586715	878.781382314	8.01787447075
2772.38653506	9000	0.5	0.292476059339	551265	792.476059339	7.16409576264
2773.05731352	9000	0.5	0.170778458202	551265	670.778458202	8.31688616719
2773.72809197	9000	0.5	0.170778458202	551265	670.778458202	8.31688616719
2774.9015144	9000	0.5	0.673422426767	551265	1173.42242677	6.30631029293
2776.18706109	9000	0.5	0.785546687402	551265	1285.5466874	5.85781325039
2777.71860272	9000	0.5	1.03154162689	551265	1531.54162689	4.87383349244
2779.37245544	8466	0.5	1.15385272712	527825	1653.85272712	3.31658909152
2780.93849504	8000	0.5	1.06603960191	498375	1566.03960191	3.26984159235
2781.66433581	7066	0.5	0.225840768161	434595	725.840768161	5.22863692736
2782.26913339	7200	0.5	0.104797580025	442995	604.797580025	6.6468096799
2782.76730598	7600	0.50182741124	0.0	469589	498.17258876	7.2
2783.20291675	8000	0.566216643169	0.0	496259	435.610768072	7.6
2783.64734436	8133	0.621789037739	0.0	508563	444.42760543	8.0
2784.05876676	8733	0.710366636455	0.0	536941	411.422401284	8.133
2784.44259574	8733	0.826537655989	0.0	525223	383.828980466	8.733
2784.83919706	9000	0.929936330931	0.0	536970	396.601325058	8.733
2785.23047777	9000	1.03865562035	0.0	527946	391.280710578	9.0
2785.60076745	8933	1.16836594118	0.0	519390	370.289679177	8.866
2785.97541653	8933	1.2937168662	0.0	530998	374.649074977	8.933
2786.35445466	9000	1.41467873677	0.0	536970	379.038129429	8.933
2786.72247121	8600	1.54666218088	0.0	513386	368.016555886	8.2
2787.03708544	7000	1.73204795373	0.0	418197	314.614227154	5.4
2787.4200187	8600	1.84911469781	0.0	525989	382.933255922	7.0
2787.83763235	9000	1.93150104467	0.0	551655	417.613653137	8.6
2788.27511891	9533	1.99401448085	0.0	584127	437.486563823	9.0
2788.87814706	10000	1.89098633495	0.0	612540	603.0281459	9.533
2789.48553737	10000	1.78359602547	0.0	612540	607.390309479	10.0
2790.13357888	10000	1.63555451084	0.0	612540	648.041514626	10.0
2790.78475684	10000	1.48437655797	0.0	612540	651.177952873	10.0
2791.43292298	10000	1.33621041251	0.0	612540	648.166145463	10.0
2792.06111002	9866	1.20802337567	0.0	607628	628.187036836	9.732
2792.5910297	10000	1.17810368833	0.0	620415	529.919687341	9.866
2793.12094939	10000	1.14818400099	0.0	620415	529.919687341	10.0
2793.6539637	10000	1.11516969149	0.0	620415	533.014309492	10.0
2794.27606106	11600	0.993072329199	0.0	730995	622.097362296	10.0
2795.00985308	12000	0.759280313236	0.0	758640	733.792015963	11.6
2796.26038172	12266	0.5	0.491248325159	771584	1250.52863839	10.0350066994
2797.65338377	11000	0.5	0.893002048477	681300	1393.00204848	6.16199180609
2798.70585374	10200	0.5	0.552469978113	627772	1052.46997811	7.19012008755
2799.6317098	10000	0.5	0.425856052401	612540	925.856052401	8.0965757904
2800.27582536	10000	0.5	0.144115562589	612540	644.115562589	9.42353774964
2800.77743118	10000	0.5	0.00160582321799	612540	501.605823218	9.99357670713
2801.25014054	9600	0.527290639065	0.0	588186	472.709360935	9.2
2801.6166053	8666	0.660825885591	0.0	530195	366.464753475	7.732
2801.9750455	8533	0.80238567878	0.0	515343	358.440206811	8.4
2802.38731191	9000	0.890119274152	0.0	539520	412.266404628	8.533
2802.81801871	9000	0.959412468432	0.0	539520	430.706805719	9.0
2803.22565632	9000	1.05177486146	0.0	539520	407.637606972	9.0
2803.59052473	9000	1.18690645608	0.0	539520	364.868405377	9.0
2803.95539313	9000	1.32203805071	0.0	539520	364.868405377	9.0
2804.30713052	9000	1.4703006633	0.0	540862	351.73738741	9.0
2804.65668243	9000	1.62074875083	0.0	539793	349.551912471	9.0
2805.02378059	9933	1.75365059367	0.0	600065	367.098157156	9.0
2805.36636866	9533	1.91106252011	0.0	573695	342.588073565	9.133
2805.69529483	9000	2.08213635111	0.0	537795	328.926168995	8.467
2806.02326715	6400	2.25416403056	0.0	383025	327.97232055	3.8
2806.35123947	6400	2.42619171001	0.0	383025	327.97232055	6.4
2806.6797767	6400	2.59765447828	0.0	383025	328.537231726	6.4
2807.04930581	6400	2.72812537633	0.0	383025	369.529101957	6.4
2807.41883491	6400	2.85859627437	0.0	383025	369.529101957	6.4
2807.78836401	6400	2.98906717241	0.0	383025	369.529101957	6.4
2808.15697213	6400	3.12045905555	0.0	383025	368.608116866	6.4
2808.52016023	6400	3.25727095046	0.0	383025	363.188105085	6.4
2808.88334834	6400	3.39408284538	0.0	383025	363.188105085	6.4
2809.24653644	6400	3.53089474029	0.0	383025	363.188105085	6.4
2809.60167505	6400	3.67575613364	0.0	383025	355.138606651	6.4
2809.95468143	6400	3.8227497539	0.0	383025	353.006379739	6.4
2810.30768781	6400	3.96974337416	0.0	383025	353.006379739	6.4
2810.65797415	6400	4.11945703292	0.0	383025	350.286341246	6.4
2811.00389837	6400	4.27353281596	0.0	383025	345.924216957	6.4
2811.34982258	6400	4.427608599	0.0	383025	345.924216957	6.4
2811.69711733	6400	4.58031385796	0.0	383025	347.294741043	6.4
2812.0798338	6400	4.69759738676	0.0	383025	382.716471198	6.4
2812.46255027	6400	4.81488091556	0.0	383025	382.716471198	6.4
2812.84526674	6400	4.93216444436	0.0	383025	382.716471198	6.4
2813.45228908	6400	4.82514209871	0.0	383025	607.022345658	6.4
2814.1275034	6400	4.64992778674	0.0	383025	675.214311965	6.4
2814.80271771	6400	4.47471347478	0.0	383025	675.214311965	6.4
2815.43736975	6400	4.34006143174	0.0	383025	634.65204304	6.4
2815.85041717	6400	4.42701401168	0.0	383025	413.047420054	6.4
2816.26346459	6400	4.51396659163	0.0	383025	413.047420054	6.4
2816.67651201	6400	4.60091917158	0.0	383025	413.047420054	6.4
2817.09345974	6400	4.68397144371	0.0	383025	416.947727868	6.4
2817.51092972	6400	4.76650146264	0.0	383025	417.469981066	6.4
2817.9283997	6400	4.84903148158	0.0	383025	417.469981066	6.4
2818.57311728	6400	4.70431390387	0.0	383025	644.717577704	6.4
2819.28551335	6400	4.49191783012	0.0	383025	712.39607375	6.4
2819.99790943	6400	4.27952175637	0.0	383025	712.39607375	6.4
2820.68156786	6400	4.09586331881	0.0	383025	683.658437561	6.4

