447.725589586	3066	0.5	0.201918424092	181435	201.918424092	2.25832630363
448.122443095	7800	0.603146490861	0.0	471531	396.853509139	3.066
448.526628442	7866	0.698961144286	0.0	482442	404.185346575	7.8
448.92636905	8000	0.799220536267	0.0	492120	399.740608019	7.866
449.321437351	8000	0.904152235024	0.0	492120	395.068301243	8.0
449.711630272	8000	1.01395931422	0.0	490176	390.192920801	8.0
450.148142209	8333	1.07744737708	0.0	513389	436.511937145	8.0
450.607781073	8066	1.11780851263	0.0	497055	459.638864452	7.799
451.118642831	8466	1.10694675508	0.0	520019	510.86175755	8.066
451.661240992	9000	1.06434859351	0.0	551265	542.598161568	8.466
452.238714103	9266	0.98687548304	0.0	558332	577.473110468	9.0
452.785967784	9000	0.939621802279	0.0	536970	547.253680761	8.734
453.313088257	9000	0.912501328875	0.0	536970	527.120473404	9.0
453.808212787	9000	0.917376798681	0.0	536970	495.124530195	9.0
454.294387239	9000	0.931202347298	0.0	536970	486.174451383	9.0
454.766242007	9000	0.959347579411	0.0	536970	471.854767887	9.0
455.266826523	9400	0.958763063474	0.0	553424	500.584515937	9.0
455.756641472	9000	0.968948114135	0.0	522960	489.814949339	8.6
456.264943553	9000	0.960646033319	0.0	522960	508.302080816	9.0
456.78949537	9000	0.936094216144	0.0	532300	524.551817176	9.0
457.236659479	8400	0.98893010697	0.0	503004	447.164109174	7.8
457.668332744	8000	1.05725684225	0.0	481782	431.673264718	7.6
458.07177162	8000	1.15381796609	0.0	481782	403.438876162	8.0
458.496734112	8533	1.22885547402	0.0	510552	424.962492069	8.0
458.957357164	9000	1.26823242231	0.0	536970	460.623051708	8.533
459.424378895	9000	1.30121069057	0.0	536970	467.021731742	9.0
459.89982452	9000	1.32576506549	0.0	536970	475.445625082	9.0
460.395523975	9000	1.33006561079	0.0	536970	495.699454695	9.0
460.911951173	9000	1.31363841344	0.0	536970	516.427197356	9.0
461.50796226	9533	1.21762732561	0.0	573990	596.011087827	9.0
462.070769449	9666	1.15482013695	0.0	586715	562.807188659	9.533
462.580657182	9000	1.1449324042	0.0	551265	509.887732749	8.334
463.055659876	9000	1.16992970962	0.0	551265	475.002694585	9.0
463.513055416	9000	1.2125341703	0.0	551265	457.39553932	9.0
463.967147564	9000	1.258442022	0.0	551265	454.092148296	9.0
464.40251746	9000	1.32307212607	0.0	551265	435.369895928	9.0
464.802659129	9000	1.42293045724	0.0	551265	400.141668835	9.0
465.182156375	8466	1.54343321109	0.0	527825	379.497246144	7.932
465.545403912	8000	1.68018567365	0.0	498375	363.24753744	7.534
465.889143367	7066	1.83644621901	0.0	434595	343.739454647	6.132
466.237980468	7200	1.98760911846	0.0	442995	348.837100545	7.066
466.605688257	7600	2.1199013287	0.0	469589	367.707789767	7.2
466.920785484	6400	2.30480410193	0.0	383025	315.097226767	5.2
467.254920722	6400	2.47066886438	0.0	383025	334.13523755	6.4
467.596007977	6400	2.62958160924	0.0	383025	341.087255134	6.4
467.935803161	6400	2.78978642522	0.0	383025	339.795184027	6.4
468.273916242	6400	2.95167334442	0.0	383025	338.113080793	6.4
468.627465928	6400	3.09812365819	0.0	383025	353.549686231	6.4
468.983026992	6400	3.24256259374	0.0	383025	355.561064458	6.4
469.334238192	6400	3.3913513939	0.0	383025	351.211199834	6.4
469.675683649	6400	3.5499059374	0.0	383025	341.445456507	6.4
470.017129105	6400	3.70846048089	0.0	383025	341.445456507	6.4
470.348294219	6400	3.87729536697	0.0	383025	331.165113922	6.4
470.677232906	6400	4.04835668007	0.0	383025	328.938686893	6.4
471.006501447	6400	4.21908813914	0.0	383025	329.268540934	6.4
471.335916152	6400	4.38967343396	0.0	383025	329.414705177	6.4
471.665001385	6400	4.5605882012	0.0	383025	329.085232765	6.4
471.993907768	6400	4.73168181804	0.0	383025	328.906383162	6.4
472.331743293	6400	4.89384629331	0.0	383025	337.835524722	6.4
472.692793499	6400	5.03279608689	0.0	383025	361.050206424	6.4
473.054808371	6400	5.17078121508	0.0	383025	362.014871816	6.4
473.442510304	6400	5.28307928224	0.0	383025	387.701932835	6.4
473.830212237	6400	5.39537734941	0.0	383025	387.701932835	6.4
474.22811243	6400	5.49747715581	0.0	383025	397.900193599	6.4
474.639190034	6400	5.58639955246	0.0	383025	411.077603351	6.4
475.048440048	6400	5.67714953809	0.0	383025	409.250014366	6.4
475.452530384	6400	5.773059202	0.0	383025	404.090336088	6.4
475.856476008	6400	5.86911357751	0.0	383025	403.945624495	6.4
476.258522759	6400	5.96706682739	0.0	383025	402.046750121	6.4
476.660569509	6400	6.06502007726	0.0	383025	402.046750121	6.4
477.0514233	6400	6.17416628607	0.0	383025	390.853791191	6.4
477.44006711	6400	6.28552247558	0.0	383025	388.643810493	6.4
477.814981591	6400	6.41060799509	0.0	383025	374.914480486	6.4
478.180725069	6400	6.54486451746	0.0	383025	365.743477632	6.4
478.564004946	6400	6.66158463982	0.0	383025	383.279877642	6.4
478.99858215	6400	6.72700743611	0.0	383025	434.577203709	6.4
479.423316052	6400	6.8022735337	0.0	383025	424.733902413	6.4
479.822811653	6400	6.90277793284	0.0	383025	399.495600863	6.4
480.222307254	6400	7.00328233197	0.0	383025	399.495600863	6.4
480.605132047	6400	7.12045753915	0.0	383025	382.82479282	6.4
480.981280385	6400	7.2443092007	0.0	383025	376.148338452	6.4
481.369617838	6400	7.35597174757	0.0	383025	388.337453131	6.4
481.772753679	6400	7.4528359072	0.0	383025	403.135840367	6.4
482.172700066	6400	7.55288951981	0.0	383025	399.946387394	6.4
482.56156495	6400	7.66402463642	0.0	383025	388.864883385	6.4
482.950330758	6400	7.77525882813	0.0	383025	388.765808292	6.4
483.334668029	6400	7.89092155738	0.0	383025	384.337270747	6.4
484.164339399	6400	7.50658428664	0.0	383025	384.337270747	6.4
484.55160731	6400	7.61931637545	0.0	383025	387.267911189	6.4
484.970239278	6400	7.70068440747	0.0	383025	418.631967974	6.4
485.388871246	6400	7.7820524395	0.0	383025	418.631967974	6.4
485.816796219	6400	7.85412746662	0.0	383025	427.924972877	6.4
486.246336086	6400	7.92458759953	0.0	383025	429.539867092	6.4
486.705921279	6400	7.96500240646	0.0	383025	459.585193073	6.4
487.173392331	6400	7.99753135424	0.0	383025	467.471052221	6.4
488.16714948	6400	7.5037742055	0.0	383025	493.757148737	6.4
488.641629527	6400	7.52929415837	0.0	383025	474.480047134	6.4
489.037645864	6400	7.63327782173	0.0	383025	396.016336636	6.4
489.466534359	6400	7.70438932591	0.0	383025	428.888495826	6.4
489.985259409	6400	7.68566427664	0.0	383025	518.725049268	6.4
490.520638764	6400	7.65028492108	0.0	383025	535.379355558	6.4
491.172262124	6400	7.49866156181	0.0	383025	651.62335927	6.4
491.823885483	6400	7.34703820254	0.0	383025	651.62335927	6.4
492.303861911	6400	7.36706177434	0.0	383025	479.976428198	6.4
492.775948713	6400	7.39497497224	0.0	383025	472.086802104	6.4
493.107584409	6400	7.56333927652	0.0	383025	331.635695715	6.4
493.426288601	6400	7.74463508426	0.0	383025	318.704192266	6.4
493.741180393	6400	7.92974329252	0.0	383025	314.891791735	6.4
494.329597301	6400	7.62162244254	0.0	383025	308.120849982	6.4
494.721360082	6400	7.72985966146	0.0	383025	391.762781085	6.4
495.110746903	6400	7.84047283988	0.0	383025	389.38682158	6.4
495.503847763	6400	7.94737198064	0.0	383025	393.100859232	6.4
496.174596001	6400	7.55427112141	0.0	383025	393.100859232	6.4
496.580264703	6400	7.64860241905	0.0	383025	405.668702365	6.4
496.995345182	6400	7.73352194036	0.0	383025	415.080478685	6.4
497.415010845	6400	7.81385627682	0.0	383025	419.665663542	6.4
497.839807715	6400	7.88905940711	0.0	383025	424.796869708	6.4
498.275754732	6400	7.95311239046	0.0	383025	435.947016649	6.4
499.019961915	6400	7.55541182971	0.0	383025	397.700560756	6.4
499.513521714	6400	7.56185203128	0.0	383025	493.559798426	6.4

