2024.84363548	3066	0.5	0.318351042029	181435	318.351042029	1.79259583189
2025.16591974	3120	0.67771574211	0.0	184429	322.28425789	3.066
2025.49371628	3146	0.849919201737	0.0	188625	327.796540373	3.12
2025.82651801	3200	1.01711746683	0.0	192435	332.801734907	3.146
2026.15931975	3200	1.18431573192	0.0	192435	332.801734907	3.2
2026.49157761	3200	1.35205786855	0.0	192021	332.257863375	3.2
2027.22045549	8333	1.12317998907	0.0	513389	728.877879477	3.2
2027.91556571	8066	0.928069771108	0.0	497055	695.110217963	7.799
2028.56173168	8466	0.781903796888	0.0	520019	646.165974221	8.066
2029.21484243	9000	0.628793047825	0.0	551265	653.110749063	8.466
2029.8727793	9266	0.5	0.0291438184949	558332	657.93686632	8.88342472602
2030.50539967	9000	0.5	0.132620372089	536970	632.620372089	8.20351851164
2031.00721064	9000	0.5	0.00181096746731	536970	501.810967467	8.99275613013
2031.4405455	9000	0.566665136476	0.0	536970	433.334863524	9.0
2031.87255553	9000	0.634655106603	0.0	536970	432.010029873	9.0
2032.29906624	9000	0.708144400378	0.0	536970	426.510706225	9.0
2032.75355871	9400	0.753651933027	0.0	553424	454.492467351	9.0
2033.19640555	9000	0.810805089019	0.0	522960	442.846844008	8.6
2033.65714366	9000	0.850066974608	0.0	522960	460.738114411	9.0
2034.12568122	9000	0.881529414134	0.0	532300	468.537560474	9.0
2034.57919729	8400	0.928013350361	0.0	503004	453.516063773	7.8
2035.01838	8000	0.988830642154	0.0	481782	439.182708208	7.6
2035.41937199	8000	1.087838644	0.0	481782	400.991998157	8.0
2035.8002541	8533	1.20695653505	0.0	510552	380.882108946	8.0
2036.19129883	9000	1.31591180581	0.0	536970	391.044729241	8.533
2036.57088139	9000	1.43632924903	0.0	536970	379.582556783	9.0
2036.93520496	9000	1.57200568211	0.0	536970	364.323566917	9.0
2037.28711258	9000	1.72009805437	0.0	536970	351.907627744	9.0
2037.69126749	9000	1.81594315085	0.0	536970	404.154903518	9.0
2038.20831095	9533	1.79889968553	0.0	573990	517.043465323	9.0
2038.71589731	9666	1.79131332777	0.0	586715	507.586357752	9.533
2039.1834611	9000	1.82374954297	0.0	551265	467.563784799	8.334
2039.61044778	9000	1.8967628563	0.0	551265	426.986686674	9.0
2040.00834654	9000	1.99886409444	0.0	551265	397.89876186	9.0
2040.46704904	9000	2.04016159708	0.0	551265	458.702497356	9.0
2040.81749406	6400	2.18971657323	0.0	383025	350.445023851	3.8
2041.18474671	6400	2.32246392906	0.0	383025	367.252644177	6.4
2041.5794716	6400	2.42773904189	0.0	383025	394.724887163	6.4
2041.97419648	6400	2.53301415473	0.0	383025	394.724887163	6.4
2042.4015969	6400	2.60561374119	0.0	383025	427.400413536	6.4
2042.83390372	6400	2.67330691684	0.0	383025	432.306824354	6.4
2043.26392553	6400	2.74328510639	0.0	383025	430.021810447	6.4
2043.68042465	6400	2.8267859851	0.0	383025	416.499121289	6.4
2044.08941808	6400	2.91779256273	0.0	383025	408.993422375	6.4
2044.42609063	6400	3.08112000744	0.0	383025	336.672555292	6.4
2044.76276319	6400	3.24444745215	0.0	383025	336.672555292	6.4
2045.10726813	6400	3.39994251086	0.0	383025	344.504941282	6.4
2045.52718072	6400	3.48002991938	0.0	383025	419.912591488	6.4
2045.94885189	6400	3.55835874444	0.0	383025	421.671174934	6.4
2046.37527546	6400	3.63193517857	0.0	383025	426.423565872	6.4
2046.80169903	6400	3.7055116127	0.0	383025	426.423565872	6.4
2047.20769541	6400	3.79951522686	0.0	383025	405.996385835	6.4
2047.61347817	6400	3.89373247202	0.0	383025	405.782754846	6.4
2048.01369109	6400	3.99351955068	0.0	383025	400.212921334	6.4
2048.39786596	6400	4.10934467686	0.0	383025	384.174873821	6.4
2048.78204084	6400	4.22516980304	0.0	383025	384.174873821	6.4
2049.18843917	6400	4.31877146587	0.0	383025	406.398337172	6.4
2049.66791501	6400	4.33929563137	0.0	383025	479.475834499	6.4
2050.14739084	6400	4.35981979687	0.0	383025	479.475834499	6.4
2050.53492697	6400	4.47228367192	0.0	383025	387.536124946	6.4
2050.85580825	6400	4.65140239099	0.0	383025	320.881280934	6.4
2051.17668953	6400	4.83052111005	0.0	383025	320.881280934	6.4
2051.48157922	6400	5.02563141772	0.0	383025	304.889692337	6.4
2051.78242749	6400	5.22478314545	0.0	383025	300.848272268	6.4
2052.07397418	6400	5.43323646235	0.0	383025	291.546683104	6.4
2052.36494588	6400	5.64226475978	0.0	383025	290.971702561	6.4
2052.65591758	6400	5.85129305722	0.0	383025	290.971702561	6.4
2052.98000301	6400	6.02720763179	0.0	383025	324.085425432	6.4
2053.31168484	6400	6.19552579575	0.0	383025	331.681836046	6.4
2053.64336668	6400	6.3638439597	0.0	383025	331.681836046	6.4
2053.98031975	6400	6.52689088397	0.0	383025	336.953075727	6.4
2054.3186428	6400	6.68856783965	0.0	383025	338.323044321	6.4
2054.65764091	6400	6.84956972784	0.0	383025	338.998111815	6.4
2054.99839674	6400	7.00881389693	0.0	383025	340.755830904	6.4
2055.33915257	6400	7.16805806603	0.0	383025	340.755830904	6.4
2055.79133401	6400	7.21587662328	0.0	383025	452.181442753	6.4
2056.25592574	6400	7.25128490296	0.0	383025	464.591720311	6.4
2056.68944452	6400	7.31776612058	0.0	383025	433.518782387	6.4
2056.97084045	6400	7.53637018578	0.0	383025	281.395934801	6.4
2057.25223639	6400	7.75497425098	0.0	383025	281.395934801	6.4
2057.54280743	6400	7.96440320772	0.0	383025	290.571043251	6.4
2057.94495299	6400	7.66209187962	0.0	383025	302.311328107	6.4
2058.29898833	6400	7.80805653871	0.0	383025	354.035340908	6.4
2058.65302367	6400	7.9540211978	0.0	383025	354.035340908	6.4
2059.57463769	6400	7.53240718152	0.0	383025	421.614016279	6.4
2060.14491327	6400	7.46213160254	0.0	383025	570.275578987	6.4
2060.82392039	6400	7.28312448284	0.0	383025	679.007119691	6.4
2061.50292751	6400	7.10411736315	0.0	383025	679.007119691	6.4
2062.17707711	6400	6.9299677601	0.0	383025	674.149603057	6.4
2062.85022756	6400	6.75681731096	0.0	383025	673.15044914	6.4
2063.48290098	6400	6.62414389225	0.0	383025	632.673418704	6.4
2063.93427872	6400	6.6727661517	0.0	383025	451.377740557	6.4
2064.38565646	6400	6.72138841114	0.0	383025	451.377740557	6.4
2064.80617666	6400	6.80086820869	0.0	383025	420.520202446	6.4
2065.18677799	6400	6.92026688343	0.0	383025	380.601325261	6.4
2065.56573896	6400	7.04130591214	0.0	383025	378.960971293	6.4
2065.90612277	6400	7.20092210406	0.0	383025	340.383808076	6.4
2066.24650658	6400	7.36053829599	0.0	383025	340.383808076	6.4
2066.58689038	6400	7.52015448791	0.0	383025	340.383808076	6.4
2066.95076484	6400	7.65628003413	0.0	383025	363.874453783	6.4
2067.31640755	6400	7.79063732494	0.0	383025	365.642709183	6.4
2067.68745098	6400	7.91959388802	0.0	383025	371.043436923	6.4
2068.11716576	6400	7.53090261723	0.0	383025	388.69127079	6.4
2068.49214533	6400	7.65592304472	0.0	383025	374.979572514	6.4
2068.86712491	6400	7.7809434722	0.0	383025	374.979572514	6.4
2069.21683588	6400	7.93123250209	0.0	383025	349.71097011	6.4
2069.74535641	6400	7.6073190196	0.0	383025	323.913482496	6.4
2070.10413688	6400	7.74853854879	0.0	383025	358.780470804	6.4
2070.46291735	6400	7.88975807799	0.0	383025	358.780470804	6.4
2071.34394065	6400	7.50873477462	0.0	383025	381.023303372	6.4
2071.72932252	6400	7.62335290802	0.0	383025	385.3818666	6.4
2072.11482348	6400	7.73785194841	0.0	383025	385.500959604	6.4
2072.48548388	6400	7.86719154232	0.0	383025	370.660406092	6.4
2072.96538858	6400	7.51960650505	0.0	383025	347.585037273	6.4
2073.34681774	6400	7.63817734282	0.0	383025	381.429162228	6.4
2073.7282469	6400	7.75674818059	0.0	383025	381.429162228	6.4
2074.09295044	6400	7.89204463911	0.0	383025	364.703541483	6.4
2074.68859653	6400	7.53916237907	0.0	383025	352.882260042	6.4
2075.01090639	6400	7.71685252409	0.0	383025	322.309854972	6.4
2075.34074052	6400	7.88701839047	0.0	383025	329.834133628	6.4

