4727.29910143	3066	0.5	0.349325477595	181435	349.325477595	1.66869808962
4727.65287126	3120	0.6462301733	0.0	184429	353.7698267	3.066
4728.01286971	3146	0.78623172641	0.0	188625	359.998446889	3.12
4728.37852379	3200	0.920577644888	0.0	192435	365.654081522	3.146
4728.74417787	3200	1.05492356337	0.0	192435	365.654081522	3.2
4729.1092174	3200	1.18988403112	0.0	192021	365.039532247	3.2
4729.90791427	8333	0.891187162239	0.0	513389	798.696868879	3.2
4730.60334411	8066	0.695757323128	0.0	497055	695.42983911	7.799
4731.31918101	8466	0.5	0.0200795792588	520019	715.836902387	7.98568168296
4732.06596377	9000	0.5	0.24678275587	551265	746.78275587	7.47886897652
4732.7658971	9266	0.5	0.19993333058	558332	699.93333058	8.20026667768
4733.33296439	9000	0.5	0.0670672866468	536970	567.067286647	8.46573085341
4733.91053582	9000	0.5	0.0775714337488	536970	577.571433749	8.689714265
4734.49982287	9000	0.5	0.0892870516389	536970	589.287051639	8.64285179344
4735.08910992	9000	0.5	0.0892870516389	536970	589.287051639	8.64285179344
4735.68072873	9000	0.5	0.0916188042125	536970	591.618804212	8.63352478315
4736.26347222	9400	0.5	0.0827434953508	553424	582.743495351	8.6690260186
4736.78556754	9000	0.5	0.0220953199368	522960	522.095319937	8.51161872025
4737.30272172	9000	0.5	0.0171541755006	522960	517.154175501	8.931383298
4737.82524866	9000	0.5	0.0225269432121	532300	522.526943212	8.90989222715
4738.34267335	8400	0.5	0.0174246874552	503004	517.424687455	7.73030125018
4738.86106898	8000	0.5	0.0183956358329	481782	518.395635833	7.52641745667
4739.38462051	8000	0.5	0.0235515216216	481782	523.551521622	7.90579391351
4739.97740131	8533	0.5	0.0927808030661	510552	592.780803066	7.62887678774
4740.59671544	9000	0.5	0.11931413024	536970	619.31413024	8.05574347904
4741.23044038	9000	0.5	0.133724937404	536970	633.724937404	8.46510025038
4741.86677082	9000	0.5	0.136330437948	536970	636.330437948	8.45467824821
4742.51009661	9000	0.5	0.143325793715	536970	643.325793715	8.42669682514
4743.1505637	9000	0.5	0.140467095408	536970	640.467095408	8.43813161837
4743.79328693	9533	0.5	0.142723223376	573990	642.723223376	8.4291071065
4744.43502265	9666	0.5	0.141735723113	586715	641.735723113	8.96605710755
4745.00654034	9000	0.5	0.0715176900476	551265	571.517690048	8.04792923981
4745.6275776	9000	0.5	0.121037258709	551265	621.037258709	8.51585096517
4746.44674747	9000	0.5	0.319169869873	551265	819.169869873	7.72332052051
4747.21019092	9000	0.5	0.263443446231	551265	763.443446231	7.94622621508
4747.92268663	9000	0.5	0.212495715424	551265	712.495715424	8.1500171383
4748.5984094	9000	0.5	0.175722765953	551265	675.722765953	8.29710893619
4749.21761477	8466	0.5	0.11920537551	527825	619.20537551	7.45517849796
4749.84953228	8000	0.5	0.131917507929	498375	631.917507929	7.00632996828
4750.42988546	7066	0.5	0.080353177699	434595	580.353177699	5.8105872892
4750.99918128	7200	0.5	0.0692958220692	442995	569.295822069	6.78881671172
4751.54984042	7600	0.5	0.0506591350622	469589	550.659135062	6.99736345975
4752.1339721	8000	0.5	0.0841316808188	496259	584.131680819	7.26347327672
4752.73487108	8133	0.5	0.10089898596	508563	600.89898596	7.59640405616
4753.36658676	8733	0.5	0.13171568003	536941	631.71568003	7.60613727988
4753.98963804	8733	0.5	0.123051273725	525223	623.051273725	8.2407949051
4754.54420598	9000	0.5	0.0545679430323	536970	554.567943032	8.51472822787
4755.10319625	9000	0.5	0.0589902686066	527946	558.990268607	8.76403892557
4755.69408252	8933	0.5	0.0908862692781	519390	590.886269278	8.50245492289
4756.28687299	8933	0.5	0.0927904695747	530998	592.790469575	8.5618381217
4756.84791776	9000	0.5	0.0610447750356	536970	561.044775036	8.68882089986
4757.3878348	8600	0.5	0.0399170398279	513386	539.917039828	8.04033184069
4757.77868818	7000	0.609146619226	0.0	418197	390.853380774	5.4
4758.24218751	8600	0.645647287601	0.0	525989	463.499331626	7.0
4758.81825099	9000	0.569583806246	0.0	551655	576.063481355	8.6
4759.46456971	9533	0.5	0.0767349074666	584127	646.318713712	8.69306037013
4760.31973868	10000	0.5	0.355168968572	612540	855.168968572	8.11232412571
4761.06431921	10000	0.5	0.244580530606	612540	744.580530606	9.02167787757
4761.76635645	10000	0.5	0.202037246063	612540	702.037246063	9.19185101575
4762.4160717	10000	0.5	0.149715249604	612540	649.715249604	9.40113900159
4763.05283604	10000	0.5	0.136764333346	612540	636.764333346	9.45294266662
4763.60696191	9866	0.5	0.0541258698635	607628	554.125869864	9.51549652055
4764.16504799	10000	0.5	0.0580860823	620415	558.0860823	9.6336556708
4764.73052864	10000	0.5	0.0654806545661	620415	565.480654566	9.73807738174
4765.35388295	10000	0.5	0.123354304717	620415	623.354304717	9.50658278113
4766.08889522	11600	0.5	0.23501227565	730995	735.01227565	9.0599508974
4766.83631205	12000	0.5	0.247416829693	758640	747.416829693	10.6103326812
4767.48038377	12266	0.5	0.144071713081	771584	644.071713081	11.4237131477
4768.02750059	11000	0.5	0.0471168263063	681300	547.116826306	9.54553269477
4768.4643282	10200	0.563172388621	0.0	627772	436.827611379	9.4
4768.92119813	10000	0.606302460744	0.0	612540	456.869927877	9.8
4769.43079222	10000	0.596708368982	0.0	612540	509.594091763	10.0
4769.97599452	10000	0.551506077857	0.0	612540	545.202291125	10.0
4770.52278892	9600	0.504711674654	0.0	588186	546.794403203	9.2
4771.0985265	8666	0.5	0.0710259083195	530195	575.737582974	7.44789636672
4771.67669488	8533	0.5	0.0781683763172	515343	578.168376317	8.08732649473
4772.24450187	9000	0.5	0.0678069911656	539520	567.806991166	8.26177203534
4772.80399932	9000	0.5	0.0594974520684	539520	559.497452068	8.76201019173
4773.29570039	9000	0.508298934107	0.0	539520	491.701065893	9.0
4773.76491674	9000	0.539082582349	0.0	539520	469.216351758	9.0
4774.17667638	9000	0.627322938493	0.0	539520	411.759643856	9.0
4774.58926124	9000	0.714738076959	0.0	540862	412.584861535	9.0
4775.05103798	9000	0.752961343201	0.0	539793	461.776733758	9.0
4775.57951277	9933	0.724486552498	0.0	600065	528.474790703	9.0
4776.10044901	9533	0.703550312646	0.0	573695	520.936239852	9.133
4776.59565851	9000	0.708340806847	0.0	537795	495.209505799	8.467
4777.01928125	7800	0.784718074915	0.0	462222	423.622731932	6.6
4777.43654385	7800	0.867455473668	0.0	456146	417.262601246	7.8
4777.83001926	7666	0.973980060479	0.0	447075	393.47541319	7.532
4778.1944213	7133	1.10957801672	0.0	421103	364.402043762	6.6
4778.59725926	8000	1.20674006078	0.0	476265	402.837955937	7.133
4778.98991572	7733	1.31408360168	0.0	454837	392.656459103	7.466
4779.38770227	8000	1.41629705167	0.0	462300	397.786550002	7.733
4779.79737742	8000	1.50662189687	0.0	462300	409.675154807	8.0
4780.21596213	8000	1.58803719326	0.0	468906	418.58470361	8.0
4780.63097325	8000	1.67302607457	0.0	467438	415.011118686	8.0
4781.04167613	7933	1.76232318888	0.0	465132	410.702885694	7.866
4781.43938964	7533	1.86460967739	0.0	455338	397.713511491	7.133
4781.88348106	8866	1.92051826201	0.0	543071	444.091415375	7.533
4782.32192827	9000	1.98207104774	0.0	551023	438.447214271	8.866
4782.76419535	10000	2.0398039758	0.0	612540	442.267071945	9.0
4783.07082316	6400	2.2331761658	0.0	383025	306.627809996	2.8
4783.40126727	6400	2.4027320533	0.0	383025	330.444112503	6.4
4783.73171138	6400	2.57228794079	0.0	383025	330.444112503	6.4
4784.07346569	6400	2.73053363041	0.0	383025	341.754310387	6.4
4784.43829427	6400	2.86570505137	0.0	383025	364.828579034	6.4
4784.80312285	6400	3.00087647234	0.0	383025	364.828579034	6.4
4785.15258265	6400	3.1514166738	0.0	383025	349.459798534	6.4
4785.49284292	6400	3.31115640502	0.0	383025	340.26026878	6.4
4785.83310318	6400	3.47089613624	0.0	383025	340.26026878	6.4
4786.20816369	6400	3.59583562825	0.0	383025	375.060507992	6.4
4786.58893211	6400	3.71506721345	0.0	383025	380.768414798	6.4
4786.96387216	6400	3.84012715654	0.0	383025	374.940056911	6.4
4787.3251466	6400	3.9788527253	0.0	383025	361.274431239	6.4
4787.68642103	6400	4.11757829407	0.0	383025	361.274431239	6.4
4788.04381391	6400	4.26018540822	0.0	383025	357.392885844	6.4
4788.37629633	6400	4.42770298644	0.0	383025	332.482421784	6.4
4788.70877876	6400	4.59522056465	0.0	383025	332.482421784	6.4
4789.05380309	6400	4.75019623257	0.0	383025	345.024332088	6.4
4789.42514669	6400	4.87885262596	0.0	383025	371.343606602	6.4

