1888.66956108	3066	0.5	0.159476337434	181435	159.476337434	2.42809465026
1888.95611194	7800	0.713449131277	0.0	471531	286.550868723	3.066
1889.2474423	7866	0.922118775036	0.0	482442	291.330356241	7.8
1889.54301204	8000	1.12654903834	0.0	492120	295.5697367	7.866
1889.83858177	8000	1.33097930164	0.0	492120	295.5697367	8.0
1890.20002968	8000	1.46953140058	0.0	490176	361.447901056	8.0
1890.68525097	8333	1.484310107	0.0	513389	485.221293578	8.0
1891.15757973	8066	1.51198134639	0.0	497055	472.328760607	7.799
1891.59380235	8466	1.5757587221	0.0	520019	436.222624296	8.066
1892.01375018	9000	1.65581089137	0.0	551265	419.94783073	8.466
1892.43805601	9266	1.73150506345	0.0	558332	424.305827918	9.0
1892.84918857	9000	1.82037251075	0.0	536970	411.132552705	8.734
1893.26032112	9000	1.90923995804	0.0	536970	411.132552705	9.0
1893.58176797	9000	2.08779310913	0.0	536970	321.446848911	9.0
1893.82267942	6400	2.34688165655	0.0	383025	240.911452581	3.8
1894.06359087	6400	2.60597020397	0.0	383025	240.911452581	6.4
1894.30450232	6400	2.86505875139	0.0	383025	240.911452581	6.4
1894.77160731	6400	2.89795376547	0.0	383025	467.10498592	6.4
1895.35807526	6400	2.81148581884	0.0	383025	586.467946631	6.4
1895.9445432	6400	2.7250178722	0.0	383025	586.467946631	6.4
1896.53101115	6400	2.63854992557	0.0	383025	586.467946631	6.4
1897.1174791	6400	2.55208197894	0.0	383025	586.467946631	6.4
1897.70394704	6400	2.46561403231	0.0	383025	586.467946631	6.4
1898.62196165	6400	2.04759942987	0.0	383025	918.014602446	6.4
1899.70182606	6400	1.46773501404	0.0	383025	1079.86441582	6.4
1900.89775071	7200	0.771810362133	0.0	427485	1195.92465191	6.4
1902.09367537	7200	0.5	0.424114289778	427485	1195.92465191	5.50354284089
1902.82703332	7200	0.5	0.233357951864	427485	733.357951864	6.26656819254
1903.55771922	7200	0.5	0.230685899848	427485	730.685899848	6.27725640061
1904.33332	7626	0.5	0.275600784657	456993	775.600784657	6.09759686137
1905.15995975	7733	0.5	0.326639744872	467045	826.639744872	6.31944102051
1906.16619429	9000	0.5	0.506234539735	551265	1006.23453973	5.70806184106
1907.17242883	9000	0.5	0.506234539735	551265	1006.23453973	6.97506184106
1908.17866337	9000	0.5	0.506234539735	551265	1006.23453973	6.97506184106
1909.15300864	9000	0.5	0.474345276402	551265	974.345276402	7.10261889439
1910.12062338	9000	0.5	0.467614737732	551265	967.614737732	7.12954104907
1911.08823812	9000	0.5	0.467614737732	551265	967.614737732	7.12954104907
1912.09489688	8466	0.5	0.506658765652	527825	1006.65876565	5.90536493739
1913.27354948	8000	0.5	0.678652594942	498375	1178.65259494	4.81938962023
1914.31160099	7066	0.5	0.538051516426	434595	1038.05151643	3.9797939343
1915.36817006	7200	0.5	0.556569062044	442995	1056.56906204	4.83972375182
1916.48243263	7600	0.5	0.614262569773	469589	1114.26256977	4.74294972091
1917.34552908	8000	0.5	0.363096449686	496259	863.096449686	6.14761420126
1918.22804123	8133	0.5	0.38251215543	508563	882.51215543	6.46995137828
1919.15533386	8733	0.5	0.427292625002	536941	927.292625002	6.42382949999
1920.20607328	8733	0.5	0.550739421052	525223	1050.73942105	6.53004231579
1921.28299094	9000	0.5	0.576917666889	536970	1076.91766689	6.42532933244
1922.343155	9000	0.5	0.560164058632	527946	1060.16405863	6.75934376547
1923.41689332	8933	0.5	0.573738319007	519390	1073.73831901	6.57104672397
1924.64647684	8933	0.5	0.729583513964	530998	1229.58351396	6.01466594414
1925.88898942	9000	0.5	0.742512588547	536970	1242.51258855	5.96294964581
1927.08044386	8600	0.5	0.691454434668	513386	1191.45443467	5.43418226133
1927.95420568	7000	0.5	0.373761818766	418197	873.761818766	3.90495272494
1928.94005057	8600	0.5	0.485844892967	525989	985.844892967	5.05662042813
1929.9700968	9000	0.5	0.530046226118	551655	1030.04622612	6.47981509553
1931.05606548	9533	0.5	0.585968679561	584127	1085.96867956	6.65612528175
1931.8881232	10000	0.5	0.332057724194	612540	832.057724194	8.20476910322
1932.70383601	10000	0.5	0.315712809131	612540	815.712809131	8.73714876348
1933.52344932	10000	0.5	0.319613308924	612540	819.613308924	8.7215467643
1934.34907579	10000	0.5	0.325626466288	612540	825.626466288	8.69749413485
1935.17470225	10000	0.5	0.325626466288	612540	825.626466288	8.69749413485
1936.0048455	9866	0.5	0.330143246933	607628	830.143246933	8.41142701227
1936.86895967	10000	0.5	0.364114166731	620415	864.114166731	8.40954333308
1937.73307383	10000	0.5	0.364114166731	620415	864.114166731	8.54354333308
1938.55949557	10000	0.5	0.326421740411	620415	826.421740411	8.69431303836
1939.49730201	11600	0.5	0.437806436549	730995	937.806436549	8.2487742538
1940.45419704	12000	0.5	0.456895033975	758640	956.895033975	9.7724198641
1941.35168705	12266	0.5	0.397490006035	771584	897.490006035	10.4100399759
1942.12844662	11000	0.5	0.276759572654	681300	776.759572654	8.62696170939
1942.80776162	10200	0.5	0.179314995879	627772	679.314995879	8.68274001648
1943.47253508	10000	0.5	0.16477346485	612540	664.77346485	9.1409061406
1944.11294288	10000	0.5	0.140407797971	612540	640.407797971	9.43836880811
1944.6561677	10000	0.5	0.0432248173804	612540	543.22481738	9.82710073048
1945.17671088	9600	0.5	0.0205431868579	588186	520.543186858	9.11782725257
1945.64071671	8666	0.535994172431	0.0	530195	464.005827569	7.732
1946.09396564	8533	0.582745244778	0.0	515343	453.248927653	8.4
1946.51645633	9000	0.660254555655	0.0	539520	422.490689123	8.533
1946.8652456	9000	0.811465286162	0.0	539520	348.789269493	9.0
1947.21403487	9000	0.962676016669	0.0	539520	348.789269493	9.0
1947.56282414	9000	1.11388674718	0.0	539520	348.789269493	9.0
1947.88527669	9000	1.29143419351	0.0	539520	322.452553663	9.0
1948.20652054	9000	1.47019034068	0.0	540862	321.243852838	9.0
1948.52728758	9000	1.64942330018	0.0	539793	320.767040493	9.0
1948.91542168	9933	1.76128920268	0.0	600065	388.1340975	9.0
1949.41104402	9533	1.76566686387	0.0	573695	495.622338808	9.133
1949.88065804	9000	1.79605284301	0.0	537795	469.614020864	8.467
1950.29552202	7800	1.88118886705	0.0	462222	414.86397596	6.6
1950.59587221	7800	2.08083867357	0.0	456146	300.350193484	7.8
1950.8464882	6400	2.33022268645	0.0	383025	250.615987115	5.0
1951.09710419	6400	2.57960669934	0.0	383025	250.615987115	6.4
1951.34772017	6400	2.82899071222	0.0	383025	250.615987115	6.4
1951.59111361	6400	3.08559727212	0.0	383025	243.393440104	6.4
1951.81619092	6400	3.36051996488	0.0	383025	225.07730724	6.4
1952.04126823	6400	3.63544265764	0.0	383025	225.07730724	6.4
1952.27010974	6400	3.90660114693	0.0	383025	228.841510703	6.4
1952.52877064	6400	4.14794024281	0.0	383025	258.660904121	6.4
1952.78743155	6400	4.38927933869	0.0	383025	258.660904121	6.4
1953.04609245	6400	4.63061843457	0.0	383025	258.660904121	6.4
1953.30475335	6400	4.87195753045	0.0	383025	258.660904121	6.4
1953.56341426	6400	5.11329662633	0.0	383025	258.660904121	6.4
1953.81410046	6400	5.36261042664	0.0	383025	250.686199687	6.4
1954.06196689	6400	5.61474399404	0.0	383025	247.866432606	6.4
1954.30983332	6400	5.86687756143	0.0	383025	247.866432606	6.4
1954.55769976	6400	6.11901112882	0.0	383025	247.866432606	6.4
1954.80556619	6400	6.37114469622	0.0	383025	247.866432606	6.4
1955.0406322	6400	6.63607868689	0.0	383025	235.066009323	6.4
1955.26271806	6400	6.91399282202	0.0	383025	222.085864871	6.4
1955.48480393	6400	7.19190695715	0.0	383025	222.085864871	6.4
1955.70688979	6400	7.46982109228	0.0	383025	222.085864871	6.4
1955.93551984	6400	7.74119104892	0.0	383025	228.630043365	6.4
1956.26218705	6400	7.91452383665	0.0	383025	326.667212267	6.4
1956.59762389	6400	7.58785662438	0.0	383025	326.667212267	6.4
1957.31135283	6400	7.37412768287	0.0	383025	713.728941509	6.4
1958.02508177	6400	7.16039874136	0.0	383025	713.728941509	6.4
1958.73881071	6400	6.94666979985	0.0	383025	713.728941509	6.4
1959.45253965	6400	6.73294085834	0.0	383025	713.728941509	6.4
1960.11742848	6400	6.56805203488	0.0	383025	664.888823463	6.4
1960.54300801	6400	6.64247250294	0.0	383025	425.579531942	6.4
1960.96858754	6400	6.716892971	0.0	383025	425.579531942	6.4
1961.39416707	6400	6.79131343905	0.0	383025	425.579531942	6.4

