7369.5248538	3066	0.5	0.217366080879	181435	217.366080879	2.19653567649
7369.96185418	7800	0.562999611526	0.0	471531	437.000388474	3.066
7370.40711539	7866	0.617738406184	0.0	482442	445.261205342	7.8
7370.8597039	8000	0.665149899435	0.0	492120	452.588506749	7.866
7371.3122924	8000	0.712561392686	0.0	492120	452.588506749	8.0
7371.77196281	8000	0.752890990234	0.0	490176	459.670402451	8.0
7372.4494782	8333	0.575375593751	0.0	513389	677.515396484	8.0
7373.10798303	8066	0.5	0.0831292347501	497055	658.504828501	7.466483061
7373.79321485	8466	0.5	0.185231820246	520019	685.231820246	7.32507271902
7374.38868283	9000	0.5	0.0954679804614	551265	595.467980461	8.08412807815
7374.922107	9266	0.5	0.0334241652958	558332	533.424165296	8.86630333882
7375.43818298	9000	0.5	0.0160759799526	536970	516.075979953	8.66969608019
7375.95425896	9000	0.5	0.0160759799526	536970	516.075979953	8.93569608019
7376.47869413	9000	0.5	0.0244351692182	536970	524.435169218	8.90225932313
7377.02444309	9000	0.5	0.0457489662048	536970	545.748966205	8.81700413518
7377.57019206	9000	0.5	0.0457489662048	536970	545.748966205	8.81700413518
7378.13021265	9400	0.5	0.060020589368	553424	560.020589368	8.75991764253
7379.03385771	9000	0.5	0.403645066809	522960	903.645066809	6.98541973276
7380.01348972	9000	0.5	0.479632002818	522960	979.632002818	7.08147198873
7381.00918904	9000	0.5	0.495699317539	532300	995.699317539	7.01720272984
7381.95449134	8400	0.5	0.445302309824	503004	945.302309824	6.0187907607
7382.8632861	8000	0.5	0.40879475597	481782	908.79475597	5.96482097612
7383.95364871	8000	0.5	0.59036260613	481782	1090.36260613	5.63854957548
7385.22796984	8533	0.5	0.774321129872	510552	1274.32112987	4.90271548051
7386.56408991	9000	0.5	0.836120076128	536970	1336.12007613	5.18851969549
7387.70654863	9000	0.5	0.642458718937	536970	1142.45871894	6.43016512425
7388.57729362	9000	0.5	0.370744990018	536970	870.744990018	7.51702003993
7389.44803861	9000	0.5	0.370744990018	536970	870.744990018	7.51702003993
7390.33383581	9000	0.5	0.385797194236	536970	885.797194236	7.45681122306
7391.34914213	9533	0.5	0.515306327496	573990	1015.3063275	6.93877469002
7392.38518362	9666	0.5	0.536041484933	586715	1036.04148493	7.38883406027
7393.36345997	9000	0.5	0.478276350854	551265	978.276350854	6.42089459658
7394.338996	9000	0.5	0.475536033403	551265	975.536033403	7.09785586639
7395.30578307	9000	0.5	0.46678706658	551265	966.78706658	7.13285173368
7396.27257014	9000	0.5	0.46678706658	551265	966.78706658	7.13285173368
7397.2393572	9000	0.5	0.46678706658	551265	966.78706658	7.13285173368
7398.19969837	9000	0.5	0.460341167667	551265	960.341167667	7.15863532933
7399.09428242	8466	0.5	0.394584047021	527825	894.584047021	6.35366381192
7399.94341674	8000	0.5	0.349134323752	498375	849.134323752	6.13746270499
7400.69412039	7066	0.5	0.250703649723	434595	750.703649723	5.12918540111
7401.45778763	7200	0.5	0.263667238024	442995	763.667238024	6.0113310479
7402.41629444	7600	0.5	0.458506814547	469589	958.506814547	5.36597274181
7403.52103418	8000	0.5	0.604739739727	496259	1104.73973973	5.18104104109
7404.65118081	8133	0.5	0.630146629592	508563	1130.14662959	5.47941348163
7405.85410471	8733	0.5	0.702923900685	536941	1202.92390069	5.32130439726
7407.38100349	8733	0.5	1.02689877515	525223	1526.89877515	4.6254048994
7408.94026322	9000	0.5	1.05925973404	536970	1559.25973404	4.49596106384
7410.47466339	9000	0.5	1.03440017049	527946	1534.40017049	4.86239931804
7411.98549326	8933	0.5	1.01082986622	519390	1510.82986622	4.82268053513
7413.22948504	8933	0.5	0.743991777062	530998	1243.99177706	5.95703289175
7414.17551167	9000	0.5	0.446026634926	536970	946.026634926	7.1488934603
7415.08350197	8600	0.5	0.407990297406	513386	907.990297406	6.56803881038
7415.8379712	7000	0.5	0.254469226672	418197	754.469226672	4.38212309331
7416.79694479	8600	0.5	0.458973596911	525989	958.973596911	5.16410561236
7417.89728766	9000	0.5	0.600342867001	551655	1100.342867	6.198628532
7419.05769084	9533	0.5	0.660403182918	584127	1160.40318292	6.35838726833
7420.2706468	10000	0.5	0.712955959346	612540	1212.95595935	6.68117616262
7421.60934539	10000	0.5	0.838698592882	612540	1338.69859288	6.64520562847
7423.12793602	10000	0.5	1.01859063016	612540	1518.59063016	5.92563747936
7424.64652665	10000	0.5	1.01859063016	612540	1518.59063016	5.92563747936
7426.25176447	10000	0.5	1.10523781905	612540	1605.23781905	5.57904872382
7427.99769685	9866	0.5	1.24593237988	607628	1745.93237988	4.74827048049
7429.77868732	10000	0.5	1.28099047026	620415	1780.99047026	4.74203811897
7431.55967779	10000	0.5	1.28099047026	620415	1780.99047026	4.87603811897
7432.95231485	10000	0.5	0.892637058605	620415	1392.6370586	6.42945176558
7434.07012135	9280	0.5	0.617806498883	581337	1117.80649888	6.08877400447
7435.22718989	9600	0.5	0.657068541949	603330	1157.06854195	6.6517258322
7436.15630047	9813	0.5	0.429110575348	613526	929.110575348	7.88355769861
7436.65411696	11000	0.502183508359	0.0	681300	497.816491641	9.813
7437.11910668	10200	0.537193790774	0.0	627772	464.989717585	9.4
7437.56358413	10000	0.592716341338	0.0	612540	444.477449436	9.8
7437.94595541	10000	0.710345058003	0.0	612540	382.371283336	10.0
7438.32832669	10000	0.827973774667	0.0	612540	382.371283336	10.0
7438.6884253	9600	0.967875173014	0.0	588186	360.098601653	9.2
7439.01350403	8666	1.14279643813	0.0	530195	325.07873488	7.732
7439.33171754	8533	1.3245829309	0.0	515343	318.213507237	8.4
7439.66110669	9000	1.49519378343	0.0	539520	329.38914747	8.533
7439.98053341	9000	1.67576706324	0.0	539520	319.426720183	9.0
7440.27999144	9000	1.87630902752	0.0	539520	299.458035727	9.0
7440.57944948	9000	2.07685099179	0.0	539520	299.458035727	9.0
7440.8212648	6400	2.335035669	0.0	383025	241.815322785	3.8
7441.0677425	6400	2.58855796829	0.0	383025	246.477700717	6.4
7441.3142202	6400	2.84208026757	0.0	383025	246.477700717	6.4
7441.5606979	6400	3.09560256685	0.0	383025	246.477700717	6.4
7441.8071756	6400	3.34912486614	0.0	383025	246.477700717	6.4
7442.06425819	6400	3.59204227578	0.0	383025	257.082590357	6.4
7442.32136071	6400	3.83493976297	0.0	383025	257.102512811	6.4
7442.57846322	6400	4.07783725016	0.0	383025	257.102512811	6.4
7442.83556573	6400	4.32073473735	0.0	383025	257.102512811	6.4
7443.09266824	6400	4.56363222454	0.0	383025	257.102512811	6.4
7443.34883502	6400	4.80746545234	0.0	383025	256.166772193	6.4
7443.60414173	6400	5.05215874241	0.0	383025	255.306709937	6.4
7443.85944844	6400	5.29685203247	0.0	383025	255.306709937	6.4
7444.11475515	6400	5.54154532253	0.0	383025	255.306709937	6.4
7444.37006186	6400	5.7862386126	0.0	383025	255.306709937	6.4
7444.62536857	6400	6.03093190266	0.0	383025	255.306709937	6.4
7444.88691699	6400	6.26938347565	0.0	383025	261.548427007	6.4
7445.15282784	6400	6.50347262623	0.0	383025	265.910849419	6.4
7445.41873869	6400	6.73756177681	0.0	383025	265.910849419	6.4
7445.68464954	6400	6.97165092739	0.0	383025	265.910849419	6.4
7445.95056039	6400	7.20574007797	0.0	383025	265.910849419	6.4
7446.21280553	6400	7.44349494132	0.0	383025	262.245136651	6.4
7446.46480361	6400	7.69149686029	0.0	383025	251.998081034	6.4
7446.71680169	6400	7.93949877925	0.0	383025	251.998081034	6.4
7447.1101117	6400	7.68750069822	0.0	383025	251.998081034	6.4
7447.32722497	6400	7.97038742985	0.0	383025	217.113268374	6.4
7447.9698767	6400	7.75327416147	0.0	383025	217.113268374	6.4
7448.33986839	6400	7.88328246677	0.0	383025	369.991694704	6.4
7449.20986009	6400	7.51329077206	0.0	383025	369.991694704	6.4
7449.57985178	6400	7.64329907736	0.0	383025	369.991694704	6.4
7450.01727097	6400	7.70587989167	0.0	383025	437.419185689	6.4
7450.54306029	6400	7.68009056869	0.0	383025	525.789322985	6.4
7451.06884961	6400	7.6543012457	0.0	383025	525.789322985	6.4
7451.59463894	6400	7.62851192271	0.0	383025	525.789322985	6.4
7452.12042826	6400	7.60272259973	0.0	383025	525.789322985	6.4
7452.5277782	6400	7.69537266278	0.0	383025	407.349936954	6.4
7452.91883468	6400	7.80431617504	0.0	383025	391.056487739	6.4
7453.30989117	6400	7.9132596873	0.0	383025	391.056487739	6.4
7454.20094766	6400	7.52220319956	0.0	383025	391.056487739	6.4
7454.59796941	6400	7.62518145084	0.0	383025	397.021748716	6.4

