4594.60312869	3066	0.5	0.277953861744	181435	277.953861744	1.95418455302
4595.19759052	7800	0.5	0.0944618314112	471531	594.461831411	2.68815267436
4595.80395675	7866	0.5	0.106366230152	482442	606.366230152	7.37453507939
4596.42088212	8000	0.5	0.116925369645	492120	616.925369645	7.39829852142
4597.03780749	8000	0.5	0.116925369645	492120	616.925369645	7.53229852142
4597.66738669	8000	0.5	0.129579201236	490176	629.579201236	7.48168319505
4598.32734286	8333	0.5	0.159956169691	513389	659.956169691	7.36017532124
4598.96884713	8066	0.5	0.141504266601	497055	641.504266601	7.2329829336
4599.63629296	8466	0.5	0.167445830368	520019	667.445830368	7.39621667853
4600.33903622	9000	0.5	0.202743256838	551265	702.743256838	7.65502697265
4601.0497628	9266	0.5	0.210726579915	558332	710.726579915	8.15709368034
4601.87327733	9000	0.5	0.323514535523	536970	823.514535523	7.43994185791
4602.71923047	9000	0.5	0.345953133483	536970	845.953133483	7.61618746607
4603.5651836	9000	0.5	0.345953133483	536970	845.953133483	7.61618746607
4604.30649102	9000	0.5	0.241307422247	536970	741.307422247	8.03477031101
4604.83929698	9000	0.5	0.0328059609688	536970	532.805960969	8.86877615612
4605.38597796	9400	0.5	0.0466809805822	553424	546.680980582	8.81327607767
4605.90696983	9000	0.5	0.0209918717028	522960	520.991871703	8.51603251319
4606.58562116	9000	0.5	0.178651328085	522960	678.651328085	8.28539468766
4607.41849385	9000	0.5	0.332872686364	532300	832.872686364	7.66850925454
4608.20993096	8400	0.5	0.29143710827	503004	791.43710827	6.63425156692
4608.97135216	8000	0.5	0.26142120718	481782	761.42120718	6.55431517128
4609.73277337	8000	0.5	0.26142120718	481782	761.42120718	6.95431517128
4610.57103754	8533	0.5	0.338264166173	510552	838.264166173	6.64694333531
4611.54143895	9000	0.5	0.47040141415	536970	970.40141415	6.6513943434
4612.51184037	9000	0.5	0.47040141415	536970	970.40141415	7.1183943434
4613.48224178	9000	0.5	0.47040141415	536970	970.40141415	7.1183943434
4614.45264319	9000	0.5	0.47040141415	536970	970.40141415	7.1183943434
4615.40256413	9000	0.5	0.449920933648	536970	949.920933648	7.20031626541
4616.36663705	9533	0.5	0.464072926176	573990	964.072926176	7.1437082953
4617.35030933	9666	0.5	0.483672271087	586715	983.672271087	7.59831091565
4618.27938067	9000	0.5	0.429071345578	551265	929.071345578	6.61771461769
4619.20845202	9000	0.5	0.429071345578	551265	929.071345578	7.28371461769
4620.10163128	9000	0.5	0.393179259039	551265	893.179259039	7.42728296384
4620.97837152	9000	0.5	0.376740241431	551265	876.740241431	7.49303903427
4621.85511176	9000	0.5	0.376740241431	551265	876.740241431	7.49303903427
4622.731852	9000	0.5	0.376740241431	551265	876.740241431	7.49303903427
4623.33127302	8466	0.5	0.0994210194964	527825	599.421019496	7.53431592201
4623.86161025	8000	0.5	0.03033723366	498375	530.33723366	7.41265106536
4624.33431516	7066	0.527295088914	0.0	434595	472.704911086	6.132
4624.81461041	7200	0.546999843717	0.0	442995	480.295245197	7.066
4625.31893629	7600	0.542673962167	0.0	469589	504.325881549	7.2
4625.84795874	8000	0.513651510458	0.0	496259	529.022451709	7.6
4626.38930545	8133	0.5	0.0276952008773	508563	541.346711335	7.88921919649
4626.95639548	8733	0.5	0.0670900252892	536941	567.090025289	7.86463989884
4627.51285543	8733	0.5	0.0564599543572	525223	556.459954357	8.50716018257
4628.07997177	9000	0.5	0.0671163328551	536970	567.116332855	8.46453466858
4628.64574527	9000	0.5	0.0657735036945	527946	565.773503694	8.73690598522
4629.20531656	8933	0.5	0.0595712916544	519390	559.571291654	8.62771483338
4629.77560593	8933	0.5	0.0702893716204	530998	570.28937162	8.65184251352
4630.35140947	9000	0.5	0.0758035319888	536970	575.803531989	8.62978587204
4630.90543705	8600	0.5	0.0540275845459	513386	554.027584546	7.98388966182
4631.29819626	7000	0.607240792391	0.0	418197	392.759207609	5.4
4631.76098318	8600	0.64445387474	0.0	525989	462.786917651	7.0
4632.24244845	9000	0.662988602544	0.0	551655	481.465272196	8.6
4632.74754512	9533	0.657891929711	0.0	584127	505.096672833	9.0
4633.20963315	10000	0.69580390156	0.0	612540	462.088028151	9.533
4633.66226539	10000	0.743171664136	0.0	612540	452.632237424	10.0
4634.11489762	10000	0.790539426711	0.0	612540	452.632237424	10.0
4634.56752986	10000	0.837907189287	0.0	612540	452.632237424	10.0
4634.9734094	10000	0.93202764895	0.0	612540	405.879540337	10.0
4635.36638928	9866	1.03904776598	0.0	607628	392.979882972	9.732
4635.76595556	10000	1.13948149501	0.0	620415	399.566270966	9.866
4636.16956419	10000	1.23587286323	0.0	620415	403.608631779	10.0
4636.59478848	10000	1.31064857453	0.0	620415	425.224288705	10.0
4637.081544	11600	1.32389304972	0.0	730995	486.755524805	10.0
4637.58368233	12000	1.32175471589	0.0	758640	502.13833383	11.6
4638.0992037	12266	1.30623334675	0.0	771584	515.521369137	12.0
4638.56591789	11000	1.33951915537	0.0	681300	466.71419139	9.734
4639.00170983	10200	1.40372722102	0.0	627772	435.791934347	9.4
4639.41841681	10000	1.48702024285	0.0	612540	416.706978172	9.8
4639.83512379	10000	1.57031326467	0.0	612540	416.706978172	10.0
4640.25183076	10000	1.6536062865	0.0	612540	416.706978172	10.0
4640.6551506	9600	1.75028645325	0.0	588186	403.319833257	9.2
4641.00387631	8666	1.90156074185	0.0	530195	348.725711395	7.732
4641.33168319	8533	2.07375386437	0.0	515343	327.806877479	8.4
4641.59586388	6400	2.30957317453	0.0	383025	264.180689844	4.267
4641.86004457	6400	2.54539248468	0.0	383025	264.180689844	6.4
4642.37199289	6400	2.53344416443	0.0	383025	511.94832025	6.4
4642.90611707	6400	2.49931998396	0.0	383025	534.124180478	6.4
4643.44024125	6400	2.46519580348	0.0	383025	534.124180478	6.4
4643.97436543	6400	2.431071623	0.0	383025	534.124180478	6.4
4644.50848961	6400	2.39694744252	0.0	383025	534.124180478	6.4
4644.97550542	6400	2.42993163457	0.0	383025	467.015807954	6.4
4645.40360521	6400	2.5018318388	0.0	383025	428.099795766	6.4
4645.83170501	6400	2.57373204304	0.0	383025	428.099795766	6.4
4646.2598048	6400	2.64563224727	0.0	383025	428.099795766	6.4
4646.6879046	6400	2.71753245151	0.0	383025	428.099795766	6.4
4647.11600439	6400	2.78943265574	0.0	383025	428.099795766	6.4
4647.51604117	6400	2.88939587886	0.0	383025	400.036776876	6.4
4647.82037539	6400	3.08506166482	0.0	383025	304.334214044	6.4
4648.1247096	6400	3.28072745078	0.0	383025	304.334214044	6.4
4648.42904381	6400	3.47639323673	0.0	383025	304.334214044	6.4
4648.73337803	6400	3.67205902269	0.0	383025	304.334214044	6.4
4649.03771224	6400	3.86772480865	0.0	383025	304.334214044	6.4
4649.34204646	6400	4.0633905946	0.0	383025	304.334214044	6.4
4649.64317625	6400	4.26226079793	0.0	383025	301.12979667	6.4
4649.93006488	6400	4.47537217219	0.0	383025	286.888625739	6.4
4650.2169535	6400	4.68848354645	0.0	383025	286.888625739	6.4
4650.50384213	6400	4.90159492072	0.0	383025	286.888625739	6.4
4650.79073076	6400	5.11470629498	0.0	383025	286.888625739	6.4
4651.07761938	6400	5.32781766924	0.0	383025	286.888625739	6.4
4651.36450801	6400	5.5409290435	0.0	383025	286.888625739	6.4
4651.65241135	6400	5.75302570341	0.0	383025	287.903340085	6.4
4651.9404273	6400	5.96500974969	0.0	383025	288.015953726	6.4
4652.22844325	6400	6.17699379596	0.0	383025	288.015953726	6.4
4652.51645921	6400	6.38897784224	0.0	383025	288.015953726	6.4
4652.80447516	6400	6.60096188851	0.0	383025	288.015953726	6.4
4653.09249112	6400	6.81294593478	0.0	383025	288.015953726	6.4
4653.39934545	6400	7.00609159909	0.0	383025	306.854335696	6.4
4653.71631746	6400	7.18911959174	0.0	383025	316.972007347	6.4
4654.03328947	6400	7.37214758439	0.0	383025	316.972007347	6.4
4654.35026147	6400	7.55517557705	0.0	383025	316.972007347	6.4
4654.68992722	6400	7.71550983295	0.0	383025	339.6657441	6.4
4655.04226575	6400	7.8631712983	0.0	383025	352.338534644	6.4
4655.89460429	6400	7.51083276366	0.0	383025	352.338534644	6.4
4656.24694282	6400	7.65849422902	0.0	383025	352.338534644	6.4
4656.59928136	6400	7.80615569437	0.0	383025	352.338534644	6.4
4656.93208316	6400	7.973353892	0.0	383025	332.801802372	6.4
4657.73872971	6400	7.66670733807	0.0	383025	306.646553926	6.4

