5663.21417232	3066	0.5	0.248665711303	181435	248.665711303	2.07133715479
5663.73251725	7800	0.5	0.0183449252706	471531	518.344925271	2.99262029892
5664.26100526	7866	0.5	0.0284880155014	482442	528.488015501	7.68604793799
5664.79849015	8000	0.5	0.0374848835478	492120	537.484883548	7.71606046581
5665.33597503	8000	0.5	0.0374848835478	492120	537.484883548	7.85006046581
5665.87165273	8000	0.5	0.0356777011256	490176	535.677701126	7.8572891955
5666.42890971	8333	0.5	0.0572569838245	513389	557.256983824	7.7709720647
5666.97098228	8066	0.5	0.0420725611474	497055	542.072561147	7.63070975541
5667.53440264	8466	0.5	0.06342036832	520019	563.42036832	7.81231852672
5668.12686994	9000	0.5	0.0924672931987	551265	592.467293199	8.09613082721
5668.59358047	9266	0.533289467089	0.0	558332	466.710532911	9.0
5669.0433418	9000	0.583528135086	0.0	536970	449.761332004	8.734
5669.49310313	9000	0.633766803082	0.0	536970	449.761332004	9.0
5669.94286447	9000	0.684005471078	0.0	536970	449.761332004	9.0
5670.4227621	9000	0.704107837246	0.0	536970	479.897633832	9.0
5670.91423979	9000	0.712630143371	0.0	536970	491.477693875	9.0
5671.41832611	9400	0.708543823363	0.0	553424	504.086320008	9.0
5671.89906801	9000	0.727801929424	0.0	522960	480.741893939	8.6
5672.37947116	9000	0.747398781248	0.0	522960	480.403148175	9.0
5672.83526053	9000	0.791609402661	0.0	532300	455.789378587	9.0
5673.27036773	8400	0.856502206368	0.0	503004	435.107196293	7.8
5673.69049277	8000	0.936377167115	0.0	481782	420.125039253	7.6
5674.11061781	8000	1.01625212786	0.0	481782	420.125039253	8.0
5674.5959123	8533	1.03095763456	0.0	510552	485.294493299	8.0
5675.10567788	9000	1.0211920574	0.0	536970	509.765577165	8.533
5675.61544346	9000	1.01142648023	0.0	536970	509.765577165	9.0
5676.12520903	9000	1.00166090307	0.0	536970	509.765577165	9.0
5676.63497461	9000	0.991895325903	0.0	536970	509.765577165	9.0
5677.09284675	9000	1.03402318744	0.0	536970	457.872138461	9.0
5677.5436953	9533	1.08317463348	0.0	573990	450.848553958	9.0
5678.00276534	9666	1.12410459858	0.0	586715	459.070034905	9.533
5678.4653335	9000	1.1615364392	0.0	551265	462.568159382	8.334
5678.94772555	9000	1.17914439014	0.0	551265	482.392049053	9.0
5679.4301176	9000	1.19675234109	0.0	551265	482.392049053	9.0
5679.91327456	9000	1.2135953816	0.0	551265	483.156959489	9.0
5680.40106622	9000	1.22580371298	0.0	551265	487.791668621	9.0
5680.88885789	9000	1.23801204436	0.0	551265	487.791668621	9.0
5681.3593101	8466	1.26755983446	0.0	527825	470.452209899	7.932
5681.80797703	8000	1.31889290866	0.0	498375	448.666925797	7.534
5682.19417559	7066	1.43269434467	0.0	434595	386.198563997	6.132
5682.57604615	7200	1.55082378684	0.0	442995	381.870557831	7.066
5682.97603869	7600	1.65083125107	0.0	469589	399.992535765	7.2
5683.39420499	8000	1.73266494861	0.0	496259	418.16630246	7.6
5683.82075562	8133	1.80611431824	0.0	508563	426.550630373	8.0
5684.26060557	8733	1.86626436685	0.0	536941	439.84995139	8.133
5684.68873601	8733	1.93813392975	0.0	525223	428.130437096	8.733
5685.12465264	9000	2.00221729852	0.0	536970	435.916631235	8.733
5685.45853082	6400	2.16833911598	0.0	383025	333.878182541	3.8
5685.792409	6400	2.33446093343	0.0	383025	333.878182541	6.4
5686.14146257	6400	2.48540736713	0.0	383025	349.053566301	6.4
5686.50723907	6400	2.61963086316	0.0	383025	365.776503978	6.4
5686.87301558	6400	2.75385435918	0.0	383025	365.776503978	6.4
5687.23879208	6400	2.8880778552	0.0	383025	365.776503978	6.4
5687.60456859	6400	3.02230135122	0.0	383025	365.776503978	6.4
5687.96803213	6400	3.15883780468	0.0	383025	363.463546537	6.4
5688.32890656	6400	3.29796338084	0.0	383025	360.874423847	6.4
5688.68978098	6400	3.43708895699	0.0	383025	360.874423847	6.4
5689.0506554	6400	3.57621453314	0.0	383025	360.874423847	6.4
5689.41152983	6400	3.7153401093	0.0	383025	360.874423847	6.4
5689.77240425	6400	3.85446568545	0.0	383025	360.874423847	6.4
5690.1265884	6400	4.00028154253	0.0	383025	354.184142918	6.4
5690.44812751	6400	4.17874243249	0.0	383025	321.539110043	6.4
5690.76966662	6400	4.35720332244	0.0	383025	321.539110043	6.4
5691.09120573	6400	4.5356642124	0.0	383025	321.539110043	6.4
5691.41274484	6400	4.71412510236	0.0	383025	321.539110043	6.4
5691.73428395	6400	4.89258599232	0.0	383025	321.539110043	6.4
5692.05938374	6400	5.06748620042	0.0	383025	325.099791896	6.4
5692.38949617	6400	5.23737377111	0.0	383025	330.112429311	6.4
5692.7196086	6400	5.4072613418	0.0	383025	330.112429311	6.4
5693.04972103	6400	5.57714891249	0.0	383025	330.112429311	6.4
5693.37983345	6400	5.74703648318	0.0	383025	330.112429311	6.4
5693.70994588	6400	5.91692405386	0.0	383025	330.112429311	6.4
5694.04506117	6400	6.08180876769	0.0	383025	335.11528617	6.4
5694.39455772	6400	6.23231221499	0.0	383025	349.496552705	6.4
5694.74405428	6400	6.38281566228	0.0	383025	349.496552705	6.4
5695.09355083	6400	6.53331910958	0.0	383025	349.496552705	6.4
5695.44304738	6400	6.68382255687	0.0	383025	349.496552705	6.4
5695.79664988	6400	6.83022006187	0.0	383025	353.602495007	6.4
5696.16967108	6400	6.95719886239	0.0	383025	373.021199476	6.4
5696.54269227	6400	7.08417766292	0.0	383025	373.021199476	6.4
5696.91571347	6400	7.21115646344	0.0	383025	373.021199476	6.4
5697.28873467	6400	7.33813526396	0.0	383025	373.021199476	6.4
5697.66175587	6400	7.46511406449	0.0	383025	373.021199476	6.4
5698.04377808	6400	7.583091861	0.0	383025	382.022203489	6.4
5698.46129839	6400	7.66557154311	0.0	383025	417.520317892	6.4
5698.87881871	6400	7.74805122522	0.0	383025	417.520317892	6.4
5699.29633903	6400	7.83053090732	0.0	383025	417.520317892	6.4
5699.71385935	6400	7.91301058943	0.0	383025	417.520317892	6.4
5700.13137967	6400	7.99549027154	0.0	383025	417.520317892	6.4
5701.0732375	6400	7.55363243764	0.0	383025	441.857833901	6.4
5701.51974371	6400	7.6071262257	0.0	383025	446.50621194	6.4
5701.96624992	6400	7.66062001376	0.0	383025	446.50621194	6.4
5702.41275614	6400	7.71411380182	0.0	383025	446.50621194	6.4
5702.91012236	6400	7.71674758213	0.0	383025	497.366219688	6.4
5703.47786315	6400	7.6490067898	0.0	383025	567.740792325	6.4
5704.04560394	6400	7.58126599748	0.0	383025	567.740792325	6.4
5704.61334473	6400	7.51352520516	0.0	383025	567.740792325	6.4
5705.17035785	6400	7.45651208577	0.0	383025	557.013119386	6.4
5705.53354137	6400	7.5933285698	0.0	383025	363.183515972	6.4
5705.89672488	6400	7.73014505383	0.0	383025	363.183515972	6.4
5706.2599084	6400	7.86696153785	0.0	383025	363.183515972	6.4
5707.12309192	6400	7.50377802188	0.0	383025	363.183515972	6.4
5707.49500281	6400	7.63186713179	0.0	383025	371.910890096	6.4
5707.87865063	6400	7.74821930865	0.0	383025	383.647823131	6.4
5708.26229845	6400	7.86457148552	0.0	383025	383.647823131	6.4
5708.64594628	6400	7.98092366239	0.0	383025	383.647823131	6.4
5709.49126582	6400	7.63560411686	0.0	383025	345.319545529	6.4
5709.80806043	6400	7.81880951254	0.0	383025	316.794604324	6.4
5710.58420343	6400	7.50201490822	0.0	383025	316.794604324	6.4
5710.94100892	6400	7.64520942117	0.0	383025	356.80548705	6.4
5711.2978144	6400	7.78840393412	0.0	383025	356.80548705	6.4
5711.65461989	6400	7.93159844707	0.0	383025	356.80548705	6.4
5712.43799562	6400	7.57479296002	0.0	383025	356.80548705	6.4
5712.77282056	6400	7.739968022	0.0	383025	334.82493802	6.4
5713.1076455	6400	7.90514308398	0.0	383025	334.82493802	6.4
5713.49351562	6400	7.57031814596	0.0	383025	334.82493802	6.4
5713.89135281	6400	7.67248096408	0.0	383025	397.837181872	6.4
5714.28918999	6400	7.77464378221	0.0	383025	397.837181872	6.4
5714.68702717	6400	7.87680660034	0.0	383025	397.837181872	6.4
5715.08486435	6400	7.97896941847	0.0	383025	397.837181872	6.4

