6246.70002812	3066	0.5	0.307706688411	181435	307.706688411	1.83517324635
6247.01149237	3120	0.688535746482	0.0	184429	311.464253518	3.066
6247.44990936	4720	0.750118754704	0.0	285584	438.416991778	3.12
6248.14753559	8000	0.552492522163	0.0	492120	697.626232541	4.72
6248.84516183	8000	0.5	0.145133710377	492120	697.626232541	7.41946515849
6249.54034828	8000	0.5	0.195186450788	490176	695.186450788	7.21925419685
6250.13758415	8333	0.5	0.0972358714133	513389	597.235871413	7.61105651435
6250.67704639	8066	0.5	0.0394622430878	497055	539.462243088	7.64115102765
6251.23773584	8466	0.5	0.0606894532562	520019	560.689453256	7.82324218698
6251.85898257	9000	0.5	0.121246720632	551265	621.246720632	7.98101311747
6252.49182402	9266	0.5	0.132841452431	558332	632.841452431	8.46863419028
6253.10351354	9000	0.5	0.111689522921	536970	611.689522921	8.28724190831
6253.71542431	9000	0.5	0.111910766065	536970	611.910766065	8.55235693574
6254.36793491	9000	0.5	0.152510599563	536970	652.510599563	8.38995760175
6255.02044551	9000	0.5	0.152510599563	536970	652.510599563	8.38995760175
6255.61422694	9000	0.5	0.0937814346347	536970	593.781434635	8.62487426146
6256.11156194	9400	0.50266499892	0.0	553424	497.33500108	9.0
6256.58592415	9000	0.528302788092	0.0	522960	474.362210828	8.6
6257.06028636	9000	0.553940577264	0.0	522960	474.362210828	9.0
6257.57068899	9000	0.543537954368	0.0	532300	510.402622896	9.0
6258.07083474	8400	0.543392204703	0.0	503004	500.145749665	7.8
6258.5305183	8000	0.583708638774	0.0	481782	459.68356593	7.6
6258.93046086	8000	0.683766083826	0.0	481782	399.942554948	8.0
6259.34950904	8533	0.764717901631	0.0	510552	419.048182194	8.0
6259.83269414	9000	0.781532801493	0.0	536970	483.185100138	8.533
6260.3435321	9000	0.770694839851	0.0	536970	510.837961642	9.0
6260.85437006	9000	0.759856878208	0.0	536970	510.837961642	9.0
6261.35587472	9000	0.758352216913	0.0	536970	501.504661295	9.0
6261.84944617	9000	0.764780771061	0.0	536970	493.571445852	9.0
6262.37153022	9533	0.742696717567	0.0	573990	522.084053494	9.0
6262.8856578	9666	0.728569143124	0.0	586715	514.127574443	9.533
6263.36136302	9000	0.752863919512	0.0	551265	475.705223612	8.334
6263.83706824	9000	0.7771586959	0.0	551265	475.705223612	9.0
6264.2964854	9000	0.817741543976	0.0	551265	459.417151924	9.0
6264.74744414	9000	0.866782797851	0.0	551265	450.958746125	9.0
6265.21432577	9000	0.899901169432	0.0	551265	466.88162842	9.0
6265.73390239	9000	0.880324552907	0.0	551265	519.576616524	9.0
6266.23478804	8466	0.879438903325	0.0	527825	500.885649582	7.932
6266.71668272	8000	0.897544222737	0.0	498375	481.894680588	7.534
6267.22157981	7066	0.892647131676	0.0	434595	504.897091061	6.132
6267.73468946	7200	0.879537485098	0.0	442995	513.109646578	7.066
6268.27379966	7600	0.840427278828	0.0	469589	539.110206271	7.2
6268.74925863	8000	0.864968311889	0.0	496259	475.458966939	7.6
6269.19395766	8133	0.920269281595	0.0	508563	444.699030294	8.0
6269.65900703	8733	0.955219913031	0.0	536941	465.049368564	8.133
6270.14858341	8733	0.965643526803	0.0	525223	489.576386228	8.733
6270.67924252	9000	0.934984419416	0.0	536970	530.659107387	8.733
6271.20232812	9000	0.911898822253	0.0	527946	523.085597163	9.0
6271.73088291	8933	0.883344030271	0.0	519390	528.554791982	8.866
6272.26976603	8933	0.844460911473	0.0	530998	538.883118798	8.933
6272.81381009	9000	0.800416850476	0.0	536970	544.044060997	8.933
6273.27833234	8600	0.835894601353	0.0	513386	464.522249124	8.2
6273.66946118	7000	0.944765760084	0.0	418197	391.128841269	5.4
6274.14102332	8600	0.97320362474	0.0	525989	471.562135344	7.0
6274.64300991	9000	0.97121702932	0.0	551655	501.986595419	8.6
6275.16983585	9533	0.944391089154	0.0	584127	526.825940167	9.0
6275.7520549	10000	0.862172038352	0.0	612540	582.219050802	9.533
6276.39557921	10000	0.718647732836	0.0	612540	643.524305516	10.0
6276.99670325	10000	0.617523686647	0.0	612540	601.124046189	10.0
6277.5471776	10000	0.567049336429	0.0	612540	550.474350218	10.0
6278.09765195	10000	0.516574986211	0.0	612540	550.474350218	10.0
6278.63532896	9866	0.5	0.0211020191011	607628	537.677005312	9.6475919236
6279.1780699	10000	0.5	0.0427409355679	620415	542.740935568	9.69503625773
6279.7316662	10000	0.5	0.0535963063641	620415	553.596306364	9.78561477454
6280.28560746	10000	0.5	0.0539412544469	620415	553.941254447	9.78423498221
6280.86475316	11600	0.5	0.0791457041653	730995	579.145704165	9.68341718334
6281.45582239	12000	0.5	0.0910692301413	758640	591.069230141	11.2357230794
6282.01276576	12266	0.5	0.0569433740351	771584	556.943374035	11.7722265039
6282.50297273	11000	0.509793039176	0.0	681300	490.206960824	9.734
6282.96394684	10200	0.548818929231	0.0	627772	460.974109945	9.4
6283.42292568	10000	0.589840079548	0.0	612540	458.978849683	9.8
6283.88190453	10000	0.630861229865	0.0	612540	458.978849683	10.0
6284.36891165	10000	0.643854117114	0.0	612540	487.007112751	10.0
6284.84816963	9600	0.664596129493	0.0	588186	479.25798762	9.2
6285.29242191	8666	0.720343853811	0.0	530195	444.252275683	7.732
6285.76488959	8533	0.747876178285	0.0	515343	472.467675525	8.4
6286.25656894	9000	0.756196828037	0.0	539520	491.679350249	8.533
6286.75138453	9000	0.761381231017	0.0	539520	494.81559702	9.0
6287.24620013	9000	0.766565633997	0.0	539520	494.81559702	9.0
6287.74101573	9000	0.771750036978	0.0	539520	494.81559702	9.0
6288.22593901	9000	0.786826750514	0.0	539520	484.923286463	9.0
6288.7118382	9000	0.800927568501	0.0	540862	485.899182013	9.0
6289.19693513	9000	0.815830635907	0.0	539793	485.096932594	9.0
6289.77225521	9933	0.740510552746	0.0	600065	575.320083161	9.0
6290.33184055	9533	0.680925215002	0.0	573695	559.585337745	9.133
6290.85800591	9000	0.654759855748	0.0	537795	526.165359254	8.467
6291.31778816	7800	0.694977606203	0.0	462222	459.782249545	6.6
6291.77257809	7800	0.740187669763	0.0	456146	454.78993644	7.8
6292.18612982	7666	0.826635945539	0.0	447075	413.551724224	7.532
6292.56076538	7133	0.9520003803	0.0	421103	374.63556524	6.6
6292.97399646	8000	1.03876930031	0.0	476265	413.231079994	7.133
6293.37201805	7733	1.14074771682	0.0	454837	398.02158349	7.466
6293.77313338	8000	1.23963237999	0.0	462300	401.115336828	7.733
6294.17424872	8000	1.33851704316	0.0	462300	401.115336828	8.0
6294.57995261	8000	1.43281315363	0.0	468906	405.703889532	8.0
6295.00601586	8000	1.50674990179	0.0	467438	426.063251839	8.0
6295.43356454	7933	1.57920122926	0.0	465132	427.548672526	7.866
6295.85379509	7533	1.65897067654	0.0	455338	420.230552727	7.133
6296.34694967	8866	1.66581609302	0.0	543071	493.154583512	7.533
6296.90288141	9000	1.60988434947	0.0	551023	555.931743557	8.866
6297.51194686	10000	1.50081890175	0.0	612540	609.065447719	9.0
6298.10802455	10000	1.40474121536	0.0	612540	596.077686391	10.0
6298.69483027	10000	1.31793549713	0.0	612540	586.805718228	10.0
6299.22841487	9066	1.28435089353	0.0	555398	533.584603603	8.132
6299.70031875	9000	1.31244701419	0.0	551655	471.90387934	8.934
6300.17222263	9000	1.34054313485	0.0	551655	471.90387934	9.0
6300.63623269	9000	1.37653307165	0.0	551655	464.010063199	9.0
6301.08046685	9000	1.43229891015	0.0	551655	444.234161498	9.0
6301.50486425	8533	1.50790151465	0.0	521611	424.397395497	8.066
6301.97003719	8000	1.54272857805	0.0	487275	465.172936608	7.467
6302.52378876	8000	1.48897700166	0.0	487275	553.751576385	8.0
6303.07754034	8000	1.43522542528	0.0	487275	553.751576385	8.0
6303.57147597	7133	1.44128979463	0.0	432597	493.935630651	6.266
6304.03439442	7933	1.47837134363	0.0	483757	462.918450992	7.133
6304.50111865	8000	1.5116471143	0.0	488565	466.724229332	7.933
6304.97972585	8000	1.53303991553	0.0	488565	478.607198767	8.0
6305.48622992	8000	1.52653584196	0.0	488565	506.504073571	8.0
6305.93205713	6933	1.58070863255	0.0	419059	445.827209412	5.866
6306.37065263	6866	1.64211313181	0.0	410775	438.595500744	6.799
6306.83813254	6866	1.67463322912	0.0	413769	467.479902688	6.866

