4789.63043834	3066	0.5	0.205291646796	181435	205.291646796	2.24483341282
4790.03605851	7800	0.594379830213	0.0	471531	405.620169787	3.066
4790.44921338	7866	0.68122496669	0.0	482442	413.154863524	7.8
4790.86905147	8000	0.761386869183	0.0	492120	419.838097507	7.866
4791.28888957	8000	0.841548771677	0.0	492120	419.838097507	8.0
4791.70738522	8000	0.923053121666	0.0	490176	418.495650011	8.0
4792.14199235	8333	0.988445993057	0.0	513389	434.607128609	8.0
4792.56628387	8066	1.06415446954	0.0	497055	424.291523519	7.799
4793.0064817	8466	1.12395663676	0.0	520019	440.197832773	8.066
4793.46832248	9000	1.16211586117	0.0	551265	461.840775594	8.466
4793.9350583	9266	1.19538003735	0.0	558332	466.735823822	9.0
4794.45883585	9000	1.17160248962	0.0	536970	523.777547724	8.734
4795.03689919	9000	1.09353914913	0.0	536970	578.063340494	9.0
4795.61496253	9000	1.01547580864	0.0	536970	578.063340494	9.0
4796.19302587	9000	0.937412468142	0.0	536970	578.063340494	9.0
4796.77108921	9000	0.859349127648	0.0	536970	578.063340494	9.0
4797.36441436	9400	0.766023976989	0.0	553424	593.325150659	9.0
4797.94479098	9000	0.685647362683	0.0	522960	580.376614306	8.6
4798.54806902	9000	0.582369321067	0.0	522960	603.278041615	9.0
4799.16069274	9000	0.5	0.0302544007313	532300	612.623721799	8.87898239707
4799.74400265	8400	0.5	0.0833099052406	503004	583.309905241	7.46676037904
4800.33544628	8000	0.5	0.0914436301204	481782	591.44363012	7.23422547952
4800.9588291	8000	0.5	0.123382825177	481782	623.382825177	7.50646869929
4801.61466047	8533	0.5	0.155831368046	510552	655.831368046	7.37667452782
4802.30028765	9000	0.5	0.185627183322	536970	685.627183322	7.79049126671
4802.97269951	9000	0.5	0.172411852057	536970	672.411852057	8.31035259177
4803.57890125	9000	0.5	0.106201744062	536970	606.201744062	8.57519302375
4804.18510299	9000	0.5	0.106201744062	536970	606.201744062	8.57519302375
4804.79130474	9000	0.5	0.106201744062	536970	606.201744062	8.57519302375
4805.43378409	9533	0.5	0.142479354664	573990	642.479354664	8.43008258134
4806.10522919	9666	0.5	0.171445094411	586715	671.445094411	8.84721962236
4806.92988841	9000	0.5	0.324659221461	551265	824.659221461	7.03536311416
4807.75454763	9000	0.5	0.324659221461	551265	824.659221461	7.70136311416
4808.57920685	9000	0.5	0.324659221461	551265	824.659221461	7.70136311416
4809.40386607	9000	0.5	0.324659221461	551265	824.659221461	7.70136311416
4810.2285253	9000	0.5	0.324659221461	551265	824.659221461	7.70136311416
4811.07975245	9000	0.5	0.351227154692	551265	851.227154692	7.59509138123
4811.90068619	8466	0.5	0.320933745071	527825	820.933745071	6.64826501972
4812.68027954	8000	0.5	0.279593340974	498375	779.593340974	6.4156266361
4813.37034177	7066	0.5	0.190062238316	434595	690.062238316	5.37175104674
4814.0721955	7200	0.5	0.201853728788	442995	701.853728788	6.25858508485
4814.75522097	7600	0.5	0.183025465395	469589	683.025465395	6.46789813842
4815.12531264	8000	0.629908329575	0.0	496259	370.091670425	7.6
4815.5025967	8133	0.752624269868	0.0	508563	377.284059707	8.0
4815.89646932	8733	0.85875165172	0.0	536941	393.872618148	8.133
4816.2834921	8733	0.971728872454	0.0	525223	387.022779266	8.733
4816.67274803	9000	1.08247293836	0.0	536970	389.255934094	8.733
4817.05520497	9000	1.20001599891	0.0	527946	382.456939446	9.0
4817.43276023	8933	1.322460738	0.0	519390	377.555260915	8.866
4817.81696564	8933	1.43825532697	0.0	530998	384.205411031	8.933
4818.20459237	9000	1.55062859474	0.0	536970	387.626732231	8.933
4818.56152246	8600	1.69369850883	0.0	513386	356.930085906	8.2
4818.84134733	7000	1.91387363632	0.0	418197	279.824872506	5.4
4819.12128593	6880	2.13393504153	0.0	418435	279.938594794	6.76
4819.38430475	6400	2.37091622075	0.0	383025	263.018820775	5.92
4819.64732357	6400	2.60789739998	0.0	383025	263.018820775	6.4
4819.91034239	6400	2.8448785792	0.0	383025	263.018820775	6.4
4820.17336121	6400	3.08185975843	0.0	383025	263.018820775	6.4
4820.51375762	6400	3.24146334785	0.0	383025	340.39641058	6.4
4820.86460905	6400	3.39061191917	0.0	383025	350.851428674	6.4
4821.21546048	6400	3.5397604905	0.0	383025	350.851428674	6.4
4821.56631191	6400	3.68890906183	0.0	383025	350.851428674	6.4
4821.91716334	6400	3.83805763315	0.0	383025	350.851428674	6.4
4822.26801476	6400	3.98720620448	0.0	383025	350.851428674	6.4
4822.61886619	6400	4.13635477581	0.0	383025	350.851428674	6.4
4822.99181549	6400	4.26340547781	0.0	383025	372.949297996	6.4
4823.37695233	6400	4.3782686348	0.0	383025	385.136843013	6.4
4823.76208918	6400	4.49313179178	0.0	383025	385.136843013	6.4
4824.14722602	6400	4.60799494877	0.0	383025	385.136843013	6.4
4824.53236286	6400	4.72285810576	0.0	383025	385.136843013	6.4
4824.91749971	6400	4.83772126275	0.0	383025	385.136843013	6.4
4825.35223248	6400	4.90298849038	0.0	383025	434.732772369	6.4
4825.81399883	6400	4.94122213509	0.0	383025	461.766355285	6.4
4826.27576519	6400	4.97945577981	0.0	383025	461.766355285	6.4
4826.73753154	6400	5.01768942452	0.0	383025	461.766355285	6.4
4827.1992979	6400	5.05592306924	0.0	383025	461.766355285	6.4
4827.66106425	6400	5.09415671395	0.0	383025	461.766355285	6.4
4828.12283061	6400	5.13239035867	0.0	383025	461.766355285	6.4
4828.60755233	6400	5.14766863778	0.0	383025	484.721720887	6.4
4829.10751251	6400	5.14770846273	0.0	383025	499.960175049	6.4
4829.60747268	6400	5.14774828768	0.0	383025	499.960175049	6.4
4830.10743286	6400	5.14778811263	0.0	383025	499.960175049	6.4
4830.60739303	6400	5.14782793758	0.0	383025	499.960175049	6.4
4831.10735321	6400	5.14786776254	0.0	383025	499.960175049	6.4
4831.63282	6400	5.12240096431	0.0	383025	525.466798225	6.4
4832.22046173	6400	5.03475923328	0.0	383025	587.641731035	6.4
4832.80810347	6400	4.94711750224	0.0	383025	587.641731035	6.4
4833.3957452	6400	4.85947577121	0.0	383025	587.641731035	6.4
4833.98338693	6400	4.77183404017	0.0	383025	587.641731035	6.4
4834.57102866	6400	4.68419230914	0.0	383025	587.641731035	6.4
4835.15867039	6400	4.5965505781	0.0	383025	587.641731035	6.4
4835.83185658	6400	4.42336438382	0.0	383025	673.186194289	6.4
4836.65920152	6400	4.09601945192	0.0	383025	827.344931899	6.4
4837.48654645	6400	3.76867452002	0.0	383025	827.344931899	6.4
4838.31389138	6400	3.44132958812	0.0	383025	827.344931899	6.4
4839.14123631	6400	3.11398465622	0.0	383025	827.344931899	6.4
4839.94248049	6400	2.81274047905	0.0	383025	801.244177167	6.4
4840.50419736	6400	2.75102360863	0.0	383025	561.716870425	6.4
4841.06591423	6400	2.6893067382	0.0	383025	561.716870425	6.4
4841.6276311	6400	2.62758986778	0.0	383025	561.716870425	6.4
4842.18934797	6400	2.56587299736	0.0	383025	561.716870425	6.4
4842.75106484	6400	2.50415612693	0.0	383025	561.716870425	6.4
4843.31278171	6400	2.44243925651	0.0	383025	561.716870425	6.4
4843.87449858	6400	2.38072238608	0.0	383025	561.716870425	6.4
4844.343457	6400	2.41176396891	0.0	383025	468.958417173	6.4
4844.71981891	6400	2.53540206127	0.0	383025	376.361907636	6.4
4845.09618081	6400	2.65904015364	0.0	383025	376.361907636	6.4
4845.47254272	6400	2.782678246	0.0	383025	376.361907636	6.4
4845.85307029	6400	2.90215067963	0.0	383025	380.527566373	6.4
4846.3191657	6400	2.93605526843	0.0	383025	466.095411201	6.4
4846.78526111	6400	2.96995985723	0.0	383025	466.095411201	6.4
4847.25135652	6400	3.00386444603	0.0	383025	466.095411201	6.4
4847.71745193	6400	3.03776903482	0.0	383025	466.095411201	6.4
4848.18354734	6400	3.07167362362	0.0	383025	466.095411201	6.4
4848.66492085	6400	3.09030011714	0.0	383025	481.373506489	6.4
4849.17839765	6400	3.07682332165	0.0	383025	513.476795489	6.4
4849.69187444	6400	3.06334652616	0.0	383025	513.476795489	6.4
4850.20535124	6400	3.04986973067	0.0	383025	513.476795489	6.4
4850.71882803	6400	3.03639293518	0.0	383025	513.476795489	6.4
4851.23230483	6400	3.02291613969	0.0	383025	513.476795489	6.4

