785.852909174	3066	0.5	0.323706951944	181435	323.706951944	1.77117219222
786.180637724	3120	0.67227145016	0.0	184429	327.72854984	3.066
786.514002421	3146	0.838906753104	0.0	188625	333.364697057	3.12
786.852484783	3200	1.00042439139	0.0	192435	338.482361713	3.146
787.190967144	3200	1.16194202968	0.0	192435	338.482361713	3.2
787.528893413	3200	1.32401576066	0.0	192021	337.926269018	3.2
788.15241658	8333	1.20049259402	0.0	513389	623.523166639	3.2
788.703223048	8066	1.1496861264	0.0	497055	550.806467624	7.799
789.14372058	8466	1.20918859385	0.0	520019	440.497532545	8.066
789.605879064	9000	1.24703011065	0.0	551265	462.158483206	8.466
790.065679069	9266	1.28723010554	0.0	558332	459.800005108	9.0
790.508701642	9000	1.34420753205	0.0	536970	443.022573483	8.734
790.944721235	9000	1.40818793916	0.0	536970	436.019592895	9.0
791.380740828	9000	1.47216834626	0.0	536970	436.019592895	9.0
791.802972184	9000	1.54993698988	0.0	536970	422.23135638	9.0
792.207377473	9000	1.64553170084	0.0	536970	404.405289046	9.0
792.57870336	9400	1.77420581448	0.0	553424	371.325886356	9.0
792.949853127	9000	1.90305604692	0.0	522960	371.149767562	8.6
793.333349572	9000	2.01955960263	0.0	522960	383.496444285	9.0
793.647548731	6400	2.20536044293	0.0	383025	314.199159706	3.8
793.996759196	6400	2.35614997864	0.0	383025	349.210464284	6.4
794.34596966	6400	2.50693951436	0.0	383025	349.210464284	6.4
794.708947349	6400	2.64396182508	0.0	383025	362.977689285	6.4
795.090114545	6400	2.7627946296	0.0	383025	381.167195477	6.4
795.47128174	6400	2.88162743412	0.0	383025	381.167195477	6.4
795.835299773	6400	3.01760940113	0.0	383025	364.018032988	6.4
796.191055664	6400	3.16185351056	0.0	383025	355.755890574	6.4
796.547709916	6400	3.30519925815	0.0	383025	356.654252413	6.4
796.905767914	6400	3.44714126058	0.0	383025	358.057997569	6.4
797.263825911	6400	3.58908326301	0.0	383025	358.057997569	6.4
797.633877974	6400	3.71903120055	0.0	383025	370.052062457	6.4
798.015309964	6400	3.83759920984	0.0	383025	381.431990707	6.4
798.396741955	6400	3.95616721914	0.0	383025	381.431990707	6.4
798.800723822	6400	4.05218535191	0.0	383025	403.981867227	6.4
799.206521201	6400	4.14638797361	0.0	383025	405.797378296	6.4
799.614688345	6400	4.238220829	0.0	383025	408.167144612	6.4
800.035021012	6400	4.31788816211	0.0	383025	420.332666896	6.4
800.455353679	6400	4.39755549521	0.0	383025	420.332666896	6.4
800.836222766	6400	4.51668640812	0.0	383025	380.869087086	6.4
801.209674172	6400	4.64323500186	0.0	383025	373.451406263	6.4
801.583012964	6400	4.7698962097	0.0	383025	373.338792162	6.4
801.955712001	6400	4.89719717311	0.0	383025	372.699036591	6.4
802.328411038	6400	5.02449813652	0.0	383025	372.699036591	6.4
802.734757124	6400	5.11815205053	0.0	383025	406.346085987	6.4
803.156233112	6400	5.19667606177	0.0	383025	421.47598876	6.4
803.574488932	6400	5.2784202422	0.0	383025	418.255819567	6.4
803.957391524	6400	5.39551765013	0.0	383025	382.90259207	6.4
804.34193299	6400	5.51097618449	0.0	383025	384.541465643	6.4
804.740801678	6400	5.61210749649	0.0	383025	398.868687997	6.4
805.139670366	6400	5.7132388085	0.0	383025	398.868687997	6.4
805.531596935	6400	5.82131223867	0.0	383025	391.926569828	6.4
805.898540012	6400	5.95436916247	0.0	383025	366.943076204	6.4
806.241479126	6400	6.11143004858	0.0	383025	342.939113882	6.4
806.549188351	6400	6.30372082315	0.0	383025	307.709225437	6.4
806.865434373	6400	6.48747480095	0.0	383025	316.2460222	6.4
807.24333217	6400	6.6095770046	0.0	383025	377.897796349	6.4
807.621229966	6400	6.73167920825	0.0	383025	377.897796349	6.4
808.020350213	6400	6.83255896121	0.0	383025	399.120247036	6.4
808.44342999	6400	6.90947918376	0.0	383025	423.079777451	6.4
808.866509768	6400	6.98639940631	0.0	383025	423.079777451	6.4
809.322026577	6400	7.03088259713	0.0	383025	455.516809186	6.4
809.800641205	6400	7.05226796886	0.0	383025	478.614628269	6.4
810.27927319	6400	7.07363598438	0.0	383025	478.631984476	6.4
810.886455463	6400	6.96645371142	0.0	383025	607.182272962	6.4
811.493637736	6400	6.85927143846	0.0	383025	607.182272962	6.4
812.080267762	6400	6.77264141249	0.0	383025	586.630025962	6.4
812.6426074	6400	6.71030177429	0.0	383025	562.339638203	6.4
813.291673165	6400	6.56123600868	0.0	383025	649.065765613	6.4
813.962456098	6400	6.39045307622	0.0	383025	670.782932455	6.4
814.63323903	6400	6.21967014377	0.0	383025	670.782932455	6.4
815.490382117	6400	5.86252705711	0.0	383025	857.143086662	6.4
816.370948287	6400	5.48196088698	0.0	383025	880.566170124	6.4
817.251514457	6400	5.10139471686	0.0	383025	880.566170124	6.4
818.097206941	6400	4.75570223266	0.0	383025	845.692484196	6.4
818.942561296	6400	4.4103478785	0.0	383025	845.354354167	6.4
819.948674033	6400	3.90423514072	0.0	383025	1006.11273778	6.4
821.056527964	6400	3.29638120997	0.0	383025	1107.85393075	6.4
822.160602742	6400	2.69230643169	0.0	383025	1104.07477829	6.4
823.255728382	6400	2.09718079173	0.0	383025	1095.12563996	6.4
824.350854022	6400	1.50205515178	0.0	383025	1095.12563996	6.4
825.610482689	7200	0.742426484994	0.0	428730	1259.62866678	6.4
826.904736335	7200	0.5	0.551827160952	429824	1294.25364595	4.99269135619
828.144336665	7200	0.5	0.739600329984	429084	1239.60032998	4.24159868006
829.296893725	7946	0.5	0.652557059841	476950	1152.55705984	4.58977176064
830.402439976	7626	0.5	0.605546250876	456045	1105.54625088	4.8838149965
831.210043673	7200	0.5	0.307603697499	427635	807.603697499	5.54358521
831.898808618	7800	0.5	0.188764944787	462222	688.764944787	6.44494022085
832.590143935	7800	0.5	0.191335317333	456146	691.335317333	7.03465873067
833.280399195	7666	0.5	0.19025525952	447075	690.25525952	6.77097896192
833.913541689	7133	0.5	0.133142494162	421103	633.142494162	6.06743002335
834.567932397	8000	0.5	0.154390707767	476265	654.390707767	6.51543716893
835.201842139	7733	0.5	0.133909741893	454837	633.909741893	6.93036103243
835.870122146	8000	0.5	0.168280007712	462300	668.280007712	7.05987996915
836.524869182	8000	0.5	0.154747035813	462300	654.747035813	7.38101185675
836.995562714	8000	0.529306467894	0.0	468906	470.693532106	8.0
837.465033106	8000	0.559836076685	0.0	467438	469.47039121	8.0
838.013673466	7933	0.511195716107	0.0	465132	548.640360578	7.866
838.565344593	7533	0.5	0.040475410863	455338	551.67112697	6.97109835655
839.078676037	8866	0.5	0.0133314442589	543071	513.331444259	7.47967422296
839.595041334	9000	0.5	0.0163652967965	551023	516.365296797	8.80053881281
840.24725515	10000	0.5	0.152213815408	612540	652.213815408	8.39114473837
840.990244817	10000	0.5	0.242989667439	612540	742.989667439	9.02804133025
841.917483464	10000	0.5	0.427238646995	612540	927.238646995	8.29104541202
842.94429553	9066	0.5	0.526812066265	555398	1026.81206626	6.02475173494
844.051189099	9000	0.5	0.606893568956	551655	1106.89356896	6.50642572417
844.697910893	9000	0.5	0.146721793483	551655	646.721793483	8.41311282607
845.290639151	9000	0.5	0.0927282579543	551655	592.728257954	8.62908696818
845.852154028	9000	0.5	0.0615148770301	551655	561.51487703	8.75394049188
846.405265134	8533	0.5	0.0531111063486	521611	553.111106349	7.85355557461
846.996477527	8000	0.5	0.091212392776	487275	591.212392776	7.1021504289
847.549332167	8000	0.5	0.0528546396671	487275	552.854639667	7.78858144133
847.975051013	8000	0.574281153874	0.0	487275	425.718846126	8.0
848.357094499	7133	0.69223766719	0.0	432597	382.043486684	6.266
848.757294233	7933	0.792037933102	0.0	483757	400.199734088	7.133
849.163726589	8000	0.885605577653	0.0	488565	406.432355449	7.933
849.613041704	8000	0.936290463001	0.0	488565	449.315114652	8.0
850.062356818	8000	0.986975348348	0.0	488565	449.315114652	8.0
850.484110321	6933	1.06522184571	0.0	419059	421.753502636	5.866
850.900483207	6866	1.14884895956	0.0	410775	416.372886155	6.799
851.282613512	6866	1.2667186545	0.0	413769	382.130305054	6.866

