7245.18657504	3066	0.5	0.317816342277	181435	317.816342277	1.79473463089
7245.88463538	7800	0.5	0.198060339461	471531	698.060339461	2.27375864216
7246.59699734	7866	0.5	0.212361957729	482442	712.361957729	6.95055216908
7247.32204476	8000	0.5	0.225047418421	492120	725.047418421	6.96581032632
7248.04709218	8000	0.5	0.225047418421	492120	725.047418421	7.09981032632
7248.76959149	8000	0.5	0.222499315963	490176	722.499315963	7.11000273615
7249.5225173	8333	0.5	0.25292580894	513389	752.92580894	6.98829676424
7250.25403328	8066	0.5	0.231515980987	497055	731.515980987	6.87293607605
7251.2093812	8466	0.5	0.455347911202	520019	955.347911202	6.24460835519
7252.25047311	9000	0.5	0.541091913575	551265	1041.09191358	6.3016323457
7253.30388584	9266	0.5	0.55341273306	558332	1053.41273306	6.78634906776
7254.32005542	9000	0.5	0.516169582383	536970	1016.16958238	6.66932167047
7255.40793045	9000	0.5	0.587875022328	536970	1087.87502233	6.64849991069
7256.5277787	9000	0.5	0.619848257711	536970	1119.84825771	6.52060696915
7257.64762696	9000	0.5	0.619848257711	536970	1119.84825771	6.52060696915
7258.76747522	9000	0.5	0.619848257711	536970	1119.84825771	6.52060696915
7259.91918683	9400	0.5	0.651711608052	553424	1151.71160805	6.39315356779
7261.01190457	9000	0.5	0.592717740009	522960	1092.71774001	6.22912903996
7262.02752116	9000	0.5	0.51561659142	522960	1015.61659142	6.93753363432
7262.7864488	9000	0.5	0.258927638434	532300	758.927638434	7.96428944626
7263.50801054	8400	0.5	0.22156174684	503004	721.56174684	6.91375301264
7264.20250447	8000	0.5	0.19449392354	481782	694.49392354	6.82202430584
7264.89699839	8000	0.5	0.19449392354	481782	694.49392354	7.22202430584
7265.62818731	8533	0.5	0.231188922897	510552	731.188922897	7.07524430841
7266.37583592	9000	0.5	0.247648607984	536970	747.648607984	7.54240556806
7267.11415246	9000	0.5	0.23831653998	536970	738.31653998	8.04673384008
7267.852469	9000	0.5	0.23831653998	536970	738.31653998	8.04673384008
7268.59078554	9000	0.5	0.23831653998	536970	738.31653998	8.04673384008
7269.32910208	9000	0.5	0.23831653998	536970	738.31653998	8.04673384008
7270.11280454	9533	0.5	0.283702461558	573990	783.702461558	7.86519015377
7270.91210765	9666	0.5	0.299303105861	586715	799.303105861	8.33578757656
7271.65268501	9000	0.5	0.240577355769	551265	740.577355769	7.37169057692
7272.38974213	9000	0.5	0.237057119801	551265	737.057119801	8.0517715208
7273.12679925	9000	0.5	0.237057119801	551265	737.057119801	8.0517715208
7273.86385636	9000	0.5	0.237057119801	551265	737.057119801	8.0517715208
7274.51097609	9000	0.5	0.147119728476	551265	647.119728476	8.41152108609
7275.12287507	9000	0.5	0.111898973016	551265	611.898973016	8.55240410793
7275.71215749	8466	0.5	0.0892824239383	527825	589.282423938	7.57487030425
7276.2730245	8000	0.5	0.0608670071146	498375	560.867007115	7.29053197154
7276.77235211	7066	0.500672391358	0.0	434595	499.327608642	6.132
7277.22337852	7200	0.549645981836	0.0	442995	451.026409522	7.066
7277.68568038	7600	0.587344116739	0.0	469589	462.301865097	7.2
7278.16969483	8000	0.603329667356	0.0	496259	484.014449383	7.6
7278.66372621	8133	0.6092982837	0.0	508563	494.031383656	8.0
7279.1808607	8733	0.59216379855	0.0	536941	517.13448515	8.133
7279.68845532	8733	0.584569173267	0.0	525223	507.594625283	8.733
7280.16914746	9000	0.603877034405	0.0	536970	480.692138861	8.733
7280.62022474	9000	0.652799754494	0.0	527946	451.077279911	9.0
7281.06528827	8933	0.707736228275	0.0	519390	445.063526219	8.866
7281.51851071	8933	0.754513789847	0.0	530998	453.222438428	8.933
7281.97593068	9000	0.797093813194	0.0	536970	457.419976653	8.933
7282.41677418	8600	0.856250317032	0.0	513386	440.843496162	8.2
7282.79391422	7000	0.979110277144	0.0	418197	377.140039889	5.4
7283.25012199	8600	1.02290251021	0.0	525989	456.207766932	7.0
7283.72468707	9000	1.04833742298	0.0	551655	474.56508723	8.6
7284.2224774	9533	1.05054709985	0.0	584127	497.790323134	9.0
7284.7405898	10000	1.0324346953	0.0	612540	518.112404549	9.533
7285.24731156	10000	1.025712935	0.0	612540	506.721760303	10.0
7285.69407514	10000	1.07894936138	0.0	612540	446.763573613	10.0
7286.14083871	10000	1.13218578777	0.0	612540	446.763573613	10.0
7286.58760228	10000	1.18542221416	0.0	612540	446.763573613	10.0
7287.03192181	9866	1.24110268356	0.0	607628	444.319530597	9.732
7287.49154704	10000	1.28147745461	0.0	620415	459.625228954	9.866
7287.95117227	10000	1.32185222565	0.0	620415	459.625228954	10.0
7288.4107975	10000	1.3622269967	0.0	620415	459.625228954	10.0
7288.93808544	11600	1.33493906163	0.0	730995	527.287935074	10.0
7289.49155467	12000	1.28146982913	0.0	758640	553.469232495	11.6
7290.07415662	12266	1.19886787295	0.0	771584	582.601956179	12.0
7290.5979485	11000	1.1750759945	0.0	681300	523.791878454	9.734
7291.08687279	10200	1.18615170987	0.0	627772	488.924284633	9.4
7291.56406964	10000	1.20895485856	0.0	612540	477.196851306	9.8
7292.02366316	10000	1.24936133747	0.0	612540	459.593521086	10.0
7292.48325668	10000	1.28976781639	0.0	612540	459.593521086	10.0
7292.92775793	9600	1.34526656783	0.0	588186	444.501248561	9.2
7293.33632192	8666	1.43670257705	0.0	530195	408.563990779	7.732
7293.73568207	8533	1.53734243088	0.0	515343	399.360146173	8.4
7294.1326249	9000	1.64039959764	0.0	539520	396.942833236	8.533
7294.52181249	9000	1.75121201082	0.0	539520	389.187586817	9.0
7294.91100007	9000	1.86202442401	0.0	539520	389.187586817	9.0
7295.30018766	9000	1.97283683719	0.0	539520	389.187586817	9.0
7295.68954772	9000	2.08347677257	0.0	539520	389.360064617	9.0
7296.05047238	6400	2.22255211905	0.0	383025	360.92465352	3.8
7296.41139703	6400	2.36162746553	0.0	383025	360.92465352	6.4
7296.77232169	6400	2.50070281201	0.0	383025	360.92465352	6.4
7297.13324634	6400	2.63977815849	0.0	383025	360.92465352	6.4
7297.49417099	6400	2.77885350497	0.0	383025	360.92465352	6.4
7297.85509565	6400	2.91792885145	0.0	383025	360.92465352	6.4
7298.2160203	6400	3.05700419793	0.0	383025	360.92465352	6.4
7298.57816882	6400	3.19485567386	0.0	383025	362.148524069	6.4
7298.94809711	6400	3.32492738764	0.0	383025	369.928286223	6.4
7299.3180254	6400	3.45499910141	0.0	383025	369.928286223	6.4
7299.68795368	6400	3.58507081519	0.0	383025	369.928286223	6.4
7300.05788197	6400	3.71514252897	0.0	383025	369.928286223	6.4
7300.42781025	6400	3.84521424275	0.0	383025	369.928286223	6.4
7300.79773854	6400	3.97528595652	0.0	383025	369.928286223	6.4
7301.16452116	6400	4.10850333853	0.0	383025	366.782617992	6.4
7301.5158018	6400	4.25722269817	0.0	383025	351.280640366	6.4
7301.86708244	6400	4.4059420578	0.0	383025	351.280640366	6.4
7302.21836308	6400	4.55466141743	0.0	383025	351.280640366	6.4
7302.56964372	6400	4.70338077707	0.0	383025	351.280640366	6.4
7302.92092436	6400	4.8521001367	0.0	383025	351.280640366	6.4
7303.272205	6400	5.00081949634	0.0	383025	351.280640366	6.4
7303.62348564	6400	5.14953885597	0.0	383025	351.280640366	6.4
7303.97012239	6400	5.30290210674	0.0	383025	346.636749235	6.4
7304.31381423	6400	5.45921026864	0.0	383025	343.691838092	6.4
7304.65750607	6400	5.61551843055	0.0	383025	343.691838092	6.4
7305.00119791	6400	5.77182659246	0.0	383025	343.691838092	6.4
7305.34488974	6400	5.92813475437	0.0	383025	343.691838092	6.4
7305.68858158	6400	6.08444291628	0.0	383025	343.691838092	6.4
7306.08879268	6400	6.1842318126	0.0	383025	400.211103675	6.4
7306.48904181	6400	6.28398268896	0.0	383025	400.249123642	6.4
7306.88929093	6400	6.38373356532	0.0	383025	400.249123642	6.4
7307.28954006	6400	6.48348444168	0.0	383025	400.249123642	6.4
7307.68978918	6400	6.58323531803	0.0	383025	400.249123642	6.4
7308.0900383	6400	6.68298619439	0.0	383025	400.249123642	6.4
7308.49028743	6400	6.78273707075	0.0	383025	400.249123642	6.4
7308.89053655	6400	6.88248794711	0.0	383025	400.249123642	6.4
7309.34355275	6400	6.92947175175	0.0	383025	453.016195362	6.4
7309.82744717	6400	6.94557733114	0.0	383025	483.894420607	6.4
7310.31134159	6400	6.96168291053	0.0	383025	483.894420607	6.4

