2621.57047505	3066	0.5	0.173590255445	181435	173.590255445	2.37163897822
2621.89370655	7800	0.676768502547	0.0	471531	323.231497453	3.066
2622.22256631	7866	0.847908745513	0.0	482442	328.859757034	7.8
2622.5564183	8000	1.01405675163	0.0	492120	333.85199388	7.866
2622.89027029	8000	1.18020475775	0.0	492120	333.85199388	8.0
2623.2055206	8000	1.36495445066	0.0	490176	315.250307096	8.0
2623.51613377	8333	1.55434127835	0.0	513389	310.613172303	8.0
2623.81940975	8066	1.75106530174	0.0	497055	303.275976617	7.799
2624.1943279	8466	1.87614714873	0.0	520019	374.918153001	8.066
2624.61922969	9000	1.95124535686	0.0	551265	424.901791875	8.466
2625.04855299	9266	2.02192205997	0.0	558332	429.323296892	9.0
2625.36819456	6400	2.20228049224	0.0	383025	319.641567727	3.534
2625.68269605	6400	2.38777900461	0.0	383025	314.501487635	6.4
2625.98879435	6400	2.58168070229	0.0	383025	306.098302321	6.4
2626.29489265	6400	2.77558239996	0.0	383025	306.098302321	6.4
2626.60099095	6400	2.96948409764	0.0	383025	306.098302321	6.4
2626.90708926	6400	3.16338579532	0.0	383025	306.098302321	6.4
2627.21227339	6400	3.35820166096	0.0	383025	305.184134357	6.4
2627.51597673	6400	3.55449832606	0.0	383025	303.703334901	6.4
2627.81968006	6400	3.75079499116	0.0	383025	303.703334901	6.4
2628.12338339	6400	3.94709165626	0.0	383025	303.703334901	6.4
2628.42708673	6400	4.14338832136	0.0	383025	303.703334901	6.4
2628.73079006	6400	4.33968498646	0.0	383025	303.703334901	6.4
2629.0344934	6400	4.53598165156	0.0	383025	303.703334901	6.4
2629.28018059	6400	4.79029446436	0.0	383025	245.687187195	6.4
2629.52524087	6400	5.04523418084	0.0	383025	245.06028352	6.4
2629.77030115	6400	5.30017389732	0.0	383025	245.06028352	6.4
2630.01897692	6400	5.55149812866	0.0	383025	248.675768659	6.4
2630.29633622	6400	5.77413883075	0.0	383025	277.359297911	6.4
2630.57369552	6400	5.99677953284	0.0	383025	277.359297911	6.4
2630.85105482	6400	6.21942023493	0.0	383025	277.359297911	6.4
2631.12845796	6400	6.44201709491	0.0	383025	277.403140018	6.4
2631.41147538	6400	6.65899966911	0.0	383025	283.017425802	6.4
2631.69449281	6400	6.87598224331	0.0	383025	283.017425802	6.4
2631.97751023	6400	7.09296481751	0.0	383025	283.017425802	6.4
2632.26052766	6400	7.3099473917	0.0	383025	283.017425802	6.4
2632.54354509	6400	7.5269299659	0.0	383025	283.017425802	6.4
2632.79301691	6400	7.77745814455	0.0	383025	249.471821351	6.4
2633.53813123	6400	7.53234382596	0.0	383025	245.114318589	6.4
2633.80334935	6400	7.76712569991	0.0	383025	265.21812605	6.4
2634.07699074	6400	7.99348430993	0.0	383025	273.641389976	6.4
2634.40437927	6400	7.71984291996	0.0	383025	273.641389976	6.4
2634.66128064	6400	7.96294155136	0.0	383025	256.901368594	6.4
2635.08573187	6400	7.70604018277	0.0	383025	256.901368594	6.4
2635.37612877	6400	7.91564327911	0.0	383025	290.396903659	6.4
2635.67486942	6400	7.62524637545	0.0	383025	290.396903659	6.4
2635.9231427	6400	7.8769730972	0.0	383025	248.273278255	6.4
2636.20630634	6400	7.62869981894	0.0	383025	248.273278255	6.4
2636.51366287	6400	7.82134328474	0.0	383025	307.356534195	6.4
2637.32101941	6400	7.51398675055	0.0	383025	307.356534195	6.4
2637.65162393	6400	7.6833822263	0.0	383025	330.604524245	6.4
2638.01976234	6400	7.8152438193	0.0	383025	368.138407009	6.4
2638.38790074	6400	7.94710541229	0.0	383025	368.138407009	6.4
2639.05066238	6400	7.57896700528	0.0	383025	368.138407009	6.4
2639.53334406	6400	7.59628533206	0.0	383025	482.681673221	6.4
2640.01602573	6400	7.61360365884	0.0	383025	482.681673221	6.4
2640.4987074	6400	7.63092198562	0.0	383025	482.681673221	6.4
2640.98138907	6400	7.64824031239	0.0	383025	482.681673221	6.4
2641.40347747	6400	7.72615191238	0.0	383025	422.088400014	6.4
2641.81800929	6400	7.81162010103	0.0	383025	414.531811352	6.4
2642.2325411	6400	7.89708828968	0.0	383025	414.531811352	6.4
2642.64707291	6400	7.98255647832	0.0	383025	414.531811352	6.4
2643.60058462	6400	7.52904476985	0.0	383025	453.51170847	6.4
2644.08179495	6400	7.54783443924	0.0	383025	481.21033061	6.4
2644.56300528	6400	7.56662410863	0.0	383025	481.21033061	6.4
2645.05255805	6400	7.57707133738	0.0	383025	489.552771256	6.4
2645.58286264	6400	7.54676674489	0.0	383025	530.304592485	6.4
2646.11316723	6400	7.51646215241	0.0	383025	530.304592485	6.4
2646.64347183	6400	7.48615755992	0.0	383025	530.304592485	6.4
2647.25771123	6400	7.37191815671	0.0	383025	614.239403217	6.4
2647.91937263	6400	7.21025675504	0.0	383025	661.661401667	6.4
2648.58103403	6400	7.04859535337	0.0	383025	661.661401667	6.4
2649.24269544	6400	6.88693395171	0.0	383025	661.661401667	6.4
2649.90435684	6400	6.72527255004	0.0	383025	661.661401667	6.4
2650.59119349	6400	6.5384359017	0.0	383025	686.836648338	6.4
2651.31652796	6400	6.3131014267	0.0	383025	725.334475004	6.4
2652.04186244	6400	6.08776695169	0.0	383025	725.334475004	6.4
2652.78598327	6400	5.84364612069	0.0	383025	744.120831006	6.4
2653.58214999	6400	5.54747939936	0.0	383025	796.166721332	6.4
2654.37831671	6400	5.25131267802	0.0	383025	796.166721332	6.4
2655.17448343	6400	4.95514595669	0.0	383025	796.166721332	6.4
2655.92872039	6400	4.70090899305	0.0	383025	754.236963638	6.4
2656.56222763	6400	4.567401753	0.0	383025	633.507240053	6.4
2657.19573487	6400	4.43389451295	0.0	383025	633.507240053	6.4
2657.82924211	6400	4.3003872729	0.0	383025	633.507240053	6.4
2658.46274935	6400	4.16688003284	0.0	383025	633.507240053	6.4
2659.30359513	6400	3.8260342616	0.0	383025	840.845771239	6.4
2660.41485034	6400	3.21477905014	0.0	383025	1111.25521146	6.4
2661.52610555	6400	2.60352383868	0.0	383025	1111.25521146	6.4
2662.63736076	6400	1.99226862721	0.0	383025	1111.25521146	6.4
2663.73613671	6400	1.39349267404	0.0	378390	1098.77595318	6.4
2664.78915808	6186	0.840471308846	0.0	361396	1053.02136519	5.972
2665.62761486	6400	0.502014529715	0.0	367440	838.45677913	6.186
2666.36226399	6400	0.5	0.232634602195	367440	734.64913191	5.46946159122
2667.10679058	6400	0.5	0.244526594318	372984	744.526594318	5.42189362273
2667.84912219	6400	0.5	0.242331602672	371752	742.331602672	5.43067358931
2668.58828958	6346	0.5	0.239167393935	369976	739.167393935	5.33533042426
2669.43259821	7533	0.5	0.344308634396	455338	844.308634396	4.96876546242
2670.39170667	8866	0.5	0.459108458025	543071	959.108458025	5.6965661679
2671.36368761	9000	0.5	0.47198093779	551023	971.98093779	6.97807624884
2672.41616048	10000	0.5	0.552472865879	612540	1052.47286588	6.79010853648
2673.42650627	10000	0.5	0.5103457959	612540	1010.3457959	7.9586168164
2674.43788612	10000	0.5	0.511379844652	612540	1011.37984465	7.95448062139
2675.36351562	9066	0.5	0.42562949926	555398	925.62949926	6.42948200296
2676.28344615	9000	0.5	0.419930538847	551655	919.930538847	7.25427784461
2677.20337669	9000	0.5	0.419930538847	551655	919.930538847	7.32027784461
2678.01906594	9000	0.5	0.315689241516	551655	815.689241516	7.73724303393
2678.8057853	9000	0.5	0.286719364812	551655	786.719364812	7.85312254075
2679.55401562	8533	0.5	0.248230315322	521611	748.230315322	7.07307873871
2680.25982201	8000	0.5	0.205806394701	487275	705.806394701	6.6437744212
2681.0079926	8000	0.5	0.248170593851	487275	748.170593851	7.0073176246
2681.7561632	8000	0.5	0.248170593851	487275	748.170593851	7.0073176246
2682.42935717	7133	0.5	0.173193975451	432597	673.193975451	5.57322409819
2683.07583772	7933	0.5	0.146480548388	483757	646.480548388	6.54707780645
2683.64879155	8000	0.5	0.0729538309869	488565	572.953830987	7.64118467605
2684.22174538	8000	0.5	0.0729538309869	488565	572.953830987	7.70818467605
2684.89532658	8000	0.5	0.173581198081	488565	673.581198081	7.30567520768
2685.61232318	6933	0.5	0.216996600342	419059	716.996600342	4.99801359863
2686.31672757	6866	0.5	0.204404388178	410775	704.404388178	5.98138244729
2687.02568303	6866	0.5	0.208955460512	413769	708.955460512	6.03017815795

