2240.88476219	3066	0.5	0.205050653143	181435	205.050653143	2.24579738743
2241.28975604	7800	0.595006148059	0.0	471531	404.993851941	3.066
2241.70227009	7866	0.682492095073	0.0	482442	412.514052985	7.8
2242.16564108	8000	0.719121112866	0.0	492120	463.370982207	7.866
2242.67748715	8000	0.707275036833	0.0	492120	511.846076034	8.0
2243.17689982	8000	0.707862368617	0.0	490176	499.412668215	8.0
2243.69427417	8333	0.690488022579	0.0	513389	517.374346038	8.0
2244.25435586	8066	0.630406330173	0.0	497055	560.081692406	7.799
2244.89796798	8466	0.5	0.0132057928401	520019	643.612123013	8.01317682864
2245.53333173	9000	0.5	0.135363744527	551265	635.363744527	7.92454502189
2246.14682921	9266	0.5	0.113497479637	558332	613.497479637	8.54601008145
2246.73991486	9000	0.5	0.0930856580688	536970	593.085658069	8.36165736772
2247.17388617	9000	0.566028696111	0.0	536970	433.971303889	9.0
2247.59943113	9000	0.640483735888	0.0	536970	425.544960224	9.0
2248.02898317	9000	0.710931695628	0.0	536970	429.55204026	9.0
2248.46081939	9000	0.77909547385	0.0	536970	431.836221778	9.0
2248.90522139	9400	0.834693478211	0.0	553424	444.401995639	9.0
2249.32067662	9000	0.919238247269	0.0	522960	415.455230942	8.6
2249.72587428	9000	1.01404058074	0.0	522960	405.197666525	9.0
2250.13524956	9000	1.1046652993	0.0	532300	409.375281446	9.0
2250.52278956	8400	1.21712530805	0.0	503004	387.539991244	7.8
2250.89708185	8000	1.34283301423	0.0	481782	374.29229382	7.6
2251.26709818	8000	1.47281668766	0.0	481782	370.016326575	8.0
2251.65654099	8533	1.58337387192	0.0	510552	389.442815735	8.0
2252.07501428	9000	1.66490058309	0.0	536970	418.473288835	8.533
2252.4935362	9000	1.74637866166	0.0	536970	418.521921427	9.0
2252.91636881	9000	1.82354605915	0.0	536970	422.832602508	9.0
2253.33621895	9000	1.90369591031	0.0	536970	419.850148843	9.0
2253.7065897	9000	2.03332516425	0.0	536970	370.370746061	9.0
2253.99371348	6400	2.24620138637	0.0	383025	287.123777883	3.8
2254.28317835	6400	2.45673651321	0.0	383025	289.464873161	6.4
2254.57509711	6400	2.66481774936	0.0	383025	291.918763848	6.4
2254.86701588	6400	2.87289898551	0.0	383025	291.918763848	6.4
2255.17554189	6400	3.06437297879	0.0	383025	308.526006722	6.4
2255.48428186	6400	3.25563300606	0.0	383025	308.73997273	6.4
2255.79307132	6400	3.44684354656	0.0	383025	308.7894595	6.4
2256.10229689	6400	3.63761797271	0.0	383025	309.225573843	6.4
2256.41152247	6400	3.82839239887	0.0	383025	309.225573843	6.4
2256.72149516	6400	4.01841970905	0.0	383025	309.972689816	6.4
2257.03226309	6400	4.20765177757	0.0	383025	310.767931487	6.4
2257.34303102	6400	4.39688384608	0.0	383025	310.767931487	6.4
2257.66846816	6400	4.57144670165	0.0	383025	325.437144426	6.4
2257.99986644	6400	4.74004842493	0.0	383025	331.398276726	6.4
2258.341634	6400	4.89828086609	0.0	383025	341.76755884	6.4
2258.69144811	6400	5.04846675562	0.0	383025	349.814110472	6.4
2259.04126222	6400	5.19865264515	0.0	383025	349.814110472	6.4
2259.41731139	6400	5.32260347303	0.0	383025	376.049172113	6.4
2259.81389059	6400	5.42602427655	0.0	383025	396.579196484	6.4
2260.47050732	6400	5.26940754427	0.0	383025	656.616732278	6.4
2261.2399941	6400	4.99992076656	0.0	383025	769.486777711	6.4
2262.13483629	6400	4.60507857074	0.0	383025	894.842195819	6.4
2263.2132594	6400	4.02665546594	0.0	383025	1078.4231048	6.4
2264.2916825	6400	3.44823236115	0.0	383025	1078.4231048	6.4
2265.33229485	6400	2.9076200189	0.0	383025	1040.61234224	6.4
2266.33817459	6400	2.40174026935	0.0	383025	1005.87974955	6.4
2267.34405434	6400	1.8958605198	0.0	383025	1005.87974955	6.4
2268.25894977	6000	1.48096509823	0.0	362580	914.895421563	5.6
2269.0982007	6000	1.1417141665	0.0	362580	839.250931731	6.0
2270.1980947	8000	0.541820167111	0.0	487050	1099.89399939	6.0
2271.55462898	10000	0.5	0.814714115201	612540	1356.53428231	4.7411435392
2272.86153665	10000	0.5	0.806907670488	612540	1306.90767049	6.77236931805
2273.90493055	9866	0.5	0.543393896272	607628	1043.39389627	7.55842441491
2274.61331935	10000	0.5	0.208388803302	620415	708.388803302	9.03244478679
2275.27087108	10000	0.5	0.157551733615	620415	657.551733615	9.36979306554
2275.7542868	10000	0.516584285576	0.0	620415	483.415714424	10.0
2276.33605377	11600	0.5	0.0651826886666	730995	581.766974243	9.73926924533
2276.97294077	12000	0.5	0.136887001515	758640	636.887001515	11.0524519939
2277.62669453	12266	0.5	0.153753757908	771584	653.753757908	11.3849849684
2278.19323376	11000	0.5	0.0665392298343	681300	566.539229834	9.46784308066
2278.71689022	10200	0.5	0.0236564607252	627772	523.656460725	9.3053741571
2279.22255988	10000	0.5	0.00566965858234	612540	505.669658582	9.77732136567
2279.74840748	10000	0.5	0.0258476017088	612540	525.847601709	9.89660959316
2280.28384699	10000	0.5	0.0354395102899	612540	535.43951029	9.85824195884
2280.81372816	9600	0.5	0.0298811725174	588186	529.881172517	9.08047530993
2281.30435237	8666	0.509375792538	0.0	530195	490.624207462	7.732
2281.75873803	8533	0.554990135419	0.0	515343	454.385657119	8.4
2282.22651743	9000	0.587210733501	0.0	539520	467.779401918	8.533
2282.64338039	9000	0.670347771055	0.0	539520	416.862962446	9.0
2283.05700419	9000	0.756723976428	0.0	539520	413.623794628	9.0
2283.46921973	9000	0.844508438911	0.0	539520	412.215537516	9.0
2283.88157531	9000	0.93215285157	0.0	539520	412.355587341	9.0
2284.33365319	9000	0.980074979911	0.0	540862	452.077871659	9.0
2284.78492075	9000	1.02880741248	0.0	539793	451.267567434	9.0
2285.27187519	9933	1.04185297933	0.0	600065	486.954433149	9.0
2285.73864934	9533	1.07507882136	0.0	573695	466.774157966	9.133
2286.17817827	9000	1.13554989598	0.0	537795	439.528925378	8.467
2286.56591834	7800	1.24780982524	0.0	462222	387.740070743	6.6
2286.93680547	7800	1.37692269155	0.0	456146	370.887133691	7.8
2287.30190797	7666	1.51182019083	0.0	447075	365.102500723	7.532
2287.64542999	7133	1.66829817444	0.0	421103	343.522016383	6.6
2288.02155486	8000	1.79217330213	0.0	476265	376.124872313	7.133
2288.38601508	7733	1.927713088	0.0	454837	364.46021413	7.466
2288.7576153	8000	2.05611286236	0.0	462300	371.600225637	7.733
2289.07921205	6400	2.23451611474	0.0	383025	321.59674762	4.8
2289.4471278	6400	2.36660036355	0.0	383025	367.915751192	6.4
2289.81513949	6400	2.49858867625	0.0	383025	368.011687303	6.4
2290.18324954	6400	2.63047862789	0.0	383025	368.110048361	6.4
2290.5515644	6400	2.76216375993	0.0	383025	368.314867955	6.4
2290.91987927	6400	2.89384889198	0.0	383025	368.314867955	6.4
2291.28368235	6400	3.03004581289	0.0	383025	363.803079086	6.4
2291.64187277	6400	3.17185539725	0.0	383025	358.190415643	6.4
2292.00006318	6400	3.31366498161	0.0	383025	358.190415643	6.4
2292.34556743	6400	3.46816073948	0.0	383025	345.504242124	6.4
2292.68760913	6400	3.62611903361	0.0	383025	342.041705873	6.4
2293.04291986	6400	3.77080830357	0.0	383025	355.310730044	6.4
2293.43467656	6400	3.87905160899	0.0	383025	391.756694575	6.4
2293.82643325	6400	3.98729491441	0.0	383025	391.756694575	6.4
2294.22600288	6400	4.08772528906	0.0	383025	399.56962535	6.4
2294.63312907	6400	4.1805990963	0.0	383025	407.126192759	6.4
2295.04025526	6400	4.27347290355	0.0	383025	407.126192759	6.4
2295.46339013	6400	4.35033803627	0.0	383025	423.134867271	6.4
2295.89351828	6400	4.42020988841	0.0	383025	430.128147865	6.4
2296.32890676	6400	4.48482140375	0.0	383025	435.388484656	6.4
2296.7878422	6400	4.5258859657	0.0	383025	458.935438053	6.4
2297.24677764	6400	4.56695052765	0.0	383025	458.935438053	6.4
2297.74034513	6400	4.57338303495	0.0	383025	493.567492694	6.4
2298.2600362	6400	4.55369196014	0.0	383025	519.691074813	6.4
2298.77972728	6400	4.53400088533	0.0	383025	519.691074813	6.4
2299.73128733	6400	4.08244083396	0.0	383025	951.560051371	6.4
2300.70341055	6400	3.61031761245	0.0	383025	972.123221508	6.4

