6590.58388215	3066	0.5	0.201798204913	181435	201.798204913	2.25880718035
6590.98042322	7800	0.603458928208	0.0	471531	396.541071792	3.066
6591.3842889	7866	0.699593248629	0.0	482442	403.865679579	7.8
6591.79465147	8000	0.789230680207	0.0	492120	410.362568421	7.866
6592.20501404	8000	0.878868111786	0.0	492120	410.362568421	8.0
6592.85923224	8000	0.724649914667	0.0	490176	654.218197119	8.0
6593.63303234	8333	0.5	0.0491501867324	513389	773.800101399	7.80339925307
6594.38475848	8066	0.5	0.251726136324	497055	751.726136324	6.79209545471
6595.16751844	8466	0.5	0.282759963555	520019	782.759963555	6.93496014578
6595.99250463	9000	0.5	0.324986185715	551265	824.986185715	7.16605525714
6596.82704124	9266	0.5	0.334536614954	558332	834.536614954	7.66185354018
6597.50564842	9000	0.5	0.178607175001	536970	678.607175001	8.0195713
6598.09719998	9000	0.5	0.0915515674674	536970	591.551567467	8.63379373013
6598.68875155	9000	0.5	0.0915515674674	536970	591.551567467	8.63379373013
6599.28030312	9000	0.5	0.0915515674674	536970	591.551567467	8.63379373013
6599.87185469	9000	0.5	0.0915515674674	536970	591.551567467	8.63379373013
6600.44538507	9400	0.5	0.0735303833473	553424	573.530383347	8.70587846661
6600.98603331	9000	0.5	0.0406482379624	522960	540.648237962	8.43740704815
6601.52668154	9000	0.5	0.0406482379624	522960	540.648237962	8.83740704815
6602.0755569	9000	0.5	0.0488753577088	532300	548.875357709	8.80449856916
6602.59862694	8400	0.5	0.0230700365	503004	523.0700365	7.707719854
6603.10300362	8000	0.5	0.00437668154737	481782	504.376681547	7.58249327381
6603.6073803	8000	0.5	0.00437668154737	481782	504.376681547	7.98249327381
6604.12156799	8533	0.5	0.0141876919669	510552	514.187691967	7.94324923213
6604.65685638	9000	0.5	0.0352883899146	536970	535.288389915	8.39184644034
6605.19214477	9000	0.5	0.0352883899146	536970	535.288389915	8.85884644034
6605.72743316	9000	0.5	0.0352883899146	536970	535.288389915	8.85884644034
6606.49136353	9000	0.5	0.263930364515	536970	763.930364515	7.94427854194
6607.28015535	9000	0.5	0.288791819679	536970	788.791819679	7.84483272128
6608.11781298	9533	0.5	0.337657628131	573990	837.657628131	7.64936948748
6608.9722674	9666	0.5	0.354454424796	586715	854.454424796	8.11518230081
6609.69562802	9000	0.5	0.223360623086	551265	723.360623086	7.44055750766
6610.37217256	9000	0.5	0.176544534606	551265	676.544534606	8.29382186158
6611.04871709	9000	0.5	0.176544534606	551265	676.544534606	8.29382186158
6611.72526163	9000	0.5	0.176544534606	551265	676.544534606	8.29382186158
6612.40180616	9000	0.5	0.176544534606	551265	676.544534606	8.29382186158
6613.07733929	9000	0.5	0.175533127297	551265	675.533127297	8.29786749081
6613.7218219	8466	0.5	0.144482613057	527825	644.482613057	7.35406954777
6614.3348092	8000	0.5	0.11298730125	498375	612.98730125	7.082050795
6614.87958696	7066	0.5	0.0447777600934	434595	544.777760093	5.95288895963
6615.43334811	7200	0.5	0.0537611427481	442995	553.761142748	6.85095542901
6616.01555021	7600	0.5	0.0822021044525	469589	582.202104452	6.87119158219
6616.62627456	8000	0.5	0.110724344381	496259	610.724344381	7.15710262248
6617.20985188	8133	0.5	0.0835773210367	508563	583.577321037	7.66569071585
6617.81567111	8733	0.5	0.105819234934	536941	605.819234934	7.70972306026
6618.41001506	8733	0.5	0.0943439521842	525223	594.343952184	8.35562419126
6619.0158627	9000	0.5	0.105847634251	536970	605.847634251	8.30960946299
6619.61287325	9000	0.5	0.097010550147	527946	597.010550147	8.61195779941
6620.18672665	8933	0.5	0.0738534002751	519390	573.853400275	8.5705863989
6620.73529586	8933	0.5	0.0485692140194	530998	548.569214019	8.73872314392
6621.28913496	9000	0.5	0.0538390932772	536970	553.839093277	8.71764362689
6621.82216279	8600	0.5	0.0330278353376	513386	533.027835338	8.06788865865
6622.27119288	7000	0.550969910253	0.0	418197	449.030089747	5.4
6622.76476371	8600	0.557399077954	0.0	525989	493.5708323	7.0
6623.23034616	9000	0.591816630541	0.0	551655	465.582447413	8.6
6623.7186251	9533	0.60353769124	0.0	584127	488.278939301	9.0
6624.22676347	10000	0.595399321538	0.0	612540	508.138369702	9.533
6624.73490184	10000	0.587260951835	0.0	612540	508.138369702	10.0
6625.20283216	10000	0.619330627869	0.0	612540	467.930323967	10.0
6625.60401844	10000	0.718144352667	0.0	612540	401.186275201	10.0
6626.00520471	10000	0.816958077466	0.0	612540	401.186275201	10.0
6626.40381537	9866	0.918347416892	0.0	607628	398.610660574	9.732
6626.80913092	10000	1.01303187353	0.0	620415	405.315543359	9.866
6627.31453432	10000	1.00762847285	0.0	620415	505.403400684	10.0
6627.83516313	10000	0.986999663934	0.0	620415	520.628808914	10.0
6628.43432765	11600	0.887835143134	0.0	730995	599.164520801	10.0
6629.0531261	12000	0.769036694362	0.0	758640	618.798448772	11.6
6629.65614444	12266	0.666018355224	0.0	771584	603.018339138	12.0
6630.18328972	11000	0.638873069904	0.0	681300	527.14528532	9.734
6630.67530394	10200	0.646858847013	0.0	627772	492.014222891	9.4
6631.15732122	10000	0.664841566711	0.0	612540	482.017280302	9.8
6631.68901395	10000	0.633148839604	0.0	612540	531.692727107	10.0
6632.22396736	10000	0.598195433675	0.0	612540	534.953405929	10.0
6632.74083225	9600	0.581330536656	0.0	588186	516.864897019	9.2
6633.21462535	8666	0.607537443868	0.0	530195	473.793092788	7.732
6633.67738738	8533	0.644775415148	0.0	515343	462.762028719	8.4
6634.07270528	9000	0.749457507649	0.0	539520	395.317907499	8.533
6634.45992771	9000	0.862235079923	0.0	539520	387.222427726	9.0
6634.84715014	9000	0.975012652197	0.0	539520	387.222427726	9.0
6635.23437257	9000	1.08779022447	0.0	539520	387.222427726	9.0
6635.62846964	9000	1.19369314728	0.0	539520	394.09707719	9.0
6636.05922048	9000	1.26294230836	0.0	540862	430.750838924	9.0
6636.48927807	9000	1.33288471955	0.0	539793	430.057588803	9.0
6636.95842226	9933	1.36374053461	0.0	600065	469.144184947	9.0
6637.41046541	9533	1.41169738398	0.0	573695	452.043150631	9.133
6637.84626337	9000	1.47589941816	0.0	537795	435.797965816	8.467
6638.26292457	7800	1.55923822382	0.0	462222	416.661194343	6.6
6638.67516028	7800	1.64700250774	0.0	456146	412.235716073	7.8
6639.0807891	7666	1.74137368986	0.0	447075	405.628817886	7.532
6639.46750111	7133	1.85466167935	0.0	421103	386.712010509	6.6
6639.87493649	8000	1.94722629854	0.0	476265	407.435380805	7.133
6640.25586273	7733	2.0663000642	0.0	454837	380.926234342	7.466
6640.58927718	6400	2.23288560824	0.0	383025	333.414455967	5.067
6640.92269164	6400	2.39947115227	0.0	383025	333.414455967	6.4
6641.25610609	6400	2.5660566963	0.0	383025	333.414455967	6.4
6641.58952055	6400	2.73264224034	0.0	383025	333.414455967	6.4
6641.92293501	6400	2.89922778437	0.0	383025	333.414455967	6.4
6642.25634946	6400	3.0658133284	0.0	383025	333.414455967	6.4
6642.61348236	6400	3.20868043154	0.0	383025	357.132896859	6.4
6642.97218544	6400	3.34997734646	0.0	383025	358.703085086	6.4
6643.33088853	6400	3.49127426137	0.0	383025	358.703085086	6.4
6643.68959161	6400	3.63257117629	0.0	383025	358.703085086	6.4
6644.05018832	6400	3.77197447272	0.0	383025	360.596703568	6.4
6644.42031209	6400	3.90185069868	0.0	383025	370.12377404	6.4
6644.79043587	6400	4.03172692464	0.0	383025	370.12377404	6.4
6645.16055964	6400	4.1616031506	0.0	383025	370.12377404	6.4
6645.53068341	6400	4.29147937656	0.0	383025	370.12377404	6.4
6645.90080719	6400	4.42135560252	0.0	383025	370.12377404	6.4
6646.2696164	6400	4.55254639217	0.0	383025	368.809210352	6.4
6646.62651913	6400	4.69564365938	0.0	383025	356.902732783	6.4
6646.98342186	6400	4.8387409266	0.0	383025	356.902732783	6.4
6647.3403246	6400	4.98183819382	0.0	383025	356.902732783	6.4
6647.69722733	6400	5.12493546103	0.0	383025	356.902732783	6.4
6648.05413006	6400	5.26803272825	0.0	383025	356.902732783	6.4
6648.4110328	6400	5.41112999547	0.0	383025	356.902732783	6.4
6648.76793553	6400	5.55422726268	0.0	383025	356.902732783	6.4
6649.13826829	6400	5.68389449637	0.0	383025	370.332766317	6.4
6649.51186572	6400	5.81029707259	0.0	383025	373.597423773	6.4
6649.88546314	6400	5.93669964882	0.0	383025	373.597423773	6.4
6650.25906057	6400	6.06310222505	0.0	383025	373.597423773	6.4

