3580.57138457	3066	0.5	0.206161470022	181435	206.161470022	2.24135411991
3580.97926532	7800	0.59211924865	0.0	471531	407.88075135	3.066
3581.39473307	7866	0.676651494796	0.0	482442	415.467753854	7.8
3581.81693046	8000	0.754454109355	0.0	492120	422.197385441	7.866
3582.34402005	8000	0.72736452103	0.0	492120	527.089588325	8.0
3582.91771442	8000	0.653670148053	0.0	490176	573.694372976	8.0
3583.43322698	8333	0.638157584581	0.0	513389	515.512563473	8.0
3583.85654253	8066	0.714842040836	0.0	497055	423.315543744	7.799
3584.29571929	8466	0.77566527822	0.0	520019	439.176762617	8.066
3584.75647764	9000	0.814906925075	0.0	551265	460.758353144	8.466
3585.20537103	9266	0.866013541704	0.0	558332	448.893383372	9.0
3585.63782011	9000	0.933564462103	0.0	536970	432.449079601	8.734
3586.05958337	9000	1.01180120017	0.0	536970	421.76326193	9.0
3586.47272313	9000	1.09866143973	0.0	536970	413.139760439	9.0
3586.88586289	9000	1.18552167929	0.0	536970	413.139760439	9.0
3587.292356	9000	1.27902857015	0.0	536970	406.493109142	9.0
3587.69371392	9400	1.37767064439	0.0	553424	401.357925767	9.0
3588.07576552	9000	1.4956190455	0.0	522960	382.05159889	8.6
3588.45345827	9000	1.61792629492	0.0	522960	377.692750576	9.0
3588.83655699	9000	1.73482757845	0.0	532300	383.098716468	9.0
3589.22341048	8400	1.84797408546	0.0	503004	386.853492997	7.8
3589.59731767	8000	1.9740669007	0.0	481782	373.90718476	7.6
3589.97122485	8000	2.10015971594	0.0	481782	373.90718476	8.0
3590.33972652	6400	2.23165804715	0.0	383025	368.501668788	4.8
3590.70918291	6400	2.36220165663	0.0	383025	369.45639052	6.4
3591.0786393	6400	2.49274526611	0.0	383025	369.45639052	6.4
3591.46700798	6400	2.604376588	0.0	383025	388.368678112	6.4
3591.94000139	6400	2.63138318151	0.0	383025	472.993406483	6.4
3592.41299479	6400	2.65838977503	0.0	383025	472.993406483	6.4
3592.8859882	6400	2.68539636855	0.0	383025	472.993406483	6.4
3593.35284586	6400	2.71853871007	0.0	383025	466.857658474	6.4
3593.81196192	6400	2.75942265181	0.0	383025	459.116058264	6.4
3594.27107798	6400	2.80030659354	0.0	383025	459.116058264	6.4
3594.77701463	6400	2.79436993938	0.0	383025	505.936654161	6.4
3595.35857206	6400	2.7128125118	0.0	383025	581.557427588	6.4
3595.94012948	6400	2.63125508421	0.0	383025	581.557427588	6.4
3596.52168691	6400	2.54969765662	0.0	383025	581.557427588	6.4
3597.06930714	6400	2.50207742665	0.0	383025	547.620229972	6.4
3597.58735676	6400	2.48402781123	0.0	383025	518.049615413	6.4
3598.10540637	6400	2.46597819582	0.0	383025	518.049615413	6.4
3598.61530725	6400	2.45607731443	0.0	383025	509.900881393	6.4
3598.93758114	6400	2.63380342836	0.0	383025	322.273886062	6.4
3599.25985503	6400	2.8115295423	0.0	383025	322.273886062	6.4
3599.58212891	6400	2.98925565624	0.0	383025	322.273886062	6.4
3599.95339275	6400	3.11799181707	0.0	383025	371.263839175	6.4
3600.47622462	6400	3.09515994438	0.0	383025	522.831872685	6.4
3600.9990565	6400	3.0723280717	0.0	383025	522.831872685	6.4
3601.53963585	6400	3.03174872295	0.0	383025	540.579348744	6.4
3602.18035741	6400	2.89102716139	0.0	383025	640.721561566	6.4
3602.82107897	6400	2.75030559982	0.0	383025	640.721561566	6.4
3603.46180053	6400	2.60958403825	0.0	383025	640.721561566	6.4
3604.23303915	6400	2.33834541917	0.0	383025	771.238619083	6.4
3605.14755042	6400	1.9238341522	0.0	383025	914.511266974	6.4
3606.37354284	8600	1.19784173185	0.0	525989	1225.99242035	6.4
3607.20430157	9000	0.867082998482	0.0	551655	830.758733365	8.6
3607.79164524	9533	0.779739327277	0.0	584127	587.343671205	9.0
3608.40547832	10000	0.665906247857	0.0	612540	613.833079421	9.533
3609.02358204	10000	0.547802528014	0.0	612540	618.103719843	10.0
3609.62303183	10000	0.5	0.0516472600847	612540	599.449788098	9.79341095966
3610.21130237	10000	0.5	0.088270540555	612540	588.270540555	9.64691783778
3610.80888307	10000	0.5	0.097580695619	612540	597.580695619	9.60967721752
3611.44283018	9866	0.5	0.133947116705	607628	633.947116705	9.19621153318
3612.04726519	10000	0.5	0.104435003487	620415	604.435003487	9.44825998605
3612.63365057	10000	0.5	0.0863853837787	620415	586.385383779	9.65445846489
3613.19731955	10000	0.5	0.063668977182	620415	563.668977182	9.74532409127
3613.84278981	11600	0.5	0.145470266127	730995	645.470266127	9.41811893549
3614.47867831	12000	0.5	0.135888501611	758640	635.888501611	11.0564459936
3615.11816334	12266	0.5	0.139485029009	771584	639.485029009	11.442059884
3615.7733846	11000	0.5	0.155221260045	681300	655.221260045	9.11311495982
3616.39516405	10200	0.5	0.121779448149	627772	621.779448149	8.9128822074
3616.94064297	10000	0.5	0.0454789224454	612540	545.478922445	9.61808431022
3617.46756391	10000	0.5	0.0269209369162	612540	526.920936916	9.89231625234
3618.00768441	10000	0.5	0.0401205007854	612540	540.120500785	9.83951799686
3618.5342107	9600	0.5	0.0265262911645	588186	526.526291164	9.09389483534
3618.97237749	8666	0.561833212846	0.0	530195	438.166787154	7.732
3619.40051119	8533	0.633699513749	0.0	515343	428.133699096	8.4
3619.84483051	9000	0.689380195902	0.0	539520	444.319317847	8.533
3620.28840093	9000	0.745809776726	0.0	539520	443.570419175	9.0
3620.73197134	9000	0.802239357551	0.0	539520	443.570419175	9.0
3621.15463969	9000	0.879571013621	0.0	539520	422.66834393	9.0
3621.547655	9000	0.986555698581	0.0	539520	393.01531504	9.0
3621.9429055	9000	1.09130520496	0.0	540862	395.25049362	9.0
3622.36419269	9000	1.17001801084	0.0	539793	421.287194119	9.0
3622.8235872	9933	1.21062350195	0.0	600065	459.394508893	9.0
3623.27604673	9533	1.25816397592	0.0	573695	452.459526031	9.133
3623.70550146	9000	1.32870924307	0.0	537795	429.454732846	8.467
3624.07831793	7800	1.45589276754	0.0	462222	372.816475532	6.6
3624.43453867	7800	1.59967203542	0.0	456146	356.220732119	7.8
3624.78526642	7666	1.74894427762	0.0	447075	350.727757806	7.532
3625.11489435	7133	1.91931635409	0.0	421103	329.627923525	6.6
3625.41107765	6400	2.12313305275	0.0	378390	296.183301343	5.667
3625.70990904	6400	2.32430166451	0.0	383025	298.831388242	6.4
3626.00874043	6400	2.52547027626	0.0	383025	298.831388242	6.4
3626.32102024	6400	2.71319046345	0.0	383025	312.279812814	6.4
3626.68934438	6400	2.84486632305	0.0	383025	368.324140399	6.4
3627.05766852	6400	2.97654218265	0.0	383025	368.324140399	6.4
3627.42599266	6400	3.10821804225	0.0	383025	368.324140399	6.4
3627.73057145	6400	3.30363925198	0.0	383025	304.578790278	6.4
3628.01500768	6400	3.51920302587	0.0	383025	284.436226107	6.4
3628.2994439	6400	3.73476679976	0.0	383025	284.436226107	6.4
3628.60090583	6400	3.93330486939	0.0	383025	301.461930375	6.4
3628.94468134	6400	4.08952935866	0.0	383025	343.775510727	6.4
3629.28845685	6400	4.24575384793	0.0	383025	343.775510727	6.4
3629.63223237	6400	4.40197833721	0.0	383025	343.775510727	6.4
3629.98075341	6400	4.5534572893	0.0	383025	348.521047906	6.4
3630.33109002	6400	4.70312068714	0.0	383025	350.336602163	6.4
3630.68142662	6400	4.85278408498	0.0	383025	350.336602163	6.4
3631.04559195	6400	4.98861875324	0.0	383025	364.165331737	6.4
3631.46204821	6400	5.07216248952	0.0	383025	416.456263718	6.4
3631.87850448	6400	5.1557062258	0.0	383025	416.456263718	6.4
3632.29496074	6400	5.23924996209	0.0	383025	416.456263718	6.4
3632.6850098	6400	5.34920090541	0.0	383025	390.049056678	6.4
3633.05617993	6400	5.47803076817	0.0	383025	371.170137242	6.4
3633.42735007	6400	5.60686063092	0.0	383025	371.170137242	6.4
3633.89200624	6400	5.64220446152	0.0	383025	464.656169402	6.4
3634.46738427	6400	5.56682643611	0.0	383025	575.378025411	6.4
3635.04276229	6400	5.4914484107	0.0	383025	575.378025411	6.4
3635.61814032	6400	5.41607038529	0.0	383025	575.378025411	6.4
3636.22097358	6400	5.31323712294	0.0	383025	602.833262346	6.4
3636.86493981	6400	5.16927089741	0.0	383025	643.966225533	6.4

