3527.84820291	3066	0.5	0.260555933208	181435	260.555933208	2.02377626717
3528.3974493	7800	0.5	0.049246395356	471531	549.246395356	2.86901441858
3528.95755383	7866	0.5	0.060104530706	482442	560.104530706	7.55958187718
3529.52728947	8000	0.5	0.0697356400376	492120	569.735640038	7.58705743985
3530.09702511	8000	0.5	0.0697356400376	492120	569.735640038	7.72105743985
3530.66482617	8000	0.5	0.06780105887	490176	567.80105887	7.72879576452
3531.20997518	8333	0.5	0.0451490081622	513389	545.149008162	7.81940396735
3531.57522887	8066	0.634746312132	0.0	497055	365.253687868	7.799
3531.95366131	8466	0.756313870025	0.0	520019	378.432442107	8.066
3532.35002544	9000	0.859949736796	0.0	551265	396.36413323	8.466
3532.65249278	9266	1.05748239753	0.0	558332	302.467339266	9.0
3532.94415307	9000	1.26582211359	0.0	536970	291.660283938	8.734
3533.23581335	9000	1.47416182965	0.0	536970	291.660283938	9.0
3533.52747364	9000	1.68250154572	0.0	536970	291.660283938	9.0
3533.85062913	9000	1.85934605452	0.0	536970	323.1554912	9.0
3534.23554124	9000	1.97443394527	0.0	536970	384.912109243	9.0
3534.62979656	9400	2.08017862534	0.0	553424	394.255319935	9.0
3534.9272928	6400	2.28268237668	0.0	383025	297.49624866	3.4
3535.22102973	6400	2.48894544823	0.0	383025	293.736928451	6.4
3535.47082786	6400	2.73914731698	0.0	383025	249.798131253	6.4
3535.720626	6400	2.98934918572	0.0	383025	249.798131253	6.4
3535.97042413	6400	3.23955105447	0.0	383025	249.798131253	6.4
3536.22022226	6400	3.48975292322	0.0	383025	249.798131253	6.4
3536.47002039	6400	3.73995479196	0.0	383025	249.798131253	6.4
3536.71981852	6400	3.99015666071	0.0	383025	249.798131253	6.4
3536.96961665	6400	4.24035852946	0.0	383025	249.798131253	6.4
3537.25646774	6400	4.4535074446	0.0	383025	286.851084853	6.4
3537.55064498	6400	4.65933020109	0.0	383025	294.177243511	6.4
3537.84482222	6400	4.86515295758	0.0	383025	294.177243511	6.4
3538.13899947	6400	5.07097571407	0.0	383025	294.177243511	6.4
3538.44295475	6400	5.26702042746	0.0	383025	303.955286613	6.4
3538.76161744	6400	5.44835773923	0.0	383025	318.662688227	6.4
3539.08028013	6400	5.62969505101	0.0	383025	318.662688227	6.4
3539.39894282	6400	5.81103236278	0.0	383025	318.662688227	6.4
3539.71760551	6400	5.99236967455	0.0	383025	318.662688227	6.4
3540.02556423	6400	6.18441094879	0.0	383025	307.958725765	6.4
3540.32579801	6400	6.38417716838	0.0	383025	300.233780407	6.4
3540.62603179	6400	6.58394338797	0.0	383025	300.233780407	6.4
3540.92626557	6400	6.78370960756	0.0	383025	300.233780407	6.4
3541.22649935	6400	6.98347582716	0.0	383025	300.233780407	6.4
3541.52673313	6400	7.18324204675	0.0	383025	300.233780407	6.4
3541.8705967	6400	7.33937848154	0.0	383025	343.863565211	6.4
3542.25872616	6400	7.45124901839	0.0	383025	388.129463153	6.4
3542.64685563	6400	7.56311955523	0.0	383025	388.129463153	6.4
3543.03498509	6400	7.67499009208	0.0	383025	388.129463153	6.4
3543.42311455	6400	7.78686062893	0.0	383025	388.129463153	6.4
3543.81124402	6400	7.89873116577	0.0	383025	388.129463153	6.4
3544.21875922	6400	7.99121596188	0.0	383025	407.515203897	6.4
3545.1462577	6400	7.56371748526	0.0	383025	427.498476622	6.4
3545.57375617	6400	7.63621900863	0.0	383025	427.498476622	6.4
3546.00125465	6400	7.70872053201	0.0	383025	427.498476622	6.4
3546.42875313	6400	7.78122205539	0.0	383025	427.498476622	6.4
3546.76181585	6400	7.94815933431	0.0	383025	333.062721084	6.4
3547.59239809	6400	7.61757709585	0.0	383025	330.582238461	6.4
3547.92266423	6400	7.78731095584	0.0	383025	330.266140008	6.4
3548.24808066	6400	7.96189451985	0.0	383025	325.416435992	6.4
3549.0734971	6400	7.63647808385	0.0	383025	325.416435992	6.4
3549.39891353	6400	7.81106164786	0.0	383025	325.416435992	6.4
3549.72432997	6400	7.98564521187	0.0	383025	325.416435992	6.4
3550.62266675	6400	7.58730842769	0.0	383025	398.336784175	6.4
3551.02200264	6400	7.68797253817	0.0	383025	399.335889521	6.4
3551.42133853	6400	7.78863664865	0.0	383025	399.335889521	6.4
3551.82067442	6400	7.88930075913	0.0	383025	399.335889521	6.4
3552.34958829	6400	7.86038689296	0.0	383025	528.913866171	6.4
3552.88139461	6400	7.82858057595	0.0	383025	531.806317013	6.4
3553.41320092	6400	7.79677425893	0.0	383025	531.806317013	6.4
3553.94500724	6400	7.76496794192	0.0	383025	531.806317013	6.4
3554.47681356	6400	7.73316162491	0.0	383025	531.806317013	6.4
3555.00861987	6400	7.70135530789	0.0	383025	531.806317013	6.4
3555.48442844	6400	7.72554674173	0.0	383025	475.808566166	6.4
3555.95777506	6400	7.75220012224	0.0	383025	473.346619491	6.4
3556.43112168	6400	7.77885350275	0.0	383025	473.346619491	6.4
3556.9044683	6400	7.80550688325	0.0	383025	473.346619491	6.4
3557.383321	6400	7.82665417744	0.0	383025	478.85270581	6.4
3557.96405665	6400	7.7459185273	0.0	383025	580.73565014	6.4
3558.5447923	6400	7.66518287716	0.0	383025	580.73565014	6.4
3559.12552795	6400	7.58444722702	0.0	383025	580.73565014	6.4
3559.7062636	6400	7.50371157688	0.0	383025	580.73565014	6.4
3560.28699925	6400	7.42297592675	0.0	383025	580.73565014	6.4
3560.87336921	6400	7.33660597558	0.0	383025	586.369951169	6.4
3561.48933231	6400	7.22064287335	0.0	383025	615.963102227	6.4
3562.10529541	6400	7.10467977112	0.0	383025	615.963102227	6.4
3562.72125851	6400	6.9887166689	0.0	383025	615.963102227	6.4
3563.33722161	6400	6.87275356667	0.0	383025	615.963102227	6.4
3563.95318472	6400	6.75679046444	0.0	383025	615.963102227	6.4
3564.42001527	6400	6.78995991562	0.0	383025	466.830548823	6.4
3564.86997748	6400	6.839997699	0.0	383025	449.962216624	6.4
3565.3199397	6400	6.89003548237	0.0	383025	449.962216624	6.4
3565.76990192	6400	6.94007326575	0.0	383025	449.962216624	6.4
3566.21986413	6400	6.99011104912	0.0	383025	449.962216624	6.4
3566.68556656	6400	7.02440862197	0.0	383025	465.702427154	6.4
3567.19870219	6400	7.01127299312	0.0	383025	513.135628851	6.4
3567.71183782	6400	6.99813736427	0.0	383025	513.135628851	6.4
3568.22497345	6400	6.98500173542	0.0	383025	513.135628851	6.4
3568.73283862	6400	6.97713655752	0.0	383025	507.865177899	6.4
3569.13441107	6400	7.07556410732	0.0	383025	401.572450198	6.4
3569.53598352	6400	7.17399165712	0.0	383025	401.572450198	6.4
3569.93755597	6400	7.27241920692	0.0	383025	401.572450198	6.4
3570.33912842	6400	7.37084675672	0.0	383025	401.572450198	6.4
3570.74070088	6400	7.46927430653	0.0	383025	401.572450198	6.4
3571.14227333	6400	7.56770185633	0.0	383025	401.572450198	6.4
3571.52173397	6400	7.68824120715	0.0	383025	379.460649176	6.4
3571.89756212	6400	7.81241305974	0.0	383025	375.828147417	6.4
3572.27339027	6400	7.93658491232	0.0	383025	375.828147417	6.4
3573.15056278	6400	7.55941239739	0.0	383025	377.172514926	6.4
3573.53898786	6400	7.67098732148	0.0	383025	388.42507591	6.4
3573.92741294	6400	7.78256224557	0.0	383025	388.42507591	6.4
3574.31578842	6400	7.89418676021	0.0	383025	388.375485366	6.4
3575.20234618	6400	7.50762900226	0.0	383025	386.557757948	6.4
3575.58890394	6400	7.62107124431	0.0	383025	386.557757948	6.4
3575.9754617	6400	7.73451348636	0.0	383025	386.557757948	6.4
3576.36201945	6400	7.84795572842	0.0	383025	386.557757948	6.4
3576.7420698	6400	7.96790537722	0.0	383025	380.050351196	6.4
3577.62152652	6400	7.58844866022	0.0	383025	379.456717004	6.4
3578.00098324	6400	7.70899194321	0.0	383025	379.456717004	6.4
3578.38043996	6400	7.82953522621	0.0	383025	379.456717004	6.4
3578.75652006	6400	7.95345512591	0.0	383025	376.080100297	6.4
3579.62608774	6400	7.58388744485	0.0	383025	369.56768106	6.4
3579.99565542	6400	7.71431976379	0.0	383025	369.56768106	6.4
3580.3652231	6400	7.84475208273	0.0	383025	369.56768106	6.4

