107.345868663	3066	0.5	0.253998790053	181435	253.998790053	2.05000483979
107.878073714	7800	0.5	0.0322050512453	471531	532.205051245	2.93717979502
108.41913226	7866	0.5	0.0410585453697	482442	541.05854537	7.63576581852
108.960047794	8000	0.5	0.0409155345022	492120	540.915534502	7.70233786199
109.486295084	8000	0.5	0.0262472901254	492120	526.247290125	7.8950108395
110.008082699	8000	0.5	0.0217876143075	490176	521.787614307	7.91284954277
110.578159785	8333	0.5	0.0700770860091	513389	570.077086009	7.71969165596
111.086219877	8066	0.5	0.0080600927386	497055	508.060092739	7.76675962905
111.566732857	8466	0.519487020748	0.0	520019	480.512979252	8.066
112.042323176	9000	0.543896701328	0.0	551265	475.59031942	8.466
112.483414331	9266	0.602805546807	0.0	558332	441.091154521	9.0
112.893652481	9000	0.692567396701	0.0	536970	410.238150106	8.734
113.308786857	9000	0.777433020215	0.0	536970	415.134376486	9.0
113.726413751	9000	0.859806126767	0.0	536970	417.626893448	9.0
114.151996102	9000	0.934223775113	0.0	536970	425.582351654	9.0
114.573759481	9000	1.01246039667	0.0	536970	421.763378442	9.0
114.998175796	9400	1.08804408093	0.0	553424	424.416315744	9.0
115.399537648	9000	1.18668222954	0.0	522960	401.361851385	8.6
115.794923354	9000	1.29129652384	0.0	522960	395.385705698	9.0
116.184248344	9000	1.40197153327	0.0	532300	389.324990573	9.0
116.553003674	8400	1.53321620294	0.0	503004	368.75533033	7.8
116.906111344	8000	1.68010853338	0.0	481782	353.107669558	7.6
117.299542125	8000	1.78667775193	0.0	481782	393.430781455	8.0
117.725241332	8533	1.86097854494	0.0	510552	425.699206988	8.0
118.19078393	9000	1.89543594727	0.0	536970	465.542597667	8.533
118.639255176	9000	1.94696470179	0.0	536970	448.471245483	9.0
119.076482315	9000	2.00973756265	0.0	536970	437.227139137	9.0
119.408313728	6400	2.17790614958	0.0	383025	331.831413071	3.8
119.74008074	6400	2.34613913702	0.0	383025	331.767012561	6.4
120.103595629	6400	2.48262424872	0.0	383025	363.514888306	6.4
120.468670148	6400	2.61754972891	0.0	383025	365.074519808	6.4
120.835615838	6400	2.75060403972	0.0	383025	366.945689192	6.4
121.204023825	6400	2.88219605225	0.0	383025	368.407987463	6.4
121.580058448	6400	3.0061614296	0.0	383025	376.034622651	6.4
121.95609307	6400	3.13012680695	0.0	383025	376.034622651	6.4
122.342570013	6400	3.243649864	0.0	383025	386.476942955	6.4
122.733983722	6400	3.35223615491	0.0	383025	391.413709086	6.4
123.130986196	6400	3.45523368109	0.0	383025	397.00247382	6.4
123.58129355	6400	3.50492632727	0.0	383025	450.307353823	6.4
124.093940198	6400	3.49227967906	0.0	383025	512.64664821	6.4
124.714552606	6400	3.37166727127	0.0	383025	620.612407788	6.4
125.57393352	6400	3.01228635707	0.0	383025	859.380914195	6.4
126.433314434	6400	2.65290544288	0.0	383025	859.380914195	6.4
126.878330373	6400	2.70788950427	0.0	383025	445.01593861	6.4
127.295816218	6400	2.79040365984	0.0	383025	417.485844425	6.4
127.672095393	6400	2.91412448436	0.0	383025	376.279175485	6.4
128.040167303	6400	3.04605257427	0.0	383025	368.071910092	6.4
128.404140788	6400	3.18207908954	0.0	383025	363.973484731	6.4
128.766175502	6400	3.32004437487	0.0	383025	362.034714666	6.4
129.12814078	6400	3.4580790972	0.0	383025	361.965277673	6.4
129.490106058	6400	3.59611381952	0.0	383025	361.965277673	6.4
129.82885634	6400	3.75736353756	0.0	383025	338.750281968	6.4
130.163570244	6400	3.92264963372	0.0	383025	334.713903833	6.4
130.49887292	6400	4.08734695707	0.0	383025	335.302676653	6.4
130.834875057	6400	4.25134482066	0.0	383025	336.002136406	6.4
131.186836883	6400	4.39938299443	0.0	383025	351.961826229	6.4
131.55717065	6400	4.52904922747	0.0	383025	370.33376696	6.4
131.928546874	6400	4.65767300362	0.0	383025	371.376223857	6.4
132.300707919	6400	4.78551195849	0.0	383025	372.161045127	6.4
132.673739816	6400	4.9124800614	0.0	383025	373.031897092	6.4
133.048193035	6400	5.03802684259	0.0	383025	374.45321881	6.4
133.405884468	6400	5.18033540942	0.0	383025	357.691433171	6.4
133.71923617	6400	5.3669837078	0.0	383025	313.351701617	6.4
134.032587871	6400	5.55363200618	0.0	383025	313.351701617	6.4
134.338059901	6400	5.74815997611	0.0	383025	305.47203007	6.4
134.640204578	6400	5.94601529974	0.0	383025	302.144676372	6.4
134.951735172	6400	6.13448470548	0.0	383025	311.530594256	6.4
135.269859615	6400	6.31636026282	0.0	383025	318.124442668	6.4
135.587701734	6400	6.49851814291	0.0	383025	317.842119904	6.4
135.905192634	6400	6.68102724305	0.0	383025	317.49089986	6.4
136.222452885	6400	6.86376699207	0.0	383025	317.260250986	6.4
136.538865791	6400	7.04735408684	0.0	383025	316.412905222	6.4
136.855225719	6400	7.23099415853	0.0	383025	316.359928316	6.4
137.170704575	6400	7.41551530282	0.0	383025	315.478855704	6.4
137.48618343	6400	7.60003644712	0.0	383025	315.478855704	6.4
137.850332562	6400	7.73588731555	0.0	383025	364.149131573	6.4
138.229556176	6400	7.85666370153	0.0	383025	379.223614017	6.4
138.609738162	6400	7.97648171501	0.0	383025	380.181986522	6.4
139.318286117	6400	7.59614188225	0.0	383025	380.339832755	6.4
139.695206951	6400	7.71922104842	0.0	383025	376.920833829	6.4
140.10576182	6400	7.80866617962	0.0	383025	410.554868805	6.4
140.516316689	6400	7.89811131081	0.0	383025	410.554868805	6.4
140.923001965	6400	7.99142603456	0.0	383025	406.685276255	6.4
141.758115591	6400	7.58533121118	0.0	383025	406.094823374	6.4
142.146617286	6400	7.69682951644	0.0	383025	388.501694747	6.4
142.539738811	6400	7.80370799116	0.0	383025	393.121525274	6.4
142.932263146	6400	7.91118365635	0.0	383025	392.524334818	6.4
143.515934765	6400	7.52593101122	0.0	383025	385.252645127	6.4
143.883712516	6400	7.65815326013	0.0	383025	367.777751093	6.4
144.257504333	6400	7.78436144294	0.0	383025	373.791817188	6.4
144.634204463	6400	7.90766131315	0.0	383025	376.700129793	6.4
145.510372253	6400	7.53149352364	0.0	383025	376.167789502	6.4
145.838844253	6400	7.70302152347	0.0	383025	328.472000177	6.4
146.166147704	6400	7.8757180721	0.0	383025	327.303451362	6.4
146.692765149	6400	7.54672538728	0.0	383025	328.992684826	6.4
147.028684278	6400	7.71080625788	0.0	383025	335.919129401	6.4
147.356807662	6400	7.88268287422	0.0	383025	328.123383659	6.4
148.086767056	6400	7.55853671354	0.0	383025	324.146160682	6.4
148.388499801	6400	7.75680396878	0.0	383025	301.732744753	6.4
148.699381008	6400	7.945922762	0.0	383025	310.881206783	6.4
149.106447386	6400	7.62660317053	0.0	383025	319.31959147	6.4
149.46526637	6400	7.76778418635	0.0	383025	358.818984179	6.4
149.837913805	6400	7.89513675112	0.0	383025	372.647435231	6.4
150.622421919	6400	7.52248931589	0.0	383025	372.647435231	6.4
151.016368856	6400	7.62854237892	0.0	383025	393.946936975	6.4
151.423628175	6400	7.7212830598	0.0	383025	407.25931912	6.4
151.831108498	6400	7.81380273688	0.0	383025	407.480322912	6.4
152.245881425	6400	7.89902981051	0.0	383025	414.772926373	6.4
152.663686292	6400	7.98122494314	0.0	383025	417.804867375	6.4
153.571067298	6400	7.57384393671	0.0	383025	407.381006429	6.4
153.951111044	6400	7.69380019082	0.0	383025	380.043745888	6.4
154.33115479	6400	7.81375644493	0.0	383025	380.043745888	6.4
154.711198536	6400	7.93371269904	0.0	383025	380.043745888	6.4
155.596406918	6400	7.54850431749	0.0	383025	385.20838155	6.4
155.996089361	6400	7.64882187392	0.0	383025	399.682443567	6.4
156.404305774	6400	7.74060546117	0.0	383025	408.216412758	6.4
156.810506999	6400	7.83440423607	0.0	383025	406.201225092	6.4
157.216098332	6400	7.92881290282	0.0	383025	405.591333253	6.4
158.125143518	6400	7.51976771681	0.0	383025	409.045186013	6.4
158.545062754	6400	7.59984848062	0.0	383025	419.919236191	6.4

