8159.86767246	3066	0.5	0.275780591567	181435	275.780591567	1.96287763373
8160.45648619	7800	0.5	0.0888137245956	471531	588.813724596	2.71074510162
8161.05707362	7866	0.5	0.100587428868	482442	600.587428868	7.39765028453
8161.66810426	8000	0.5	0.11103064305	492120	611.03064305	7.4218774278
8162.2791349	8000	0.5	0.11103064305	492120	611.03064305	7.5558774278
8162.88806784	8000	0.5	0.108932936047	490176	608.932936047	7.56426825581
8163.52204916	8333	0.5	0.133981327328	513389	633.981327328	7.46407469069
8164.13840501	8066	0.5	0.11635584061	497055	616.35584061	7.33357663756
8164.73178353	8466	0.5	0.0933785257064	520019	593.378525706	7.69248589717
8165.24672227	9000	0.5	0.0149387420627	551265	514.938742063	8.40624503175
8165.76723676	9266	0.5	0.0205144852899	558332	520.51448529	8.91794205884
8166.27089699	9000	0.5	0.00366022933686	536970	503.660229337	8.71935908265
8166.77455722	9000	0.5	0.00366022933686	536970	503.660229337	8.98535908265
8167.27821745	9000	0.5	0.00366022933686	536970	503.660229337	8.98535908265
8167.78187768	9000	0.5	0.00366022933686	536970	503.660229337	8.98535908265
8168.28553791	9000	0.5	0.00366022933686	536970	503.660229337	8.98535908265
8168.80218006	9400	0.5	0.0166421564715	553424	516.642156472	8.93343137411
8169.29478664	9000	0.507393423219	0.0	522960	492.606576781	8.6
8169.78739322	9000	0.514786846438	0.0	522960	492.606576781	9.0
8170.26794293	9000	0.53423713315	0.0	532300	480.549713288	9.0
8170.69521895	8400	0.606961112305	0.0	503004	427.276020845	7.8
8171.10784321	8000	0.69433684714	0.0	481782	412.624265165	7.6
8171.52046748	8000	0.781712581976	0.0	481782	412.624265165	8.0
8171.95295467	8533	0.84922539103	0.0	510552	432.487190946	8.0
8172.40368096	9000	0.898499104731	0.0	536970	450.726286298	8.533
8172.85440724	9000	0.947772818433	0.0	536970	450.726286298	9.0
8173.30513353	9000	0.997046532134	0.0	536970	450.726286298	9.0
8173.75585982	9000	1.04632024584	0.0	536970	450.726286298	9.0
8174.19027888	9000	1.11190118078	0.0	536970	434.419065051	9.0
8174.59831995	9533	1.20386011403	0.0	573990	408.04106676	9.0
8175.01363348	9666	1.28854658159	0.0	586715	415.313532438	9.533
8175.40868698	9000	1.39349308124	0.0	551265	395.053500352	8.334
8175.80374048	9000	1.49843958088	0.0	551265	395.053500352	9.0
8176.19879398	9000	1.60338608053	0.0	551265	395.053500352	9.0
8176.59384748	9000	1.70833258018	0.0	551265	395.053500352	9.0
8176.98890098	9000	1.81327907983	0.0	551265	395.053500352	9.0
8177.38395448	9000	1.91822557947	0.0	551265	395.053500352	9.0
8177.76561179	8466	2.03656827523	0.0	527825	381.657304243	7.932
8178.06451443	6400	2.23766562955	0.0	383025	298.902645683	4.334
8178.36341708	6400	2.43876298387	0.0	383025	298.902645683	6.4
8178.66231972	6400	2.63986033818	0.0	383025	298.902645683	6.4
8178.94716467	6400	2.85501539181	0.0	383025	284.844946373	6.4
8179.19420074	6400	3.10797932581	0.0	383025	247.036066	6.4
8179.4412368	6400	3.36094325981	0.0	383025	247.036066	6.4
8179.68827287	6400	3.61390719381	0.0	383025	247.036066	6.4
8179.93530893	6400	3.86687112781	0.0	383025	247.036066	6.4
8180.182345	6400	4.11983506181	0.0	383025	247.036066	6.4
8180.42938107	6400	4.37279899581	0.0	383025	247.036066	6.4
8180.67641713	6400	4.62576292981	0.0	383025	247.036066	6.4
8180.9234532	6400	4.87872686381	0.0	383025	247.036066	6.4
8181.17048926	6400	5.13169079781	0.0	383025	247.036066	6.4
8181.41752533	6400	5.38465473181	0.0	383025	247.036066	6.4
8181.67619844	6400	5.62598162451	0.0	383025	258.673107301	6.4
8181.93596662	6400	5.86621344028	0.0	383025	259.768184232	6.4
8182.19573481	6400	6.10644525605	0.0	383025	259.768184232	6.4
8182.45550299	6400	6.34667707181	0.0	383025	259.768184232	6.4
8182.71527117	6400	6.58690888758	0.0	383025	259.768184232	6.4
8182.97503936	6400	6.82714070335	0.0	383025	259.768184232	6.4
8183.23480754	6400	7.06737251912	0.0	383025	259.768184232	6.4
8183.49457573	6400	7.30760433488	0.0	383025	259.768184232	6.4
8183.75434391	6400	7.54783615065	0.0	383025	259.768184232	6.4
8184.0141121	6400	7.78806796642	0.0	383025	259.768184232	6.4
8184.68586867	6400	7.52829978219	0.0	383025	259.768184232	6.4
8185.0895269	6400	7.624641553	0.0	383025	403.658229183	6.4
8185.49318513	6400	7.72098332382	0.0	383025	403.658229183	6.4
8185.89684336	6400	7.81732509464	0.0	383025	403.658229183	6.4
8186.30050159	6400	7.91366686545	0.0	383025	403.658229183	6.4
8187.20415982	6400	7.51000863627	0.0	383025	403.658229183	6.4
8187.60781804	6400	7.60635040709	0.0	383025	403.658229183	6.4
8188.01147627	6400	7.7026921779	0.0	383025	403.658229183	6.4
8188.4151345	6400	7.79903394872	0.0	383025	403.658229183	6.4
8188.81879273	6400	7.89537571954	0.0	383025	403.658229183	6.4
8189.22245096	6400	7.99171749035	0.0	383025	403.658229183	6.4
8189.88833806	6400	7.58805926117	0.0	383025	403.658229183	6.4
8190.18738656	6400	7.78901076127	0.0	383025	299.048499901	6.4
8190.48643506	6400	7.98996226137	0.0	383025	299.048499901	6.4
8191.28548356	6400	7.69091376147	0.0	383025	299.048499901	6.4
8191.58453206	6400	7.89186526157	0.0	383025	299.048499901	6.4
8192.38358056	6400	7.59281676167	0.0	383025	299.048499901	6.4
8192.68262906	6400	7.79376826177	0.0	383025	299.048499901	6.4
8192.98167756	6400	7.99471976187	0.0	383025	299.048499901	6.4
8193.64534284	6400	7.69567126197	0.0	383025	299.048499901	6.4
8194.08496672	6400	7.75604737938	0.0	383025	439.623882589	6.4
8194.5245906	6400	7.81642349679	0.0	383025	439.623882589	6.4
8194.96421449	6400	7.8767996142	0.0	383025	439.623882589	6.4
8195.40383837	6400	7.93717573161	0.0	383025	439.623882589	6.4
8195.84346225	6400	7.99755184902	0.0	383025	439.623882589	6.4
8196.78308613	6400	7.55792796643	0.0	383025	439.623882589	6.4
8197.22271002	6400	7.61830408384	0.0	383025	439.623882589	6.4
8197.6623339	6400	7.67868020126	0.0	383025	439.623882589	6.4
8198.10195778	6400	7.73905631867	0.0	383025	439.623882589	6.4
8198.54158167	6400	7.79943243608	0.0	383025	439.623882589	6.4
8198.98120555	6400	7.85980855349	0.0	383025	439.623882589	6.4
8199.42551728	6400	7.91549682425	0.0	383025	444.311729235	6.4
8199.90717893	6400	7.93383517548	0.0	383025	481.66164877	6.4
8200.38884057	6400	7.95217352671	0.0	383025	481.66164877	6.4
8200.87050222	6400	7.97051187794	0.0	383025	481.66164877	6.4
8201.35216387	6400	7.98885022917	0.0	383025	481.66164877	6.4
8202.33382552	6400	7.5071885804	0.0	383025	481.66164877	6.4
8202.81548717	6400	7.52552693163	0.0	383025	481.66164877	6.4
8203.29714882	6400	7.54386528286	0.0	383025	481.66164877	6.4
8203.77881047	6400	7.56220363409	0.0	383025	481.66164877	6.4
8204.26047212	6400	7.58054198532	0.0	383025	481.66164877	6.4
8204.74213376	6400	7.59888033655	0.0	383025	481.66164877	6.4
8205.23136127	6400	7.60965283346	0.0	383025	489.227503094	6.4
8205.75461234	6400	7.58640175912	0.0	383025	523.251074336	6.4
8206.27786342	6400	7.56315068479	0.0	383025	523.251074336	6.4
8206.80111449	6400	7.53989961045	0.0	383025	523.251074336	6.4
8207.32436557	6400	7.51664853611	0.0	383025	523.251074336	6.4
8207.84761664	6400	7.49339746178	0.0	383025	523.251074336	6.4
8208.37086771	6400	7.47014638744	0.0	383025	523.251074336	6.4
8208.89411879	6400	7.44689531311	0.0	383025	523.251074336	6.4
8209.41736986	6400	7.42364423877	0.0	383025	523.251074336	6.4
8209.94062094	6400	7.40039316443	0.0	383025	523.251074336	6.4
8210.46387201	6400	7.3771420901	0.0	383025	523.251074336	6.4
8210.98712309	6400	7.35389101576	0.0	383025	523.251074336	6.4
8211.51037416	6400	7.33063994143	0.0	383025	523.251074336	6.4
8212.03362523	6400	7.30738886709	0.0	383025	523.251074336	6.4
8212.55687631	6400	7.28413779275	0.0	383025	523.251074336	6.4
8213.07209406	6400	7.26892003939	0.0	383025	515.217753364	6.4

