4424.25637537	3066	0.5	0.188506987895	181435	188.506987895	2.31197204842
4424.61837393	7800	0.638001441238	0.0	471531	361.998558762	3.066
4424.9868978	7866	0.769477571787	0.0	482442	368.523869451	7.8
4425.36314096	8000	0.893234410795	0.0	492120	376.243160992	7.866
4425.74427323	8000	1.01210214301	0.0	492120	381.132267784	8.0
4426.12512591	8000	1.13124946242	0.0	490176	380.85268059	8.0
4426.52110123	8333	1.23527414356	0.0	513389	395.975318858	8.0
4426.90798806	8066	1.3483873117	0.0	497055	386.88683186	7.799
4427.34176572	8466	1.41460964837	0.0	520019	433.777663334	8.066
4427.80340883	9000	1.45296654215	0.0	551265	461.64310622	8.466
4428.31454913	9266	1.44182624258	0.0	558332	511.140299568	9.0
4428.80919383	9000	1.44718153897	0.0	536970	494.644703615	8.734
4429.33022625	9000	1.42614912423	0.0	536970	521.032414733	9.0
4429.87553316	9000	1.38084220877	0.0	536970	545.306915467	9.0
4430.38323496	9000	1.373140415	0.0	536970	507.701793765	9.0
4430.86444024	9000	1.39193512936	0.0	536970	481.205285638	9.0
4431.32574866	9400	1.43062670911	0.0	553424	461.308420252	9.0
4431.76055594	9000	1.49581942694	0.0	522960	434.807282174	8.6
4432.2599261	9000	1.49644927441	0.0	522960	499.370152528	9.0
4432.80356267	9000	1.45281269648	0.0	532300	543.636577929	9.0
4433.28474828	8400	1.47162708969	0.0	503004	481.185606787	7.8
4433.70006547	8000	1.55630990552	0.0	481782	415.317184174	7.6
4434.1150034	8000	1.64137197109	0.0	481782	414.937934432	8.0
4434.54264983	8533	1.7137255438	0.0	510552	427.64642729	8.0
4434.99881496	9000	1.7575604122	0.0	536970	456.1651316	8.533
4435.49912722	9000	1.75724815294	0.0	536970	500.312259259	9.0
4435.99944954	9000	1.75692583083	0.0	536970	500.322322104	9.0
4436.50245427	9000	1.75392109946	0.0	536970	503.004731374	9.0
4437.005459	9000	1.75091636808	0.0	536970	503.004731374	9.0
4437.58596911	9533	1.67040625677	0.0	573990	580.510111311	9.0
4438.17503099	9666	1.58134438049	0.0	586715	589.061876279	9.533
4438.60049215	9000	1.65588322179	0.0	551265	425.461158707	8.334
4439.02028196	9000	1.73609340915	0.0	551265	419.789812637	9.0
4439.42065211	9000	1.83572326549	0.0	551265	400.370143662	9.0
4439.8162028	9000	1.94017257253	0.0	551265	395.550692961	9.0
4440.18079373	9000	2.07558163764	0.0	551265	364.59093489	9.0
4440.45853065	6400	2.2978447183	0.0	383025	277.736919334	3.8
4440.74905719	6400	2.50731817657	0.0	383025	290.526541735	6.4
4441.04097008	6400	2.71540528915	0.0	383025	291.912887422	6.4
4441.33288297	6400	2.92349240172	0.0	383025	291.912887422	6.4
4441.6273478	6400	3.12902757573	0.0	383025	294.464825997	6.4
4441.92200682	6400	3.33436855488	0.0	383025	294.659020844	6.4
4442.19950225	6400	3.5568731261	0.0	383025	277.495428784	6.4
4442.4694006	6400	3.78697477324	0.0	383025	269.898352856	6.4
4442.73929895	6400	4.01707642039	0.0	383025	269.898352856	6.4
4443.00814301	6400	4.24823235926	0.0	383025	268.844061132	6.4
4443.27557965	6400	4.48079571898	0.0	383025	267.436640277	6.4
4443.54772712	6400	4.70864825515	0.0	383025	272.14746383	6.4
4443.82871727	6400	4.9276580983	0.0	383025	280.990156848	6.4
4444.10970743	6400	5.14666794145	0.0	383025	280.990156848	6.4
4444.3897999	6400	5.36657546907	0.0	383025	280.092472382	6.4
4444.66968199	6400	5.58669338078	0.0	383025	279.882088285	6.4
4444.94956408	6400	5.8068112925	0.0	383025	279.882088285	6.4
4445.22136649	6400	6.03500888446	0.0	383025	271.802408043	6.4
4445.49183603	6400	6.2645393439	0.0	383025	270.469540559	6.4
4445.76230557	6400	6.49406980334	0.0	383025	270.469540559	6.4
4446.04176165	6400	6.71461372578	0.0	383025	279.45607756	6.4
4446.32712731	6400	6.92924806355	0.0	383025	285.365662225	6.4
4446.61249297	6400	7.14388240133	0.0	383025	285.365662225	6.4
4446.9129313	6400	7.34344406892	0.0	383025	300.438332405	6.4
4447.22040858	6400	7.5359667865	0.0	383025	307.477282422	6.4
4447.52788587	6400	7.72848950408	0.0	383025	307.477282422	6.4
4447.82352189	6400	7.9328534853	0.0	383025	295.636018775	6.4
4448.58377836	6400	7.64055198201	0.0	383025	292.301503294	6.4
4448.87288852	6400	7.8514418165	0.0	383025	289.110165513	6.4
4449.70000123	6400	7.52432910817	0.0	383025	327.112708322	6.4
4450.03093512	6400	7.69339521974	0.0	383025	330.933888433	6.4
4450.36208942	6400	7.86224092185	0.0	383025	331.154297891	6.4
4451.19509721	6400	7.5292331251	0.0	383025	333.007796745	6.4
4451.63486392	6400	7.58946641533	0.0	383025	439.766709772	6.4
4452.12728035	6400	7.59704999017	0.0	383025	492.416425165	6.4
4452.61969677	6400	7.604633565	0.0	383025	492.416425165	6.4
4452.99231597	6400	7.73201436816	0.0	383025	372.61919684	6.4
4453.3378164	6400	7.88651394106	0.0	383025	345.500427101	6.4
4454.18378823	6400	7.54054210788	0.0	383025	345.971833184	6.4
4454.54599123	6400	7.67833911136	0.0	383025	362.202996517	6.4
4454.91243506	6400	7.81189528168	0.0	383025	366.443829684	6.4
4455.28367915	6400	7.94065119277	0.0	383025	371.244088907	6.4
4456.084023	6400	7.56940710386	0.0	383025	371.244088907	6.4
4456.46217487	6400	7.69125523288	0.0	383025	378.151870977	6.4
4456.83610007	6400	7.81733002455	0.0	383025	373.925208337	6.4
4457.20811677	6400	7.94531333117	0.0	383025	372.016693378	6.4
4458.03534359	6400	7.57329663779	0.0	383025	372.016693378	6.4
4458.40873694	6400	7.69990329435	0.0	383025	373.393343444	6.4
4458.81804627	6400	7.79059395815	0.0	383025	409.3093362	6.4
4459.23890656	6400	7.86973367287	0.0	383025	420.860285274	6.4
4459.65976684	6400	7.9488733876	0.0	383025	420.860285274	6.4
4460.56426522	6400	7.5443750143	0.0	383025	404.498373294	6.4
4460.93911238	6400	7.66952784862	0.0	383025	374.84716568	6.4
4461.31253792	6400	7.79610230939	0.0	383025	373.425539236	6.4
4461.68596346	6400	7.92267677015	0.0	383025	373.425539236	6.4
4462.18200075	6400	7.92663947665	0.0	383025	496.037293508	6.4
4462.72735681	6400	7.88128342446	0.0	383025	545.356052185	6.4
4463.27271286	6400	7.83592737228	0.0	383025	545.356052185	6.4
4463.96917391	6400	7.63946631763	0.0	383025	696.461054648	6.4
4464.67151155	6400	7.4371286832	0.0	383025	702.33763443	6.4
4465.36700598	6400	7.24163424831	0.0	383025	695.494434892	6.4
4466.01847173	6400	7.0901684962	0.0	383025	651.465752107	6.4
4466.66993749	6400	6.93870274409	0.0	383025	651.465752107	6.4
4467.26614752	6400	6.84249270616	0.0	383025	596.210037936	6.4
4467.76815165	6400	6.84048857859	0.0	383025	502.004127562	6.4
4468.27015578	6400	6.83848445103	0.0	383025	502.004127562	6.4
4468.7933648	6400	6.81527542838	0.0	383025	523.209022651	6.4
4469.32826482	6400	6.78037541434	0.0	383025	534.90001404	6.4
4469.86316483	6400	6.7454754003	0.0	383025	534.90001404	6.4
4470.41701544	6400	6.69162478967	0.0	383025	553.850610636	6.4
4470.97903018	6400	6.62961004898	0.0	383025	562.014740682	6.4
4471.54104492	6400	6.5675953083	0.0	383025	562.014740682	6.4
4472.05070053	6400	6.55793969532	0.0	383025	509.65561298	6.4
4472.55934995	6400	6.54929027911	0.0	383025	508.649416212	6.4
4473.11094526	6400	6.49769497175	0.0	383025	551.595307362	6.4
4473.72309244	6400	6.3855477874	0.0	383025	612.147184346	6.4
4474.33523963	6400	6.27340060306	0.0	383025	612.147184346	6.4
4474.94712891	6400	6.16151132172	0.0	383025	611.889281337	6.4
4475.55881439	6400	6.04982583888	0.0	383025	611.685482837	6.4
4476.17049987	6400	5.93814035604	0.0	383025	611.685482837	6.4
4476.81364687	6400	5.79499336221	0.0	383025	643.146993831	6.4
4477.47727311	6400	5.63136711771	0.0	383025	663.626244504	6.4
4478.13962772	6400	5.46901250684	0.0	383025	662.35461087	6.4
4478.73431891	6400	5.37432131708	0.0	383025	594.691189764	6.4

