5217.33534056	3066	0.5	0.309716418053	181435	309.716418053	1.82713432779
5218.01235002	7800	0.5	0.177009465214	471531	677.009465214	2.35796213915
5218.703174	7866	0.5	0.190823976402	482442	690.823976402	7.03670409439
5219.40625137	8000	0.5	0.203077375657	492120	703.077375657	7.05369049737
5220.10932875	8000	0.5	0.203077375657	492120	703.077375657	7.18769049737
5220.80994481	8000	0.5	0.200616060494	490176	700.616060494	7.19753575803
5221.47441933	8333	0.5	0.164474520852	513389	664.474520852	7.34210191659
5222.07643837	8066	0.5	0.102019036967	497055	602.019036967	7.39092385213
5222.70257475	8466	0.5	0.126136378438	520019	626.136378438	7.56145448625
5223.37182032	9000	0.5	0.169245569759	551265	669.245569759	7.78901772097
5224.06615135	9266	0.5	0.194331038918	558332	694.331038918	8.22267584433
5224.73697785	9000	0.5	0.170826493857	536970	670.826493857	8.05069402457
5225.40780434	9000	0.5	0.170826493857	536970	670.826493857	8.31669402457
5226.07863084	9000	0.5	0.170826493857	536970	670.826493857	8.31669402457
5226.68633619	9000	0.5	0.107705349209	536970	607.705349209	8.56917860316
5227.27498786	9000	0.5	0.0886516786226	536970	588.651678623	8.64539328551
5227.8792258	9400	0.5	0.104237939904	553424	604.237939904	8.58304824039
5228.46267941	9000	0.5	0.0834536086328	522960	583.453608633	8.26618556547
5229.2487444	9000	0.5	0.286064992223	522960	786.064992223	7.85574003111
5230.04741963	9000	0.5	0.298675224416	532300	798.675224416	7.80529910234
5230.80654139	8400	0.5	0.2591217595	503004	759.1217595	6.763512962
5231.53701065	8000	0.5	0.230469259759	481782	730.469259759	6.67812296097
5232.26747991	8000	0.5	0.230469259759	481782	730.469259759	7.07812296097
5233.00119364	8533	0.5	0.233713730967	510552	733.713730967	7.06514507613
5233.72323345	9000	0.5	0.222039812583	536970	722.039812583	7.64484074967
5234.44527326	9000	0.5	0.222039812583	536970	722.039812583	8.11184074967
5235.13133961	9000	0.5	0.186066345437	536970	686.066345437	8.25573461825
5235.71053463	9000	0.5	0.0791950217546	536970	579.195021755	8.68321991298
5236.28972965	9000	0.5	0.0791950217546	536970	579.195021755	8.68321991298
5236.90334038	9533	0.5	0.113610724132	573990	613.610724132	8.54555710347
5237.60265763	9666	0.5	0.199317250749	586715	699.317250749	8.735730997
5238.27688686	9000	0.5	0.174229228581	551265	674.229228581	7.63708308568
5238.95111609	9000	0.5	0.174229228581	551265	674.229228581	8.30308308568
5239.62534531	9000	0.5	0.174229228581	551265	674.229228581	8.30308308568
5240.53371317	9000	0.5	0.408367856219	551265	908.367856219	7.36652857512
5241.58000262	9000	0.5	0.546289447607	551265	1046.28944761	6.81484220957
5242.62629207	9000	0.5	0.546289447607	551265	1046.28944761	6.81484220957
5243.63149451	8466	0.5	0.505202448338	527825	1005.20244834	5.91119020665
5244.55710437	8000	0.5	0.425609853836	498375	925.609853836	5.83156058465
5245.09208483	7066	0.5	0.0349804668484	434595	534.980466848	5.99207813261
5245.63585932	7200	0.5	0.0437744840863	442995	543.774484086	6.89090206365
5246.20747524	7600	0.5	0.0716159238989	469589	571.615923899	6.9135363044
5246.80701217	8000	0.5	0.0995369286294	496259	599.536928629	7.20185228548
5247.4395986	8133	0.5	0.132586429021	508563	632.586429021	7.46965428392
5248.20258369	8733	0.5	0.262985088825	536941	762.985088825	7.0810596447
5248.95066357	8733	0.5	0.248079877133	525223	748.079877133	7.74068049147
5249.71368554	9000	0.5	0.263021976616	536970	763.021976616	7.68091209353
5250.37708892	9000	0.5	0.163403378244	527946	663.403378244	8.34638648703
5250.97202859	8933	0.5	0.0949396665834	519390	594.939666583	8.48624133367
5251.57847679	8933	0.5	0.106448204772	530998	606.448204772	8.50720718091
5252.19084583	9000	0.5	0.112369034377	536970	612.369034377	8.48352386249
5252.78039854	8600	0.5	0.0895527162018	513386	589.552716202	7.84178913519
5253.28186749	7000	0.5	0.00146894737306	418197	501.468947373	5.39412421051
5253.8919718	8600	0.5	0.110104305291	525989	610.104305291	6.55958277884
5254.52794291	9000	0.5	0.135971114482	551655	635.971114482	8.05611554207
5255.19664008	9533	0.5	0.168697173395	584127	668.697173395	8.32521130642
5255.86965584	10000	0.5	0.173015759453	612540	673.015759453	8.84093696219
5256.54010278	10000	0.5	0.170446936062	612540	670.446936062	9.31821225575
5257.21054971	10000	0.5	0.170446936062	612540	670.446936062	9.31821225575
5257.87283068	10000	0.5	0.162280961229	612540	662.280961229	9.35087615508
5258.46952222	10000	0.5	0.0966915407221	612540	596.691540722	9.61323383711
5259.06207037	9866	0.5	0.0925481560484	607628	592.548156048	9.36180737581
5259.66540466	10000	0.5	0.103334283862	620415	603.334283862	9.45266286455
5260.46333046	10000	0.5	0.297925806061	620415	797.925806061	8.80829677576
5261.26133797	10000	0.5	0.298007503407	620415	798.007503407	8.80796998637
5262.18731992	11600	0.5	0.425981955551	730995	925.981955551	8.2960721778
5262.92648447	12000	0.5	0.239164549518	758640	739.164549518	10.6433418019
5263.53738915	12266	0.5	0.110904683226	771584	610.904683226	11.5563812671
5264.08617202	11000	0.5	0.048782868336	681300	548.782868336	9.53886852666
5264.52019647	10200	0.56597555311	0.0	627772	434.02444689	9.4
5264.92849263	10000	0.657679397424	0.0	612540	408.296155687	9.8
5265.33678878	10000	0.749383241737	0.0	612540	408.296155687	10.0
5265.76865676	10000	0.817515263928	0.0	612540	431.867977809	10.0
5266.27087967	9600	0.815292352245	0.0	588186	502.222911683	9.2
5266.73147437	8666	0.854697648086	0.0	530195	460.594704158	7.732
5267.19841783	8533	0.887754196977	0.0	515343	466.943451109	8.4
5267.74250213	9000	0.8436698965	0.0	539520	544.084300478	8.533
5268.28658643	9000	0.799585596022	0.0	539520	544.084300478	9.0
5268.83067073	9000	0.755501295545	0.0	539520	544.084300478	9.0
5269.37475503	9000	0.711416995067	0.0	539520	544.084300478	9.0
5269.91042795	9000	0.675744070181	0.0	539520	535.672924886	9.0
5270.44458754	9000	0.641584487569	0.0	540862	534.159582612	9.0
5270.97854767	9000	0.607624350478	0.0	539793	533.96013709	9.0
5271.57075126	9933	0.515420765658	0.0	600065	592.20358482	9.0
5272.14044593	9533	0.5	0.0542739100741	573695	569.694675732	8.9159043597
5272.67949708	9000	0.5	0.0390511476229	537795	539.051147623	8.31079540951
5273.07199034	7800	0.607506739241	0.0	462222	392.493260759	6.6
5273.44694645	7800	0.732550630983	0.0	456146	374.956108258	7.8
5273.81603701	7666	0.86346007204	0.0	447075	369.090558943	7.532
5274.16833338	7133	1.01116369751	0.0	421103	352.296374529	6.6
5274.55629897	8000	1.12319810996	0.0	476265	387.965587552	7.133
5274.97638705	7733	1.20311002598	0.0	454837	420.088083978	7.466
5275.40534202	8000	1.27415506384	0.0	462300	428.954962137	7.733
5275.83429698	8000	1.34520010171	0.0	462300	428.954962137	8.0
5276.26823831	8000	1.4112587747	0.0	468906	433.941327008	8.0
5276.70107155	8000	1.47842552877	0.0	467438	432.833245925	8.0
5277.09308721	7933	1.58640987491	0.0	465132	392.01565386	7.866
5277.4623101	7533	1.71718697753	0.0	455338	369.222897383	7.133
5277.8872595	8866	1.79223758147	0.0	543071	424.949396063	7.533
5278.31725987	9000	1.86223721123	0.0	551023	430.000370241	8.866
5278.77926565	10000	1.90023143153	0.0	612540	462.005779702	9.0
5279.23463714	10000	1.94485994231	0.0	612540	455.371489212	10.0
5279.69000863	10000	1.9894884531	0.0	612540	455.371489212	10.0
5280.11036285	9066	2.06913423237	0.0	555398	420.354220729	8.132
5280.40067665	6400	2.27882043064	0.0	383025	290.313801728	3.734
5280.6851594	6400	2.49433768111	0.0	383025	284.482749529	6.4
5280.96964215	6400	2.70985493159	0.0	383025	284.482749529	6.4
5281.25409071	6400	2.92540637278	0.0	383025	284.448558802	6.4
5281.53832815	6400	3.14116893104	0.0	383025	284.237441741	6.4
5281.82256559	6400	3.3569314893	0.0	383025	284.237441741	6.4
5282.10680303	6400	3.57269404756	0.0	383025	284.237441741	6.4
5282.39104047	6400	3.78845660582	0.0	383025	284.237441741	6.4
5282.67527792	6400	4.00421916408	0.0	383025	284.237441741	6.4
5282.95951536	6400	4.21998172234	0.0	383025	284.237441741	6.4
5283.27667083	6400	4.40282625158	0.0	383025	317.155470755	6.4
5283.61337974	6400	4.56611733745	0.0	383025	336.708914138	6.4
5283.95008866	6400	4.72940842331	0.0	383025	336.708914138	6.4
5284.28679757	6400	4.89269950917	0.0	383025	336.708914138	6.4
5284.62350649	6400	5.05599059503	0.0	383025	336.708914138	6.4
5284.9602154	6400	5.21928168089	0.0	383025	336.708914138	6.4

