4540.83203906	3066	0.5	0.294002115498	181435	294.002115498	1.88999153801
4541.46820866	7800	0.5	0.136169600808	471531	636.169600808	2.52132159677
4542.11724776	7866	0.5	0.149039097224	482442	649.039097224	7.2038436111
4542.71787935	8000	0.5	0.100631594708	492120	600.631594708	7.46347362117
4543.22713808	8000	0.5	0.00925872780833	492120	509.258727808	7.96296508877
4543.70887084	8000	0.518267236203	0.0	490176	481.732763797	8.0
4544.19330479	8333	0.53383328887	0.0	513389	484.433947332	8.0
4544.66487126	8066	0.562266824277	0.0	497055	471.566464594	7.799
4545.03146931	8466	0.69566876778	0.0	520019	366.598056497	8.066
4545.39150629	9000	0.835631788897	0.0	551265	360.036978884	8.466
4545.77180533	9266	0.955332745749	0.0	558332	380.299043148	9.0
4546.14460618	9000	1.08253190217	0.0	536970	372.800843574	8.734
4546.52804099	9000	1.19909708853	0.0	536970	383.434813648	9.0
4546.97992837	9000	1.24720971141	0.0	536970	451.88737712	9.0
4547.45166101	9000	1.27547706937	0.0	536970	471.732642039	9.0
4547.94601733	9000	1.28112074532	0.0	536970	494.356324048	9.0
4548.48871492	9400	1.23842315808	0.0	553424	542.697587245	9.0
4549.02272508	9000	1.20441299567	0.0	522960	534.01016241	8.6
4549.57311243	9000	1.15402564488	0.0	522960	550.387350786	9.0
4550.15533859	9000	1.07179949227	0.0	532300	582.226152605	9.0
4550.70221832	8400	1.0249197564	0.0	503004	546.879735878	7.8
4551.15315866	8000	1.07397941628	0.0	481782	450.940340117	7.6
4551.604099	8000	1.12303907616	0.0	481782	450.940340117	8.0
4552.09876445	8533	1.12837362793	0.0	510552	494.665448236	8.0
4552.6266134	9000	1.10052467534	0.0	536970	527.848952588	8.533
4553.24077525	9000	0.986362833273	0.0	536970	614.161842066	9.0
4553.87707647	9000	0.850061612833	0.0	536970	636.30122044	9.0
4554.5240056	9000	0.703132478094	0.0	536970	646.929134739	9.0
4555.18032547	9000	0.54681260812	0.0	536970	656.319869974	9.0
4555.79198565	9533	0.5	0.0648475660935	573990	611.660174214	8.74060973563
4556.33475918	9666	0.5	0.0427735308717	586715	542.773530872	9.36190587651
4556.88183611	9000	0.5	0.0470769290117	551265	547.076929012	8.14569228395
4557.47392889	9000	0.5	0.0920927854703	551265	592.09278547	8.63162885812
4558.2003755	9000	0.5	0.226446613532	551265	726.446613532	8.09421354587
4559.008836	9000	0.5	0.308460494275	551265	808.460494275	7.7661580229
4559.73635407	9000	0.5	0.227518069213	551265	727.518069213	8.08992772315
4560.3893449	9000	0.5	0.152990826958	551265	652.990826958	8.38803669217
4560.95098801	8466	0.5	0.0616431162966	527825	561.643116297	7.68542753481
4561.44984667	8000	0.5011413454	0.0	498375	498.8586546	7.534
4561.87737074	7066	0.573617273042	0.0	434595	427.524072358	6.132
4562.27329407	7200	0.677693938953	0.0	442995	395.923334089	7.066
4562.68066533	7600	0.770322684152	0.0	469589	407.371254801	7.2
4563.09242957	8000	0.858558445075	0.0	496259	411.764239077	7.6
4563.5124194	8133	0.938568607676	0.0	508563	419.989837399	8.0
4563.94071717	8733	1.01027083767	0.0	536941	428.297770008	8.133
4564.35645974	8733	1.09452827164	0.0	525223	415.742566032	8.733
4564.77418898	9000	1.17679902833	0.0	536970	417.729243302	8.733
4565.16766376	9000	1.283324256	0.0	527946	393.474772337	9.0
4565.54208843	8933	1.40889958178	0.0	519390	374.424674213	8.866
4565.92161775	8933	1.52937025913	0.0	530998	379.529322654	8.933
4566.30128297	9000	1.64970504475	0.0	536970	379.665214384	8.933
4566.66778673	8600	1.7832012815	0.0	513386	366.503763249	8.2
4566.99756666	7000	1.95342135239	0.0	418197	329.77992911	5.4
4567.33090816	6880	2.12007985078	0.0	418435	333.341501609	6.76
4567.64464497	6400	2.30634304191	0.0	383025	313.736808871	5.92
4568.04565634	6400	2.40533167639	0.0	383025	401.011365517	6.4
4568.4466677	6400	2.50432031087	0.0	383025	401.011365517	6.4
4568.84467664	6400	2.6063113698	0.0	383025	398.008941069	6.4
4569.21317293	6400	2.73781507758	0.0	383025	368.496292227	6.4
4569.57798242	6400	2.87300559132	0.0	383025	364.809486252	6.4
4569.92210156	6400	3.02888645651	0.0	383025	344.119134816	6.4
4570.26622069	6400	3.18476732169	0.0	383025	344.119134816	6.4
4570.61033982	6400	3.34064818688	0.0	383025	344.119134816	6.4
4570.94637675	6400	3.50461126045	0.0	383025	336.036926423	6.4
4571.28106807	6400	3.66991994233	0.0	383025	334.691318127	6.4
4571.61575939	6400	3.8352286242	0.0	383025	334.691318127	6.4
4571.91305788	6400	4.03793013607	0.0	383025	297.298488129	6.4
4572.18526379	6400	4.26572421963	0.0	383025	272.205916443	6.4
4572.45746971	6400	4.49351830318	0.0	383025	272.205916443	6.4
4572.72915043	6400	4.72183757811	0.0	383025	271.680725076	6.4
4573.00069066	6400	4.95029735544	0.0	383025	271.540222667	6.4
4573.27215295	6400	5.17883506324	0.0	383025	271.462292199	6.4
4573.5430762	6400	5.40791180712	0.0	383025	270.923256118	6.4
4573.81399946	6400	5.63698855101	0.0	383025	270.923256118	6.4
4574.08492272	6400	5.86606529489	0.0	383025	270.923256118	6.4
4574.3853922	6400	6.06559581227	0.0	383025	300.469482617	6.4
4574.68635161	6400	6.26463640525	0.0	383025	300.959407024	6.4
4574.99070468	6400	6.46028333228	0.0	383025	304.353072967	6.4
4575.33056945	6400	6.62041856394	0.0	383025	339.864768342	6.4
4575.67043422	6400	6.7805537956	0.0	383025	339.864768342	6.4
4576.01029898	6400	6.94068902726	0.0	383025	339.864768342	6.4
4576.30980495	6400	7.1411830575	0.0	383025	299.505969755	6.4
4576.5849807	6400	7.36600730863	0.0	383025	275.175748869	6.4
4576.86015645	6400	7.59083155976	0.0	383025	275.175748869	6.4
4577.17361229	6400	7.77737572273	0.0	383025	313.455837034	6.4
4577.50748111	6400	7.94350690441	0.0	383025	333.868818321	6.4
4578.28466281	6400	7.60963808609	0.0	383025	333.868818321	6.4
4578.65998931	6400	7.73431159232	0.0	383025	375.326493771	6.4
4579.03066449	6400	7.86363641034	0.0	383025	370.675181975	6.4
4579.3976133	6400	7.99668760281	0.0	383025	366.948807532	6.4
4580.16777447	6400	7.62973879528	0.0	383025	366.948807532	6.4
4580.49072337	6400	7.80678989256	0.0	383025	322.948902713	6.4
4580.84871617	6400	7.94879709862	0.0	383025	357.992793944	6.4
4581.42117261	6400	7.56464580705	0.0	383025	384.151291569	6.4
4581.77160009	6400	7.71421832791	0.0	383025	350.427479142	6.4
4582.12202757	6400	7.86379084877	0.0	383025	350.427479142	6.4
4582.98478708	6400	7.50103134334	0.0	383025	362.759505427	6.4
4583.37678197	6400	7.60903645302	0.0	383025	391.994890314	6.4
4583.83268935	6400	7.65312907583	0.0	383025	455.907377195	6.4
4584.28859672	6400	7.69722169863	0.0	383025	455.907377195	6.4
4584.74035805	6400	7.74546037053	0.0	383025	451.761328108	6.4
4585.1709797	6400	7.81483871666	0.0	383025	430.621653862	6.4
4585.60160136	6400	7.8842170628	0.0	383025	430.621653862	6.4
4586.03095729	6400	7.95486112778	0.0	383025	429.355935018	6.4
4586.95752074	6400	7.52829768474	0.0	383025	426.56344304	6.4
4587.40832159	6400	7.5774968338	0.0	383025	450.800850941	6.4
4587.86103497	6400	7.62478345526	0.0	383025	452.713378544	6.4
4588.31374834	6400	7.67207007672	0.0	383025	452.713378544	6.4
4588.73928865	6400	7.74652977019	0.0	383025	425.540306524	6.4
4589.15970626	6400	7.82611215723	0.0	383025	420.41761296	6.4
4589.58100384	6400	7.90481458488	0.0	383025	421.297572356	6.4
4590.0427014	6400	7.94311701813	0.0	383025	461.697566747	6.4
4590.50439897	6400	7.98141945138	0.0	383025	461.697566747	6.4
4591.47058931	6400	7.5152291097	0.0	383025	466.190341687	6.4
4591.94620308	6400	7.53961533782	0.0	383025	475.613771876	6.4
4592.35428254	6400	7.6315358787	0.0	383025	408.079459122	6.4
4592.72257536	6400	7.76324305679	0.0	383025	368.292821904	6.4
4593.09086819	6400	7.89495023489	0.0	383025	368.292821904	6.4
4593.95409833	6400	7.5317200923	0.0	383025	363.230142594	6.4
4594.32517483	6400	7.66064359201	0.0	383025	371.076500289	6.4

