6063.12316957	3066	0.5	0.225003080021	181435	225.003080021	2.16598767992
6063.58001774	7800	0.543151832197	0.0	471531	456.848167803	3.066
6064.04558599	7866	0.577583579482	0.0	482442	465.568252715	7.8
6064.51888891	8000	0.604280657003	0.0	492120	473.302922478	7.866
6064.99219183	8000	0.630977734525	0.0	492120	473.302922478	8.0
6065.46394111	8000	0.659228459289	0.0	490176	471.749275235	8.0
6065.95424224	8333	0.668927325281	0.0	513389	490.301134009	8.0
6066.43148922	8066	0.6916803446	0.0	497055	477.246980681	7.799
6066.92708906	8466	0.696080506259	0.0	520019	495.599838341	8.066
6067.44766074	9000	0.67550882545	0.0	551265	520.57168081	8.466
6067.97388038	9266	0.649289189358	0.0	558332	526.219636091	9.0
6068.43153372	9000	0.691635848308	0.0	536970	457.653341051	8.734
6068.87049622	9000	0.752673349925	0.0	536970	438.962498382	9.0
6069.30945872	9000	0.813710851543	0.0	536970	438.962498382	9.0
6069.74842121	9000	0.874748353161	0.0	536970	438.962498382	9.0
6070.18738371	9000	0.935785854779	0.0	536970	438.962498382	9.0
6070.63734565	9400	0.985823917046	0.0	553424	449.961937733	9.0
6071.06694251	9000	1.05622705287	0.0	522960	429.596864171	8.6
6071.51763305	9000	1.10553652197	0.0	522960	450.690530906	9.0
6071.98784597	9000	1.13532359562	0.0	532300	470.212926347	9.0
6072.43658289	8400	1.18658667508	0.0	503004	448.736920541	7.8
6072.86976261	8000	1.25340695672	0.0	481782	433.179718356	7.6
6073.30294233	8000	1.32022723837	0.0	481782	433.179718356	8.0
6073.75721246	8533	1.36595710879	0.0	510552	454.270129574	8.0
6074.23084882	9000	1.39232074761	0.0	536970	473.636361188	8.533
6074.70448518	9000	1.41868438642	0.0	536970	473.636361188	9.0
6075.17812154	9000	1.44504802523	0.0	536970	473.636361188	9.0
6075.6517579	9000	1.47141166404	0.0	536970	473.636361188	9.0
6076.17114748	9000	1.45202209033	0.0	536970	519.389573713	9.0
6076.79436729	9533	1.32880227557	0.0	573990	623.219814761	9.0
6077.42962995	9666	1.19353961661	0.0	586715	635.262658962	9.533
6078.031343	9000	1.09182657076	0.0	551265	601.713045844	8.334
6078.63305604	9000	0.990113524919	0.0	551265	601.713045844	9.0
6079.23476909	9000	0.888400479074	0.0	551265	601.713045844	9.0
6079.9325255	9000	0.69064407136	0.0	551265	697.756407715	9.0
6080.67407913	9000	0.5	0.0509095628148	551265	741.553634174	8.79636174874
6081.41563276	9000	0.5	0.241553634174	551265	741.553634174	8.0337854633
6082.12905688	8466	0.5	0.213424118996	527825	713.424118996	7.07830352402
6082.8071391	8000	0.5	0.178082215326	498375	678.082215326	6.8216711387
6083.40868119	7066	0.5	0.10154209254	434595	601.54209254	5.72583162984
6084.02030383	7200	0.5	0.111622635522	442995	611.622635522	6.61950945791
6084.51215404	7600	0.508149791259	0.0	469589	491.850208741	7.2
6084.93371168	8000	0.586592142966	0.0	496259	421.557648293	7.6
6085.36373774	8133	0.65656608341	0.0	508563	430.026059555	8.0
6085.81329538	8733	0.707008442678	0.0	536941	449.557640732	8.133
6086.25478794	8733	0.76551588998	0.0	525223	441.492552698	8.733
6086.70436554	9000	0.815938289565	0.0	536970	449.577600414	8.733
6087.14773224	9000	0.872571591559	0.0	527946	443.366698006	9.0
6087.58521014	8933	0.935093687991	0.0	519390	437.477903569	8.866
6088.03622712	8933	0.98407670934	0.0	530998	451.016978651	8.933
6088.5769175	9000	0.943386325513	0.0	536970	540.690383827	8.933
6089.09737413	8600	0.922929701509	0.0	513386	520.456624004	8.2
6089.53616388	7000	0.984139943337	0.0	418197	438.789758172	5.4
6090.06743318	8600	0.952870646544	0.0	525989	531.269296793	7.0
6090.62072248	9000	0.899581349767	0.0	551655	553.289296777	8.6
6091.20187094	9533	0.818432883682	0.0	584127	581.148466085	9.0
6091.80739618	10000	0.712907644452	0.0	612540	605.52523923	9.533
6092.41292142	10000	0.607382405221	0.0	612540	605.52523923	10.0
6093.03391667	10000	0.5	0.0136128460635	612540	620.995251285	9.94554861575
6093.65749707	10000	0.5	0.123580394271	612540	623.580394271	9.50567842291
6094.28107746	10000	0.5	0.123580394271	612540	623.580394271	9.50567842291
6094.90029885	9866	0.5	0.119221386049	607628	619.221386049	9.2551144558
6095.53086768	10000	0.5	0.130568828667	620415	630.568828667	9.34372468533
6096.1614365	10000	0.5	0.130568828667	620415	630.568828667	9.47772468533
6096.79200533	10000	0.5	0.130568828667	620415	630.568828667	9.47772468533
6097.36908754	11600	0.5	0.077082203246	730995	577.082203246	9.69167118702
6097.92697781	12000	0.5	0.0578902703752	758640	557.890270375	11.3684389185
6098.49302189	12266	0.5	0.066044087284	771584	566.044087284	11.7358236509
6099.00219336	11000	0.5	0.00917146631682	681300	509.171466317	9.69731413473
6099.47764592	10200	0.524547439083	0.0	627772	475.452560917	9.4
6100.11589854	10000	0.5	0.113705176637	612540	638.25261572	9.34517929345
6100.8069901	10000	0.5	0.191091566012	612540	691.091566012	9.23563373595
6101.49808167	10000	0.5	0.191091566012	612540	691.091566012	9.23563373595
6102.16487682	9600	0.5	0.166795154351	588186	666.795154351	8.5328193826
6102.77381811	8666	0.5	0.108941281943	530195	608.941281943	7.29623487223
6103.36794251	8533	0.5	0.0941244015136	515343	594.124401514	8.02350239395
6103.98618674	9000	0.5	0.118244231715	539520	618.244231715	8.06002307314
6104.60443097	9000	0.5	0.118244231715	539520	618.244231715	8.52702307314
6105.35026047	9000	0.5	0.245829504115	539520	745.829504115	8.01668198354
6106.13417558	9000	0.5	0.283915109649	539520	783.915109649	7.8643395614
6106.91809069	9000	0.5	0.283915109649	539520	783.915109649	7.8643395614
6107.70375672	9000	0.5	0.285666025421	540862	785.666025421	7.85733589832
6108.48802801	9000	0.5	0.284271294452	539793	784.271294452	7.86291482219
6109.35093656	9933	0.5	0.362908548843	600065	862.908548843	7.54836580463
6110.17944001	9533	0.5	0.328503445341	573695	828.503445341	7.81898621864
6110.93642782	9000	0.5	0.256987811378	537795	756.987811378	7.43904875449
6111.5153794	7800	0.5	0.0789515821274	462222	578.951582127	6.28419367149
6112.08777217	7800	0.5	0.0723927644748	456146	572.392764475	7.5104289421
6112.65037312	7666	0.5	0.0626009549083	447075	562.600954908	7.28159618037
6113.18493826	7133	0.5	0.0345651398865	421103	534.565139886	6.46173944045
6113.77904874	8000	0.5	0.0941104821101	476265	594.11048211	6.75655807156
6114.35002849	7733	0.5	0.0709797473077	454837	570.979747308	7.18208101077
6114.92906427	8000	0.5	0.0790357802474	462300	579.035780247	7.41685687901
6115.50810005	8000	0.5	0.0790357802474	462300	579.035780247	7.68385687901
6116.09426676	8000	0.5	0.0861667133305	468906	586.16671333	7.65533314668
6116.71649134	8000	0.5	0.12222457357	467438	622.22457357	7.51110170572
6117.45519397	7933	0.5	0.23870262922	465132	738.70262922	6.91118948312
6118.1800267	7533	0.5	0.224832730888	455338	724.832730888	6.23366907645
6119.02910364	8866	0.5	0.349076940638	543071	849.076940638	6.13669223745
6119.88944191	9000	0.5	0.360338267117	551023	860.338267117	7.42464693153
6120.83689826	10000	0.5	0.447456353255	612540	947.456353255	7.21017458698
6121.78435461	10000	0.5	0.447456353255	612540	947.456353255	8.21017458698
6122.6193683	10000	0.5	0.3350136842	612540	835.0136842	8.6599452632
6123.26679872	9066	0.5	0.147430423862	555398	647.430423862	7.54227830455
6123.91040505	9000	0.5	0.143606333613	551655	643.606333613	8.35957466555
6124.55401139	9000	0.5	0.143606333613	551655	643.606333613	8.42557466555
6125.19761772	9000	0.5	0.143606333613	551655	643.606333613	8.42557466555
6125.84122405	9000	0.5	0.143606333613	551655	643.606333613	8.42557466555
6126.4541355	8533	0.5	0.112911445164	521611	612.911445164	7.61435421934
6127.03196707	8000	0.5	0.0778315726515	487275	577.831572651	7.15567370939
6127.59470784	8000	0.5	0.0627407647053	487275	562.740764705	7.74903694118
6128.10524086	8000	0.5	0.0105330205132	487275	510.533020513	7.95786791795
6128.567463	7133	0.537777860397	0.0	432597	462.222139603	6.266
6129.07488768	7933	0.530353177406	0.0	483757	507.424682991	7.133
6129.58656048	8000	0.518680374232	0.0	488565	511.672803175	7.933
6130.09823329	8000	0.507007571057	0.0	488565	511.672803175	8.0
6130.60990609	8000	0.5	0.00466523211809	488565	511.672803175	7.98133907153
6131.0601667	6933	0.549739393478	0.0	419059	450.260606522	5.866
6131.50310795	6866	0.606798135458	0.0	410775	442.941258019	6.799
6131.76426418	6866	0.845641907011	0.0	413769	261.156228447	6.866

