2892.31613699	3066	0.5	0.273698289168	181435	273.698289168	1.97120684333
2892.89953902	7800	0.5	0.0834020337285	471531	583.402033728	2.73239186509
2893.49458953	7866	0.5	0.0950505140829	482442	595.050514083	7.41979794367
2894.07570568	8000	0.5	0.08111614611	492120	581.11614611	7.54153541556
2894.63963202	8000	0.5	0.0639263387629	492120	563.926338763	7.74429464495
2895.20816256	8000	0.5	0.0685305417247	490176	568.530541725	7.7258778331
2895.80085063	8333	0.5	0.0926880656617	513389	592.688065662	7.62924773735
2896.31916286	8066	0.5	0.0183122292406	497055	518.312229241	7.72575108304
2896.81618409	8466	0.502978763991	0.0	520019	497.021236009	8.066
2897.26358855	9000	0.555574305826	0.0	551265	447.404458165	8.466
2897.69465218	9266	0.624510674891	0.0	558332	431.063630935	9.0
2898.10844715	9000	0.710715701204	0.0	536970	413.794973687	8.734
2898.51743381	9000	0.801729050317	0.0	536970	408.986650886	9.0
2898.93179632	9000	0.887366538687	0.0	536970	414.36251163	9.0
2899.34954461	9000	0.969618242395	0.0	536970	417.748296292	9.0
2899.77691684	9000	1.04224601328	0.0	536970	427.372229116	9.0
2900.21269374	9400	1.106469119	0.0	553424	435.776894278	9.0
2900.62055114	9000	1.19861171081	0.0	522960	407.857408191	8.6
2901.02751867	9000	1.29164418283	0.0	522960	406.967527979	9.0
2901.42979658	9000	1.38936627704	0.0	532300	402.277905796	9.0
2901.81416236	8400	1.50500049949	0.0	503004	384.365777547	7.8
2902.1589651	8000	1.66019775352	0.0	481782	344.802745973	7.6
2902.5041392	8000	1.81502365556	0.0	481782	345.174097956	8.0
2902.86964056	8533	1.94952229826	0.0	510552	365.501357303	8.0
2903.2499149	9000	2.06924796022	0.0	536970	380.274338033	8.533
2903.54896215	6400	2.27020070648	0.0	383025	299.047253748	3.8
2903.84858044	6400	2.47058241803	0.0	383025	299.618288451	6.4
2904.1505684	6400	2.66859445422	0.0	383025	301.987963808	6.4
2904.46155957	6400	2.85760328644	0.0	383025	310.991167779	6.4
2904.77255074	6400	3.04661211866	0.0	383025	310.991167779	6.4
2905.08430568	6400	3.23485717605	0.0	383025	311.754942606	6.4
2905.3977781	6400	3.42138475224	0.0	383025	313.47242381	6.4
2905.71125053	6400	3.60791232843	0.0	383025	313.47242381	6.4
2906.02856623	6400	3.7905966289	0.0	383025	317.315699528	6.4
2906.34626552	6400	3.97289733155	0.0	383025	317.69929735	6.4
2906.66821798	6400	4.150944877	0.0	383025	321.95245455	6.4
2907.01798508	6400	4.30117777167	0.0	383025	349.767105336	6.4
2907.36775219	6400	4.45141066633	0.0	383025	349.767105336	6.4
2907.74225893	6400	4.57690392645	0.0	383025	374.506739887	6.4
2908.1301453	6400	4.68901755457	0.0	383025	387.886371871	6.4
2908.51803167	6400	4.8011311827	0.0	383025	387.886371871	6.4
2908.8306894	6400	4.98847345658	0.0	383025	312.657726127	6.4
2909.14225467	6400	5.17690818734	0.0	383025	311.565269236	6.4
2909.44844286	6400	5.37071999621	0.0	383025	306.188191127	6.4
2909.75411761	6400	5.56504524466	0.0	383025	305.674751557	6.4
2910.05979236	6400	5.7593704931	0.0	383025	305.674751557	6.4
2910.35383419	6400	5.96532867044	0.0	383025	294.041822658	6.4
2910.64733096	6400	6.17183189489	0.0	383025	293.496775549	6.4
2910.94722399	6400	6.37193886652	0.0	383025	299.893028377	6.4
2911.24711702	6400	6.57204583814	0.0	383025	299.893028377	6.4
2911.55559078	6400	6.76357207076	0.0	383025	308.473767381	6.4
2911.86769076	6400	6.95147209415	0.0	383025	312.09997661	6.4
2912.17979074	6400	7.13937211754	0.0	383025	312.09997661	6.4
2912.48689904	6400	7.33226381419	0.0	383025	307.108303343	6.4
2912.79371965	6400	7.52544320441	0.0	383025	306.820609784	6.4
2913.10054026	6400	7.71862259463	0.0	383025	306.820609784	6.4
2913.40437661	6400	7.91478624484	0.0	383025	303.836349784	6.4
2914.04365674	6400	7.61111510722	0.0	383025	303.671137623	6.4
2914.37236802	6400	7.7824038253	0.0	383025	328.71128192	6.4
2914.7010968	6400	7.95367505014	0.0	383025	328.728775157	6.4
2915.50162189	6400	7.62493708157	0.0	383025	328.737968578	6.4
2915.83467643	6400	7.79188254601	0.0	383025	333.054535554	6.4
2916.18707228	6400	7.93948669532	0.0	383025	352.395850695	6.4
2916.75534289	6400	7.5839700544	0.0	383025	355.516640918	6.4
2917.18626186	6400	7.6530510891	0.0	383025	430.918965303	6.4
2917.63587796	6400	7.70343498294	0.0	383025	449.616106157	6.4
2918.15475787	6400	7.68455507722	0.0	383025	518.879905719	6.4
2918.67363777	6400	7.6656751715	0.0	383025	518.879905719	6.4
2919.16692049	6400	7.67239245536	0.0	383025	493.282716144	6.4
2919.65967027	6400	7.67964267042	0.0	383025	492.74978494	6.4
2920.12718513	6400	7.71212781418	0.0	383025	467.514856235	6.4
2920.53970995	6400	7.79960299246	0.0	383025	412.524821722	6.4
2920.95223477	6400	7.88707817074	0.0	383025	412.524821722	6.4
2921.82910077	6400	7.51021217068	0.0	383025	376.866000058	6.4
2922.19495523	6400	7.64435771783	0.0	383025	365.85445285	6.4
2922.56121792	6400	7.778095026	0.0	383025	366.262691833	6.4
2922.92748061	6400	7.91183233416	0.0	383025	366.262691833	6.4
2923.33270392	6400	7.56666655094	0.0	383025	345.165783224	6.4
2923.68775786	6400	7.71161261114	0.0	383025	355.0539398	6.4
2924.0428118	6400	7.85655867134	0.0	383025	355.0539398	6.4
2924.41007271	6400	7.98929775886	0.0	383025	367.260912475	6.4
2924.97086926	6400	7.61261264658	0.0	383025	376.685112279	6.4
2925.32291003	6400	7.76057186968	0.0	383025	352.040776902	6.4
2925.67495081	6400	7.90853109278	0.0	383025	352.040776902	6.4
2926.13869812	6400	7.54575400744	0.0	383025	362.777085341	6.4
2926.50913548	6400	7.67531664488	0.0	383025	370.437362564	6.4
2926.87957285	6400	7.80487928231	0.0	383025	370.437362564	6.4
2927.25051489	6400	7.93393723914	0.0	383025	370.942043168	6.4
2927.74704266	6400	7.56206680106	0.0	383025	371.87043808	6.4
2928.08031335	6400	7.72879610391	0.0	383025	333.270697151	6.4
2928.41358405	6400	7.89552540676	0.0	383025	333.270697151	6.4
2929.28943378	6400	7.51967568194	0.0	383025	375.849724822	6.4
2929.70291076	6400	7.60619869923	0.0	383025	413.47698271	6.4
2930.11883535	6400	7.69027410798	0.0	383025	415.924591252	6.4
2930.52644466	6400	7.78266479792	0.0	383025	407.609310064	6.4
2930.91954339	6400	7.88956606945	0.0	383025	393.098728464	6.4
2931.31264212	6400	7.99646734099	0.0	383025	393.098728464	6.4
2931.67072632	6400	7.64255366697	0.0	383025	353.913674019	6.4
2932.01347544	6400	7.7998045496	0.0	383025	342.749117367	6.4
2932.35622456	6400	7.95705543223	0.0	383025	342.749117367	6.4
2933.20164877	6400	7.61163121836	0.0	383025	345.42421387	6.4
2933.54509167	6400	7.76818831561	0.0	383025	343.442902758	6.4
2933.88688644	6400	7.92639354382	0.0	383025	341.794771782	6.4
2934.7108065	6400	7.58459877204	0.0	383025	341.794771782	6.4
2935.07482318	6400	7.72058209322	0.0	383025	364.016678822	6.4
2935.46223585	6400	7.83316942456	0.0	383025	387.412668665	6.4
2935.84964851	6400	7.94575675589	0.0	383025	387.412668665	6.4
2936.77880413	6400	7.51660113948	0.0	383025	429.155616408	6.4
2937.22330705	6400	7.57209821913	0.0	383025	444.502920352	6.4
2937.66636375	6400	7.62904152289	0.0	383025	443.056696245	6.4
2938.09495381	6400	7.70045146197	0.0	383025	428.59006092	6.4
2938.43449677	6400	7.86090849991	0.0	383025	339.542962061	6.4
2939.05939829	6400	7.52136553784	0.0	383025	339.542962061	6.4
2939.50654042	6400	7.57422339903	0.0	383025	447.142138819	6.4
2939.95692001	6400	7.62384381738	0.0	383025	450.379581649	6.4
2940.42112926	6400	7.65963455949	0.0	383025	464.209257892	6.4
2940.8842897	6400	7.69647412108	0.0	383025	463.160438402	6.4
2941.35383782	6400	7.72692599887	0.0	383025	469.548122218	6.4
2941.88918953	6400	7.69157429568	0.0	383025	535.35170319	6.4
2942.42454123	6400	7.65622259249	0.0	383025	535.35170319	6.4

