5337.56723806	3066	0.5	0.267534714692	181435	267.534714692	1.99586114123
5338.1346216	7800	0.5	0.0673835343433	471531	567.383534343	2.79646586263
5338.71328295	7866	0.5	0.078661354345	482442	578.661354345	7.48535458262
5339.30194767	8000	0.5	0.0886647217702	492120	588.66472177	7.51134111292
5339.89061239	8000	0.5	0.0886647217702	492120	588.66472177	7.64534111292
5340.47726776	8000	0.5	0.0866553658832	490176	586.655365883	7.65337853647
5341.08791653	8333	0.5	0.11064877031	513389	610.64877031	7.55740491876
5341.63070865	8066	0.5	0.0427921214292	497055	542.792121429	7.62783151428
5342.18759164	8466	0.5	0.0568829855239	520019	556.882985524	7.8384680579
5342.77312874	9000	0.5	0.0855371034805	551265	585.53710348	8.12385158608
5343.36585628	9266	0.5	0.0927275429307	558332	592.727542931	8.62908982828
5344.00248388	9000	0.5	0.136627600223	536970	636.627600223	8.18748959911
5344.63911148	9000	0.5	0.136627600223	536970	636.627600223	8.45348959911
5345.27573908	9000	0.5	0.136627600223	536970	636.627600223	8.45348959911
5345.91236668	9000	0.5	0.136627600223	536970	636.627600223	8.45348959911
5346.51488177	9000	0.5	0.102515084235	536970	602.515084235	8.58993966306
5347.12075178	9400	0.5	0.105870015925	553424	605.870015925	8.5765199363
5347.69767455	9000	0.5	0.07692276361	522960	576.92276361	8.29230894556
5348.28852088	9000	0.5	0.0908463344674	522960	590.846334467	8.63661466213
5348.93070662	9000	0.5	0.142185733469	532300	642.185733469	8.43125706612
5349.54195154	8400	0.5	0.11124492331	503004	611.24492331	7.35502030676
5350.13078296	8000	0.5	0.0888314240882	481782	588.831424088	7.24467430365
5350.71961439	8000	0.5	0.0888314240882	481782	588.831424088	7.64467430365
5351.32929373	8533	0.5	0.109679340655	510552	609.679340655	7.56128263738
5351.83817646	9000	0.5	0.00888273368996	536970	508.88273369	8.49746906524
5352.34705919	9000	0.5	0.00888273368996	536970	508.88273369	8.96446906524
5352.879649	9000	0.5	0.0325898030379	536970	532.589803038	8.86964078785
5353.54203106	9000	0.5	0.16238205751	536970	662.38205751	8.35047176996
5354.20441311	9000	0.5	0.16238205751	536970	662.38205751	8.35047176996
5354.90667166	9533	0.5	0.202258546838	573990	702.258546838	8.19096581265
5355.61288172	9666	0.5	0.206210061649	586715	706.210061649	8.7081597534
5356.28125545	9000	0.5	0.16837372427	551265	668.37372427	7.66050510292
5356.94962917	9000	0.5	0.16837372427	551265	668.37372427	8.32650510292
5357.6181997	9000	0.5	0.168570532578	551265	668.570532578	8.32571786969
5358.28826885	9000	0.5	0.170069149676	551265	670.069149676	8.3197234013
5358.958338	9000	0.5	0.170069149676	551265	670.069149676	8.3197234013
5359.62840715	9000	0.5	0.170069149676	551265	670.069149676	8.3197234013
5360.24954404	8466	0.5	0.121136885102	527825	621.136885102	7.44745245959
5360.69038446	8000	0.559159575977	0.0	498375	440.840424023	7.534
5361.085046	7066	0.664498037822	0.0	434595	394.661538155	6.132
5361.48578942	7200	0.763754614416	0.0	442995	400.743423406	7.066
5361.9057878	7600	0.84375623192	0.0	469589	419.998382496	7.2
5362.36708927	8000	0.882454770533	0.0	496259	461.301461387	7.6
5362.85675205	8133	0.89279198745	0.0	508563	489.662783083	8.0
5363.36927416	8733	0.88026987237	0.0	536941	512.52211508	8.133
5363.86977196	8733	0.879772081576	0.0	525223	500.497790794	8.733
5364.36692681	9000	0.882617225401	0.0	536970	497.154856175	8.733
5364.85707121	9000	0.892472826835	0.0	527946	490.144398566	9.0
5365.34056873	8933	0.908975311613	0.0	519390	483.497515222	8.866
5365.83762801	8933	0.911916030074	0.0	530998	497.05928154	8.933
5366.47644125	9000	0.773102784978	0.0	536970	638.813245095	8.933
5367.09071113	8600	0.6588329065	0.0	513386	614.269878478	8.2
5367.60591984	7000	0.643624193426	0.0	418197	515.208713074	5.4
5368.23280702	8600	0.516737015551	0.0	525989	626.887177876	7.0
5368.80746865	9000	0.5	0.0579246095006	551655	574.661625051	8.368301562
5369.41124748	9533	0.5	0.103778831074	584127	603.778831074	8.5848846757
5370.04050386	10000	0.5	0.129256386344	612540	629.256386344	9.01597445462
5370.70013129	10000	0.5	0.159627426267	612540	659.627426267	9.36149029493
5371.41715879	10000	0.5	0.217027495403	612540	717.027495403	9.13189001839
5372.13418628	10000	0.5	0.217027495403	612540	717.027495403	9.13189001839
5372.80267602	10000	0.5	0.168489741436	612540	668.489741436	9.32604103425
5373.4128675	9866	0.5	0.110191477421	607628	610.191477421	9.29123409031
5374.03421639	10000	0.5	0.121348893508	620415	621.348893508	9.38060442597
5374.65801146	10000	0.5	0.123795068426	620415	623.795068426	9.50481972629
5375.3305644	10000	0.5	0.17255294174	620415	672.55294174	9.30978823304
5376.10873134	11600	0.5	0.278166932855	730995	778.166932855	8.88733226858
5377.0259289	12000	0.5	0.417197564678	758640	917.197564678	9.93120974129
5378.15772989	12266	0.5	0.631800988373	771584	1131.80098837	9.47279604651
5379.16645834	11000	0.5	0.508728451314	681300	1008.72845131	7.69908619475
5379.95254394	10200	0.5	0.286085599697	627772	786.085599697	8.25565760121
5380.57174538	10000	0.5	0.119201441097	612540	619.201441097	9.32319423561
5381.19154982	10000	0.5	0.119804439838	612540	619.804439838	9.52078224065
5382.07225024	10000	0.5	0.380700415529	612540	880.700415529	8.47719833788
5382.92111558	9600	0.5	0.348865338767	588186	848.865338767	7.80453864493
5383.6941762	8666	0.5	0.273060627569	530195	773.060627569	6.63975748972
5384.44782258	8533	0.5	0.253646381036	515343	753.646381036	7.38541447586
5385.17608154	9000	0.5	0.22825895186	539520	728.25895186	7.61996419256
5385.90418808	9000	0.5	0.228106547444	539520	728.106547444	8.08757381022
5386.49895603	9000	0.5	0.0947679501163	539520	594.767950116	8.62092819953
5386.97481554	9000	0.524140491907	0.0	539520	475.859508093	9.0
5387.45067505	9000	0.548280983813	0.0	539520	475.859508093	9.0
5387.92325332	9000	0.575702709493	0.0	540862	472.57827432	9.0
5388.38788304	9000	0.611072991423	0.0	539793	464.62971807	9.0
5388.8954596	9933	0.603496435644	0.0	600065	507.576555779	9.0
5389.3842462	9533	0.614709833913	0.0	573695	488.786601731	9.133
5389.84778478	9000	0.651171253134	0.0	537795	463.538580779	8.467
5390.25753558	7800	0.741420455758	0.0	462222	409.750797377	6.6
5390.66295174	7800	0.83600429811	0.0	456146	405.416157647	7.8
5391.06189661	7666	0.937059423705	0.0	447075	398.944874405	7.532
5391.44231297	7133	1.05664306527	0.0	421103	380.416358433	6.6
5391.8332667	8000	1.16568933584	0.0	476265	390.953729431	7.133
5392.20463715	7733	1.29431888352	0.0	454837	371.370452321	7.466
5392.58078843	8000	1.41816760271	0.0	462300	376.151280807	7.733
5392.95693971	8000	1.54201632191	0.0	462300	376.151280807	8.0
5393.31359143	8000	1.68536460289	0.0	468906	356.651719015	8.0
5393.64139753	8000	1.85755850068	0.0	467438	327.806102211	8.0
5393.96798114	7933	2.03097489401	0.0	465132	326.583606668	7.866
5394.2510368	6400	2.24791923251	0.0	383025	283.055661498	4.867
5394.53409246	6400	2.46486357102	0.0	383025	283.055661498	6.4
5394.80596529	6400	2.69299074004	0.0	383025	271.872830981	6.4
5395.07249985	6400	2.92645617871	0.0	383025	266.534561328	6.4
5395.33903442	6400	3.15992161738	0.0	383025	266.534561328	6.4
5395.61925185	6400	3.37970418758	0.0	383025	280.217429796	6.4
5395.95694996	6400	3.54200607055	0.0	383025	337.698117034	6.4
5396.29464808	6400	3.70430795352	0.0	383025	337.698117034	6.4
5396.6323462	6400	3.86660983648	0.0	383025	337.698117034	6.4
5396.97004431	6400	4.02891171945	0.0	383025	337.698117034	6.4
5397.30774243	6400	4.19121360242	0.0	383025	337.698117034	6.4
5397.6480864	6400	4.35086963589	0.0	383025	340.343966521	6.4
5397.9980175	6400	4.50093853065	0.0	383025	349.931105243	6.4
5398.34794861	6400	4.65100742541	0.0	383025	349.931105243	6.4
5398.69787971	6400	4.80107632016	0.0	383025	349.931105243	6.4
5399.04781082	6400	4.95114521492	0.0	383025	349.931105243	6.4
5399.39774192	6400	5.10121410968	0.0	383025	349.931105243	6.4
5399.7340771	6400	5.26487893297	0.0	383025	336.335176709	6.4
5400.05289879	6400	5.44605724069	0.0	383025	318.82169228	6.4
5400.37172049	6400	5.62723554841	0.0	383025	318.82169228	6.4
5400.69054218	6400	5.80841385613	0.0	383025	318.82169228	6.4
5401.00936387	6400	5.98959216385	0.0	383025	318.82169228	6.4
5401.3321645	6400	6.1667915356	0.0	383025	322.800628244	6.4

