6307.09873868	3066	0.5	0.260606140018	181435	260.606140018	2.02357543993
6307.64811555	7800	0.5	0.0493768777179	471531	549.376877718	2.86849248913
6308.20835359	7866	0.5	0.0602380323668	482442	560.238032367	7.55904787053
6308.77822541	8000	0.5	0.0698718198008	492120	569.871819801	7.5865127208
6309.34809722	8000	0.5	0.0698718198008	492120	569.871819801	7.7205127208
6309.91722642	8000	0.5	0.069129195054	490176	569.129195054	7.72348321978
6310.52099238	8333	0.5	0.10376595987	513389	603.76595987	7.58493616052
6311.10809419	8066	0.5	0.0871018062003	497055	587.1018062	7.4505927752
6311.71862416	8466	0.5	0.110529969839	520019	610.529969839	7.62388012064
6312.36103169	9000	0.5	0.14240753477	551265	642.40753477	7.89636986092
6313.01064907	9266	0.5	0.149617377673	558332	649.617377673	8.40153048931
6313.63847266	9000	0.5	0.127823594724	536970	627.823594724	8.22270562111
6314.26629626	9000	0.5	0.127823594724	536970	627.823594724	8.48870562111
6314.88031798	9000	0.5	0.114021723754	536970	614.021723754	8.54391310498
6315.4911882	9000	0.5	0.110870218614	536970	610.870218614	8.55651912554
6316.10205842	9000	0.5	0.110870218614	536970	610.870218614	8.55651912554
6316.72919573	9400	0.5	0.127137307235	553424	627.137307235	8.49145077106
6317.32621509	9000	0.5	0.0970193670526	522960	597.019367053	8.21192253179
6317.92323446	9000	0.5	0.0970193670526	522960	597.019367053	8.61192253179
6318.52061381	9000	0.5	0.0973793519318	532300	597.379351932	8.61048259227
6319.08910191	8400	0.5	0.0684880974887	503004	568.488097489	7.52604761005
6319.63698044	8000	0.5	0.0478785309546	481782	547.878530955	7.40848587618
6320.18485897	8000	0.5	0.0478785309546	481782	547.878530955	7.80848587618
6320.76067725	8533	0.5	0.0758182741073	510552	575.818274107	7.69672690357
6321.36215114	9000	0.5	0.101473892272	536970	601.473892272	8.12710443091
6321.96362503	9000	0.5	0.101473892272	536970	601.473892272	8.59410443091
6322.56509892	9000	0.5	0.101473892272	536970	601.473892272	8.59410443091
6323.12851999	9000	0.5	0.0634210648081	536970	563.421064808	8.74631574077
6323.66119783	9000	0.5	0.0326778392074	536970	532.677839207	8.86928864317
6324.22508436	9533	0.5	0.0638865354241	573990	563.886535424	8.7444538583
6324.79969836	9666	0.5	0.0746139978594	586715	574.613997859	9.23454400856
6325.34442721	9000	0.5	0.0447288471063	551265	544.728847106	8.15508461157
6325.83143731	9000	0.512989894713	0.0	551265	487.010105287	9.0
6326.31245579	9000	0.531971419496	0.0	551265	481.018475217	9.0
6326.79347426	9000	0.550952944279	0.0	551265	481.018475217	9.0
6327.27449274	9000	0.569934469062	0.0	551265	481.018475217	9.0
6327.75551121	9000	0.588915993846	0.0	551265	481.018475217	9.0
6328.24764746	8466	0.596779749074	0.0	527825	492.136244772	7.932
6328.72524414	8000	0.619183070522	0.0	498375	477.596678552	7.534
6329.15195801	7066	0.692469193391	0.0	434595	426.713877131	6.132
6329.58537329	7200	0.759053912498	0.0	442995	433.415280893	7.066
6330.0400049	7600	0.804422306409	0.0	469589	454.631606089	7.2
6330.51591346	8000	0.828513743377	0.0	496259	475.908563033	7.6
6331.00163799	8133	0.842789219405	0.0	508563	485.724523972	8.0
6331.50266981	8733	0.841757393476	0.0	536941	501.031825929	8.133
6331.97838714	8733	0.866040069808	0.0	525223	475.717323668	8.733
6332.46295497	9000	0.881472236164	0.0	536970	484.567833644	8.733
6332.94072388	9000	0.903703330078	0.0	527946	477.768906086	9.0
6333.41204646	8933	0.932380747594	0.0	519390	471.322582484	8.866
6333.89211483	8933	0.952312381523	0.0	530998	480.068366071	8.933
6334.37668266	9000	0.967744547879	0.0	536970	484.567833644	8.933
6334.84149492	8600	1.0029322854	0.0	513386	464.812262482	8.2
6335.23319861	7000	1.11122859748	0.0	418197	391.703687916	5.4
6335.70524521	8600	1.13918199958	0.0	525989	472.046597903	7.0
6336.19642199	9000	1.14800521458	0.0	551655	491.176785001	8.6
6336.71180183	9533	1.13262538136	0.0	584127	515.379833216	9.0
6337.24835933	10000	1.09606788096	0.0	612540	536.557500403	9.533
6337.78491683	10000	1.05951038056	0.0	612540	536.557500403	10.0
6338.32626487	10000	1.01816233529	0.0	612540	541.348045265	10.0
6338.8676469	10000	0.976780309654	0.0	612540	541.382025636	10.0
6339.40902892	10000	0.935398284018	0.0	612540	541.382025636	10.0
6339.94671109	9866	0.897716112285	0.0	607628	537.682171733	9.732
6340.4882323	10000	0.856194910834	0.0	620415	541.521201451	9.866
6341.01218886	10000	0.832238349338	0.0	620415	523.956561496	10.0
6341.53614542	10000	0.808281787843	0.0	620415	523.956561496	10.0
6342.13923082	11600	0.705196390697	0.0	730995	603.085397146	10.0
6342.76209842	12000	0.582328784638	0.0	758640	622.867606059	11.6
6343.3942285	12266	0.5	0.0498012888531	771584	632.130073491	11.8007948446
6343.93746557	11000	0.5	0.0432370778284	681300	543.237077828	9.56105168869
6344.44412665	10200	0.5	0.00666107177739	627772	506.661071777	9.37335571289
6344.94043539	10000	0.503691255891	0.0	612540	496.308744109	9.8
6345.43674413	10000	0.507382511783	0.0	612540	496.308744109	10.0
6345.93305288	10000	0.511073767674	0.0	612540	496.308744109	10.0
6346.44360997	9600	0.500516675412	0.0	588186	510.557092263	9.2
6346.92294051	8666	0.521186131088	0.0	530195	479.330544323	7.732
6347.39108488	8533	0.553041767782	0.0	515343	468.144363306	8.4
6347.87743879	9000	0.566687850312	0.0	539520	486.35391747	8.533
6348.36379271	9000	0.580333932841	0.0	539520	486.35391747	9.0
6348.85014663	9000	0.593980015371	0.0	539520	486.35391747	9.0
6349.34003896	9000	0.604087680287	0.0	539520	489.892335084	9.0
6349.86386805	9000	0.580258594394	0.0	539520	523.829085892	9.0
6350.38880112	9000	0.555325529719	0.0	540862	524.933064676	9.0
6350.91285478	9000	0.53127186394	0.0	539793	524.053665779	9.0
6351.48649042	9933	0.5	0.0423637759363	600065	573.635639876	8.83054489625
6352.03843312	9533	0.5	0.0519427035716	573695	551.942703572	8.92522918571
6352.51580109	9000	0.52263203099	0.0	537795	477.36796901	8.467
6352.93129058	7800	0.607142540247	0.0	462222	415.489490743	6.6
6353.34237	7800	0.696063125497	0.0	456146	411.07941475	7.8
6353.74686551	7666	0.791567614522	0.0	447075	404.495510975	7.532
6354.13251005	7133	0.905923073543	0.0	421103	385.644540979	6.6
6354.55819222	8000	0.980240907162	0.0	476265	425.682166381	7.133
6354.96832154	7733	1.07011158943	0.0	454837	410.129317733	7.466
6355.42597207	8000	1.11246105472	0.0	462300	457.650534709	7.733
6355.96358985	8000	1.07484327013	0.0	462300	537.617784595	8.0
6356.50774673	8000	1.03068639168	0.0	468906	544.156878441	8.0
6357.05045048	8000	0.987982645209	0.0	467438	542.703746475	8.0
6357.59087158	7933	0.947561543361	0.0	465132	540.421101848	7.866
6358.12159788	7533	0.916835247012	0.0	455338	530.726296349	7.133
6358.73916861	8866	0.799264518269	0.0	543071	617.570728743	7.533
6359.23092044	9000	0.807512680593	0.0	551023	491.751837677	8.866
6359.73569953	10000	0.802733595601	0.0	612540	504.779084992	9.0
6360.24047861	10000	0.797954510609	0.0	612540	504.779084992	10.0
6360.7452577	10000	0.793175425617	0.0	612540	504.779084992	10.0
6361.21041043	9066	0.828022693965	0.0	555398	465.152731652	8.132
6361.67366377	9000	0.864769358047	0.0	551655	463.253335918	8.934
6362.14694617	9000	0.891486954616	0.0	551655	473.282403431	9.0
6362.62022857	9000	0.918204551185	0.0	551655	473.282403431	9.0
6363.09351098	9000	0.944922147754	0.0	551655	473.282403431	9.0
6363.5453746	8533	0.993058523322	0.0	521611	451.863624432	8.066
6363.97964817	8000	1.05878495202	0.0	487275	434.273571298	7.467
6364.42480807	8000	1.11362505123	0.0	487275	445.159900798	8.0
6364.86996797	8000	1.16846515043	0.0	487275	445.159900798	8.0
6365.27415263	7133	1.26428049575	0.0	432597	404.184654673	6.266
6365.71667617	7933	1.32175695539	0.0	483757	442.523540363	7.133
6366.16280279	8000	1.37563033914	0.0	488565	446.126616251	7.933
6366.6089294	8000	1.42950372289	0.0	488565	446.126616251	8.0
6367.05505602	8000	1.48337710664	0.0	488565	446.126616251	8.0
6367.43229036	6933	1.60614276644	0.0	419059	377.234340203	5.866
6367.79303211	6866	1.74540101664	0.0	410775	360.741749795	6.799
6368.15582009	6866	1.88261303521	0.0	413769	362.787981427	6.866

