3399.01353714	3066	0.5	0.228407676946	181435	228.407676946	2.15236929222
3399.4792335	7800	0.534303633159	0.0	471531	465.696366841	3.066
3399.9538547	7866	0.559682438345	0.0	482442	474.621194814	7.8
3400.43639217	8000	0.577144967744	0.0	492120	482.537470601	7.866
3400.91955383	8000	0.593983303387	0.0	492120	483.161664357	8.0
3401.4186364	8000	0.594900735168	0.0	490176	499.082568219	8.0
3401.93756524	8333	0.575971900188	0.0	513389	518.92883498	8.0
3402.45711601	8066	0.556421121527	0.0	497055	519.550778661	7.799
3403.04209808	8466	0.5	0.0285609442707	520019	584.982065798	7.95175622292
3403.65742263	9000	0.5	0.115324552568	551265	615.324552568	8.00470178973
3404.27960983	9266	0.5	0.122187202316	558332	622.187202316	8.51125119074
3404.88422106	9000	0.5	0.104611229565	536970	604.611229565	8.31555508174
3405.49698567	9000	0.5	0.112764601519	536970	612.764601519	8.54894159392
3406.10975027	9000	0.5	0.112764601519	536970	612.764601519	8.54894159392
3406.69612193	9000	0.5	0.0863716642654	536970	586.371664265	8.65451334294
3407.25204719	9000	0.5	0.0559252623336	536970	555.925262334	8.77629895067
3407.8225559	9400	0.5	0.0705087106947	553424	570.508710695	8.71796515722
3408.36606388	9000	0.5	0.043507971004	522960	543.507971004	8.42596811598
3409.02715209	9000	0.5	0.161088219311	522960	661.088219311	8.35564712276
3409.78871067	9000	0.5	0.261558572999	532300	761.558572999	7.953765708
3410.50694557	8400	0.5	0.218234901651	503004	718.234901651	6.9270603934
3411.15762819	8000	0.5	0.150682621483	481782	650.682621483	6.99726951407
3411.80831081	8000	0.5	0.150682621483	481782	650.682621483	7.39726951407
3412.45614019	8533	0.5	0.147829377433	510552	647.829377433	7.40868249027
3413.03232081	9000	0.5	0.0761806235204	536970	576.18062352	8.22827750592
3413.60850144	9000	0.5	0.0761806235204	536970	576.18062352	8.69527750592
3414.18468206	9000	0.5	0.0761806235204	536970	576.18062352	8.69527750592
3415.00728552	9000	0.5	0.322603456091	536970	822.603456091	7.70958617563
3415.84048042	9000	0.5	0.333194903233	536970	833.194903233	7.66722038707
3416.72560239	9533	0.5	0.385121966789	573990	885.121966789	7.45951213284
3417.4488378	9666	0.5	0.223235416855	586715	723.235416855	8.64005833258
3418.07177282	9000	0.5	0.122935020115	551265	622.935020115	7.84225991954
3418.69470784	9000	0.5	0.122935020115	551265	622.935020115	8.50825991954
3419.32311302	9000	0.5	0.128405176772	551265	628.405176772	8.48637929291
3419.95471906	9000	0.5	0.131606038	551265	631.606038	8.473575848
3420.58719382	9000	0.5	0.13247476397	551265	632.47476397	8.47010094412
3421.24140813	9000	0.5	0.154214305306	551265	654.214305306	8.38314277878
3421.87120662	8466	0.5	0.12979849201	527825	629.79849201	7.41280603196
3422.4703291	8000	0.5	0.0991224808519	498375	599.122480852	7.13751007659
3423.02617543	7066	0.5	0.0558463344118	434595	555.846334412	5.90861466235
3423.60750401	7200	0.5	0.0813285788337	442995	581.328578834	6.74068568467
3424.21892849	7600	0.5	0.111424476588	469589	611.424476588	6.75430209365
3424.88332143	8000	0.5	0.164392936432	496259	664.392936432	6.94242825427
3425.82767954	8133	0.5	0.444358111162	508563	944.358111162	6.22256755535
3426.82026915	8733	0.5	0.492589607512	536941	992.589607512	6.16264156995
3427.79294274	8733	0.5	0.472673592492	525223	972.673592492	6.84230563003
3428.38443304	9000	0.5	0.0914903021851	536970	591.490302185	8.36703879126
3428.7720878	9000	0.612345240177	0.0	527946	387.654759823	9.0
3429.15475664	8933	0.729676395818	0.0	519390	382.66884436	8.866
3429.62138148	8933	0.763051561851	0.0	530998	466.624833966	8.933
3430.10406753	9000	0.780365509375	0.0	536970	482.686052476	8.933
3430.5690674	8600	0.815365636502	0.0	513386	464.999872873	8.2
3430.9868073	7000	0.897625739353	0.0	418197	417.739897148	5.4
3431.51805172	8600	0.86638131649	0.0	525989	531.244422863	7.0
3432.07131493	9000	0.813118107384	0.0	551655	553.263209106	8.6
3432.61889965	9533	0.76553339324	0.0	584127	547.584714144	9.0
3433.16885619	10000	0.715576850035	0.0	612540	549.956543205	9.533
3433.71881273	10000	0.66562030683	0.0	612540	549.956543205	10.0
3434.27183703	10000	0.612596006393	0.0	612540	553.024300437	10.0
3434.82519673	10000	0.559236307415	0.0	612540	553.359698977	10.0
3435.43999495	10000	0.5	0.0555619109616	612540	614.798218377	9.77775235615
3436.06106933	9866	0.5	0.121074383758	607628	621.074383758	9.24770246497
3436.69353016	10000	0.5	0.132460821093	620415	632.460821093	9.33615671563
3437.39836864	10000	0.5	0.204838486949	620415	704.838486949	9.1806460522
3438.10230191	10000	0.5	0.203933271562	620415	703.933271562	9.18426691375
3438.86208859	11600	0.5	0.259786672548	730995	759.786672548	8.96085330981
3439.63884684	12000	0.5	0.276758249409	758640	776.758249409	10.4929670024
3440.40202014	12266	0.5	0.263173306573	771584	763.173306573	10.9473067737
3441.08525449	11000	0.5	0.183234351371	681300	683.234351371	9.00106259452
3441.89329258	10200	0.5	0.308038082986	627772	808.038082986	8.16784766806
3442.68989645	10000	0.5	0.296603875914	612540	796.603875914	8.61358449634
3443.48642531	10000	0.5	0.296528854761	612540	796.528854761	8.81388458096
3444.24381127	10000	0.5	0.257385959055	612540	757.385959055	8.97045616378
3444.97426501	9600	0.5	0.230453746225	588186	730.453746225	8.2781850151
3445.63523034	8666	0.5	0.160965325514	530195	660.965325514	7.08813869794
3446.25314036	8533	0.5	0.117910025995	515343	617.910025995	7.92835989602
3446.89628611	9000	0.5	0.143145744145	539520	643.145744145	7.96041702342
3447.53871498	9000	0.5	0.142428872559	539520	642.428872559	8.43028450976
3448.17558252	9000	0.5	0.136867541219	539520	636.867541219	8.45252983512
3448.82169292	9000	0.5	0.146110396812	539520	646.110396812	8.41555841275
3449.51144797	9000	0.5	0.189755053895	539520	689.755053895	8.24097978442
3450.20271973	9000	0.5	0.191271756301	540862	691.271756301	8.2349129748
3450.89278332	9000	0.5	0.190063593207	539793	690.063593207	8.23974562717
3451.50933705	9933	0.5	0.116553723668	600065	616.553723668	8.53378510533
3452.06308225	9533	0.5	0.053745203504	573695	553.745203504	8.91801918598
3452.58718199	9000	0.5	0.024099742404	537795	524.099742404	8.37060103038
3453.03222714	7800	0.554954850965	0.0	462222	445.045149035	6.6
3453.45653623	7800	0.630645766128	0.0	456146	424.309084837	7.8
3453.87399832	7666	0.713183672623	0.0	447075	417.462093504	7.532
3454.27247014	7133	0.814711855695	0.0	421103	398.471816929	6.6
3454.71668906	8000	0.870492933887	0.0	476265	444.218921808	7.133
3455.14452113	7733	0.942660861956	0.0	454837	427.832071931	7.466
3455.57508471	8000	1.01209727855	0.0	462300	430.563583407	7.733
3455.97667723	8000	1.11050475756	0.0	462300	401.592520984	8.0
3456.38286513	8000	1.20431686519	0.0	468906	406.187892374	8.0
3456.78803183	8000	1.29915016646	0.0	467438	405.166698732	8.0
3457.17122926	7933	1.41595273697	0.0	465132	383.197429492	7.866
3457.52675133	7533	1.56043065802	0.0	455338	355.522078942	7.133
3457.93536008	8866	1.65182190819	0.0	543071	408.608749836	7.533
3458.36498902	9000	1.7221929741	0.0	551023	429.628934088	8.866
3458.87978153	10000	1.70740046584	0.0	612540	514.792508264	9.0
3459.39457403	10000	1.69260795757	0.0	612540	514.792508264	10.0
3459.90435517	10000	1.68282681845	0.0	612540	509.781139126	10.0
3460.33392698	9066	1.75325501617	0.0	555398	429.571802277	8.132
3460.76114291	9000	1.82603908708	0.0	551655	427.215929091	8.934
3461.19218704	9000	1.89499495674	0.0	551655	431.044130341	9.0
3461.63537342	9000	1.9518085717	0.0	551655	443.186385035	9.0
3462.07855981	9000	2.00862218667	0.0	551655	443.186385035	9.0
3462.41087686	6400	2.17630513251	0.0	383025	332.317054161	3.8
3462.74451758	6400	2.34266441051	0.0	383025	333.640721997	6.4
3463.0781583	6400	2.50902368851	0.0	383025	333.640721997	6.4
3463.41179903	6400	2.67538296651	0.0	383025	333.640721997	6.4
3463.74543975	6400	2.84174224452	0.0	383025	333.640721997	6.4
3464.0989739	6400	2.98820808905	0.0	383025	353.534155466	6.4
3464.4586304	6400	3.1285515949	0.0	383025	359.656494153	6.4
3464.81828689	6400	3.26889510075	0.0	383025	359.656494153	6.4
3465.17794339	6400	3.40923860659	0.0	383025	359.656494153	6.4
3465.51243815	6400	3.57474384528	0.0	383025	334.49476131	6.4
3465.82594375	6400	3.76123824309	0.0	383025	313.505602198	6.4
3466.13944935	6400	3.94773264089	0.0	383025	313.505602198	6.4

