7016.35605901	3066	0.5	0.212534500184	181435	212.534500184	2.21586199927
7016.78050262	7800	0.57555639537	0.0	471531	424.44360463	3.066
7017.21291648	7866	0.643142531795	0.0	482442	432.413863574	7.8
7017.65239992	8000	0.703659090175	0.0	492120	439.48344162	7.866
7018.09188336	8000	0.764175648555	0.0	492120	439.48344162	8.0
7018.5357734	8000	0.820285607197	0.0	490176	443.890041357	8.0
7018.99728855	8333	0.858770460235	0.0	513389	461.515146963	8.0
7019.44739115	8066	0.908667858123	0.0	497055	450.102602112	7.799
7019.91631213	8466	0.939746886994	0.0	520019	468.920971129	8.066
7020.40860191	9000	0.94745710691	0.0	551265	492.289780084	8.466
7020.86269005	9266	0.993368964485	0.0	558332	454.088142425	9.0
7021.27516477	9000	1.080894243	0.0	536970	412.474721485	8.734
7021.68763949	9000	1.16841952152	0.0	536970	412.474721485	9.0
7022.10230037	9000	1.253758646	0.0	536970	414.660875515	9.0
7022.52426515	9000	1.33179386436	0.0	536970	421.96478164	9.0
7022.94622993	9000	1.40982908272	0.0	536970	421.96478164	9.0
7023.3786733	9400	1.477385711	0.0	553424	432.443371724	9.0
7023.77931335	9000	1.57674566334	0.0	522960	400.640047654	8.6
7024.17802318	9000	1.67803583285	0.0	522960	398.709830493	9.0
7024.58242513	9000	1.77363388476	0.0	532300	404.401948087	9.0
7024.96443048	8400	1.89162852716	0.0	503004	382.005357601	7.8
7025.32819794	8000	2.02786106918	0.0	481782	363.767457982	7.6
7025.63379797	6400	2.22226104553	0.0	383025	305.600023649	4.8
7025.93939799	6400	2.41666102188	0.0	383025	305.600023649	6.4
7026.32158783	6400	2.53447118438	0.0	383025	382.189837498	6.4
7026.70520465	6400	2.65085435967	0.0	383025	383.616824714	6.4
7027.08882148	6400	2.76723753495	0.0	383025	383.616824714	6.4
7027.4724383	6400	2.88362071024	0.0	383025	383.616824714	6.4
7027.83198222	6400	3.0240767905	0.0	383025	359.543919745	6.4
7028.09871342	6400	3.25734559199	0.0	383025	266.731198507	6.4
7028.36544462	6400	3.49061439348	0.0	383025	266.731198507	6.4
7028.63217582	6400	3.72388319497	0.0	383025	266.731198507	6.4
7028.89890702	6400	3.95715199647	0.0	383025	266.731198507	6.4
7029.23958943	6400	4.11646957746	0.0	383025	340.682419006	6.4
7029.6108443	6400	4.24521471655	0.0	383025	371.25486091	6.4
7029.98209916	6400	4.37395985564	0.0	383025	371.25486091	6.4
7030.35335402	6400	4.50270499473	0.0	383025	371.25486091	6.4
7030.72576045	6400	4.63029856665	0.0	383025	372.406428082	6.4
7031.12727402	6400	4.72878499176	0.0	383025	401.513574889	6.4
7031.5287876	6400	4.82727141687	0.0	383025	401.513574889	6.4
7031.93030117	6400	4.92575784199	0.0	383025	401.513574889	6.4
7032.32107337	6400	5.03498563736	0.0	383025	390.772204628	6.4
7032.65107157	6400	5.20498744116	0.0	383025	329.998196194	6.4
7032.98106977	6400	5.37498924497	0.0	383025	329.998196194	6.4
7033.31106796	6400	5.54499104878	0.0	383025	329.998196194	6.4
7033.64106616	6400	5.71499285258	0.0	383025	329.998196194	6.4
7034.00921184	6400	5.84684717601	0.0	383025	368.145676568	6.4
7034.40854853	6400	5.94751048378	0.0	383025	399.336692238	6.4
7034.80788522	6400	6.04817379154	0.0	383025	399.336692238	6.4
7035.20722191	6400	6.1488370993	0.0	383025	399.336692238	6.4
7035.6374626	6400	6.21859641093	0.0	383025	430.240688372	6.4
7036.10128676	6400	6.25477225101	0.0	383025	463.824159918	6.4
7036.56511092	6400	6.29094809109	0.0	383025	463.824159918	6.4
7037.02893508	6400	6.32712393118	0.0	383025	463.824159918	6.4
7037.49161813	6400	6.36444088213	0.0	383025	462.683049048	6.4
7037.94046055	6400	6.41559846072	0.0	383025	448.842421411	6.4
7038.38930297	6400	6.46675603931	0.0	383025	448.842421411	6.4
7038.83814539	6400	6.5179136179	0.0	383025	448.842421411	6.4
7039.25268372	6400	6.60337528912	0.0	383025	414.538328779	6.4
7039.65688968	6400	6.69916932846	0.0	383025	404.205960654	6.4
7040.06109564	6400	6.79496336781	0.0	383025	404.205960654	6.4
7040.4653016	6400	6.89075740716	0.0	383025	404.205960654	6.4
7040.86950757	6400	6.9865514465	0.0	383025	404.205960654	6.4
7041.27264564	6400	7.08341337523	0.0	383025	403.138071277	6.4
7041.67569827	6400	7.18036074174	0.0	383025	403.052633487	6.4
7042.0787509	6400	7.27730810825	0.0	383025	403.052633487	6.4
7042.51113727	6400	7.3449217417	0.0	383025	432.386366553	6.4
7042.94396358	6400	7.41209543663	0.0	383025	432.826305066	6.4
7043.37678988	6400	7.47926913157	0.0	383025	432.826305066	6.4
7043.80688996	6400	7.54916905448	0.0	383025	430.100077085	6.4
7044.23064971	6400	7.62540929778	0.0	383025	423.759756699	6.4
7044.65440947	6400	7.70164954108	0.0	383025	423.759756699	6.4
7045.07816923	6400	7.77788978438	0.0	383025	423.759756699	6.4
7045.50192898	6400	7.85413002768	0.0	383025	423.759756699	6.4
7045.92075682	6400	7.9353021879	0.0	383025	418.827839788	6.4
7046.83850804	6400	7.51755096942	0.0	383025	417.751218472	6.4
7047.25625926	6400	7.59979975095	0.0	383025	417.751218472	6.4
7047.71813365	6400	7.63792536052	0.0	383025	461.874390431	6.4
7048.25009361	6400	7.60596540431	0.0	383025	531.959956208	6.4
7048.78205356	6400	7.57400544811	0.0	383025	531.959956208	6.4
7049.31401352	6400	7.5420454919	0.0	383025	531.959956208	6.4
7049.84543104	6400	7.510627976	0.0	383025	531.417515899	6.4
7050.2772883	6400	7.57877071025	0.0	383025	431.857265751	6.4
7050.70914557	6400	7.6469134445	0.0	383025	431.857265751	6.4
7051.14100283	6400	7.71505617875	0.0	383025	431.857265751	6.4
7051.5728601	6400	7.783198913	0.0	383025	431.857265751	6.4
7051.97015008	6400	7.88590893596	0.0	383025	397.289977036	6.4
7052.49963526	6400	7.50447913457	0.0	383025	381.429801387	6.4
7052.90287224	6400	7.60124215616	0.0	383025	403.236978409	6.4
7053.30610922	6400	7.69800517775	0.0	383025	403.236978409	6.4
7053.7093462	6400	7.79476819935	0.0	383025	403.236978409	6.4
7054.11258318	6400	7.89153122094	0.0	383025	403.236978409	6.4
7054.97943609	6400	7.52467831092	0.0	383025	366.852910015	6.4
7055.31106658	6400	7.69304782112	0.0	383025	331.630489806	6.4
7055.64269707	6400	7.86141733131	0.0	383025	331.630489806	6.4
7056.47444063	6400	7.52967376425	0.0	383025	331.743567061	6.4
7056.80624596	6400	7.69786844139	0.0	383025	331.805322859	6.4
7057.19638789	6400	7.80772650547	0.0	383025	390.14193592	6.4
7057.62207275	6400	7.88204164646	0.0	383025	425.684859008	6.4
7058.04775761	6400	7.95635678745	0.0	383025	425.684859008	6.4
7058.91530519	6400	7.53067192845	0.0	383025	425.684859008	6.4
7059.42184912	6400	7.52412799886	0.0	383025	506.543929589	6.4
7059.92839305	6400	7.51758406927	0.0	383025	506.543929589	6.4
7060.43493698	6400	7.51104013968	0.0	383025	506.543929589	6.4
7060.94775228	6400	7.49822483881	0.0	383025	512.815300868	6.4
7061.46602676	6400	7.47995035971	0.0	383025	518.274479108	6.4
7061.98430124	6400	7.4616758806	0.0	383025	518.274479108	6.4
7062.50257572	6400	7.44340140149	0.0	383025	518.274479108	6.4
7062.98606683	6400	7.45991029554	0.0	383025	483.491105948	6.4
7063.36240839	6400	7.58356872725	0.0	383025	376.341568295	6.4
7063.73874996	6400	7.70722715895	0.0	383025	376.341568295	6.4
7064.11509153	6400	7.83088559065	0.0	383025	376.341568295	6.4
7064.4914331	6400	7.95454402236	0.0	383025	376.341568295	6.4
7065.36335121	6400	7.58262591382	0.0	383025	371.918108537	6.4
7065.70151108	6400	7.74446604104	0.0	383025	338.159872779	6.4
7066.03967095	6400	7.90630616826	0.0	383025	338.159872779	6.4
7066.91262186	6400	7.53335526459	0.0	383025	372.950903677	6.4
7067.29472578	6400	7.65125134538	0.0	383025	382.103919211	6.4
7067.70124936	6400	7.74472776411	0.0	383025	406.523581268	6.4
7068.18387869	6400	7.76209843055	0.0	383025	482.629333554	6.4

