3762.50392765	3066	0.5	0.395087119379	181435	395.087119379	1.48565152249
3762.90421427	3120	0.599713383085	0.0	184429	400.286616915	3.066
3763.31178782	3146	0.692139828409	0.0	188625	407.573554677	3.12
3763.72597797	3200	0.777949678671	0.0	192435	414.190149738	3.146
3764.14016812	3200	0.863759528934	0.0	192435	414.190149738	3.2
3764.5536393	3200	0.950288347793	0.0	192021	413.47118114	3.2
3765.52521073	8333	0.5	0.0212830751996	513389	971.571422993	3.1148676992
3766.44053529	8066	0.5	0.415324558137	497055	915.324558137	6.13770176745
3767.22930477	8466	0.5	0.288769485276	520019	788.769485276	6.9109220589
3768.06066157	9000	0.5	0.331356797157	551265	831.356797157	7.14057281137
3769.0577209	9266	0.5	0.4970593361	558332	997.0593361	7.0117626556
3770.321411	9000	0.5	0.763690091511	536970	1263.69009151	5.67923963396
3771.58510109	9000	0.5	0.763690091511	536970	1263.69009151	5.94523963396
3772.84879118	9000	0.5	0.763690091511	536970	1263.69009151	5.94523963396
3773.98821174	9000	0.5	0.639420565718	536970	1139.42056572	6.44231773713
3774.91268867	9000	0.5	0.424476923165	536970	924.476923165	7.30209230734
3775.86304231	9400	0.5	0.450353644944	553424	950.353644944	7.19858542022
3776.76548612	9000	0.5	0.402443808291	522960	902.443808291	6.99022476683
3777.50019509	9000	0.5	0.23470896612	522960	734.70896612	8.06116413552
3778.20746581	9000	0.5	0.207270725554	532300	707.270725554	8.17091709778
3778.88021367	8400	0.5	0.172747856541	503004	672.747856541	7.10900857384
3779.52795319	8000	0.5	0.147739516624	481782	647.739516624	7.0090419335
3780.37766063	8000	0.5	0.349707439858	481782	849.707439858	6.60117024057
3781.31412531	8533	0.5	0.436464687019	510552	936.464687019	6.25414125192
3782.13092128	9000	0.5	0.316795963471	536970	816.795963471	7.26581614612
3782.69684986	9000	0.5	0.0659285886243	536970	565.928588624	8.7362856455
3783.26277845	9000	0.5	0.0659285886243	536970	565.928588624	8.7362856455
3783.84087036	9000	0.5	0.0780919038587	536970	578.091903859	8.68763238457
3784.42023598	9000	0.5	0.0793656245717	536970	579.365624572	8.68253750171
3785.03402907	9533	0.5	0.113793088716	573990	613.793088716	8.54482764514
3785.68880423	9666	0.5	0.154775163355	586715	654.775163355	8.91389934658
3786.31461062	9000	0.5	0.125806388716	551265	625.806388716	7.83077444514
3786.94041701	9000	0.5	0.125806388716	551265	625.806388716	8.49677444514
3787.47697433	9000	0.5	0.0365573152988	551265	536.557315299	8.8537707388
3787.993897	9000	0.5	0.01692266986	551265	516.92266986	8.93230932056
3788.51081967	9000	0.5	0.01692266986	551265	516.92266986	8.93230932056
3789.01009838	9000	0.500721290329	0.0	551265	499.278709671	9.0
3789.48787671	8466	0.522942958285	0.0	527825	477.778332044	7.932
3789.93745532	8000	0.573364350328	0.0	498375	449.578607957	7.534
3790.31861414	7066	0.692205521924	0.0	434595	381.158828404	6.132
3790.70559387	7200	0.805225793237	0.0	442995	386.979728687	7.066
3791.11100229	7600	0.899817371439	0.0	469589	405.408421798	7.2
3791.56256699	8000	0.94825267385	0.0	496259	451.564697589	7.6
3792.05748209	8133	0.953337571224	0.0	508563	494.915102626	8.0
3792.57554961	8733	0.935270055265	0.0	536941	518.067515959	8.133
3793.05731196	8733	0.953507701205	0.0	525223	481.76235406	8.733
3793.51214353	9000	0.998676135807	0.0	536970	454.831565397	8.733
3793.9606759	9000	1.05014376784	0.0	527946	448.532367963	9.0
3794.42631119	8933	1.08450847672	0.0	519390	465.635291119	8.866
3794.96758455	8933	1.0432351179	0.0	530998	541.273358829	8.933
3795.51404573	9000	0.996773934445	0.0	536970	546.461183451	8.933
3796.03579181	8600	0.975027858407	0.0	513386	521.746076038	8.2
3796.47361347	7000	1.03720619517	0.0	418197	437.82166324	5.4
3797.00366514	8600	1.00715452376	0.0	525989	530.051671404	7.0
3797.54043131	9000	0.970388357511	0.0	551655	536.766166251	8.6
3798.07164241	9533	0.939177259975	0.0	584127	531.211097536	9.0
3798.62480123	10000	0.886018433753	0.0	612540	553.158826222	9.533
3799.14237231	10000	0.868447353015	0.0	612540	517.571080738	10.0
3799.65437286	10000	0.856446804594	0.0	612540	512.000548421	10.0
3800.16463134	10000	0.846188325313	0.0	612540	510.258479281	10.0
3800.67022878	10000	0.840590883104	0.0	612540	505.597442208	10.0
3801.19622772	9866	0.814591948857	0.0	607628	525.998934247	9.732
3801.7841511	10000	0.726668570328	0.0	620415	587.923378529	9.866
3802.37207447	10000	0.638745191798	0.0	620415	587.923378529	10.0
3802.89858974	10000	0.612229923859	0.0	620415	526.515267939	10.0
3803.43072086	11600	0.580098802831	0.0	730995	532.131121028	10.0
3804.08352379	12000	0.5	0.0727041257012	758640	652.802928532	11.3091834972
3804.74621789	12266	0.5	0.162694099058	771584	662.694099058	11.3492236038
3805.31886616	11000	0.5	0.0726482646481	681300	572.648264648	9.44340694141
3805.8528083	10200	0.5	0.0339421494124	627772	533.942149412	9.26423140235
3806.3394505	10000	0.513357803758	0.0	612540	486.642196242	9.8
3806.81467239	10000	0.538135916253	0.0	612540	475.221887505	10.0
3807.28989428	10000	0.562914028749	0.0	612540	475.221887505	10.0
3807.7525258	9600	0.600282500664	0.0	588186	462.631528085	9.2
3808.17784943	8666	0.674958879163	0.0	530195	425.323621501	7.732
3808.59349973	8533	0.759308578661	0.0	515343	415.650300503	8.4
3809.1228408	9000	0.729967503435	0.0	539520	529.341075226	8.533
3809.65665299	9000	0.696155311714	0.0	539520	533.812191721	9.0
3810.19713448	9000	0.655673821438	0.0	539520	540.481490277	9.0
3810.82665084	9000	0.526157467914	0.0	539520	629.516353523	9.0
3811.42035552	9000	0.5	0.0675472126892	539520	593.704680604	8.72981114924
3811.88309238	9000	0.537263134844	0.0	540862	462.736865156	9.0
3812.34507278	9000	0.575282739378	0.0	539793	461.980395467	9.0
3812.85263207	9933	0.567723447871	0.0	600065	507.559291507	9.0
3813.44801645	9533	0.5	0.0276609291827	573695	595.384377054	9.02235628327
3814.01114972	9000	0.5	0.0631332695207	537795	563.133269521	8.21446692192
3814.50639126	7800	0.504758456095	0.0	462222	495.241543905	6.6
3814.99876297	7800	0.512386750183	0.0	456146	492.371705912	7.8
3815.48401538	7666	0.527134331808	0.0	447075	485.252418375	7.532
3815.94572541	7133	0.56542430746	0.0	421103	461.710024347	6.6
3816.42331148	8000	0.587838234961	0.0	476265	477.586072499	7.133
3816.85123639	7733	0.659913325666	0.0	454837	427.924909295	7.466
3817.28487008	8000	0.726279638066	0.0	462300	433.6336876	7.733
3817.85325268	8000	0.657897040171	0.0	462300	568.382597895	8.0
3818.53401067	8000	0.5	0.0228609537363	468906	680.757993907	7.90855618505
3819.21288788	8000	0.5	0.178877205998	467438	678.877205998	7.28449117601
3819.86136791	7933	0.5	0.148480031428	465132	648.480031428	7.27207987429
3820.3245502	7533	0.536817708665	0.0	455338	463.182291335	7.133
3820.86156277	8866	0.5	0.000194862518777	543071	537.012571184	7.53222054992
3821.41475675	9000	0.5	0.0531939840458	551023	553.193984046	8.65322406382
3822.08386894	10000	0.5	0.169112189995	612540	669.112189995	8.32355124002
3822.75298113	10000	0.5	0.169112189995	612540	669.112189995	9.32355124002
3823.40981194	10000	0.5	0.156830808228	612540	656.830808228	9.37267676709
3823.93441242	9066	0.5	0.024600476176	555398	524.600476176	8.0335980953
3824.45601659	9000	0.5	0.0216041751768	551655	521.604175177	8.84758329929
3824.96888077	9000	0.5	0.0128641760751	551655	512.864176075	8.9485432957
3825.46761722	9000	0.501263554129	0.0	551655	498.736445871	9.0
3825.96635366	9000	0.502527108258	0.0	551655	498.736445871	9.0
3826.52075495	8533	0.5	0.0518741847459	521611	554.401293004	7.85850326102
3827.08984385	8000	0.5	0.0690888966001	487275	569.0888966	7.1906444136
3827.65893275	8000	0.5	0.0690888966001	487275	569.0888966	7.7236444136
3828.16237086	8000	0.5	0.00343811381509	487275	503.438113815	7.98624754474
3828.54652111	7133	0.615849746389	0.0	432597	384.150253611	6.266
3828.96664094	7933	0.695729925317	0.0	483757	420.119821072	7.133
3829.38824552	8000	0.774125343966	0.0	488565	421.60458135	7.933
3829.79905282	8000	0.863318040344	0.0	488565	410.807303623	8.0
3830.20986012	8000	0.952510736721	0.0	488565	410.807303623	8.0
3830.57360492	6933	1.08876593746	0.0	419059	363.744799257	5.866
3830.92151692	6866	1.24085394458	0.0	410775	347.911992884	6.799
3831.2651136	6866	1.39725725731	0.0	413769	343.596687274	6.866

