5998.70574468	3066	0.5	0.257337184932	181435	257.337184932	2.03665126027
5999.24662588	7800	0.5	0.0408811979386	471531	540.881197939	2.90247520825
5999.79817164	7866	0.5	0.0515457666535	482442	551.545766654	7.59381693339
6000.35917683	8000	0.5	0.061005183391	492120	561.005183391	7.62197926644
6000.92018201	8000	0.5	0.061005183391	492120	561.005183391	7.75597926644
6001.4792871	8000	0.5	0.0591050897624	490176	559.105089762	7.76357964095
6002.06108091	8333	0.5	0.0817938106477	513389	581.793810648	7.67282475741
6002.57516198	8066	0.5	0.0140810698208	497055	514.081069821	7.74267572072
6003.0879645	8466	0.5	0.012802523707	520019	512.802523707	8.01478990517
6003.62677251	9000	0.5	0.038808011306	551265	538.808011306	8.31076795478
6004.20297949	9266	0.5	0.0762069745138	558332	576.206974514	8.69517210194
6004.7676469	9000	0.5	0.0646674101831	536970	564.667410183	8.47533035927
6005.33231431	9000	0.5	0.0646674101831	536970	564.667410183	8.74133035927
6005.89698172	9000	0.5	0.0646674101831	536970	564.667410183	8.74133035927
6006.44888656	9000	0.5	0.0519048424433	536970	551.904842443	8.79238063023
6006.9924601	9000	0.5	0.0435735426169	536970	543.573542617	8.82570582953
6007.55023861	9400	0.5	0.057778505781	553424	557.778505781	8.76888597688
6008.07267148	9000	0.5	0.0224328682854	522960	522.432868285	8.51026852686
6008.54844213	9000	0.524229349477	0.0	522960	475.770650523	9.0
6009.03128119	9000	0.541390284781	0.0	532300	482.839064696	9.0
6009.49194935	8400	0.58072212604	0.0	503004	460.668158742	7.8
6009.93655692	8000	0.636114554619	0.0	481782	444.607571421	7.6
6010.37959403	8000	0.693077451353	0.0	481782	443.037103266	8.0
6010.82745024	8533	0.745221239077	0.0	510552	447.856212276	8.0
6011.2943408	9000	0.778330676889	0.0	536970	466.890562187	8.533
6011.74901202	9000	0.823659453427	0.0	536970	454.671223462	9.0
6012.10550731	9000	0.967164169132	0.0	536970	356.495284295	9.0
6012.46200259	9000	1.11066888484	0.0	536970	356.495284295	9.0
6012.81849788	9000	1.25417360054	0.0	536970	356.495284295	9.0
6013.2166014	9533	1.35607007677	0.0	573990	398.103523775	9.0
6013.62435183	9666	1.44831964733	0.0	586715	407.750429434	9.533
6014.0122992	9000	1.56037227854	0.0	551265	387.947368794	8.334
6014.40561302	9000	1.66705845347	0.0	551265	393.313825069	9.0
6014.93314725	9000	1.63952422569	0.0	551265	527.534227781	9.0
6015.46068148	9000	1.61198999791	0.0	551265	527.534227781	9.0
6015.98821571	9000	1.58445577013	0.0	551265	527.534227781	9.0
6016.52430246	9000	1.54836901705	0.0	551265	536.086753079	9.0
6017.08722768	8466	1.48544380275	0.0	527825	562.9252143	7.932
6017.62320807	8000	1.44946340456	0.0	498375	535.980398194	7.534
6018.10083396	7066	1.47183751812	0.0	434595	477.625886437	6.132
6018.58614529	7200	1.48652618329	0.0	442995	485.311334834	7.066
6019.0408322	7600	1.53183927492	0.0	469589	454.686908369	7.2
6019.49625639	8000	1.57641508581	0.0	496259	455.424189108	7.6
6019.96098866	8133	1.61168281519	0.0	508563	464.732270619	8.0
6020.4985532	8733	1.57411827916	0.0	536941	537.564536032	8.133
6021.14770646	8733	1.42496501406	0.0	525223	649.153265099	8.733
6021.80958926	9000	1.26308221616	0.0	536970	661.882797898	8.733
6022.46169328	9000	1.11097819616	0.0	527946	652.104019999	9.0
6023.11746923	8933	0.955202250088	0.0	519390	655.775946072	8.866
6023.85936492	8933	0.713306556885	0.0	530998	741.895693203	8.933
6024.60870479	9000	0.5	0.0360333095157	536970	749.339866401	8.78886676194
6025.3286469	8600	0.5	0.219942113437	513386	719.942113437	7.32023154625
6025.93016147	7000	0.5	0.101514573036	418197	601.514573036	4.99394170785
6026.6671464	8600	0.5	0.236984922873	525989	736.984922873	6.05206030851
6027.43618936	9000	0.5	0.269042960266	551655	769.042960266	7.52382815893
6028.24579137	9533	0.5	0.30960201077	584127	809.60201077	7.76159195692
6029.08183128	10000	0.5	0.336039915611	612540	836.039915611	8.18884033755
6029.90150714	10000	0.5	0.319675858722	612540	819.675858722	8.72129656511
6030.721183	10000	0.5	0.319675858722	612540	819.675858722	8.72129656511
6031.50015984	10000	0.5	0.278976839884	612540	778.976839884	8.88409264046
6032.2367788	10000	0.5	0.236618957955	612540	736.618957955	9.05352416818
6032.96813228	9866	0.5	0.231353485787	607628	731.353485787	8.80658605685
6033.68149771	10000	0.5	0.213365424021	620415	713.365424021	9.01253830392
6034.14469502	10000	0.536802690859	0.0	620415	463.197309141	10.0
6034.60789233	10000	0.573605381718	0.0	620415	463.197309141	10.0
6035.13888677	11600	0.54261093667	0.0	730995	530.994445048	10.0
6035.68533781	12000	0.5	0.00384009636202	758640	546.451033032	11.5846396146
6036.23974748	12266	0.5	0.0544096724016	771584	554.409672402	11.7823613104
6036.70407135	11000	0.535676122818	0.0	681300	464.323877182	9.734
6037.112095	10200	0.627652477397	0.0	627772	408.02364542	9.4
6037.51464871	10000	0.72509876999	0.0	612540	402.553707407	9.8
6037.93831698	10000	0.801430494518	0.0	612540	423.668275472	10.0
6038.36198526	10000	0.877762219046	0.0	612540	423.668275472	10.0
6038.77198961	9600	0.96775786296	0.0	588186	410.004356086	9.2
6039.1739983	8666	1.06574917982	0.0	530195	402.008683143	7.732
6039.61335142	8533	1.12639605756	0.0	515343	439.353122256	8.4
6040.06956337	9000	1.17018410451	0.0	539520	456.211953048	8.533
6040.72704729	9000	1.01270019116	0.0	539520	657.483913356	9.0
6041.42961199	9000	0.81013549085	0.0	539520	702.564700306	9.0
6042.13217669	9000	0.607570790544	0.0	539520	702.564700306	9.0
6042.75482941	9000	0.5	0.0150819337129	539520	622.652724257	8.93967226515
6043.34464001	9000	0.5	0.0898105990692	540862	589.810599069	8.64075760372
6043.93344298	9000	0.5	0.0888029713742	539793	588.802971374	8.6447881145
6044.57905303	9933	0.5	0.14561004782	600065	645.61004782	8.41755980872
6045.1997296	9533	0.5	0.120676571227	573695	620.676571227	8.65029371509
6045.78657236	9000	0.5	0.0868427589977	537795	586.842758998	8.11962896401
6046.30219165	7800	0.5	0.0156192856933	462222	515.619285693	6.53752285723
6046.81208463	7800	0.5	0.00989298365691	456146	509.892983657	7.76042806537
6047.30318683	7666	0.508897794596	0.0	447075	491.102205404	7.532
6047.7647166	7133	0.547368026686	0.0	421103	461.52976791	6.6
6048.27622451	8000	0.5358601179	0.0	476265	511.507908786	7.133
6048.76831812	7733	0.543766508862	0.0	454837	492.093609038	7.466
6049.25887536	8000	0.553209270178	0.0	462300	490.557238684	7.733
6049.7225396	8000	0.589545031439	0.0	462300	463.664238739	8.0
6050.19168618	8000	0.620398452313	0.0	468906	469.146579126	8.0
6050.65961446	8000	0.652470171051	0.0	467438	467.928281262	8.0
6051.12562898	7933	0.686455646514	0.0	465132	466.014524536	7.866
6051.57444131	7533	0.737643323227	0.0	455338	448.812323287	7.133
6052.09423498	8866	0.717849644336	0.0	543071	519.793678891	7.533
6052.59744266	9000	0.714641965287	0.0	551023	503.207679049	8.866
6053.12205807	10000	0.69002655421	0.0	612540	524.615411077	9.0
6053.64667349	10000	0.665411143133	0.0	612540	524.615411077	10.0
6054.1712889	10000	0.640795732055	0.0	612540	524.615411077	10.0
6054.7203143	9066	0.591770327517	0.0	555398	549.025404538	8.132
6055.28986008	9000	0.522224553414	0.0	551655	569.545774103	8.934
6055.85940585	9000	0.5	0.0473212206889	551655	569.545774103	8.81071511724
6056.42895162	9000	0.5	0.069545774103	551655	569.545774103	8.72181690359
6056.9783366	9000	0.5	0.0493849720548	551655	549.384972055	8.80246011178
6057.49666854	8533	0.5	0.0183319417762	521611	518.331941776	7.9926722329
6057.98614648	8000	0.510522061596	0.0	487275	489.477938404	7.467
6058.48050851	8000	0.516160027704	0.0	487275	494.362033892	8.0
6058.99291695	8000	0.503751584626	0.0	487275	512.408443078	8.0
6059.45680407	7133	0.539864466982	0.0	432597	463.887117644	6.266
6059.96609064	7933	0.530577901494	0.0	483757	509.286565488	7.133
6060.49106469	8000	0.505603851741	0.0	488565	524.974049754	7.933
6061.0243266	8000	0.5	0.0276580661702	488565	533.261917911	7.88936773532
6061.55758852	8000	0.5	0.0332619179107	488565	533.261917911	7.86695232836
6062.02636685	6933	0.531221667418	0.0	419059	468.778332582	5.866
6062.48255068	6866	0.575037841618	0.0	410775	456.1838258	6.799
6062.89816649	6866	0.65942203468	0.0	413769	415.615806939	6.866

