6713.71321899	3066	0.5	0.266021286252	181435	266.021286252	2.00191485499
6714.27666928	7800	0.5	0.0634502886859	471531	563.450288686	2.81219884526
6714.85130637	7866	0.5	0.0746370952795	482442	574.637095279	7.50145161888
6715.43586611	8000	0.5	0.0845597342871	492120	584.559734287	7.52776106285
6716.02042584	8000	0.5	0.0845597342871	492120	584.559734287	7.66176106285
6716.60299243	8000	0.5	0.0825665941517	490176	582.566594152	7.66973362339
6717.20975658	8333	0.5	0.106764147664	513389	606.764147664	7.57294340934
6717.89316987	8066	0.5	0.183413284702	497055	683.413284702	7.06534686119
6718.60446092	8466	0.5	0.21129105008	520019	711.29105008	7.22083579968
6719.35368389	9000	0.5	0.249222972088	551265	749.222972088	7.46910811165
6720.11148604	9266	0.5	0.257802146793	558332	757.802146793	7.96879141283
6720.94856961	9000	0.5	0.337083577734	536970	837.083577734	7.38566568907
6721.83079481	9000	0.5	0.382225198979	536970	882.225198979	7.47109920409
6722.71302001	9000	0.5	0.382225198979	536970	882.225198979	7.47109920409
6723.59524521	9000	0.5	0.382225198979	536970	882.225198979	7.47109920409
6724.47747041	9000	0.5	0.382225198979	536970	882.225198979	7.47109920409
6724.98805067	9400	0.5	0.0105802584272	553424	510.580258427	8.95767896629
6725.42357366	9000	0.564477011342	0.0	522960	435.522988658	8.6
6725.85909665	9000	0.628954022684	0.0	522960	435.522988658	9.0
6726.31889366	9000	0.669157011988	0.0	532300	459.797010695	9.0
6726.99869526	8400	0.5	0.0106445874321	503004	679.80159942	7.75742165027
6727.65319091	8000	0.5	0.154495658428	481782	654.495658428	6.98201736629
6728.30768657	8000	0.5	0.154495658428	481782	654.495658428	7.38201736629
6728.9964887	8533	0.5	0.188802129182	510552	688.802129182	7.24479148327
6729.71679268	9000	0.5	0.22030398335	536970	720.30398335	7.6517840666
6730.35595325	9000	0.5	0.139160561773	536970	639.160561773	8.44335775291
6730.91876524	9000	0.5	0.062811995454	536970	562.811995454	8.74875201818
6731.48157724	9000	0.5	0.062811995454	536970	562.811995454	8.74875201818
6732.01493721	9000	0.5	0.033359975927	536970	533.359975927	8.86656009629
6732.52012098	9533	0.5	0.00518376874631	573990	505.183768746	8.97926492501
6733.03473081	9666	0.5	0.0146098274883	586715	514.609827488	9.47456069005
6733.52890723	9000	0.505823583432	0.0	551265	494.176416568	8.334
6734.08355953	9000	0.5	0.0488287182536	551265	554.652301686	8.80468512699
6734.63821183	9000	0.5	0.0546523016857	551265	554.652301686	8.78139079326
6735.19286413	9000	0.5	0.0546523016857	551265	554.652301686	8.78139079326
6735.74751643	9000	0.5	0.0546523016857	551265	554.652301686	8.78139079326
6736.56419019	9000	0.5	0.316673756744	551265	816.673756744	7.73330497302
6737.40798431	8466	0.5	0.343794117516	527825	843.794117516	6.55682352994
6738.20916253	8000	0.5	0.30117821876	498375	801.17821876	6.32928712496
6738.9180473	7066	0.5	0.208884771472	434595	708.884771472	5.29646091411
6739.63908737	7200	0.5	0.221040070268	442995	721.040070268	6.18183971893
6740.30036719	7600	0.5	0.161279824841	469589	661.279824841	6.55488070064
6740.98309472	8000	0.5	0.182727524628	496259	682.727524628	6.86908990149
6741.68076597	8133	0.5	0.197671252526	508563	697.671252526	7.2093149899
6742.4129035	8733	0.5	0.232137532622	536941	732.137532622	7.20444986951
6743.22123922	8733	0.5	0.308335722514	525223	808.335722514	7.49965710994
6744.25802273	9000	0.5	0.536783509594	536970	1036.78350959	6.58586596162
6745.27872711	9000	0.5	0.52070437223	527946	1020.70437223	6.91718251108
6746.28418623	8933	0.5	0.505459126298	519390	1005.4591263	6.84416349481
6747.2167138	8933	0.5	0.432527571378	530998	932.527571378	7.20288971449
6748.10499027	9000	0.5	0.388276466258	536970	888.276466258	7.37989413497
6748.95776682	8600	0.5	0.352776546001	513386	852.776546001	6.788893816
6749.6672597	7000	0.5	0.209492882954	418197	709.492882954	4.56202846819
6750.53900697	8600	0.5	0.371747267465	525989	871.747267465	5.51301093014
6751.34362335	9000	0.5	0.304616385909	551655	804.616385909	7.38153445636
6752.16656535	9533	0.5	0.322942001085	584127	822.942001085	7.70823199566
6753.02564541	10000	0.5	0.359080051675	612540	859.080051675	8.0966797933
6753.85802886	10000	0.5	0.332383449744	612540	832.383449744	8.67046620102
6754.50384911	10000	0.5	0.145820255143	612540	645.820255143	9.41671897943
6755.14966937	10000	0.5	0.145820255143	612540	645.820255143	9.41671897943
6755.79548962	10000	0.5	0.145820255143	612540	645.820255143	9.41671897943
6756.39097587	9866	0.5	0.0954862536047	607628	595.486253605	9.35005498558
6756.89791526	10000	0.5	0.00693938173956	620415	506.93938174	9.83824247304
6757.40485464	10000	0.5	0.00693938173956	620415	506.93938174	9.97224247304
6757.95558711	10000	0.5	0.0507324743244	620415	550.732474324	9.7970701027
6758.77150054	11600	0.5	0.31591342447	730995	815.91342447	8.73634630212
6759.61524497	12000	0.5	0.343744431002	758640	843.744431002	10.225022276
6760.47589352	12266	0.5	0.360648557481	771584	860.648557481	10.5574057701
6761.26305934	11000	0.5	0.287165812274	681300	787.165812274	8.5853367509
6761.99466494	10200	0.5	0.231605601501	627772	731.605601501	8.47357759399
6762.72009452	10000	0.5	0.225429580397	612540	725.429580397	8.89828167841
6763.69920606	10000	0.5	0.47911154531	612540	979.11154531	8.08355381876
6764.67831761	10000	0.5	0.47911154531	612540	979.11154531	8.08355381876
6765.62168135	9600	0.5	0.443363736882	588186	943.363736882	7.42654505247
6766.36438309	8666	0.5	0.24270174461	530195	742.70174461	6.76119302156
6766.78996937	8533	0.574413720602	0.0	515343	425.586279398	8.4
6767.23176862	9000	0.632614473381	0.0	539520	441.799247221	8.533
6767.6680549	9000	0.696328192713	0.0	539520	436.286280668	9.0
6768.07980175	9000	0.784581339003	0.0	539520	411.74685371	9.0
6768.49154861	9000	0.872834485293	0.0	539520	411.74685371	9.0
6768.90329546	9000	0.961087631583	0.0	539520	411.74685371	9.0
6769.3158675	9000	1.04851559201	0.0	540862	412.572039575	9.0
6769.74526426	9000	1.11911883292	0.0	539793	429.396759089	9.0
6770.22348227	9933	1.14090081916	0.0	600065	478.218013764	9.0
6770.67252467	9533	1.19185842504	0.0	573695	449.042394118	9.133
6771.02076395	9000	1.3436191403	0.0	537795	348.239284738	8.467
6771.33130923	7800	1.53307386065	0.0	462222	310.545279652	6.6
6771.63882395	7800	1.72555914449	0.0	456146	307.514716158	7.8
6771.94992135	7666	1.91446174114	0.0	447075	311.097403354	7.532
6772.26630951	7133	2.09807358297	0.0	421103	316.388158161	6.6
6772.5613224	6400	2.30306068998	0.0	383025	295.012892997	5.667
6772.85633529	6400	2.50804779698	0.0	383025	295.012892997	6.4
6773.15134819	6400	2.71303490398	0.0	383025	295.012892997	6.4
6773.44636108	6400	2.91802201099	0.0	383025	295.012892997	6.4
6773.72513081	6400	3.13925228428	0.0	383025	278.769726709	6.4
6773.99201845	6400	3.3723646381	0.0	383025	266.887646175	6.4
6774.2589061	6400	3.60547699193	0.0	383025	266.887646175	6.4
6774.52579375	6400	3.83858934575	0.0	383025	266.887646175	6.4
6774.79268139	6400	4.07170169958	0.0	383025	266.887646175	6.4
6775.05956904	6400	4.3048140534	0.0	383025	266.887646175	6.4
6775.32885443	6400	4.5355286639	0.0	383025	269.285389499	6.4
6775.61900955	6400	4.74537354048	0.0	383025	290.155123429	6.4
6775.90916467	6400	4.95521841705	0.0	383025	290.155123429	6.4
6776.1993198	6400	5.16506329362	0.0	383025	290.155123429	6.4
6776.48947492	6400	5.37490817019	0.0	383025	290.155123429	6.4
6776.77963004	6400	5.58475304676	0.0	383025	290.155123429	6.4
6777.11514648	6400	5.74923661192	0.0	383025	335.516434841	6.4
6777.5207297	6400	5.84365339023	0.0	383025	405.583221686	6.4
6777.92631292	6400	5.93807016855	0.0	383025	405.583221686	6.4
6778.33189614	6400	6.03248694686	0.0	383025	405.583221686	6.4
6778.73747937	6400	6.12690372517	0.0	383025	405.583221686	6.4
6779.14306259	6400	6.22132050349	0.0	383025	405.583221686	6.4
6779.56657257	6400	6.29781051791	0.0	383025	423.509985575	6.4
6779.99536795	6400	6.3690151422	0.0	383025	428.795375711	6.4
6780.42416332	6400	6.44021976649	0.0	383025	428.795375711	6.4
6780.84523025	6400	6.51915284553	0.0	383025	421.06692096	6.4
6781.23303405	6400	6.63134904493	0.0	383025	387.803800598	6.4
6781.62083785	6400	6.74354524434	0.0	383025	387.803800598	6.4
6782.00864165	6400	6.85574144374	0.0	383025	387.803800598	6.4
6782.39644545	6400	6.96793764314	0.0	383025	387.803800598	6.4

