6368.35931613	3066	0.5	0.203496036853	181435	203.496036853	2.25201585259
6368.76026969	7800	0.599046436721	0.0	471531	400.953563279	3.066
6369.16864996	7866	0.69066616273	0.0	482442	408.380273991	7.8
6369.58361769	8000	0.775698435135	0.0	492120	414.967727595	7.866
6370.04553808	8000	0.813778044141	0.0	492120	461.920390993	8.0
6370.52371201	8000	0.835604121353	0.0	490176	478.173922789	8.0
6371.02074204	8333	0.838574091228	0.0	513389	497.030030125	8.0
6371.50450383	8066	0.854812301194	0.0	497055	483.761790034	7.799
6372.02021875	8466	0.83909738133	0.0	520019	515.714919864	8.066
6372.5640637	9000	0.795252429209	0.0	551265	543.844952121	8.466
6373.11385496	9266	0.745461167642	0.0	558332	549.791261567	9.0
6373.64567182	9000	0.713644302903	0.0	536970	531.816864739	8.734
6374.1317722	9000	0.727543925365	0.0	536970	486.100377538	9.0
6374.54989042	9000	0.809425711036	0.0	536970	418.118214329	9.0
6374.96800863	9000	0.891307496706	0.0	536970	418.118214329	9.0
6375.38612684	9000	0.973189282377	0.0	536970	418.118214329	9.0
6375.81460578	9400	1.04471034566	0.0	553424	428.478936713	9.0
6376.22927354	9000	1.13004258298	0.0	522960	414.667762685	8.6
6376.64450378	9000	1.21481235066	0.0	522960	415.230232319	9.0
6377.06572118	9000	1.29359494844	0.0	532300	421.217402217	9.0
6377.46815912	8400	1.39115700333	0.0	503004	402.437945115	7.8
6377.85712136	8000	1.50219476794	0.0	481782	388.962235392	7.6
6378.24638945	8000	1.61292668028	0.0	481782	389.268087654	8.0
6378.65412573	8533	1.70519039979	0.0	510552	407.736280492	8.0
6379.07882039	9000	1.78049573493	0.0	536970	424.694664864	8.533
6379.51674829	9000	1.84256783474	0.0	536970	437.927900188	9.0
6379.96864367	9000	1.89067245474	0.0	536970	451.895379997	9.0
6380.42053905	9000	1.93877707474	0.0	536970	451.895379997	9.0
6380.87243443	9000	1.98688169475	0.0	536970	451.895379997	9.0
6381.34996917	9533	2.00934695507	0.0	573990	477.534739678	9.0
6381.69834098	6400	2.16097515086	0.0	383025	348.371804206	3.267
6382.0467826	6400	2.31253352523	0.0	383025	348.441625638	6.4
6382.39522423	6400	2.46409189959	0.0	383025	348.441625638	6.4
6382.74366585	6400	2.61565027395	0.0	383025	348.441625638	6.4
6383.09210748	6400	2.76720864831	0.0	383025	348.441625638	6.4
6383.44194828	6400	2.91736784139	0.0	383025	349.840806923	6.4
6383.801205	6400	3.05811113014	0.0	383025	359.256711249	6.4
6384.16046171	6400	3.19885441889	0.0	383025	359.256711249	6.4
6384.51971842	6400	3.33959770764	0.0	383025	359.256711249	6.4
6384.87897513	6400	3.48034099639	0.0	383025	359.256711249	6.4
6385.23823184	6400	3.62108428514	0.0	383025	359.256711249	6.4
6385.59748855	6400	3.7618275739	0.0	383025	359.256711249	6.4
6385.94913722	6400	3.91017890952	0.0	383025	351.648664371	6.4
6386.29957543	6400	4.05974069202	0.0	383025	350.438217506	6.4
6386.65001365	6400	4.20930247451	0.0	383025	350.438217506	6.4
6387.00045187	6400	4.35886425701	0.0	383025	350.438217506	6.4
6387.35089009	6400	4.5084260395	0.0	383025	350.438217506	6.4
6387.6795557	6400	4.67976042241	0.0	383025	328.665617089	6.4
6387.99825332	6400	4.86106280812	0.0	383025	318.697614291	6.4
6388.31695093	6400	5.04236519383	0.0	383025	318.697614291	6.4
6388.63564855	6400	5.22366757954	0.0	383025	318.697614291	6.4
6388.95434616	6400	5.40496996525	0.0	383025	318.697614291	6.4
6389.27304378	6400	5.58627235096	0.0	383025	318.697614291	6.4
6389.61266844	6400	5.74664768365	0.0	383025	339.62466731	6.4
6389.96811702	6400	5.89119910888	0.0	383025	355.448574772	6.4
6390.32356559	6400	6.0357505341	0.0	383025	355.448574772	6.4
6390.67901417	6400	6.18030195933	0.0	383025	355.448574772	6.4
6391.03446274	6400	6.32485338456	0.0	383025	355.448574772	6.4
6391.38727115	6400	6.47204497606	0.0	383025	352.808408498	6.4
6391.7125332	6400	6.64678292198	0.0	383025	325.262054083	6.4
6392.03779526	6400	6.8215208679	0.0	383025	325.262054083	6.4
6392.36305731	6400	6.99625881381	0.0	383025	325.262054083	6.4
6392.68831937	6400	7.17099675973	0.0	383025	325.262054083	6.4
6393.01358142	6400	7.34573470565	0.0	383025	325.262054083	6.4
6393.34560149	6400	7.51371463595	0.0	383025	332.020069692	6.4
6393.70212309	6400	7.65719303726	0.0	383025	356.521598693	6.4
6394.05864469	6400	7.80067143857	0.0	383025	356.521598693	6.4
6394.41516629	6400	7.94414983987	0.0	383025	356.521598693	6.4
6395.2075556	6400	7.58762824118	0.0	383025	356.521598693	6.4
6395.52409723	6400	7.77108660657	0.0	383025	316.541634606	6.4
6395.84063886	6400	7.95454497197	0.0	383025	316.541634606	6.4
6396.26267315	6400	7.63800333736	0.0	383025	316.541634606	6.4
6396.65861375	6400	7.7420627369	0.0	383025	395.940600456	6.4
6397.05455435	6400	7.84612213645	0.0	383025	395.940600456	6.4
6397.45049495	6400	7.95018153599	0.0	383025	395.940600456	6.4
6398.31272087	6400	7.5879556193	0.0	383025	362.225916693	6.4
6398.63216989	6400	7.76850659754	0.0	383025	319.449021755	6.4
6398.95161891	6400	7.94905757579	0.0	383025	319.449021755	6.4
6399.77505775	6400	7.62561873722	0.0	383025	323.438838571	6.4
6400.10114638	6400	7.7995301036	0.0	383025	326.088633613	6.4
6400.42723502	6400	7.97344146999	0.0	383025	326.088633613	6.4
6401.16946693	6400	7.64735283638	0.0	383025	326.088633613	6.4
6401.53996996	6400	7.77684980384	0.0	383025	370.503032534	6.4
6401.91047299	6400	7.90634677131	0.0	383025	370.503032534	6.4
6402.78097603	6400	7.53584373878	0.0	383025	370.503032534	6.4
6403.17844759	6400	7.63837217343	0.0	383025	397.471565348	6.4
6403.59292596	6400	7.72389379995	0.0	383025	414.478373483	6.4
6404.00740434	6400	7.80941542646	0.0	383025	414.478373483	6.4
6404.42188271	6400	7.89493705298	0.0	383025	414.478373483	6.4
6404.83636109	6400	7.9804586795	0.0	383025	414.478373483	6.4
6405.67835512	6400	7.56598030602	0.0	383025	414.478373483	6.4
6406.087665	6400	7.65667042928	0.0	383025	409.309876732	6.4
6406.49697488	6400	7.74736055255	0.0	383025	409.309876732	6.4
6406.90628475	6400	7.83805067582	0.0	383025	409.309876732	6.4
6407.31559463	6400	7.92874079909	0.0	383025	409.309876732	6.4
6408.20360233	6400	7.54073309703	0.0	383025	388.007702055	6.4
6408.56737943	6400	7.67695599517	0.0	383025	363.777101866	6.4
6408.97860247	6400	7.76573295672	0.0	383025	411.223038451	6.4
6409.4383342	6400	7.80600123183	0.0	383025	459.731724883	6.4
6409.89806592	6400	7.84626950695	0.0	383025	459.731724883	6.4
6410.35779765	6400	7.88653778207	0.0	383025	459.731724883	6.4
6410.81752937	6400	7.92680605718	0.0	383025	459.731724883	6.4
6411.2772611	6400	7.9670743323	0.0	383025	459.731724883	6.4
6412.17314619	6400	7.50734260742	0.0	383025	459.731724883	6.4
6412.61297535	6400	7.56751345446	0.0	383025	439.829152964	6.4
6413.0528045	6400	7.62768430149	0.0	383025	439.829152964	6.4
6413.49263365	6400	7.68785514853	0.0	383025	439.829152964	6.4
6413.93246281	6400	7.74802599556	0.0	383025	439.829152964	6.4
6414.37229196	6400	7.8081968426	0.0	383025	439.829152964	6.4
6414.83311362	6400	7.8473751777	0.0	383025	460.821664904	6.4
6415.30039803	6400	7.88009077483	0.0	383025	467.28440287	6.4
6415.76768243	6400	7.91280637196	0.0	383025	467.28440287	6.4
6416.23496683	6400	7.94552196909	0.0	383025	467.28440287	6.4
6416.70225123	6400	7.97823756622	0.0	383025	467.28440287	6.4
6417.64124611	6400	7.53924269411	0.0	383025	438.994872106	6.4
6418.04112621	6400	7.63936259295	0.0	383025	399.880101161	6.4
6418.44100631	6400	7.73948249179	0.0	383025	399.880101161	6.4
6418.84088641	6400	7.83960239063	0.0	383025	399.880101161	6.4
6419.30961456	6400	7.87087423623	0.0	383025	468.728154396	6.4
6419.78446095	6400	7.89602785232	0.0	383025	474.846383905	6.4

