7310.51609633	3066	0.5	0.204754742285	181435	204.754742285	2.24698103086
7310.92032114	7800	0.5957751901	0.0	471531	404.2248099	3.066
7311.33204835	7866	0.684047974418	0.0	482442	411.727215682	7.8
7311.75043017	8000	0.765666164	0.0	492120	418.381810418	7.866
7312.16881198	8000	0.847284353582	0.0	492120	418.381810418	8.0
7312.59029549	8000	0.925800844057	0.0	490176	421.483509525	8.0
7313.08721163	8333	0.928884699227	0.0	513389	496.91614483	8.0
7313.57086316	8066	0.94523317111	0.0	497055	483.651528117	7.799
7314.07254047	8466	0.943555854843	0.0	520019	501.677316267	8.066
7314.5963322	9000	0.919764124242	0.0	551265	523.7917306	8.466
7315.12581317	9266	0.890283158591	0.0	558332	529.480965651	9.0
7315.63809682	9000	0.877999509928	0.0	536970	512.283648663	8.734
7316.13944567	9000	0.876650663784	0.0	536970	501.348846144	9.0
7316.59864084	9000	0.917455489521	0.0	536970	459.195174263	9.0
7317.05783601	9000	0.958260315258	0.0	536970	459.195174263	9.0
7317.51703119	9000	0.999065140995	0.0	536970	459.195174263	9.0
7318.04710532	9400	0.968991007572	0.0	553424	530.074133424	9.0
7318.55779377	9000	0.958302559632	0.0	522960	510.68844794	8.6
7319.06848222	9000	0.947614111692	0.0	522960	510.68844794	9.0
7319.58686271	9000	0.929233622098	0.0	532300	518.380489594	9.0
7320.10008216	8400	0.916014169229	0.0	503004	513.219452869	7.8
7320.63484504	8000	0.881251286746	0.0	481782	534.762882483	7.6
7321.16960792	8000	0.846488404262	0.0	481782	534.762882483	8.0
7321.72414232	8533	0.791954005372	0.0	510552	554.53439889	8.0
7322.28224591	9000	0.733850417841	0.0	536970	558.103587531	8.533
7322.8403495	9000	0.67574683031	0.0	536970	558.103587531	9.0
7323.3941996	9000	0.621896728776	0.0	536970	553.850101534	9.0
7323.93493849	9000	0.581157840099	0.0	536970	540.738888677	9.0
7324.47567738	9000	0.540418951423	0.0	536970	540.738888677	9.0
7325.04818071	9533	0.5	0.0320843815598	573990	572.503332982	8.87166247376
7325.56474468	9666	0.5	0.0165639707227	586715	516.563970723	9.46674411711
7325.99624014	9000	0.568504537949	0.0	551265	431.495462051	8.334
7326.42773561	9000	0.637009075898	0.0	551265	431.495462051	9.0
7326.85923107	9000	0.705513613847	0.0	551265	431.495462051	9.0
7327.39304359	9000	0.671701090777	0.0	551265	533.81252307	9.0
7327.95326465	9000	0.611480026829	0.0	551265	560.221063948	9.0
7328.51348572	9000	0.551258962881	0.0	551265	560.221063948	9.0
7329.04924661	8466	0.515498069678	0.0	527825	535.760893204	7.932
7329.52962058	8000	0.53512410102	0.0	498375	480.373968658	7.534
7329.95875632	7066	0.605988360044	0.0	434595	429.135740976	6.132
7330.39464028	7200	0.670104404698	0.0	442995	435.883955346	7.066
7330.85862424	7600	0.706120444275	0.0	469589	463.983960424	7.2
7331.35139067	8000	0.713354013156	0.0	496259	492.766431119	7.6
7331.85439103	8133	0.710353655462	0.0	508563	503.000357694	8.0
7332.38099496	8733	0.683749724266	0.0	536941	526.603931196	8.133
7332.85473811	8733	0.710006567125	0.0	525223	473.743157141	8.733
7333.28337643	9000	0.781368252551	0.0	536970	428.638314575	8.733
7333.70615573	9000	0.85858894714	0.0	527946	422.779305411	9.0
7334.12337989	8933	0.941364792705	0.0	519390	417.224154435	8.866
7334.56607874	8933	0.998665943464	0.0	530998	442.698849241	8.933
7335.01578809	9000	1.04895659397	0.0	536970	449.709349496	8.933
7335.44925961	8600	1.11548507023	0.0	513386	433.471523735	8.2
7335.81719253	7000	1.24755214878	0.0	418197	367.93292145	5.4
7336.26212837	8600	1.30261631011	0.0	525989	444.93583867	7.0
7336.72562407	9000	1.33912060799	0.0	551655	463.495702118	8.6
7337.21169344	9533	1.35305124582	0.0	584127	486.069362176	9.0
7337.71415182	10000	1.35059285894	0.0	612540	502.458386877	9.533
7338.21558281	10000	1.34916186946	0.0	612540	501.43098948	10.0
7338.7170138	10000	1.34773087998	0.0	612540	501.43098948	10.0
7339.24844767	10000	1.31629700928	0.0	612540	531.433870703	10.0
7339.80555439	10000	1.25919028828	0.0	612540	557.106721001	10.0
7340.35883516	9866	1.20590951858	0.0	607628	553.280769694	9.732
7340.90325443	10000	1.16149024946	0.0	620415	544.419269126	9.866
7341.43722492	10000	1.12751975715	0.0	620415	533.970492311	10.0
7341.97119542	10000	1.09354926483	0.0	620415	533.970492311	10.0
7342.61985849	11600	0.944886196129	0.0	730995	648.663068705	10.0
7343.31098831	12000	0.753756371413	0.0	758640	691.129824716	11.6
7344.02173298	12266	0.543011703908	0.0	771584	710.744667505	12.0
7344.66198967	11000	0.5	0.097244985605	681300	640.256689513	9.34502005758
7345.25822842	10200	0.5	0.0962387531029	627772	596.238753103	9.01504498759
7345.77977775	10000	0.5	0.0215493315313	612540	521.549331531	9.71380267387
7346.25932358	10000	0.520454173059	0.0	612540	479.545826941	10.0
7346.77683076	10000	0.502946996363	0.0	612540	517.507176696	10.0
7347.31422378	9600	0.5	0.0344460243959	588186	537.393020759	9.06221590242
7347.80652106	8666	0.507702711997	0.0	530195	492.297288003	7.732
7348.32328458	8533	0.5	0.0090608052082	515343	516.763517206	8.36375677917
7348.88187475	9000	0.5	0.0585901654852	539520	558.590165485	8.29863933806
7349.44046491	9000	0.5	0.0585901654852	539520	558.590165485	8.76563933806
7349.99735364	9000	0.5	0.056888728131	539520	556.888728131	8.77244508748
7350.4503781	9000	0.546975540785	0.0	539520	453.024459215	9.0
7350.90340256	9000	0.593951081569	0.0	539520	453.024459215	9.0
7351.35735488	9000	0.63999876273	0.0	540862	453.952318839	9.0
7351.81213497	9000	0.68521867509	0.0	539793	454.780087639	9.0
7352.32926283	9933	0.668090808176	0.0	600065	517.127866914	9.0
7352.82718101	9533	0.670172629963	0.0	573695	497.918178213	9.133
7353.2989472	9000	0.698406435989	0.0	537795	471.766193974	8.467
7353.71855914	7800	0.778794495458	0.0	462222	419.611940531	6.6
7354.13534019	7800	0.86201344862	0.0	456146	416.781046838	7.8
7354.54542395	7666	0.951929689221	0.0	447075	410.0837594	7.532
7354.9363321	7133	1.06102153883	0.0	421103	390.908150387	6.6
7355.35360289	8000	1.1437507459	0.0	476265	417.270792937	7.133
7355.73651877	7733	1.26083486773	0.0	454837	382.91587817	7.466
7356.12440492	8000	1.37294872285	0.0	462300	387.886144878	7.733
7356.5653121	8000	1.43204153841	0.0	462300	440.907184444	8.0
7357.02929186	8000	1.46806178282	0.0	468906	463.979755583	8.0
7357.49206949	8000	1.50528414937	0.0	467438	462.777633449	8.0
7357.95295878	7933	1.54439486309	0.0	465132	460.889286283	7.866
7358.40336616	7533	1.59398748304	0.0	455338	450.407380048	7.133
7358.90346926	8866	1.59388437851	0.0	543071	500.103104537	7.533
7359.40972379	9000	1.58762985014	0.0	551023	506.254528361	8.866
7359.96356599	10000	1.53378765335	0.0	612540	553.84219679	9.0
7360.50832423	10000	1.48902941242	0.0	612540	544.75824093	10.0
7361.04224497	10000	1.45510866643	0.0	612540	533.920745991	10.0
7361.53382083	9066	1.46353281101	0.0	555398	491.575855425	8.132
7362.04645502	9000	1.45089862102	0.0	551655	512.634189991	8.934
7362.58619046	9000	1.41116317765	0.0	551655	539.735443369	9.0
7363.12592591	9000	1.37142773428	0.0	551655	539.735443369	9.0
7363.64424235	9000	1.35311128982	0.0	551655	518.316444465	9.0
7364.11920449	8533	1.37814915036	0.0	521611	474.962139452	8.066
7364.56816752	8000	1.42918611757	0.0	487275	448.963032799	7.467
7365.01713056	8000	1.48022308477	0.0	487275	448.963032799	8.0
7365.45631907	8000	1.54103456591	0.0	487275	439.188518854	8.0
7365.85079849	7133	1.64655514652	0.0	432597	394.47941939	6.266
7366.28246903	7933	1.71488460677	0.0	483757	431.670539754	7.133
7366.71763478	8000	1.77971885774	0.0	488565	435.165749033	7.933
7367.25174586	8000	1.74560778482	0.0	488565	534.111072918	8.0
7367.82131888	8000	1.67603476322	0.0	488565	569.573021598	8.0
7368.32124249	6933	1.67611114843	0.0	419059	499.923614786	5.866
7368.81286502	6866	1.68448862544	0.0	410775	491.622522995	6.799
7369.30748772	6866	1.68986592513	0.0	413769	494.622700303	6.866

