3080.14935039	3066	0.5	0.420446364215	181435	420.446364215	1.38421454314
3080.57541472	3120	0.573935665634	0.0	184429	426.064334366	3.066
3081.00935247	3146	0.639997916853	0.0	188625	433.93774878	3.12
3081.45043934	3200	0.69891104774	0.0	192435	441.086869114	3.146
3081.89152621	3200	0.757824178626	0.0	192435	441.086869114	3.2
3082.33183624	3200	0.81751414306	0.0	192021	440.310035566	3.2
3083.32673588	8333	0.5	0.177385492943	513389	994.899636004	2.49045802823
3084.22245388	8066	0.5	0.395718003197	497055	895.718003197	6.21612798721
3085.04637996	8466	0.5	0.323926081647	520019	823.926081647	6.77029567341
3085.94283999	9000	0.5	0.396460024872	551265	896.460024872	6.88015990051
3087.11371286	9266	0.5	0.670872871256	558332	1170.87287126	6.31650851497
3088.25417889	9000	0.5	0.640466033857	536970	1140.46603386	6.17213586457
3089.4341262	9000	0.5	0.679947303752	536970	1179.94730375	6.28021078499
3090.6140735	9000	0.5	0.679947303752	536970	1179.94730375	6.28021078499
3091.50653632	9000	0.5	0.392462817875	536970	892.462817875	7.4301487285
3092.43715362	9000	0.5	0.430617297223	536970	930.617297223	7.27753081111
3093.4323774	9400	0.5	0.495223784492	553424	995.223784492	7.01910486203
3094.2155962	9000	0.5	0.283218802799	522960	783.218802799	7.46712478881
3095.00336181	9000	0.5	0.287765602635	522960	787.765602635	7.84893758946
3095.83533696	9000	0.5	0.331975151322	532300	831.975151322	7.67209939471
3096.62069928	8400	0.5	0.285362326218	503004	785.362326218	6.65855069513
3097.35090958	8000	0.5	0.230210292388	481782	730.210292388	6.67915883045
3098.06501416	8000	0.5	0.214104582669	481782	714.104582669	7.14358166933
3098.68038162	8533	0.5	0.115367464202	510552	615.367464202	7.53853014319
3099.22688835	9000	0.5	0.046506727285	536970	546.506727285	8.34697309086
3099.67887685	9000	0.548011497885	0.0	536970	451.988502115	9.0
3100.23376095	9000	0.5	0.00687259931558	536970	554.8840972	8.97250960274
3100.86632943	9000	0.5	0.132568481559	536970	632.568481559	8.46972607376
3101.41728321	9000	0.5	0.0509537837116	536970	550.953783712	8.79618486515
3101.98095481	9533	0.5	0.0636715955601	573990	563.67159556	8.74531361776
3102.5901795	9666	0.5	0.109224690925	586715	609.224690925	9.0961012363
3103.16115558	9000	0.5	0.0709760785442	551265	570.976078544	8.05009568582
3103.72633977	9000	0.5	0.065184194792	551265	565.184194792	8.73926322083
3104.23739514	9000	0.5	0.011055368584	551265	511.055368584	8.95577852566
3104.72546865	9000	0.511926489101	0.0	551265	488.073510899	9.0
3105.17133528	9000	0.566059860423	0.0	551265	445.866628678	9.0
3105.624035	9000	0.613360138626	0.0	551265	452.699721797	9.0
3106.07457934	8466	0.662815800346	0.0	527825	450.54433828	7.932
3106.54986986	8000	0.687525279532	0.0	498375	475.290520814	7.534
3106.9775322	7066	0.759862937971	0.0	434595	427.662341561	6.132
3107.46041047	7200	0.776984671256	0.0	442995	482.878266715	7.066
3107.9887978	7600	0.748597339584	0.0	469589	528.387331672	7.2
3108.52573661	8000	0.711658535326	0.0	496259	536.938804258	7.6
3109.07881033	8133	0.658584814003	0.0	508563	553.073721323	8.0
3109.66154159	8733	0.575853555881	0.0	536941	582.731258122	8.133
3110.31838478	8733	0.5	0.0809896408622	525223	656.843196743	8.40904143655
3111.01539714	9000	0.5	0.197012352279	536970	697.012352279	7.94495059088
3111.69193933	9000	0.5	0.176542191758	527946	676.542191758	8.29383123297
3112.3562735	8933	0.5	0.164334172642	519390	664.334172642	8.20866330943
3112.93449654	8933	0.5	0.0782230358039	530998	578.223035804	8.62010785678
3113.50448981	9000	0.5	0.0699932785818	536970	569.993278582	8.65302688567
3114.0063732	8600	0.5	0.00188338758492	513386	501.883387585	8.19246644966
3114.41878372	7000	0.587589484828	0.0	418197	412.410515172	5.4
3114.91687441	8600	0.589498789619	0.0	525989	498.09069521	7.0
3115.51088216	9000	0.5	0.00450896219348	551655	594.007751812	8.58196415123
3116.15638572	9533	0.5	0.1455035509	584127	645.5035509	8.4179857964
3116.72695159	10000	0.5	0.0705658699491	612540	570.565869949	9.2507365202
3117.28023354	10000	0.5	0.0532819577759	612540	553.281957776	9.7868721689
3117.82885564	10000	0.5	0.0486220979169	612540	548.622097917	9.80551160833
3118.41714459	10000	0.5	0.0882889524445	612540	588.288952445	9.64684419022
3119.02947521	10000	0.5	0.112330621113	612540	612.330621113	9.55067751555
3119.65126613	9866	0.5	0.121790918484	607628	621.790918484	9.24483632606
3120.19188374	10000	0.5	0.0406176104203	620415	540.61761042	9.70352955832
3120.73823482	10000	0.5	0.0463510777914	620415	546.351077791	9.81459568883
3121.30210065	10000	0.5	0.063865828777	620415	563.865828777	9.74453668489
3122.04484236	11600	0.5	0.242741709915	730995	742.741709915	9.02903316034
3122.85930032	12000	0.5	0.314457955586	758640	814.457955586	10.3421681777
3123.67972466	12266	0.5	0.32042434659	771584	820.42434659	10.7183026136
3124.36836005	11000	0.5	0.188635384418	681300	688.635384418	8.97945846233
3124.97836445	10200	0.5	0.110004400685	627772	610.004400685	8.95998239726
3125.54165296	10000	0.5	0.063288511052	612540	563.288511052	9.54684595579
3126.05386285	10000	0.5	0.0122098933675	612540	512.209893367	9.95116042653
3126.54732322	10000	0.506539630936	0.0	612540	493.460369064	10.0
3127.05014201	9600	0.503720840297	0.0	588186	502.818790638	9.2
3127.62909793	8666	0.5	0.0752350777842	530195	578.955918082	7.43105968886
3128.17590886	8533	0.5	0.0468109335532	515343	546.810933553	8.21275626579
3128.71637713	9000	0.5	0.0404682641837	539520	540.468264184	8.37112694327
3129.23640658	9000	0.5	0.0200294551272	539520	520.029455127	8.91988217949
3129.74418964	9000	0.5	0.00778305843478	539520	507.783058435	8.96886776626
3130.21809273	9000	0.526096911674	0.0	539520	473.903088326	9.0
3130.68202035	9000	0.562169286649	0.0	539520	463.927625025	9.0
3131.10503946	9000	0.639150183023	0.0	540862	423.019103625	9.0
3131.5431223	9000	0.70106733748	0.0	539793	438.082845544	9.0
3132.08002658	9933	0.664163060717	0.0	600065	536.904276763	9.0
3132.57607161	9533	0.66811803008	0.0	573695	496.045030637	9.133
3133.0340183	9000	0.710171341529	0.0	537795	457.946688551	8.467
3133.38961276	7800	0.85457688095	0.0	462222	355.594460579	6.6
3133.74158448	7800	1.0026051643	0.0	456146	351.971716654	7.8
3134.120906	7666	1.12328364501	0.0	447075	379.321519283	7.532
3134.48786204	7133	1.25632760489	0.0	421103	366.956040127	6.6
3134.89907166	8000	1.34511798477	0.0	476265	411.20962012	7.133
3135.30027115	7733	1.44391849378	0.0	454837	401.199490985	7.466
3135.70218823	8000	1.54200141478	0.0	462300	401.917079001	7.733
3136.10114517	8000	1.64304446815	0.0	462300	398.956946628	8.0
3136.52548811	8000	1.71870152938	0.0	468906	424.342938776	8.0
3136.96415118	8000	1.78003846241	0.0	467438	438.663066971	8.0
3137.47023234	7933	1.77395729723	0.0	465132	506.081165175	7.866
3138.01355734	7533	1.73063229865	0.0	455338	543.32499858	7.133
3138.70568989	8866	1.53849975039	0.0	543071	692.132548262	7.533
3139.42834493	9000	1.31584471114	0.0	551023	722.655039245	8.866
3140.05044403	10000	1.19374561485	0.0	612540	622.099096293	9.0
3140.62485247	10000	1.11933716613	0.0	612540	574.408448725	10.0
3141.16050379	10000	1.08368585497	0.0	612540	535.651311156	10.0
3141.62990235	9066	1.11428728681	0.0	555398	469.398568157	8.132
3142.095628	9000	1.14856164008	0.0	551655	465.725646737	8.934
3142.55841213	9000	1.18577751234	0.0	551655	462.784127734	9.0
3142.98917229	9000	1.2550173526	0.0	551655	430.760159738	9.0
3143.45396938	9000	1.2902202595	0.0	551655	464.797093107	9.0
3143.95178042	8533	1.29240921963	0.0	521611	497.811039867	8.066
3144.44395854	8000	1.3002311011	0.0	487275	492.17811853	7.467
3144.97452035	8000	1.2696692898	0.0	487275	530.561811295	8.0
3145.49994005	8000	1.2442495946	0.0	487275	525.419695206	8.0
3145.93349636	7133	1.31069328186	0.0	432597	433.556312737	6.266
3146.40886512	7933	1.33532451791	0.0	483757	475.368763956	7.133
3146.88816341	8000	1.35602623352	0.0	488565	479.298284391	7.933
3147.36746169	8000	1.37672794912	0.0	488565	479.298284391	8.0
3147.83985343	8000	1.4043362148	0.0	488565	472.391734325	8.0
3148.22146032	6933	1.52272931988	0.0	419059	381.606894923	5.866
3148.59710502	6866	1.64708462006	0.0	410775	375.64469982	6.799
3148.9568606	6866	1.78732904002	0.0	413769	359.755580036	6.866

