8504.93570129	3066	0.5	0.228575525851	181435	228.575525851	2.15169789659
8505.40183388	7800	0.533867411028	0.0	471531	466.132588972	3.066
8505.87690139	7866	0.558799900114	0.0	482442	475.067510914	7.8
8506.35989413	8000	0.575807160113	0.0	492120	482.99274	7.866
8506.84288687	8000	0.592814420113	0.0	492120	482.99274	8.0
8507.32428768	8000	0.611413604617	0.0	490176	481.400815497	8.0
8507.82469742	8333	0.611003867569	0.0	513389	500.409737048	8.0
8508.31173139	8066	0.62396989947	0.0	497055	487.033968099	7.799
8508.7900512	8466	0.645650091345	0.0	520019	478.319808125	8.066
8509.1159526	9000	0.819748689349	0.0	551265	325.901401997	8.466
8509.44500636	9266	0.990694928309	0.0	558332	329.05376104	9.0
8509.76453123	9000	1.17117006127	0.0	536970	319.524867042	8.734
8510.08405609	9000	1.35164519422	0.0	536970	319.524867042	9.0
8510.42661369	9000	1.50908760006	0.0	536970	342.557594168	9.0
8510.80333518	9000	1.6323661063	0.0	536970	376.721493758	9.0
8511.18005668	9000	1.75564461254	0.0	536970	376.721493758	9.0
8511.5658704	9400	1.86983088745	0.0	553424	385.81372509	9.0
8511.93485018	9000	2.00085110762	0.0	522960	368.979779831	8.6
8512.226504	6400	2.20919729056	0.0	383025	291.65381706	3.8
8512.51815782	6400	2.4175434735	0.0	383025	291.65381706	6.4
8512.79593488	6400	2.63976641316	0.0	383025	277.777060345	6.4
8513.07058053	6400	2.86512075396	0.0	383025	274.6456592	6.4
8513.34522619	6400	3.09047509476	0.0	383025	274.6456592	6.4
8513.61987185	6400	3.31582943556	0.0	383025	274.6456592	6.4
8513.89451751	6400	3.54118377636	0.0	383025	274.6456592	6.4
8514.16916317	6400	3.76653811716	0.0	383025	274.6456592	6.4
8514.44380883	6400	3.99189245796	0.0	383025	274.6456592	6.4
8514.76717584	6400	4.16852545111	0.0	383025	323.367006851	6.4
8515.09138747	6400	4.34431381615	0.0	383025	324.211634959	6.4
8515.41559911	6400	4.52010218119	0.0	383025	324.211634959	6.4
8515.73981074	6400	4.69589054623	0.0	383025	324.211634959	6.4
8516.06402238	6400	4.87167891127	0.0	383025	324.211634959	6.4
8516.38823401	6400	5.04746727631	0.0	383025	324.211634959	6.4
8516.71244565	6400	5.22325564135	0.0	383025	324.211634959	6.4
8517.03665728	6400	5.39904400639	0.0	383025	324.211634959	6.4
8517.36086892	6400	5.57483237143	0.0	383025	324.211634959	6.4
8517.68741102	6400	5.74829026838	0.0	383025	326.542103055	6.4
8518.01546928	6400	5.92023200577	0.0	383025	328.058262609	6.4
8518.34352755	6400	6.09217374316	0.0	383025	328.058262609	6.4
8518.67158581	6400	6.26411548055	0.0	383025	328.058262609	6.4
8518.99964407	6400	6.43605721794	0.0	383025	328.058262609	6.4
8519.32770233	6400	6.60799895533	0.0	383025	328.058262609	6.4
8519.5992741	6400	6.83642719243	0.0	383025	271.571762898	6.4
8519.86604712	6400	7.06965417247	0.0	383025	266.773019959	6.4
8520.13282014	6400	7.30288115251	0.0	383025	266.773019959	6.4
8520.39959316	6400	7.53610813255	0.0	383025	266.773019959	6.4
8520.66636618	6400	7.76933511259	0.0	383025	266.773019959	6.4
8521.35915283	6400	7.50256209264	0.0	383025	266.773019959	6.4
8521.69597375	6400	7.66574117288	0.0	383025	336.82091975	6.4
8522.03279467	6400	7.82892025313	0.0	383025	336.82091975	6.4
8522.36961559	6400	7.99209933338	0.0	383025	336.82091975	6.4
8523.20643651	6400	7.65527841363	0.0	383025	336.82091975	6.4
8523.7186512	6400	7.64306372683	0.0	383025	512.214686807	6.4
8524.32025762	6400	7.54145730461	0.0	383025	601.606422221	6.4
8524.92186404	6400	7.43985088238	0.0	383025	601.606422221	6.4
8525.52347046	6400	7.33824446016	0.0	383025	601.606422221	6.4
8526.12507688	6400	7.23663803794	0.0	383025	601.606422221	6.4
8526.72668331	6400	7.13503161572	0.0	383025	601.606422221	6.4
8527.32828973	6400	7.0334251935	0.0	383025	601.606422221	6.4
8527.92989615	6400	6.93181877128	0.0	383025	601.606422221	6.4
8528.56236663	6400	6.79934829693	0.0	383025	632.470474353	6.4
8529.2145407	6400	6.64717422324	0.0	383025	652.17407369	6.4
8529.86671477	6400	6.49500014955	0.0	383025	652.17407369	6.4
8530.51888885	6400	6.34282607586	0.0	383025	652.17407369	6.4
8531.17106292	6400	6.19065200217	0.0	383025	652.17407369	6.4
8531.82323699	6400	6.03847792848	0.0	383025	652.17407369	6.4
8532.47541107	6400	5.88630385479	0.0	383025	652.17407369	6.4
8533.12758514	6400	5.73412978109	0.0	383025	652.17407369	6.4
8533.72773805	6400	5.63397686803	0.0	383025	600.152913068	6.4
8534.30087975	6400	5.56083517111	0.0	383025	573.141696919	6.4
8534.87402145	6400	5.48769347419	0.0	383025	573.141696919	6.4
8535.44716314	6400	5.41455177727	0.0	383025	573.141696919	6.4
8536.02030484	6400	5.34141008035	0.0	383025	573.141696919	6.4
8536.59344654	6400	5.26826838343	0.0	383025	573.141696919	6.4
8537.15328541	6400	5.20842951621	0.0	383025	559.838867226	6.4
8537.65622647	6400	5.20548844815	0.0	383025	502.941068054	6.4
8538.15916754	6400	5.2025473801	0.0	383025	502.941068054	6.4
8538.66210861	6400	5.19960631205	0.0	383025	502.941068054	6.4
8539.16504968	6400	5.19666524399	0.0	383025	502.941068054	6.4
8539.66799075	6400	5.19372417594	0.0	383025	502.941068054	6.4
8540.17093181	6400	5.19078310789	0.0	383025	502.941068054	6.4
8540.67387288	6400	5.18784203983	0.0	383025	502.941068054	6.4
8541.16478738	6400	5.19692753716	0.0	383025	490.914502677	6.4
8541.57296252	6400	5.28875240526	0.0	383025	408.175131894	6.4
8541.98113765	6400	5.38057727337	0.0	383025	408.175131894	6.4
8542.38931278	6400	5.47240214148	0.0	383025	408.175131894	6.4
8542.79748791	6400	5.56422700958	0.0	383025	408.175131894	6.4
8543.20566304	6400	5.65605187769	0.0	383025	408.175131894	6.4
8543.61383818	6400	5.74787674579	0.0	383025	408.175131894	6.4
8544.02201331	6400	5.8397016139	0.0	383025	408.175131894	6.4
8544.34322715	6400	6.01848777224	0.0	383025	321.213841658	6.4
8544.64839332	6400	6.21332160033	0.0	383025	305.166171908	6.4
8544.95355949	6400	6.40815542843	0.0	383025	305.166171908	6.4
8545.25872567	6400	6.60298925652	0.0	383025	305.166171908	6.4
8545.56389184	6400	6.79782308461	0.0	383025	305.166171908	6.4
8545.86905801	6400	6.9926569127	0.0	383025	305.166171908	6.4
8546.17422418	6400	7.18749074079	0.0	383025	305.166171908	6.4
8546.48021301	6400	7.38150190758	0.0	383025	305.988833216	6.4
8546.81501233	6400	7.54670259336	0.0	383025	334.799314219	6.4
8547.14981164	6400	7.71190327914	0.0	383025	334.799314219	6.4
8547.48461096	6400	7.87710396492	0.0	383025	334.799314219	6.4
8548.31941027	6400	7.5423046507	0.0	383025	334.799314219	6.4
8548.70000364	6400	7.66171127907	0.0	383025	380.593371633	6.4
8549.11751557	6400	7.74419935608	0.0	383025	417.511922986	6.4
8549.53502749	6400	7.82668743309	0.0	383025	417.511922986	6.4
8549.95253941	6400	7.90917551011	0.0	383025	417.511922986	6.4
8550.37005133	6400	7.99166358712	0.0	383025	417.511922986	6.4
8551.28756326	6400	7.57415166413	0.0	383025	417.511922986	6.4
8551.68713349	6400	7.67458143075	0.0	383025	399.570233385	6.4
8552.06198157	6400	7.79973334779	0.0	383025	374.848082955	6.4
8552.43682966	6400	7.92488526484	0.0	383025	374.848082955	6.4
8553.31167774	6400	7.55003718188	0.0	383025	374.848082955	6.4
8553.68652582	6400	7.67518909893	0.0	383025	374.848082955	6.4
8554.08480569	6400	7.77690923274	0.0	383025	398.279866186	6.4
8554.52348558	6400	7.83822934419	0.0	383025	438.67988855	6.4
8554.96216547	6400	7.89954945564	0.0	383025	438.67988855	6.4
8555.40084535	6400	7.96086956709	0.0	383025	438.67988855	6.4
8556.33952524	6400	7.52218967854	0.0	383025	438.67988855	6.4
8556.77820513	6400	7.58350978999	0.0	383025	438.67988855	6.4
8557.21055769	6400	7.65115723279	0.0	383025	432.352557204	6.4

