5597.81747797	3066	0.5	0.202377133369	181435	202.377133369	2.25649146652
5598.21552362	7800	0.601954352388	0.0	471531	398.045647612	3.066
5598.62092869	7866	0.69654928183	0.0	482442	405.405070558	7.8
5599.03286153	8000	0.784616441565	0.0	492120	411.932840265	7.866
5599.44479437	8000	0.8726836013	0.0	492120	411.932840265	8.0
5599.85541599	8000	0.96206198074	0.0	490176	410.621620559	8.0
5600.3225675	8333	0.994910467852	0.0	513389	467.151512888	8.0
5600.78111182	8066	1.03636614904	0.0	497055	458.544318812	7.799
5601.25714493	8466	1.06033303777	0.0	520019	476.033111274	8.066
5601.7569742	9000	1.06050377559	0.0	551265	499.829262174	8.466
5602.2621855	9266	1.05529246777	0.0	558332	505.211307825	9.0
5602.75112806	9000	1.06634991036	0.0	536970	488.942557408	8.734
5603.24007062	9000	1.07740735295	0.0	536970	488.942557408	9.0
5603.69339784	9000	1.12408013359	0.0	536970	453.327219364	9.0
5604.10723108	9000	1.21024689622	0.0	536970	413.833237368	9.0
5604.52106431	9000	1.29641365885	0.0	536970	413.833237368	9.0
5604.94512697	9400	1.37235100068	0.0	553424	424.062658169	9.0
5605.35025022	9000	1.46722775392	0.0	522960	405.123246762	8.6
5605.75537346	9000	1.56210450716	0.0	522960	405.123246762	9.0
5606.24524229	9000	1.57223568013	0.0	532300	489.868827033	9.0
5606.79109243	8400	1.52638554262	0.0	503004	545.850137504	7.8
5607.31728811	8000	1.50018986436	0.0	481782	526.195678259	7.6
5607.84348379	8000	1.47399418611	0.0	481782	526.195678259	8.0
5608.3963244	8533	1.4211535737	0.0	510552	552.840612407	8.0
5608.97363167	9000	1.34384629913	0.0	536970	577.307274565	8.533
5609.55093895	9000	1.26653902457	0.0	536970	577.307274565	9.0
5610.12824622	9000	1.18923175	0.0	536970	577.307274565	9.0
5610.7055535	9000	1.11192447544	0.0	536970	577.307274565	9.0
5611.13804715	9000	1.17943082213	0.0	536970	432.493653308	9.0
5611.56967489	9533	1.24780307864	0.0	573990	431.62774349	9.0
5612.009098	9666	1.30837996757	0.0	586715	439.423111068	9.533
5612.42680435	9000	1.39067361726	0.0	551265	417.706350311	8.334
5612.85219283	9000	1.46528513678	0.0	551265	425.38848048	9.0
5613.54559737	9000	1.27188060008	0.0	551265	693.404536702	9.0
5614.23900191	9000	1.07847606338	0.0	551265	693.404536702	9.0
5614.93240644	9000	0.885071526673	0.0	551265	693.404536702	9.0
5615.62581098	9000	0.691666989971	0.0	551265	693.404536702	9.0
5616.29313332	8466	0.524344650289	0.0	527825	667.322339682	7.932
5616.8696917	8000	0.5	0.0522137323312	498375	576.55838262	7.32514507068
5617.34633651	7066	0.523355191205	0.0	434595	476.644808795	6.132
5617.83064781	7200	0.539043896615	0.0	442995	484.31129459	7.066
5618.33923083	7600	0.53046087307	0.0	469589	508.583023545	7.2
5618.87215495	8000	0.5	0.0024632428725	496259	532.924115942	7.59014702851
5619.41630864	8133	0.5	0.0441536922777	508563	544.153692278	7.82338523089
5619.98636228	8733	0.5	0.0700536367869	536941	570.053636787	7.85278545285
5620.54572116	8733	0.5	0.0593588891035	525223	559.358889104	8.49556444359
5621.06469572	9000	0.5	0.0189745540074	536970	518.974554007	8.65710178397
5621.57190286	9000	0.5	0.00720713748176	527946	507.207137482	8.97117145007
5622.07218659	8933	0.5	0.000283731928365	519390	500.283731928	8.86486507229
5622.58186337	8933	0.5	0.00967677676986	530998	509.67677677	8.89429289292
5623.09637261	9000	0.5	0.0145092426377	536970	514.509242638	8.87496302945
5623.59179798	8600	0.504574627929	0.0	513386	495.425372071	8.2
5624.01019763	7000	0.586174974795	0.0	418197	418.399653134	5.4
5624.52695931	8600	0.56941329565	0.0	525989	516.761679146	7.0
5625.0731822	9000	0.523190406381	0.0	551655	546.222889269	8.6
5625.64684831	9533	0.5	0.0504757031259	584127	573.666109507	8.7980971875
5626.24452724	10000	0.5	0.0976789272149	612540	597.678927215	9.14228429114
5626.84220617	10000	0.5	0.0976789272149	612540	597.678927215	9.60928429114
5627.43988509	10000	0.5	0.0976789272149	612540	597.678927215	9.60928429114
5628.10418344	10000	0.5	0.164298346209	612540	664.298346209	9.34280661517
5628.86418435	10000	0.5	0.26000090853	612540	760.00090853	8.95999636588
5629.61873228	9866	0.5	0.254547934908	607628	754.547934908	8.71380826037
5630.38747549	10000	0.5	0.268743206429	620415	768.743206429	8.79102717428
5631.1562187	10000	0.5	0.268743206429	620415	768.743206429	8.92502717428
5631.88464628	10000	0.5	0.228427583335	620415	728.427583335	9.08628966666
5632.68523459	11600	0.5	0.300588307772	730995	800.588307772	8.79764676891
5633.51307433	12000	0.5	0.327839744196	758640	827.839744196	10.2886410232
5634.3536738	12266	0.5	0.340599469031	771584	840.599469031	10.6376021239
5635.10527458	11000	0.5	0.251600782612	681300	751.600782612	8.72759686955
5635.79508342	10200	0.5	0.189808842789	627772	689.808842789	8.64076462885
5636.4176723	10000	0.5	0.122588873936	612540	622.588873936	9.30964450426
5637.04026117	10000	0.5	0.122588873936	612540	622.588873936	9.50964450426
5637.66285005	10000	0.5	0.122588873936	612540	622.588873936	9.50964450426
5638.26386611	9600	0.5	0.101016063285	588186	601.016063285	8.79593574686
5638.81351366	8666	0.5	0.0496475463094	530195	549.647546309	7.53340981476
5639.35526953	8533	0.5	0.0417558767622	515343	541.755876762	8.23297649295
5639.93968622	9000	0.5	0.0844166914743	539520	584.416691474	8.1953332341
5640.52410292	9000	0.5	0.0844166914743	539520	584.416691474	8.6623332341
5641.10851961	9000	0.5	0.0844166914743	539520	584.416691474	8.6623332341
5641.6929363	9000	0.5	0.0844166914743	539520	584.416691474	8.6623332341
5642.27735299	9000	0.5	0.0844166914743	539520	584.416691474	8.6623332341
5642.86302437	9000	0.5	0.0856713756379	540862	585.671375638	8.65731449745
5643.48093378	9000	0.5	0.117909412929	539793	617.909412929	8.52836234828
5644.23663939	9933	0.5	0.255705607625	600065	755.705607625	7.9771775695
5644.96265095	9533	0.5	0.226011563025	573695	726.011563025	8.2289537479
5645.64823717	9000	0.5	0.18558622358	537795	685.58622358	7.72465510568
5646.24872412	7800	0.5	0.100486942861	462222	600.486942861	6.19805222856
5646.84236915	7800	0.5	0.0936450386136	456146	593.645038614	7.42541984555
5647.42109562	7666	0.5	0.0787264656719	447075	578.726465672	7.21709413731
5647.96601305	7133	0.5	0.0449174315705	421103	544.917431571	6.42033027372
5648.57183191	8000	0.5	0.105818862718	476265	605.818862718	6.70972454913
5649.15399326	7733	0.5	0.082161347279	454837	582.161347279	7.13735461088
5649.74439411	8000	0.5	0.0904008487592	462300	590.400848759	7.37139660496
5650.33479496	8000	0.5	0.0904008487592	462300	590.400848759	7.63839660496
5650.93248914	8000	0.5	0.0976941821075	468906	597.694182107	7.60922327157
5651.52856258	8000	0.5	0.0960734413634	467438	596.073441363	7.61570623455
5652.05669597	7933	0.5	0.0281333823521	465132	528.133382352	7.75346647059
5652.53232345	7533	0.524372514095	0.0	455338	475.627485905	7.133
5653.08417912	8866	0.5	0.0274831500438	543071	551.855664139	7.42306739982
5653.642944	9000	0.5	0.058764882715	551023	558.764882715	8.63094046914
5654.25515888	10000	0.5	0.112214882606	612540	612.214882606	8.55114046958
5654.86737376	10000	0.5	0.112214882606	612540	612.214882606	9.55114046958
5655.43003576	10000	0.5	0.0626619919122	612540	562.661991912	9.74935203235
5655.93040871	9066	0.5	0.000372950372408	555398	500.372950372	8.13050819851
5656.42794863	9000	0.502460073789	0.0	551655	497.539926211	8.934
5656.92548856	9000	0.504920147578	0.0	551655	497.539926211	9.0
5657.42302848	9000	0.507380221367	0.0	551655	497.539926211	9.0
5657.92056841	9000	0.509840295156	0.0	551655	497.539926211	9.0
5658.37483762	8533	0.55557108465	0.0	521611	454.269210506	8.066
5658.78583979	8000	0.64456891397	0.0	487275	411.00217068	7.467
5659.19684196	8000	0.73356674329	0.0	487275	411.00217068	8.0
5659.60784413	8000	0.822564572611	0.0	487275	411.00217068	8.0
5659.98170396	7133	0.948704748015	0.0	432597	373.859824595	6.266
5660.39510008	7933	1.03530862355	0.0	483757	413.396124464	7.133
5660.852061	8000	1.07834770385	0.0	488565	456.960919703	7.933
5661.30902192	8000	1.12138678415	0.0	488565	456.960919703	8.0
5661.76598284	8000	1.16442586444	0.0	488565	456.960919703	8.0
5662.16931518	6933	1.26109352166	0.0	419059	403.332342779	5.866
5662.56625586	6866	1.3641528448	0.0	410775	396.940676862	6.799
5662.96550661	6866	1.46490209457	0.0	413769	399.250750227	6.866

