5943.7559776	3066	0.5	0.335603087225	181435	335.603087225	1.7235876511
5944.50026387	7800	0.5	0.244286269586	471531	744.286269586	2.08885492166
5945.25992141	7866	0.5	0.259657533591	482442	759.657533591	6.76136986564
5946.03321317	8000	0.5	0.273291764462	492120	773.291764462	6.77283294215
5946.80650493	8000	0.5	0.273291764462	492120	773.291764462	6.90683294215
5947.57705802	8000	0.5	0.270553084486	490176	770.553084486	6.91778766206
5948.0156391	8333	0.561418922906	0.0	513389	438.581077094	8.0
5948.42031858	8066	0.656739437655	0.0	497055	404.679485252	7.799
5948.8399983	8466	0.737059721645	0.0	520019	419.67971601	8.066
5949.29471439	9000	0.782343631772	0.0	551265	454.716089873	8.466
5949.767538	9266	0.80952001384	0.0	558332	472.823617932	9.0
5950.22533204	9000	0.851725980682	0.0	536970	457.794033158	8.734
5950.68312607	9000	0.893931947525	0.0	536970	457.794033158	9.0
5951.1409201	9000	0.936137914367	0.0	536970	457.794033158	9.0
5951.58830667	9000	0.988751347752	0.0	536970	447.386566615	9.0
5952.03197451	9000	1.04508350833	0.0	536970	443.66783942	9.0
5952.48678597	9400	1.09027204705	0.0	553424	454.811461279	9.0
5952.92096541	9000	1.15609260816	0.0	522960	434.179438894	8.6
5953.33768564	9000	1.23937237558	0.0	522960	416.720232579	9.0
5953.74587502	9000	1.33118300082	0.0	532300	408.189374763	9.0
5954.13600195	8400	1.44105606438	0.0	503004	390.126936433	7.8
5954.51304447	8000	1.56401354447	0.0	481782	377.042519917	7.6
5954.89008699	8000	1.68697102455	0.0	481782	377.042519917	8.0
5955.28486765	8533	1.79219037141	0.0	510552	394.780653135	8.0
5955.67227392	9000	1.90478409866	0.0	536970	387.406272758	8.533
5956.04523301	9000	2.03182501328	0.0	536970	372.959085373	9.0
5956.33420307	6400	2.24285495225	0.0	383025	288.970061037	3.8
5956.6247524	6400	2.45230562265	0.0	383025	290.549329592	6.4
5956.93950815	6400	2.63754987011	0.0	383025	314.755752545	6.4
5957.2542639	6400	2.82279411756	0.0	383025	314.755752545	6.4
5957.56901965	6400	3.00803836502	0.0	383025	314.755752545	6.4
5957.88377541	6400	3.19328261247	0.0	383025	314.755752545	6.4
5958.24958615	6400	3.32747186641	0.0	383025	365.810746063	6.4
5958.6578638	6400	3.41919421619	0.0	383025	408.277650223	6.4
5959.06614145	6400	3.51091656596	0.0	383025	408.277650223	6.4
5959.4744191	6400	3.60263891574	0.0	383025	408.277650223	6.4
5959.88269675	6400	3.69436126552	0.0	383025	408.277650223	6.4
5960.2909744	6400	3.7860836153	0.0	383025	408.277650223	6.4
5960.62020962	6400	3.95684839711	0.0	383025	329.235218186	6.4
5960.93544338	6400	4.14161464148	0.0	383025	315.233755627	6.4
5961.25067713	6400	4.32638088586	0.0	383025	315.233755627	6.4
5961.56591089	6400	4.51114713023	0.0	383025	315.233755627	6.4
5961.88114464	6400	4.6959133746	0.0	383025	315.233755627	6.4
5962.19476101	6400	4.88229701271	0.0	383025	313.616361897	6.4
5962.49536364	6400	5.08169437405	0.0	383025	300.602638652	6.4
5962.79596628	6400	5.2810917354	0.0	383025	300.602638652	6.4
5963.09656892	6400	5.48048909675	0.0	383025	300.602638652	6.4
5963.39717156	6400	5.6798864581	0.0	383025	300.602638652	6.4
5963.6977742	6400	5.87928381944	0.0	383025	300.602638652	6.4
5963.99209634	6400	6.08496167797	0.0	383025	294.322141475	6.4
5964.2798706	6400	6.29718741724	0.0	383025	287.77426073	6.4
5964.56764486	6400	6.50941315651	0.0	383025	287.77426073	6.4
5964.85541912	6400	6.72163889578	0.0	383025	287.77426073	6.4
5965.14319338	6400	6.93386463505	0.0	383025	287.77426073	6.4
5965.48606265	6400	7.09099536756	0.0	383025	342.869267488	6.4
5965.83722431	6400	7.23983370906	0.0	383025	351.161658498	6.4
5966.18838597	6400	7.38867205056	0.0	383025	351.161658498	6.4
5966.53954763	6400	7.53751039207	0.0	383025	351.161658498	6.4
5966.89070929	6400	7.68634873357	0.0	383025	351.161658498	6.4
5967.24135895	6400	7.83569906901	0.0	383025	350.649664555	6.4
5967.58606218	6400	7.99099583802	0.0	383025	344.703230995	6.4
5968.43076541	6400	7.64629260702	0.0	383025	344.703230995	6.4
5968.77546864	6400	7.80158937603	0.0	383025	344.703230995	6.4
5969.14501292	6400	7.93204509757	0.0	383025	369.544278456	6.4
5970.024361	6400	7.55269701724	0.0	383025	379.348080331	6.4
5970.40370908	6400	7.67334893691	0.0	383025	379.348080331	6.4
5970.78305716	6400	7.79400085658	0.0	383025	379.348080331	6.4
5971.14955341	6400	7.92750460615	0.0	383025	366.496250433	6.4
5972.01232106	6400	7.56473695696	0.0	383025	362.767649189	6.4
5972.37508871	6400	7.70196930777	0.0	383025	362.767649189	6.4
5972.68945839	6400	7.88759963355	0.0	383025	314.369674224	6.4
5973.50106228	6400	7.57599573994	0.0	383025	311.603893602	6.4
5973.81266617	6400	7.76439184634	0.0	383025	311.603893602	6.4
5974.13887768	6400	7.93818033506	0.0	383025	326.211511285	6.4
5974.97574891	6400	7.60130910796	0.0	383025	336.871227094	6.4
5975.31262014	6400	7.76443788087	0.0	383025	336.871227094	6.4
5975.62832485	6400	7.94873317084	0.0	383025	315.704710032	6.4
5976.43102576	6400	7.64603225406	0.0	383025	302.700916775	6.4
5976.73372668	6400	7.84333133729	0.0	383025	302.700916775	6.4
5977.56475004	6400	7.51230797999	0.0	383025	331.023357298	6.4
5977.92180047	6400	7.65525755258	0.0	383025	357.050427408	6.4
5978.34011045	6400	7.73694756503	0.0	383025	418.309987549	6.4
5978.88898603	6400	7.68807198735	0.0	383025	548.87557768	6.4
5979.43786161	6400	7.63919640967	0.0	383025	548.87557768	6.4
5979.98673719	6400	7.59032083199	0.0	383025	548.87557768	6.4
5980.53561276	6400	7.54144525431	0.0	383025	548.87557768	6.4
5981.08448834	6400	7.49256967663	0.0	383025	548.87557768	6.4
5981.59817152	6400	7.47888649528	0.0	383025	513.683181345	6.4
5982.06957443	6400	7.50748358872	0.0	383025	471.402906568	6.4
5982.54097734	6400	7.53608068215	0.0	383025	471.402906568	6.4
5983.01238024	6400	7.56467777558	0.0	383025	471.402906568	6.4
5983.53981448	6400	7.53724353788	0.0	383025	527.434237697	6.4
5984.06841699	6400	7.50864102742	0.0	383025	528.602510467	6.4
5984.5970195	6400	7.48003851695	0.0	383025	528.602510467	6.4
5985.12562201	6400	7.45143600648	0.0	383025	528.602510467	6.4
5985.68304994	6400	7.39400807875	0.0	383025	557.427927732	6.4
5986.26468157	6400	7.3123764475	0.0	383025	581.631631252	6.4
5986.8463132	6400	7.23074481625	0.0	383025	581.631631252	6.4
5987.42794483	6400	7.14911318499	0.0	383025	581.631631252	6.4
5988.00957646	6400	7.06748155374	0.0	383025	581.631631252	6.4
5988.58739304	6400	6.9896649805	0.0	383025	577.816573245	6.4
5989.13137727	6400	6.94568075254	0.0	383025	543.984227955	6.4
5989.67536149	6400	6.90169652459	0.0	383025	543.984227955	6.4
5990.21934572	6400	6.85771229663	0.0	383025	543.984227955	6.4
5990.76332995	6400	6.81372806868	0.0	383025	543.984227955	6.4
5991.30731418	6400	6.76974384072	0.0	383025	543.984227955	6.4
5991.87160575	6400	6.70545226971	0.0	383025	564.291571015	6.4
5992.54844056	6400	6.52861745479	0.0	383025	676.834814919	6.4
5993.22527538	6400	6.35178263987	0.0	383025	676.834814919	6.4
5993.90211019	6400	6.17494782495	0.0	383025	676.834814919	6.4
5994.57894501	6400	5.99811301003	0.0	383025	676.834814919	6.4
5995.25577982	6400	5.82127819511	0.0	383025	676.834814919	6.4
5995.70886787	6400	5.86819014569	0.0	383025	453.088049421	6.4
5996.10878699	6400	5.96827103203	0.0	383025	399.919113663	6.4
5996.5087061	6400	6.06835191836	0.0	383025	399.919113663	6.4
5996.90862521	6400	6.1684328047	0.0	383025	399.919113663	6.4
5997.30854433	6400	6.26851369104	0.0	383025	399.919113663	6.4
5997.69542257	6400	6.38163545258	0.0	383025	386.878238457	6.4
5998.07191503	6400	6.50514298935	0.0	383025	376.492463235	6.4
5998.44840749	6400	6.62865052611	0.0	383025	376.492463235	6.4

