3952.00304493	3066	0.5	0.530457578349	181435	530.457578349	0.944169686605
3952.30958089	1560	0.693464043438	0.0	91244	306.535956562	0.054
3952.62155655	1573	0.881488383653	0.0	93435	311.975659785	1.56
3952.93829908	1600	1.06474584565	0.0	95355	316.742538008	1.573
3953.25504162	1600	1.24800330764	0.0	95355	316.742538008	1.6
3953.57231547	1600	1.43072946133	0.0	95569	317.27384631	1.6
3954.15106003	3333	1.35198489623	0.0	200884	578.744565101	1.6
3954.71366673	3226	1.28937820011	0.0	194384	562.606696116	3.119
3955.27099572	3386	1.23204920762	0.0	203319	557.328992487	3.226
3955.84601948	3600	1.15702545199	0.0	215565	575.023755631	3.386
3956.42902782	3706	1.07401710889	0.0	219042	583.008343103	3.6
3957.24045461	5400	0.762590316943	0.0	318510	811.426791947	3.706
3958.55355324	9000	0.5	0.550508312525	536970	1313.09862947	3.1979667499
3959.57224376	9000	0.5	0.518690520942	536970	1018.69052094	6.92523791623
3960.38395861	9000	0.5	0.311714842495	536970	811.714842495	7.75314063002
3961.17714402	9000	0.5	0.293185410911	536970	793.185410911	7.82725835636
3961.91362082	9400	0.5	0.236476807687	553424	736.476807687	8.05409276925
3962.61396095	9000	0.5	0.200340121404	522960	700.340121404	7.79863951438
3963.31430107	9000	0.5	0.200340121404	522960	700.340121404	8.19863951438
3964.20531505	9000	0.5	0.391013981606	532300	891.013981606	7.43594407357
3965.07227282	8400	0.5	0.36695777049	503004	866.95777049	6.33216891804
3965.77028193	8000	0.5	0.198009106009	481782	698.009106009	6.80796357597
3966.42560652	8000	0.5	0.155324597066	481782	655.324597066	7.37870161174
3967.05819521	8533	0.5	0.132588691884	510552	632.588691884	7.46964523246
3967.60730769	9000	0.5	0.0491124744017	536970	549.112474402	8.33655010239
3968.15642016	9000	0.5	0.0491124744017	536970	549.112474402	8.80355010239
3968.98114509	9000	0.5	0.324724929252	536970	824.724929252	7.70110028299
3970.02196903	9000	0.5	0.5408239423	536970	1040.8239423	6.8367042308
3971.06279298	9000	0.5	0.5408239423	536970	1040.8239423	6.8367042308
3972.65088791	9533	0.5	1.08809493254	573990	1588.09493254	4.64762026983
3974.43043368	9666	0.5	1.27954576569	586715	1779.54576569	4.41481693724
3976.10729092	9000	0.5	1.17685724163	551265	1676.85724163	3.62657103348
3976.80565857	9000	0.5	0.198367649487	551265	698.367649487	8.20652940205
3977.48190918	9000	0.5	0.176250618316	551265	676.250618316	8.29499752673
3978.12055399	9000	0.5	0.138644802946	551265	638.644802946	8.44542078821
3978.75062718	9000	0.5	0.130073196196	551265	630.073196196	8.47970721522
3979.38022283	9000	0.5	0.129595642158	551265	629.595642158	8.48161743137
3979.98030741	8466	0.5	0.100084580176	527825	600.084580176	7.5316616793
3980.55137386	8000	0.5	0.0710664569605	498375	571.06645696	7.24973417216
3981.06001238	7066	0.5	0.00863851801737	434595	508.638518017	6.09744592793
3981.57794322	7200	0.5	0.0179308432199	442995	517.93084322	6.99427662712
3982.12216405	7600	0.5	0.0442208303407	469589	544.220830341	7.02311667864
3982.74146529	8000	0.5	0.119301234646	496259	619.301234646	7.12279506142
3983.67328333	8133	0.5	0.431818040704	508563	931.818040704	6.27272783718
3984.65263313	8733	0.5	0.479349796572	536941	979.349796572	6.21560081371
3985.4560541	8733	0.5	0.30342097227	525223	803.42097227	7.51931611092
3986.23456098	9000	0.5	0.278506878436	536970	778.506878436	7.61897248626
3987.01112354	9000	0.5	0.276562563555	527946	776.562563555	7.89374974578
3987.86302705	8933	0.5	0.351903505584	519390	851.903505584	7.45838597766
3988.73218205	8933	0.5	0.369155004251	530998	869.155004251	7.45637998299
3989.52247283	9000	0.5	0.290290775562	536970	790.290775562	7.77183689775
3990.23857606	8600	0.5	0.216103236162	513386	716.103236162	7.33558705535
3990.83673679	7000	0.5	0.0981607310161	418197	598.160731016	5.00735707594
3991.9474564	8600	0.5	0.610719607364	525989	1110.71960736	4.55712157054
3993.20359888	9000	0.5	0.756142481763	551655	1256.14248176	5.57543007295
3993.95486384	9533	0.5	0.251264961025	584127	751.264961025	7.9949401559
3994.63107576	10000	0.5	0.176211914387	612540	676.211914387	8.82815234245
3995.22563142	10000	0.5	0.0945556598053	612540	594.555659805	9.62177736078
3995.62316939	10000	0.602462024633	0.0	612540	397.537975367	10.0
3996.07806345	10000	0.647567964552	0.0	612540	454.89406008	10.0
3996.5591001	10000	0.666531313172	0.0	612540	481.03665138	10.0
3997.09703425	9866	0.628597171882	0.0	607628	537.93414129	9.732
3997.66345986	10000	0.562171560542	0.0	620415	566.42561134	9.866
3998.23509105	10000	0.5	0.0094596361081	620415	571.63119665	9.96216145557
3998.81265679	10000	0.5	0.0775657314185	620415	577.565731418	9.68973707433
3999.51264414	11600	0.5	0.199987359066	730995	699.987359066	9.20005056373
4000.47002368	12000	0.5	0.457379536227	758640	957.379536227	9.77048185509
4001.37239337	12266	0.5	0.402369685407	771584	902.369685407	10.3905212584
4002.05639826	11000	0.5	0.184004895812	681300	684.004895812	8.99798041675
4002.66235211	10200	0.5	0.105953848528	627772	605.953848528	8.97618460589
4003.19327705	10000	0.5	0.0309249351834	612540	530.924935183	9.67630025927
4003.83283934	10000	0.5	0.1395622911	612540	639.5622911	9.4417508356
4004.49213272	10000	0.5	0.159293387198	612540	659.293387198	9.36282645121
4005.15999905	9600	0.5	0.167866324602	588186	667.866324602	8.52853470159
4005.84312847	8666	0.5	0.18312942292	530195	683.12942292	6.99948230832
4006.50936283	8533	0.5	0.166234359426	515343	666.234359426	7.73506256229
4007.17187002	9000	0.5	0.162507190125	539520	662.507190125	7.8829712395
4007.79475283	9000	0.5	0.122882811119	539520	622.882811119	8.50846875552
4008.41228153	9000	0.5	0.117528701672	539520	617.528701672	8.52988519331
4008.99047983	9000	0.5	0.0781982950218	539520	578.198295022	8.68720681991
4009.56867812	9000	0.5	0.0781982950218	539520	578.198295022	8.68720681991
4010.03624803	9000	0.532430091626	0.0	540862	467.569908374	9.0
4010.49229014	9000	0.576387980366	0.0	539793	456.042111259	9.0
4010.97489933	9933	0.593778788826	0.0	600065	482.60919154	9.0
4011.41548595	9533	0.653192169389	0.0	573695	440.586619437	9.133
4011.83350822	9000	0.735169908432	0.0	537795	418.022260957	8.467
4012.18987917	7800	0.878798954002	0.0	462222	356.37095443	6.6
4012.5416356	7800	1.02704252814	0.0	456146	351.756425861	7.8
4012.88798783	7666	1.18069029861	0.0	447075	346.352229531	7.532
4013.21240798	7133	1.35627014613	0.0	421103	324.420152482	6.6
4013.54850032	8000	1.52017780147	0.0	476265	336.092344657	7.133
4013.87307062	7733	1.69560750181	0.0	454837	324.570299659	7.466
4014.19233611	8000	1.87634201369	0.0	462300	319.26548812	7.733
4014.49162457	8000	2.07705355623	0.0	462300	299.288457461	8.0
4014.75330954	6400	2.31536858669	0.0	383025	261.684969542	4.8
4015.01499451	6400	2.55368361715	0.0	383025	261.684969542	6.4
4015.29667518	6400	2.7720029434	0.0	383025	281.680673744	6.4
4015.57922793	6400	2.98945019176	0.0	383025	282.552751647	6.4
4015.86178068	6400	3.20689744011	0.0	383025	282.552751647	6.4
4016.15624761	6400	3.41243051244	0.0	383025	294.466927672	6.4
4016.48543662	6400	3.58324150101	0.0	383025	329.189011427	6.4
4016.81462563	6400	3.75405248958	0.0	383025	329.189011427	6.4
4017.14381465	6400	3.92486347816	0.0	383025	329.189011427	6.4
4017.48242461	6400	4.08625351752	0.0	383025	338.60996064	6.4
4017.82538928	6400	4.24328884721	0.0	383025	342.964670301	6.4
4018.16835395	6400	4.40032417691	0.0	383025	342.964670301	6.4
4018.51131862	6400	4.55735950661	0.0	383025	342.964670301	6.4
4018.82332214	6400	4.7453559789	0.0	383025	312.003527708	6.4
4019.13260116	6400	4.93607696668	0.0	383025	309.279012223	6.4
4019.44188017	6400	5.12679795446	0.0	383025	309.279012223	6.4
4019.73217249	6400	5.33650563186	0.0	383025	290.292322599	6.4
4020.01399865	6400	5.55467947621	0.0	383025	281.826155653	6.4
4020.2958248	6400	5.77285332055	0.0	383025	281.826155653	6.4
4020.57765096	6400	5.9910271649	0.0	383025	281.826155653	6.4
4020.84973247	6400	6.21894565014	0.0	383025	272.081514761	6.4
4021.11126008	6400	6.45741804419	0.0	383025	261.527605954	6.4
4021.37278769	6400	6.69589043823	0.0	383025	261.527605954	6.4
4021.63431529	6400	6.93436283228	0.0	383025	261.527605954	6.4
4021.91765693	6400	7.15102119368	0.0	383025	283.341638594	6.4
4022.20682639	6400	7.3618517339	0.0	383025	289.169459785	6.4

