7871.23005924	3066	0.5	0.167039941264	181435	167.039941264	2.39784023494
7871.53626714	7800	0.693792098855	0.0	471531	306.207901145	3.066
7871.84770938	7866	0.882349855938	0.0	482442	311.442242916	7.8
7872.16379446	8000	1.06626477922	0.0	492120	316.085076722	7.866
7872.47987954	8000	1.25017970249	0.0	492120	316.085076722	8.0
7872.79503202	8000	1.43502722227	0.0	490176	315.152480223	8.0
7873.12132049	8333	1.60873875309	0.0	513389	326.288469181	8.0
7873.45207082	8066	1.77798841735	0.0	497055	330.750335737	7.799
7873.8274987	8466	1.90256053653	0.0	520019	375.427880826	8.066
7874.22067774	9000	2.00938149745	0.0	551265	393.17903908	8.466
7874.51827799	6400	2.21178124813	0.0	383025	297.600249324	3.8
7874.81587824	6400	2.4141809988	0.0	383025	297.600249324	6.4
7875.11347849	6400	2.61658074948	0.0	383025	297.600249324	6.4
7875.36887658	6400	2.8611826595	0.0	383025	255.398089979	6.4
7875.61490305	6400	3.11515618733	0.0	383025	246.026472168	6.4
7875.86092952	6400	3.36912971516	0.0	383025	246.026472168	6.4
7876.106956	6400	3.623103243	0.0	383025	246.026472168	6.4
7876.35298247	6400	3.87707677083	0.0	383025	246.026472168	6.4
7876.59900894	6400	4.13105029866	0.0	383025	246.026472168	6.4
7876.84503541	6400	4.38502382649	0.0	383025	246.026472168	6.4
7877.09106188	6400	4.63899735433	0.0	383025	246.026472168	6.4
7877.33708836	6400	4.89297088216	0.0	383025	246.026472168	6.4
7877.58251951	6400	5.14753972478	0.0	383025	245.43115738	6.4
7877.81875564	6400	5.41130360027	0.0	383025	236.236124512	6.4
7878.05499176	6400	5.67506747575	0.0	383025	236.236124512	6.4
7878.29122789	6400	5.93883135124	0.0	383025	236.236124512	6.4
7878.52746401	6400	6.20259522673	0.0	383025	236.236124512	6.4
7878.76370014	6400	6.46635910222	0.0	383025	236.236124512	6.4
7878.99993626	6400	6.73012297771	0.0	383025	236.236124512	6.4
7879.25060258	6400	6.979456663	0.0	383025	250.666314702	6.4
7879.51765788	6400	7.21240135478	0.0	383025	267.055308228	6.4
7879.78471319	6400	7.44534604655	0.0	383025	267.055308228	6.4
7880.0517685	6400	7.67829073832	0.0	383025	267.055308228	6.4
7880.31882381	6400	7.91123543009	0.0	383025	267.055308228	6.4
7881.08587912	6400	7.64418012186	0.0	383025	267.055308228	6.4
7881.36222459	6400	7.86783464786	0.0	383025	276.345474007	6.4
7882.18736983	6400	7.54268941125	0.0	383025	325.145236602	6.4
7882.51251506	6400	7.71754417465	0.0	383025	325.145236602	6.4
7882.8376603	6400	7.89239893805	0.0	383025	325.145236602	6.4
7883.33728095	6400	7.89277828739	0.0	383025	499.62065066	6.4
7883.87651414	6400	7.85354509905	0.0	383025	539.233188344	6.4
7884.41574733	6400	7.8143119107	0.0	383025	539.233188344	6.4
7884.95498052	6400	7.77507872236	0.0	383025	539.233188344	6.4
7885.4942137	6400	7.73584553402	0.0	383025	539.233188344	6.4
7886.03344689	6400	7.69661234567	0.0	383025	539.233188344	6.4
7886.71801685	6400	7.5120423893	0.0	383025	684.569956368	6.4
7887.42425036	6400	7.30580888169	0.0	383025	706.233507619	6.4
7888.13048386	6400	7.09957537407	0.0	383025	706.233507619	6.4
7888.83671737	6400	6.89334186645	0.0	383025	706.233507619	6.4
7889.54295088	6400	6.68710835883	0.0	383025	706.233507619	6.4
7890.24918439	6400	6.48087485121	0.0	383025	706.233507619	6.4
7890.95541789	6400	6.27464134359	0.0	383025	706.233507619	6.4
7891.65970752	6400	6.07035172276	0.0	383025	704.289620826	6.4
7892.34820404	6400	5.88185519646	0.0	383025	688.496526308	6.4
7893.03670057	6400	5.69335867015	0.0	383025	688.496526308	6.4
7893.72519709	6400	5.50486214384	0.0	383025	688.496526308	6.4
7894.41369362	6400	5.31636561753	0.0	383025	688.496526308	6.4
7895.10219015	6400	5.12786909122	0.0	383025	688.496526308	6.4
7895.79068667	6400	4.93937256491	0.0	383025	688.496526308	6.4
7896.4791832	6400	4.75087603861	0.0	383025	688.496526308	6.4
7897.17220546	6400	4.55785377394	0.0	383025	693.022264668	6.4
7897.87296003	6400	4.35709920965	0.0	383025	700.754564289	6.4
7898.57371459	6400	4.15634464536	0.0	383025	700.754564289	6.4
7899.27446916	6400	3.95559008107	0.0	383025	700.754564289	6.4
7899.97522372	6400	3.75483551678	0.0	383025	700.754564289	6.4
7900.67597829	6400	3.55408095249	0.0	383025	700.754564289	6.4
7901.37673285	6400	3.3533263882	0.0	383025	700.754564289	6.4
7902.07748741	6400	3.15257182392	0.0	383025	700.754564289	6.4
7902.61082815	6400	3.11923108415	0.0	383025	533.340739768	6.4
7903.07816493	6400	3.15189431276	0.0	383025	467.33677139	6.4
7903.5455017	6400	3.18455754137	0.0	383025	467.33677139	6.4
7904.01283847	6400	3.21722076998	0.0	383025	467.33677139	6.4
7904.48017524	6400	3.24988399859	0.0	383025	467.33677139	6.4
7904.94751201	6400	3.2825472272	0.0	383025	467.33677139	6.4
7905.47002464	6400	3.26003460061	0.0	383025	522.512626592	6.4
7906.02573619	6400	3.20432304604	0.0	383025	555.711554562	6.4
7906.58144775	6400	3.14861149148	0.0	383025	555.711554562	6.4
7907.1371593	6400	3.09289993692	0.0	383025	555.711554562	6.4
7907.69287086	6400	3.03718838236	0.0	383025	555.711554562	6.4
7908.24858241	6400	2.98147682779	0.0	383025	555.711554562	6.4
7908.80429397	6400	2.92576527323	0.0	383025	555.711554562	6.4
7909.36000552	6400	2.87005371867	0.0	383025	555.711554562	6.4
7909.943583	6400	2.78647623597	0.0	383025	583.577482704	6.4
7910.52923856	6400	2.70082067873	0.0	383025	585.655557238	6.4
7911.11489412	6400	2.61516512149	0.0	383025	585.655557238	6.4
7911.70054967	6400	2.52950956425	0.0	383025	585.655557238	6.4
7912.28620523	6400	2.44385400701	0.0	383025	585.655557238	6.4
7912.87186079	6400	2.35819844978	0.0	383025	585.655557238	6.4
7913.45751635	6400	2.27254289254	0.0	383025	585.655557238	6.4
7913.91889121	6400	2.31116803119	0.0	383025	461.374861345	6.4
7914.36494252	6400	2.36511671716	0.0	383025	446.05131403	6.4
7914.81099384	6400	2.41906540313	0.0	383025	446.05131403	6.4
7915.25704515	6400	2.4730140891	0.0	383025	446.05131403	6.4
7915.70309646	6400	2.52696277507	0.0	383025	446.05131403	6.4
7916.14914778	6400	2.58091146104	0.0	383025	446.05131403	6.4
7916.59519909	6400	2.63486014701	0.0	383025	446.05131403	6.4
7917.11369115	6400	2.61636808946	0.0	383025	518.492057551	6.4
7917.72732658	6400	2.50273266345	0.0	383025	613.635426016	6.4
7918.340962	6400	2.38909723743	0.0	383025	613.635426016	6.4
7918.95459743	6400	2.27546181142	0.0	383025	613.635426016	6.4
7919.56823285	6400	2.1618263854	0.0	383025	613.635426016	6.4
7920.18186828	6400	2.04819095939	0.0	383025	613.635426016	6.4
7920.75397785	6400	1.97608139264	0.0	383025	572.109566746	6.4
7921.38225193	9066	1.84780730681	0.0	555398	628.274085831	6.4
7922.00683103	9000	1.7232282107	0.0	551655	624.579096106	8.934
7922.63141012	9000	1.5986491146	0.0	551655	624.579096106	9.0
7923.25598922	9000	1.47407001849	0.0	551655	624.579096106	9.0
7923.89996305	9000	1.33009619041	0.0	551655	643.973828075	9.0
7924.60895371	8533	1.12110552436	0.0	521611	708.990666058	8.066
7925.27653992	8000	0.953519321606	0.0	487275	667.586202751	7.467
7925.94412612	8000	0.785933118855	0.0	487275	667.586202751	8.0
7926.61171232	8000	0.618346916103	0.0	487275	667.586202751	8.0
7927.21693861	7133	0.513120632437	0.0	432597	605.226283667	6.266
7928.08182262	7933	0.5	0.351763380662	483757	864.884013098	5.72594647735
7928.9545075	8000	0.5	0.372684876621	488565	872.684876621	6.44226049352
7929.82719237	8000	0.5	0.372684876621	488565	872.684876621	6.50926049352
7930.69987725	8000	0.5	0.372684876621	488565	872.684876621	6.50926049352
7931.45979032	6933	0.5	0.259913075459	419059	759.913075459	4.82634769816
7932.19129184	6866	0.5	0.231501510855	410775	731.501510855	5.87299395658
7932.64029411	6866	0.550997720891	0.0	413769	449.002279109	6.866

