1472.07494457	3066	0.5	0.218602703363	181435	218.602703363	2.19158918655
1472.51515881	7800	0.559785756224	0.0	471531	440.214243776	3.066
1472.96370824	7866	0.611236328518	0.0	482442	448.549427706	7.8
1473.41965093	8000	0.655293636209	0.0	492120	455.942692309	7.866
1473.87559363	8000	0.6993509439	0.0	492120	455.942692309	8.0
1474.44053645	8000	0.634408119051	0.0	490176	564.942824849	8.0
1475.06545823	8333	0.509486343199	0.0	513389	624.921775853	8.0
1475.67304276	8066	0.5	0.0980981849005	497055	607.584528099	7.4066072604
1476.22250651	8466	0.5	0.0494637520465	520019	549.463752046	7.86814499181
1476.76951299	9000	0.5	0.0470064851574	551265	547.006485157	8.27797405937
1477.32250632	9266	0.5	0.0529933242105	558332	552.99332421	8.78802670316
1477.85740273	9000	0.5	0.0348964152176	536970	534.896415218	8.59441433913
1478.33107133	9000	0.526331403397	0.0	536970	473.668596603	9.0
1478.7990082	9000	0.558394532878	0.0	536970	467.936870518	9.0
1479.26694507	9000	0.59045766236	0.0	536970	467.936870518	9.0
1479.79702601	9000	0.560376725869	0.0	536970	530.080936491	9.0
1480.38101164	9400	0.5	0.0236089076125	553424	583.985633481	8.90556436955
1480.93725468	9000	0.5	0.0562430376808	522960	556.243037681	8.37502784928
1481.49349772	9000	0.5	0.0562430376808	522960	556.243037681	8.77502784928
1482.01838639	9000	0.5	0.0248886785796	532300	524.88867858	8.90044528568
1482.46602405	8400	0.552362340455	0.0	503004	447.637659545	7.8
1482.89815089	8000	0.620235504703	0.0	481782	432.126835753	7.6
1483.3002484	8000	0.718137991505	0.0	481782	402.097513198	8.0
1483.7033636	8533	0.815022792548	0.0	510552	403.115198957	8.0
1484.12319807	9000	0.895188322438	0.0	536970	419.83447011	8.533
1484.59152161	9000	0.926864779893	0.0	536970	468.323542545	9.0
1485.08404654	9000	0.934339850472	0.0	536970	492.524929421	9.0
1485.57657147	9000	0.941814921051	0.0	536970	492.524929421	9.0
1486.05332041	9000	0.965065979684	0.0	536970	476.748941367	9.0
1486.44241745	9533	1.07596894033	0.0	573990	389.097039359	9.0
1486.83836698	9666	1.18001941255	0.0	586715	395.949527775	9.533
1487.21522647	9000	1.30315992127	0.0	551265	376.859491284	8.334
1487.63514331	9000	1.38324307968	0.0	551265	419.916841584	9.0
1488.06862434	9000	1.44976205619	0.0	551265	433.481023491	9.0
1488.50210536	9000	1.5162810327	0.0	551265	433.481023491	9.0
1488.9265976	9000	1.59178878934	0.0	551265	424.492243357	9.0
1489.33549452	9000	1.68289187686	0.0	551265	408.89691248	9.0
1489.73040661	8466	1.78797978771	0.0	527825	394.912089158	7.932
1490.09879041	8000	1.91959598261	0.0	498375	368.383805101	7.534
1490.42165406	7066	2.09673233541	0.0	434595	322.863647196	6.132
1490.71569897	6400	2.30268742356	0.0	383025	294.044911854	5.734
1491.00974388	6400	2.5086425117	0.0	383025	294.044911854	6.4
1491.30378879	6400	2.71459759985	0.0	383025	294.044911854	6.4
1491.59112102	6400	2.92726536947	0.0	383025	287.332230374	6.4
1491.87501118	6400	3.1433752097	0.0	383025	283.890159773	6.4
1492.15890134	6400	3.35948504993	0.0	383025	283.890159773	6.4
1492.4427915	6400	3.57559489015	0.0	383025	283.890159773	6.4
1492.72865315	6400	3.78973324619	0.0	383025	285.861643963	6.4
1493.05141888	6400	3.96696751466	0.0	383025	322.765731528	6.4
1493.37418461	6400	4.14420178314	0.0	383025	322.765731528	6.4
1493.69695034	6400	4.32143605161	0.0	383025	322.765731528	6.4
1494.01971607	6400	4.49867032008	0.0	383025	322.765731528	6.4
1494.34441676	6400	4.67396963532	0.0	383025	324.700684762	6.4
1494.68018032	6400	4.83820607203	0.0	383025	335.763563285	6.4
1495.01594388	6400	5.00244250875	0.0	383025	335.763563285	6.4
1495.35170745	6400	5.16667894547	0.0	383025	335.763563285	6.4
1495.68886309	6400	5.32952330184	0.0	383025	337.155643621	6.4
1496.04147748	6400	5.4769089176	0.0	383025	352.614384245	6.4
1496.39409186	6400	5.62429453335	0.0	383025	352.614384245	6.4
1496.74670624	6400	5.77168014911	0.0	383025	352.614384245	6.4
1497.09932063	6400	5.91906576486	0.0	383025	352.614384245	6.4
1497.50136809	6400	6.01701830684	0.0	383025	402.04745802	6.4
1498.03225468	6400	5.98613171785	0.0	383025	530.886588993	6.4
1498.56314126	6400	5.95524512886	0.0	383025	530.886588993	6.4
1499.09402785	6400	5.92435853986	0.0	383025	530.886588993	6.4
1499.6217731	6400	5.89661329622	0.0	383025	527.745243644	6.4
1499.98743587	6400	6.03095052264	0.0	383025	365.662773581	6.4
1500.35309864	6400	6.16528774906	0.0	383025	365.662773581	6.4
1500.71876142	6400	6.29962497547	0.0	383025	365.662773581	6.4
1501.08442419	6400	6.43396220189	0.0	383025	365.662773581	6.4
1501.53830125	6400	6.48008514602	0.0	383025	453.877055876	6.4
1502.12550786	6400	6.39287853103	0.0	383025	587.206614985	6.4
1502.71271448	6400	6.30567191605	0.0	383025	587.206614985	6.4
1503.29992109	6400	6.21846530106	0.0	383025	587.206614985	6.4
1503.60187071	6400	6.41651568325	0.0	383025	301.949617813	6.4
1503.88175241	6400	6.63663398323	0.0	383025	279.881700023	6.4
1504.16163411	6400	6.85675228321	0.0	383025	279.881700023	6.4
1504.44151581	6400	7.07687058318	0.0	383025	279.881700023	6.4
1504.72139751	6400	7.29698888316	0.0	383025	279.881700023	6.4
1505.02904656	6400	7.48933983726	0.0	383025	307.649045904	6.4
1505.3425785	6400	7.67580789393	0.0	383025	313.531943326	6.4
1505.65611044	6400	7.8622759506	0.0	383025	313.531943326	6.4
1506.44213465	6400	7.57625174659	0.0	383025	286.024204012	6.4
1506.71456651	6400	7.8038198787	0.0	383025	272.431867894	6.4
1507.48305637	6400	7.53533002734	0.0	383025	268.489851358	6.4
1507.76313897	6400	7.75524742787	0.0	383025	280.082599472	6.4
1508.09369832	6400	7.92468807302	0.0	383025	330.559354852	6.4
1508.92425768	6400	7.59412871816	0.0	383025	330.559354852	6.4
1509.25547117	6400	7.76291522632	0.0	383025	331.213491845	6.4
1509.60536936	6400	7.9130170374	0.0	383025	349.898188917	6.4
1510.45526755	6400	7.56311884848	0.0	383025	349.898188917	6.4
1510.84359872	6400	7.6747876709	0.0	383025	388.331177581	6.4
1511.32509402	6400	7.69329237574	0.0	383025	481.495295164	6.4
1511.80658931	6400	7.71179708058	0.0	383025	481.495295164	6.4
1512.28808461	6400	7.73030178541	0.0	383025	481.495295164	6.4
1512.7695799	6400	7.74880649025	0.0	383025	481.495295164	6.4
1513.13906867	6400	7.87931772406	0.0	383025	369.48876619	6.4
1513.65964231	6400	7.54539435005	0.0	383025	333.923374005	6.4
1514.11695624	6400	7.58808041871	0.0	383025	457.313931348	6.4
1514.57427017	6400	7.63076648736	0.0	383025	457.313931348	6.4
1515.0315841	6400	7.67345255601	0.0	383025	457.313931348	6.4
1515.48889803	6400	7.71613862466	0.0	383025	457.313931348	6.4
1515.94248995	6400	7.76254670344	0.0	383025	453.59192122	6.4
1516.38840665	6400	7.8166300107	0.0	383025	445.916692738	6.4
1516.83432334	6400	7.87071331796	0.0	383025	445.916692738	6.4
1517.28024003	6400	7.92479662523	0.0	383025	445.916692738	6.4
1517.72615672	6400	7.97887993249	0.0	383025	445.916692738	6.4
1518.29207981	6400	7.9129568425	0.0	383025	565.923089984	6.4
1519.18119104	6400	7.52384561441	0.0	383025	889.111228094	6.4
1520.07030227	6400	7.13473438632	0.0	383025	889.111228094	6.4
1520.9594135	6400	6.74562315822	0.0	383025	889.111228094	6.4
1521.84852473	6400	6.35651193013	0.0	383025	889.111228094	6.4
1522.31427647	6400	6.39076018951	0.0	383025	465.751740619	6.4
1522.74947177	6400	6.45556488678	0.0	383025	435.195302729	6.4
1523.18466707	6400	6.52036958405	0.0	383025	435.195302729	6.4
1523.61986237	6400	6.58517428132	0.0	383025	435.195302729	6.4
1524.08947016	6400	6.61556649522	0.0	383025	469.607786098	6.4
1524.55938386	6400	6.64565279739	0.0	383025	469.913697829	6.4
1525.02929756	6400	6.67573909956	0.0	383025	469.913697829	6.4
1525.49921125	6400	6.70582540173	0.0	383025	469.913697829	6.4

