2365.4126099	3066	0.5	0.206764231108	181435	206.764231108	2.23894307557
2365.82205717	7800	0.590552734265	0.0	471531	409.447265735	3.066
2366.23912769	7866	0.673482217637	0.0	482442	417.070516627	7.8
2366.66466184	8000	0.74794806767	0.0	492120	425.534149968	7.866
2367.09296906	8000	0.819640838137	0.0	492120	428.307229532	8.0
2367.52198071	8000	0.890629195676	0.0	490176	429.011642461	8.0
2367.98773222	8333	0.924877679242	0.0	513389	465.751516434	8.0
2368.45472974	8066	0.957880162439	0.0	497055	466.997516803	7.799
2368.99070057	8466	0.92190933316	0.0	520019	535.970829279	8.066
2369.5520948	9000	0.860515099324	0.0	551265	561.394233836	8.466
2370.09637448	9266	0.816235427075	0.0	558332	544.279672248	9.0
2370.61973884	9000	0.792871062888	0.0	536970	523.364364187	8.734
2371.16883662	9000	0.743773285838	0.0	536970	549.09777705	9.0
2371.81213998	9000	0.60046991962	0.0	536970	643.303366218	9.0
2372.67687364	9000	0.5	0.264263732662	536970	864.733652282	7.94294506935
2374.0146868	9000	0.5	0.837813159642	536970	1337.81315964	5.64874736143
2374.87732515	9400	0.5	0.362638350964	553424	862.638350964	7.54944659614
2375.39094268	9000	0.5	0.013617537848	522960	513.617537848	8.54552984861
2375.86548164	9000	0.525461046505	0.0	522960	474.538953495	9.0
2376.3388343	9000	0.552108383716	0.0	532300	473.35266279	9.0
2376.7850055	8400	0.605937181987	0.0	503004	446.171201729	7.8
2377.22038914	8000	0.670553545119	0.0	481782	435.383636868	7.6
2377.65792662	8000	0.733016062454	0.0	481782	437.537482665	8.0
2378.1229744	8533	0.767968288453	0.0	510552	465.047774001	8.0
2378.60888152	9000	0.782061163631	0.0	536970	485.907124822	8.533
2379.09719326	9000	0.793749422778	0.0	536970	488.311740852	9.0
2379.56185028	9000	0.829092400929	0.0	536970	464.657021849	9.0
2380.02009647	9000	0.87084621483	0.0	536970	458.246186099	9.0
2380.47463785	9000	0.916304830515	0.0	536970	454.541384315	9.0
2380.95005574	9533	0.940886943464	0.0	573990	475.417887051	9.0
2381.43249876	9666	0.958443924616	0.0	586715	482.443018848	9.533
2381.89321689	9000	0.997725797019	0.0	551265	460.718127597	8.334
2382.35877176	9000	1.032170923	0.0	551265	465.554874017	9.0
2382.83313917	9000	1.05780351556	0.0	551265	474.367407442	9.0
2383.33224661	9000	1.05869607878	0.0	551265	499.107436784	9.0
2383.84854352	9000	1.04239916232	0.0	551265	516.296916455	9.0
2384.32076337	9000	1.07017931442	0.0	551265	472.219847899	9.0
2384.76852947	8466	1.12241321408	0.0	527825	447.766100341	7.932
2385.18785724	8000	1.20308544879	0.0	498375	419.327765286	7.534
2385.5692517	7066	1.3216909878	0.0	434595	381.394460996	6.132
2385.96779247	7200	1.42315021799	0.0	442995	398.540769811	7.066
2386.38917713	7600	1.50176555492	0.0	469589	421.384663068	7.2
2386.83489348	8000	1.55604920559	0.0	496259	445.716349328	7.6
2387.29013033	8133	1.60081235334	0.0	508563	455.236852248	8.0
2387.7717676	8733	1.61917508065	0.0	536941	481.637272694	8.133
2388.24764563	8733	1.64329705108	0.0	525223	475.878029566	8.733
2388.73959279	9000	1.65134989411	0.0	536970	491.947156976	8.733
2389.22892878	9000	1.6620139025	0.0	527946	489.335991605	9.0
2389.73738686	8933	1.65355581912	0.0	519390	508.458083381	8.866
2390.25812382	8933	1.63281886527	0.0	530998	520.736953852	8.933
2390.78492032	9000	1.60602236153	0.0	536970	526.796503743	8.933
2391.29031073	8600	1.60063194949	0.0	513386	505.390412035	8.2
2391.67908977	7000	1.71185291652	0.0	418197	388.779032966	5.4
2392.09872891	8600	1.79221377006	0.0	525989	419.639146464	7.0
2392.56042044	9000	1.83052224529	0.0	551655	461.691524771	8.6
2393.05394266	9533	1.83700002005	0.0	584127	493.52222524	9.0
2393.61646795	10000	1.77447473061	0.0	612540	562.525289443	9.533
2394.28575603	10000	1.60518665425	0.0	612540	669.288076356	10.0
2395.03635273	10000	1.3545899581	0.0	612540	750.596696153	10.0
2395.84680015	10000	1.04414253884	0.0	612540	810.447419252	10.0
2396.7253719	10000	0.66557078325	0.0	612540	878.571755595	10.0
2397.55045505	9866	0.5	0.159512366178	607628	825.083149428	9.09395053529
2398.35819327	10000	0.5	0.307738224827	620415	807.738224827	8.63504710069
2399.12711266	10000	0.5	0.268919386701	620415	768.919386701	8.9243224532
2399.83543355	10000	0.5	0.208320891983	620415	708.320891983	9.16671643207
2400.63398781	11600	0.5	0.298554259891	730995	798.554259891	8.80578296044
2401.4366202	12000	0.5	0.302632383469	758640	802.632383469	10.3894704661
2402.20062913	12266	0.5	0.264008936483	771584	764.008936483	10.9439642541
2402.83359513	11000	0.5	0.132965995778	681300	632.965995778	9.20213601689
2403.40626662	10200	0.5	0.0726714904206	627772	572.671490421	9.10931403832
2403.96554794	10000	0.5	0.0592813194753	612540	559.281319475	9.5628747221
2404.53711687	10000	0.5	0.0715689261275	612540	571.568926128	9.71372429549
2405.12679795	10000	0.5	0.089681086832	612540	589.681086832	9.64127565267
2405.72727063	9600	0.5	0.100472682616	588186	600.472682616	8.79810926953
2406.28736957	8666	0.5	0.0600989326018	530195	560.098932602	7.49160426959
2406.83339671	8533	0.5	0.0460271423267	515343	546.027142327	8.21589143069
2407.39696276	9000	0.5	0.0635660491256	539520	563.566049126	8.2787358035
2407.9328299	9000	0.5	0.0358671460433	539520	535.867146043	8.85653141583
2408.44874184	9000	0.5	0.015911930592	539520	515.911930592	8.93635227763
2408.9442322	9000	0.504509639563	0.0	539520	495.490360437	9.0
2409.42322555	9000	0.525516282101	0.0	539520	478.993357462	9.0
2409.89684202	9000	0.551899816511	0.0	540862	473.61646559	9.0
2410.37861238	9000	0.57012945543	0.0	539793	481.770361081	9.0
2410.90053279	9933	0.548209041389	0.0	600065	521.920414041	9.0
2411.39961183	9533	0.549130005183	0.0	573695	499.079036205	9.133
2411.85586178	9000	0.5928800561	0.0	537795	456.249949083	8.467
2412.26293255	7800	0.685809284343	0.0	462222	407.070771758	6.6
2412.6708943	7800	0.777847533592	0.0	456146	407.961750751	7.8
2413.0763926	7666	0.872349232625	0.0	447075	405.498300967	7.532
2413.4697949	7133	0.978946938639	0.0	421103	393.402293985	6.6
2413.90425104	8000	1.04449079954	0.0	476265	434.456139104	7.133
2414.32798692	7733	1.12075491087	0.0	454837	423.735888666	7.466
2414.7593338	8000	1.18940803261	0.0	462300	431.34687826	7.733
2415.23424263	8000	1.21449920311	0.0	462300	474.9088295	8.0
2415.71814145	8000	1.23060038117	0.0	468906	483.898821939	8.0
2416.19113263	8000	1.25760921036	0.0	467438	472.991170812	8.0
2416.64631299	7933	1.30242884436	0.0	465132	455.180365998	7.866
2417.05882547	7533	1.38991636614	0.0	455338	412.512478216	7.133
2417.518256	8866	1.43048583867	0.0	543071	459.430527474	7.533
2417.98416532	9000	1.46457651473	0.0	551023	465.909323946	8.866
2418.49613407	10000	1.45260776086	0.0	612540	511.968753863	9.0
2419.01227047	10000	1.43647137011	0.0	612540	516.136390752	10.0
2419.55654797	10000	1.39219386973	0.0	612540	544.277500378	10.0
2420.08781257	9066	1.36092926223	0.0	555398	531.264607498	8.132
2420.65152295	9000	1.29721888276	0.0	551655	563.710379479	8.934
2421.20338578	9000	1.24535605114	0.0	551655	551.862831618	9.0
2421.7412249	9000	1.20751693299	0.0	551655	537.839118153	9.0
2422.27611775	9000	1.17262408906	0.0	551655	534.89284393	9.0
2422.85983314	8533	1.08890869771	0.0	521611	583.715391344	8.066
2423.45100443	8000	0.997737407372	0.0	487275	591.17129034	7.467
2424.4075281	8000	0.541213737169	0.0	487275	956.523670203	8.0
2425.62893434	8000	0.5	0.680192500357	487275	1221.40623753	5.27922999857
2426.29820018	7133	0.5	0.169265848641	432597	669.265848641	5.58893660544
2426.77931216	7933	0.51888802345	0.0	483757	481.11197655	7.133
2427.23586392	8000	0.562336268246	0.0	488565	456.551755203	7.933
2427.68028982	8000	0.617910364754	0.0	488565	444.425903492	8.0
2428.11594988	8000	0.682250304054	0.0	488565	435.660060701	8.0
2428.50208373	6933	0.796116452537	0.0	419059	386.133851517	5.866
2428.88692588	6866	0.911274305172	0.0	410775	384.842147365	6.799
2429.27481146	6866	1.02338872043	0.0	413769	387.885584744	6.866

