977.796999936	3066	0.5	0.423239991334	181435	423.239991334	1.37304003466
978.049615968	1560	0.747383967982	0.0	91244	252.616032018	0.054
978.306376949	1573	0.990622986968	0.0	93435	256.760981014	1.56
978.566770199	1600	1.23022973664	0.0	95355	260.39325033	1.573
978.827163449	1600	1.46983648631	0.0	95355	260.39325033	1.6
979.087961546	1600	1.70903838929	0.0	95569	260.798097014	1.6
979.742917618	5000	1.55408231728	0.0	303919	654.956072016	1.6
980.379545865	4840	1.41745407085	0.0	294231	636.628246425	4.68
980.864713015	5080	1.43228692022	0.0	307980	485.167150628	4.84
981.312379536	5400	1.48462039961	0.0	326520	447.666520613	5.08
982.036624759	9266	1.26037517627	0.0	558332	724.245223341	5.4
982.752894936	9000	1.04410499955	0.0	536970	716.270176725	8.734
983.46888369	9000	0.828116245924	0.0	536970	715.988753622	9.0
984.181922018	9000	0.615077918003	0.0	536970	713.038327921	9.0
984.894960346	9000	0.5	0.0979604099175	536970	713.038327921	8.60815836033
985.46160443	9000	0.5	0.0666440839867	536970	566.644083987	8.73342366405
985.988299623	9400	0.5	0.0266951936986	553424	526.695193699	8.89321922521
986.502204033	9000	0.5	0.0139044101955	522960	513.904410196	8.54438235922
987.047004371	9000	0.5	0.04480033718	522960	544.80033718	8.82079865128
987.690852574	9000	0.5	0.143848203271	532300	643.848203271	8.42460718692
988.338534693	8400	0.5	0.147682119187	503004	647.682119187	7.20927152325
989.268734501	8000	0.5	0.430199808076	481782	930.199808076	5.8792007677
990.20190816	8000	0.5	0.43317365915	481782	933.17365915	6.2673053634
991.024581049	8533	0.5	0.322672888929	510552	822.672888929	6.70930844428
991.80057924	9000	0.5	0.275998191228	536970	775.998191228	7.42900723509
992.46551134	9000	0.5	0.164932099532	536970	664.932099532	8.34027160187
993.044721442	9000	0.5	0.079210102182	536970	579.210102182	8.68315959127
993.651533547	9000	0.5	0.106812104694	536970	606.812104694	8.57275158122
994.283705611	9000	0.5	0.132172064563	536970	632.172064563	8.47131174175
994.905702047	9533	0.5	0.121996435728	573990	621.996435728	8.51201425709
995.531976354	9666	0.5	0.126274306886	586715	626.274306886	9.02790277245
996.083330072	9000	0.5	0.0513537179369	551265	551.353717937	8.12858512825
996.630399868	9000	0.5	0.0470697964558	551265	547.069796456	8.81172081418
997.208505387	9000	0.5	0.0781055186428	551265	578.105518643	8.68757792543
997.786237865	9000	0.5	0.0777324777402	551265	577.73247774	8.68907008904
998.299164517	9000	0.5	0.0129266521481	551265	512.926652148	8.94829339141
998.812787159	9000	0.5	0.0136226416046	551265	513.622641605	8.94550943358
999.30925058	8466	0.503536579009	0.0	527825	496.463420991	7.932
999.837488414	8000	0.5	0.0247012550704	498375	528.23783408	7.43519497972
1000.45147701	7066	0.5	0.113988592899	434595	613.988592899	5.6760456284
1001.07370011	7200	0.5	0.122223107874	442995	622.223107874	6.5771075685
1001.71127596	7600	0.5	0.137575848051	469589	637.575848051	6.64969660779
1002.38051897	8000	0.5	0.169243003516	496259	669.243003516	6.92302798594
1002.98683405	8133	0.5	0.106315081078	508563	606.315081078	7.57473967569
1003.61639002	8733	0.5	0.129555977606	536941	629.555977606	7.61477608958
1004.23215261	8733	0.5	0.115762583825	525223	615.762583825	8.2699496647
1004.88939942	9000	0.5	0.157246810378	536970	657.246810378	8.10401275849
1005.60969428	9000	0.5	0.220294860692	527946	720.294860692	8.11882055723
1006.28041954	8933	0.5	0.170725260275	519390	670.725260275	8.1830989589
1006.94066164	8933	0.5	0.160242098106	530998	660.242098106	8.29203160758
1007.55317509	9000	0.5	0.112513455406	536970	612.513455406	8.48294617838
1008.11239649	8600	0.5	0.0592213928663	513386	559.221392866	7.96311442853
1008.52889722	7000	0.583499261204	0.0	418197	416.500738796	5.4
1009.03213242	8600	0.580264070376	0.0	525989	503.235190828	7.0
1009.45857946	9000	0.653817028724	0.0	551655	426.447041653	8.6
1009.89524959	9533	0.717146893541	0.0	584127	436.670135183	9.0
1010.36598986	10000	0.746406623125	0.0	612540	470.740270416	9.533
1010.83561639	10000	0.776780095994	0.0	612540	469.626527131	10.0
1011.30001677	10000	0.812379720854	0.0	612540	464.40037514	10.0
1011.74885414	10000	0.863542345406	0.0	612540	448.837375448	10.0
1012.18780062	10000	0.924595870922	0.0	612540	438.946474484	10.0
1012.58473114	9866	1.02766534752	0.0	607628	396.930523401	9.732
1012.98440922	10000	1.12798726392	0.0	620415	399.678083597	9.866
1013.37300242	10000	1.23939406981	0.0	620415	388.593194112	10.0
1013.82373922	10000	1.28865726218	0.0	620415	450.736807637	10.0
1014.38300676	11600	1.22938972628	0.0	730995	559.267535892	10.0
1014.96413962	12000	1.14825686128	0.0	758640	581.132865003	11.6
1015.54693013	12266	1.06546635684	0.0	771584	582.790504436	12.0
1016.09102894	11000	1.02136754275	0.0	681300	544.098814095	9.734
1016.62334283	10200	0.989053656179	0.0	627772	532.313886569	9.4
1017.13167675	10000	0.980719738404	0.0	612540	508.333917775	9.8
1017.62816025	10000	0.984236238879	0.0	612540	496.483499525	10.0
1018.12854609	10000	0.983850395449	0.0	612540	500.38584343	10.0
1018.62409753	9600	0.988298952228	0.0	588186	495.551443221	9.2
1019.12752213	8666	0.984874360199	0.0	530195	503.424592029	7.732
1019.61501705	8533	0.997379440923	0.0	515343	487.494919275	8.4
1020.10261607	9000	1.0097804129	0.0	539520	487.599028019	8.533
1020.5818375	9000	1.03055898205	0.0	539520	479.221430856	9.0
1021.03736007	9000	1.07503641264	0.0	539520	455.522569409	9.0
1021.49204356	9000	1.12035292856	0.0	539520	454.683484074	9.0
1021.9440306	9000	1.16836588815	0.0	539520	451.987040412	9.0
1022.41687999	9000	1.19551649797	0.0	540862	472.849390179	9.0
1022.90746487	9000	1.20493161393	0.0	539793	490.584884044	9.0
1023.41290821	9933	1.19948827415	0.0	600065	505.443339777	9.0
1023.84980409	9533	1.26259239529	0.0	573695	436.895878857	9.133
1024.29992032	9000	1.31247616231	0.0	537795	450.116232989	8.467
1024.72739285	7800	1.38500363789	0.0	462222	427.47252442	6.6
1025.15433916	7800	1.45805732227	0.0	456146	426.94631562	7.8
1025.58317406	7666	1.52922242836	0.0	447075	428.834893908	7.532
1025.99174403	7133	1.62065245614	0.0	421103	408.569972218	6.6
1026.39149441	8000	1.72090208018	0.0	476265	399.750375955	7.133
1026.7765885	7733	1.83580798606	0.0	454837	385.094094126	7.466
1027.17231296	8000	1.94008352663	0.0	462300	395.724459432	7.733
1027.5695926	8000	2.04280388951	0.0	462300	397.279637113	8.0
1027.90864077	6400	2.20375571211	0.0	383025	339.048177401	4.8
1028.23438799	6400	2.37800850084	0.0	383025	325.747211275	6.4
1028.5601352	6400	2.55226128956	0.0	383025	325.747211275	6.4
1028.8794359	6400	2.73296058347	0.0	383025	319.30070609	6.4
1029.19319262	6400	2.91920386215	0.0	383025	313.756721317	6.4
1029.50694935	6400	3.10544714084	0.0	383025	313.756721317	6.4
1029.92455658	6400	3.18783990274	0.0	383025	417.607238096	6.4
1030.35021098	6400	3.26218550509	0.0	383025	425.654397647	6.4
1030.79428005	6400	3.31811643414	0.0	383025	444.069070958	6.4
1031.32242351	6400	3.28997297845	0.0	383025	528.143455689	6.4
1031.85056696	6400	3.26182952276	0.0	383025	528.143455689	6.4
1032.32308928	6400	3.28930720775	0.0	383025	472.522315005	6.4
1032.70011907	6400	3.41227741447	0.0	383025	377.029793282	6.4
1033.07714887	6400	3.53524762119	0.0	383025	377.029793282	6.4
1033.54071006	6400	3.57168642985	0.0	383025	463.561191335	6.4
1034.02037761	6400	3.59201887214	0.0	383025	479.667557718	6.4
1034.54764804	6400	3.56474845027	0.0	383025	527.270421867	6.4
1035.22490914	6400	3.38748734886	0.0	383025	677.261101409	6.4
1035.90217024	6400	3.21022624745	0.0	383025	677.261101409	6.4
1036.61328389	6400	2.99911259531	0.0	383025	711.113652145	6.4
1037.34583729	6400	2.76655919172	0.0	383025	732.55340359	6.4
1038.0436988	6400	2.56869769087	0.0	383025	697.861500845	6.4
1038.50875653	6400	2.60363995547	0.0	383025	465.057735402	6.4
1038.97381427	6400	2.63858222007	0.0	383025	465.057735402	6.4
1039.42884953	6400	2.68354695734	0.0	383025	455.035262729	6.4
1039.80835961	6400	2.80403687518	0.0	383025	379.510082153	6.4

