211.511872396	3066	0.5	0.274138845093	181435	274.138845093	1.96944461963
212.096419389	7800	0.5	0.0845469935001	471531	584.5469935	2.727812026
212.692641357	7866	0.5	0.0962219676717	482442	596.221967672	7.41511212931
213.299218966	8000	0.5	0.106577608771	492120	606.577608771	7.43968956492
213.905796575	8000	0.5	0.106577608771	492120	606.577608771	7.57368956492
214.494274146	8000	0.5	0.0884775712579	490176	588.477571258	7.64608971497
215.085768978	8333	0.5	0.0914948318409	513389	591.494831841	7.63402067264
215.660990074	8066	0.5	0.0752210967525	497055	575.221096753	7.49811561299
216.258793322	8466	0.5	0.0978032480132	520019	597.803248013	7.67478700795
216.767741099	9000	0.5	0.00894777635887	551265	508.947776359	8.43020889456
217.282187817	9266	0.5	0.0144467177673	558332	514.446717767	8.94221312893
217.780012434	9000	0.502175383035	0.0	536970	497.824616965	8.734
218.278564461	9000	0.503623355485	0.0	536970	498.55202755	9.0
218.780183299	9000	0.50200451805	0.0	536970	501.618837435	9.0
219.281802136	9000	0.500385680616	0.0	536970	501.618837435	9.0
219.783836055	9000	0.5	0.00164823806981	536970	502.033918685	8.99340704772
220.330087816	9400	0.5	0.0462517616818	553424	546.251761682	8.81499295327
220.850674096	9000	0.5	0.0205862797586	522960	520.586279759	8.51765488097
221.371260376	9000	0.5	0.0205862797586	522960	520.586279759	8.91765488097
221.899715471	9000	0.5	0.028455095448	532300	528.455095448	8.88617961821
222.363833502	8400	0.535881969171	0.0	503004	464.118030829	7.8
222.786792855	8000	0.61292261639	0.0	481782	422.959352781	7.6
223.209752208	8000	0.689963263608	0.0	481782	422.959352781	8.0
223.691213075	8533	0.708502396283	0.0	510552	481.460867326	8.0
224.215182717	9000	0.684532753953	0.0	536970	523.96964233	8.533
224.73915236	9000	0.660563111623	0.0	536970	523.96964233	9.0
225.229749766	9000	0.669965705069	0.0	536970	490.597406555	9.0
225.706741567	9000	0.692973903817	0.0	536970	476.991801251	9.0
226.183733369	9000	0.715982102566	0.0	536970	476.991801251	9.0
226.692596	9533	0.707119471298	0.0	573990	508.862631268	9.0
227.270674538	9666	0.629040933688	0.0	586715	578.07853761	9.533
227.818658593	9000	0.581056878336	0.0	551265	547.984055351	8.334
228.366642648	9000	0.533072822985	0.0	551265	547.984055351	9.0
228.861004915	9000	0.538710556419	0.0	551265	494.362266566	9.0
229.314965773	9000	0.584749698285	0.0	551265	453.960858134	9.0
229.768926631	9000	0.630788840151	0.0	551265	453.960858134	9.0
230.228127382	9000	0.671588089099	0.0	551265	459.200751051	9.0
230.74077582	8466	0.658939651467	0.0	527825	512.648437633	7.932
231.229284634	8000	0.670430836793	0.0	498375	488.508814674	7.534
231.665514157	7066	0.734201314218	0.0	434595	436.229522575	6.132
232.117716486	7200	0.781998985391	0.0	442995	452.202328827	7.066
232.594654527	7600	0.805060943949	0.0	469589	476.938041442	7.2
233.094136405	8000	0.805579066162	0.0	496259	499.481877787	7.6
233.604018709	8133	0.795696762338	0.0	508563	509.882303823	8.0
234.083557125	8733	0.81615834646	0.0	536941	479.538415878	8.133
234.532179483	8733	0.86753598791	0.0	525223	448.62235855	8.733
234.989046353	9000	0.910669118274	0.0	536970	456.866869636	8.733
235.445976335	9000	0.953739136592	0.0	527946	456.929981681	9.0
235.913399284	8933	0.986316187335	0.0	519390	467.422949257	8.866
236.389480863	8933	1.01023460854	0.0	530998	476.081578794	8.933
236.870017071	9000	1.02969840056	0.0	536970	480.53620798	8.933
237.40943498	8600	0.990280491217	0.0	513386	539.417909344	8.2
237.91221313	7000	0.987502341593	0.0	418197	502.778149624	5.4
238.523964089	8600	0.875751381777	0.0	525989	611.750959816	7.0
239.172128991	9000	0.7275864805	0.0	551655	648.164901277	8.6
239.87625976	9533	0.523455711035	0.0	584127	704.130769465	9.0
240.610749386	10000	0.5	0.211033914557	612540	734.489625592	8.68886434177
241.336636594	10000	0.5	0.225887208466	612540	725.887208466	9.09645116614
242.013383814	10000	0.5	0.176747219313	612540	676.747219313	9.29301112275
242.690131033	10000	0.5	0.176747219313	612540	676.747219313	9.29301112275
243.376355997	10000	0.5	0.186224964525	612540	686.224964525	9.2551001419
244.073919497	9866	0.5	0.197563499151	607628	697.563499151	8.9417460034
244.78447908	10000	0.5	0.210559583044	620415	710.559583044	9.02376166782
245.483335284	10000	0.5	0.198856204143	620415	698.856204143	9.20457518343
246.164054477	10000	0.5	0.180719193603	620415	680.719193603	9.27712322559
246.945500285	11600	0.5	0.281445807898	730995	781.445807898	8.87421676841
247.738295495	12000	0.5	0.292795210059	758640	792.795210059	10.4288191598
248.543252497	12266	0.5	0.304957001158	771584	804.957001158	10.7801719954
249.213412974	11000	0.5	0.170160477042	681300	670.160477042	9.05335809183
249.802643266	10200	0.5	0.0892302922032	627772	589.230292203	9.04307883119
250.336150538	10000	0.5	0.0335072717999	612540	533.5072718	9.6659709128
250.84606065	10000	0.5	0.00991011275286	612540	509.910112753	9.96035954899
251.345202864	10000	0.500857786208	0.0	612540	499.142213792	10.0
251.761691354	9600	0.584369296154	0.0	588186	416.488490054	9.2
252.145004447	8666	0.701056203043	0.0	530195	383.31309311	7.732
252.519821032	8533	0.826239617933	0.0	515343	374.816585111	8.4
252.903145779	9000	0.942914871463	0.0	539520	383.32474647	8.533
253.283997338	9000	1.06206331221	0.0	539520	380.851559254	9.0
253.664848897	9000	1.18121175296	0.0	539520	380.851559254	9.0
254.045700457	9000	1.3003601937	0.0	539520	380.851559254	9.0
254.449720527	9000	1.39634012355	0.0	539520	404.02007015	9.0
254.859403634	9000	1.48665701588	0.0	540862	409.683107671	9.0
255.268435132	9000	1.57762551849	0.0	539793	409.031497386	9.0
255.75215401	9933	1.59390663996	0.0	600065	483.718878532	9.0
256.25704928	9533	1.5890113708	0.0	573695	504.895269163	9.133
256.73535596	9000	1.61070468993	0.0	537795	478.306680866	8.467
257.155939954	7800	1.6901206962	0.0	462222	420.58399373	6.6
257.554027376	7800	1.79203327389	0.0	456146	398.087422313	7.8
257.945789256	7666	1.90027139429	0.0	447075	391.761879597	7.532
258.326509598	7133	2.01955105192	0.0	421103	380.720342372	6.6
258.687944232	6400	2.15811641793	0.0	383025	361.434633988	5.667
259.049378866	6400	2.29668178395	0.0	383025	361.434633988	6.4
259.4108135	6400	2.43524714996	0.0	383025	361.434633988	6.4
259.772248134	6400	2.57381251597	0.0	383025	361.434633988	6.4
260.132872374	6400	2.71318827613	0.0	383025	360.624239839	6.4
260.480007086	6400	2.86605356444	0.0	383025	347.134711695	6.4
260.827141798	6400	3.01891885274	0.0	383025	347.134711695	6.4
261.174276509	6400	3.17178414105	0.0	383025	347.134711695	6.4
261.521411221	6400	3.32464942935	0.0	383025	347.134711695	6.4
261.868545933	6400	3.47751471765	0.0	383025	347.134711695	6.4
262.226909323	6400	3.61915132695	0.0	383025	358.363390702	6.4
262.587806874	6400	3.75825377585	0.0	383025	360.897551104	6.4
262.948704426	6400	3.89735622475	0.0	383025	360.897551104	6.4
263.309601977	6400	4.03645867364	0.0	383025	360.897551104	6.4
263.658421004	6400	4.18763964632	0.0	383025	348.819027318	6.4
263.991681988	6400	4.35437866202	0.0	383025	333.260984308	6.4
264.324942973	6400	4.52111767771	0.0	383025	333.260984308	6.4
264.658203957	6400	4.6878566934	0.0	383025	333.260984308	6.4
265.001822021	6400	4.84423862906	0.0	383025	343.618064342	6.4
265.370658703	6400	4.9754019473	0.0	383025	368.836681757	6.4
265.739495385	6400	5.10656526554	0.0	383025	368.836681757	6.4
266.108332067	6400	5.23772858379	0.0	383025	368.836681757	6.4
266.477168748	6400	5.36889190203	0.0	383025	368.836681757	6.4
266.855493655	6400	5.49056699547	0.0	383025	378.324906563	6.4
267.24750195	6400	5.59855870048	0.0	383025	392.008294983	6.4
267.639510245	6400	5.7065504055	0.0	383025	392.008294983	6.4
268.03151854	6400	5.81454211052	0.0	383025	392.008294983	6.4
268.423526835	6400	5.92253381553	0.0	383025	392.008294983	6.4
268.816529254	6400	6.02953139582	0.0	383025	393.002419713	6.4
269.209789258	6400	6.13627139215	0.0	383025	393.260003669	6.4

