6420.02516349	3066	0.5	0.240702545561	181435	240.702545561	2.10318981776
6420.52281297	7800	0.502350527677	0.0	471531	497.649472323	3.066
6421.03012665	7866	0.5	0.00496315207329	482442	507.31367975	7.78014739171
6421.54601243	8000	0.5	0.015885781252	492120	515.885781252	7.80245687499
6422.06189821	8000	0.5	0.015885781252	492120	515.885781252	7.93645687499
6422.58699581	8000	0.5	0.0250976016471	490176	525.097601647	7.89960959341
6423.14638183	8333	0.5	0.0593860213841	513389	559.386021384	7.76245591446
6423.69051569	8066	0.5	0.0441338611833	497055	544.133861183	7.62246455527
6424.25609259	8466	0.5	0.0655769006623	520019	565.576900662	7.80369239735
6424.850846	9000	0.5	0.0947534035172	551265	594.753403517	8.08698638593
6425.45219834	9266	0.5	0.101352339243	558332	601.352339243	8.59459064303
6426.03162235	9000	0.5	0.0794240138756	536970	579.424013876	8.4163039445
6426.60188388	9000	0.5	0.070261528279	536970	570.261528279	8.71895388688
6427.17214541	9000	0.5	0.070261528279	536970	570.261528279	8.71895388688
6427.74240694	9000	0.5	0.070261528279	536970	570.261528279	8.71895388688
6428.35246372	9000	0.5	0.110056788334	536970	610.056788334	8.55977284667
6429.02989843	9400	0.5	0.177434703329	553424	677.434703329	8.29026118668
6429.6744465	9000	0.5	0.14454807246	522960	644.54807246	8.02180771016
6430.31899457	9000	0.5	0.14454807246	522960	644.54807246	8.42180771016
6430.96841502	9000	0.5	0.14942045076	532300	649.42045076	8.40231819696
6431.57646347	8400	0.5	0.108048447362	503004	608.048447362	7.36780621055
6432.16223328	8000	0.5	0.085769809121	481782	585.769809121	7.25692076352
6432.74800309	8000	0.5	0.085769809121	481782	585.769809121	7.65692076352
6433.36397535	8533	0.5	0.115972260455	510552	615.972260455	7.53611095818
6434.00768095	9000	0.5	0.143705606278	536970	643.705606278	7.95817757489
6434.71328065	9000	0.5	0.20559969553	536970	705.59969553	8.17760121788
6435.43505303	9000	0.5	0.221772374969	536970	721.772374969	8.11291050012
6436.1568254	9000	0.5	0.221772374969	536970	721.772374969	8.11291050012
6436.87859778	9000	0.5	0.221772374969	536970	721.772374969	8.11291050012
6437.64461548	9533	0.5	0.266017702122	573990	766.017702122	7.93592919151
6438.37078255	9666	0.5	0.226167076243	586715	726.167076243	8.62833169503
6439.03101471	9000	0.5	0.160232155974	551265	660.232155974	7.69307137611
6439.69124687	9000	0.5	0.160232155974	551265	660.232155974	8.35907137611
6440.35147902	9000	0.5	0.160232155974	551265	660.232155974	8.35907137611
6441.01171118	9000	0.5	0.160232155974	551265	660.232155974	8.35907137611
6441.83774572	9000	0.5	0.326034547277	551265	826.034547277	7.69586181089
6442.72841601	9000	0.5	0.390670283889	551265	890.670283889	7.43731886444
6443.58461628	8466	0.5	0.356200271365	527825	856.200271365	6.50719891454
6444.39750845	8000	0.5	0.312892171158	498375	812.892171158	6.28243131537
6445.02938764	7066	0.5	0.131879192527	434595	631.879192527	5.60448322989
6445.47975773	7200	0.549629912999	0.0	442995	450.370087001	7.066
6445.95236198	7600	0.577025665131	0.0	469589	472.604247869	7.2
6446.44726393	8000	0.582123715888	0.0	496259	494.901949243	7.6
6446.95245275	8133	0.57693489309	0.0	508563	505.188822798	8.0
6447.48136726	8733	0.548020379644	0.0	536941	528.914513446	8.133
6447.97513773	8733	0.55424991173	0.0	525223	493.770467914	8.733
6448.45963026	9000	0.569757378846	0.0	536970	484.492532884	8.733
6448.93732514	9000	0.59206250806	0.0	527946	477.694870786	9.0
6449.40857488	8933	0.620812761045	0.0	519390	471.249747015	8.866
6449.88856879	8933	0.640818858264	0.0	530998	479.993902781	8.933
6450.34211039	9000	0.687277252084	0.0	536970	453.541606181	8.933
6450.76875185	8600	0.760635793276	0.0	513386	426.641458808	8.2
6451.1311211	7000	0.898266546454	0.0	418197	362.369246822	5.4
6451.56627218	8600	0.963115462714	0.0	525989	435.15108374	7.0
6452.01875311	9000	1.01063453421	0.0	551655	452.480928499	8.6
6452.48565276	9533	1.04373488801	0.0	584127	466.899646208	9.0
6452.96084005	10000	1.06854759254	0.0	612540	475.187295472	9.533
6453.43602735	10000	1.09336029706	0.0	612540	475.187295472	10.0
6453.91121464	10000	1.11817300159	0.0	612540	475.187295472	10.0
6454.38463088	10000	1.14475676757	0.0	612540	473.416234023	10.0
6454.85742077	10000	1.1719668777	0.0	612540	472.789889874	10.0
6455.32706085	9866	1.20232679671	0.0	607628	469.640080981	9.732
6455.80490056	10000	1.2244870809	0.0	620415	477.839715816	9.866
6456.26179858	10000	1.2675890679	0.0	620415	456.898012999	10.0
6456.67938748	10000	1.35000016231	0.0	620415	417.58890559	10.0
6457.15714673	11600	1.37224091722	0.0	730995	477.759245089	10.0
6457.64994856	12000	1.37943908726	0.0	758640	492.801829964	11.6
6458.17628249	12266	1.35310515446	0.0	771584	526.333932793	12.0
6458.65316418	11000	1.37622346454	0.0	681300	476.881689925	9.734
6459.09886389	10200	1.43052375479	0.0	627772	445.699709743	9.4
6459.53589934	10000	1.49348830055	0.0	612540	437.035454244	9.8
6459.9793648	10000	1.5500228394	0.0	612540	443.465461154	10.0
6460.42283027	10000	1.60655737824	0.0	612540	443.465461154	10.0
6460.85184469	9600	1.6775429535	0.0	588186	429.014424747	9.2
6461.23178335	8666	1.79760428962	0.0	530195	379.938663876	7.732
6461.59977792	8533	1.92960972136	0.0	515343	367.99456826	8.4
6461.98128358	9000	2.048104065	0.0	539520	381.505656364	8.533
6462.27533348	6400	2.25405416132	0.0	383025	294.049903672	3.8
6462.56938339	6400	2.46000425765	0.0	383025	294.049903672	6.4
6462.86343329	6400	2.66595435398	0.0	383025	294.049903672	6.4
6463.1662473	6400	2.86314034342	0.0	383025	302.814010563	6.4
6463.48289301	6400	3.04649462885	0.0	383025	316.645714572	6.4
6463.79953873	6400	3.22984891427	0.0	383025	316.645714572	6.4
6464.11618444	6400	3.4132031997	0.0	383025	316.645714572	6.4
6464.43283016	6400	3.59655748513	0.0	383025	316.645714572	6.4
6464.73874454	6400	3.79064310522	0.0	383025	305.914379915	6.4
6465.04357933	6400	3.98580831878	0.0	383025	304.834786431	6.4
6465.34841411	6400	4.18097353235	0.0	383025	304.834786431	6.4
6465.6532489	6400	4.37613874592	0.0	383025	304.834786431	6.4
6465.95808368	6400	4.57130395949	0.0	383025	304.834786431	6.4
6466.26877806	6400	4.76060958877	0.0	383025	310.694370721	6.4
6466.60080038	6400	4.92858725908	0.0	383025	332.022329687	6.4
6466.93282271	6400	5.0965649294	0.0	383025	332.022329687	6.4
6467.26484504	6400	5.26454259971	0.0	383025	332.022329687	6.4
6467.59686737	6400	5.43252027002	0.0	383025	332.022329687	6.4
6467.9288897	6400	5.60049794034	0.0	383025	332.022329687	6.4
6468.26091203	6400	5.76847561065	0.0	383025	332.022329687	6.4
6468.60817518	6400	5.92121246727	0.0	383025	347.263143381	6.4
6468.97920326	6400	6.05018437907	0.0	383025	371.028088193	6.4
6469.35023135	6400	6.17915629088	0.0	383025	371.028088193	6.4
6469.72125944	6400	6.30812820269	0.0	383025	371.028088193	6.4
6470.09228753	6400	6.4371001145	0.0	383025	371.028088193	6.4
6470.46331562	6400	6.5660720263	0.0	383025	371.028088193	6.4
6470.83434371	6400	6.69504393811	0.0	383025	371.028088193	6.4
6471.20537179	6400	6.82401584992	0.0	383025	371.028088193	6.4
6471.55434301	6400	6.97504463096	0.0	383025	348.971218954	6.4
6471.897695	6400	7.13169264821	0.0	383025	343.351982756	6.4
6472.24104698	6400	7.28834066545	0.0	383025	343.351982756	6.4
6472.58439896	6400	7.44498868269	0.0	383025	343.351982756	6.4
6472.92775094	6400	7.60163669994	0.0	383025	343.351982756	6.4
6473.27110293	6400	7.75828471718	0.0	383025	343.351982756	6.4
6473.61193569	6400	7.91745195204	0.0	383025	340.832765139	6.4
6474.42210537	6400	7.60728227441	0.0	383025	310.169677637	6.4
6474.73227505	6400	7.79711259677	0.0	383025	310.169677637	6.4
6475.04244472	6400	7.98694291913	0.0	383025	310.169677637	6.4
6475.75076775	6400	7.6767732415	0.0	383025	310.169677637	6.4
6476.13472684	6400	7.79281414779	0.0	383025	383.959093708	6.4
6476.51868594	6400	7.90885505408	0.0	383025	383.959093708	6.4
6477.40475178	6400	7.52278921192	0.0	383025	386.065842158	6.4
6477.82068012	6400	7.60686087224	0.0	383025	415.928339684	6.4

