4909.46731623	3066	0.5	0.357044028706	181435	357.044028706	1.63782388517
4910.26732531	7800	0.5	0.300009082591	471531	800.009082591	1.86596366963
4911.30218333	7866	0.5	0.534858020169	482442	1034.85802017	5.66056791932
4912.71150865	8000	0.5	0.909325315116	492120	1409.32531512	4.22869873954
4914.06530372	8000	0.5	0.853795077473	492120	1353.79507747	4.58481969011
4915.15047768	8000	0.5	0.585173956184	490176	1085.17395618	5.65930417526
4916.28325312	8333	0.5	0.632775436152	513389	1132.77543615	5.46889825539
4917.29135311	8066	0.5	0.508099989471	497055	1008.09998947	5.76660004212
4918.24020298	8466	0.5	0.448849870368	520019	948.849870368	6.27060051853
4919.24125879	9000	0.5	0.501055814862	551265	1001.05581486	6.46177674055
4920.10910175	9266	0.5	0.36784296019	558332	867.84296019	7.52862815924
4920.94544081	9000	0.5	0.336339057111	536970	836.339057111	7.38864377156
4921.91462385	9000	0.5	0.469183038488	536970	969.183038488	7.12326784605
4922.95538518	9000	0.5	0.540761327837	536970	1040.76132784	6.83695468865
4923.78015533	9000	0.5	0.324770155241	536970	824.770155241	7.70091937904
4924.49456922	9000	0.5	0.214413888753	536970	714.413888753	8.14234444499
4925.20985241	9400	0.5	0.215283187867	553424	715.283187867	8.13886724853
4925.83516244	9000	0.5	0.125310031078	522960	625.310031078	8.09875987569
4926.46047247	9000	0.5	0.125310031078	522960	625.310031078	8.49875987569
4927.08068857	9000	0.5	0.120216099654	532300	620.216099654	8.51913560138
4927.67065449	8400	0.5	0.0899659188689	503004	589.965918869	7.44013632452
4928.17857024	8000	0.5	0.00791575253808	481782	507.915752538	7.56833698985
4928.60543292	8000	0.57313731781	0.0	481782	426.86268219	8.0
4929.03808544	8533	0.640484803899	0.0	510552	432.652513911	8.0
4929.43495011	9000	0.743620130338	0.0	536970	396.864673561	8.533
4929.83181478	9000	0.846755456777	0.0	536970	396.864673561	9.0
4930.19402841	9000	0.98454182739	0.0	536970	362.213629387	9.0
4930.5484032	9000	1.13016703578	0.0	536970	354.374791609	9.0
4930.93971322	9000	1.2388570183	0.0	536970	391.310017478	9.0
4931.37580057	9533	1.30276966729	0.0	573990	436.087351015	9.0
4931.82591456	9666	1.35265567861	0.0	586715	450.113988675	9.533
4932.26105183	9000	1.41751841325	0.0	551265	435.137265367	8.334
4932.73526737	9000	1.44330286749	0.0	551265	474.215545757	9.0
4933.22259447	9000	1.45597577312	0.0	551265	487.327094374	9.0
4933.7473212	9000	1.43124904506	0.0	551265	524.726728056	9.0
4934.36196943	9000	1.31660081424	0.0	551265	614.648230815	9.0
4934.88619239	9000	1.29237785564	0.0	551265	524.222958607	9.0
4935.37439818	8466	1.30417206567	0.0	527825	488.205789971	7.932
4935.80984208	8000	1.36872816294	0.0	498375	435.443902725	7.534
4936.19711416	7066	1.48145607908	0.0	434595	387.272083857	6.132
4936.58872301	7200	1.58984723305	0.0	442995	391.608846033	7.066
4936.99187834	7600	1.68669190199	0.0	469589	403.155331062	7.2
4937.41338707	8000	1.76518317534	0.0	496259	421.508726647	7.6
4937.84355671	8133	1.83501353454	0.0	508563	430.169640803	8.0
4938.29359923	8733	1.88497100605	0.0	536941	450.042528491	8.133
4938.73620176	8733	1.94236848203	0.0	525223	442.602524023	8.733
4939.19556441	9000	1.98300582877	0.0	536970	459.36265326	8.733
4939.64855172	9000	2.03001851972	0.0	527946	452.987309045	9.0
4939.99826523	6400	2.18030500706	0.0	383025	349.71351266	3.8
4940.34759416	6400	2.33097608234	0.0	383025	349.328924721	6.4
4940.70310563	6400	2.47546461056	0.0	383025	355.511471779	6.4
4941.06242633	6400	2.61614391219	0.0	383025	359.320698374	6.4
4941.42174703	6400	2.75682321381	0.0	383025	359.320698374	6.4
4941.77786796	6400	2.90070228243	0.0	383025	356.120931385	6.4
4942.05439934	6400	3.12417089723	0.0	383025	276.531385198	6.4
4942.33093073	6400	3.34763951203	0.0	383025	276.531385198	6.4
4942.60746211	6400	3.57110812683	0.0	383025	276.531385198	6.4
4942.88648914	6400	3.79208110021	0.0	383025	279.027026619	6.4
4943.16825383	6400	4.01031641505	0.0	383025	281.76468516	6.4
4943.45001851	6400	4.22855172989	0.0	383025	281.76468516	6.4
4943.74190662	6400	4.43666362216	0.0	383025	291.888107738	6.4
4944.04599159	6400	4.63257865409	0.0	383025	304.084968062	6.4
4944.35007655	6400	4.82849368603	0.0	383025	304.084968062	6.4
4944.67459408	6400	5.00397616462	0.0	383025	324.517521414	6.4
4945.01049952	6400	5.16807071747	0.0	383025	335.905447143	6.4
4945.34640497	6400	5.33216527033	0.0	383025	335.905447143	6.4
4945.67133349	6400	5.50723675325	0.0	383025	324.928517079	6.4
4945.97671835	6400	5.70185188858	0.0	383025	305.384864669	6.4
4946.28210322	6400	5.89646702392	0.0	383025	305.384864669	6.4
4946.584637	6400	6.09393323824	0.0	383025	302.533785679	6.4
4946.87641227	6400	6.30215796861	0.0	383025	291.775269629	6.4
4947.16818754	6400	6.51038269898	0.0	383025	291.775269629	6.4
4947.45996281	6400	6.71860742935	0.0	383025	291.775269629	6.4
4947.77866733	6400	6.89990290708	0.0	383025	318.704522266	6.4
4948.13279325	6400	7.04577698969	0.0	383025	354.125917394	6.4
4948.48691917	6400	7.1916510723	0.0	383025	354.125917394	6.4
4948.82429475	6400	7.35427549524	0.0	383025	337.375577053	6.4
4949.13285579	6400	7.54571445098	0.0	383025	308.561044258	6.4
4949.44141683	6400	7.73715340673	0.0	383025	308.561044258	6.4
4949.75698034	6400	7.92158990219	0.0	383025	315.563504532	6.4
4950.09442327	6400	7.58622250559	0.0	383025	335.367396603	6.4
4950.44429772	6400	7.73634805858	0.0	383025	349.874447009	6.4
4950.79417216	6400	7.88647361157	0.0	383025	349.874447009	6.4
4951.60574534	6400	7.53659916456	0.0	383025	349.874447009	6.4
4951.94097803	6400	7.70136647543	0.0	383025	335.232689131	6.4
4952.26003861	6400	7.88230589213	0.0	383025	319.060583303	6.4
4952.75892078	6400	7.58086092365	0.0	383025	301.444968476	6.4
4953.12402985	6400	7.71575184963	0.0	383025	365.109074028	6.4
4953.48913892	6400	7.8506427756	0.0	383025	365.109074028	6.4
4953.85301989	6400	7.98676181185	0.0	383025	363.880963752	6.4
4954.69069716	6400	7.64908453874	0.0	383025	337.677273104	6.4
4955.01459041	6400	7.82519129431	0.0	383025	323.893244435	6.4
4955.50029939	6400	7.50389015351	0.0	383025	321.301140797	6.4
4955.81834624	6400	7.68584330873	0.0	383025	318.046844782	6.4
4956.13639308	6400	7.86779646395	0.0	383025	318.046844782	6.4
4956.95899392	6400	7.54519562292	0.0	383025	322.600841021	6.4
4957.29355085	6400	7.71063869302	0.0	383025	334.556929909	6.4
4957.63819806	6400	7.86599148433	0.0	383025	344.647208685	6.4
4958.23979891	6400	7.52134427564	0.0	383025	344.647208685	6.4
4958.55649639	6400	7.70464680218	0.0	383025	316.697473467	6.4
4958.87319386	6400	7.88794932871	0.0	383025	316.697473467	6.4
4959.20150488	6400	7.57396820951	0.0	383025	313.981119202	6.4
4959.52668467	6400	7.74878841419	0.0	383025	325.179795317	6.4
4959.85186447	6400	7.92360861887	0.0	383025	325.179795317	6.4
4960.62691335	6400	7.59842882356	0.0	383025	325.179795317	6.4
4960.97383414	6400	7.75150803723	0.0	383025	346.920786332	6.4
4961.34598961	6400	7.87935256625	0.0	383025	372.155470972	6.4
4961.76478751	6400	7.96055466456	0.0	383025	418.797901692	6.4
4962.49012669	6400	7.54175676287	0.0	383025	418.797901692	6.4
4962.8569483	6400	7.67493515007	0.0	383025	366.821612805	6.4
4963.22376992	6400	7.80811353726	0.0	383025	366.821612805	6.4
4963.70737333	6400	7.8245101262	0.0	383025	483.603411061	6.4
4964.19511486	6400	7.83676859664	0.0	383025	487.741529557	6.4
4964.68285639	6400	7.84902706709	0.0	383025	487.741529557	6.4
4965.65382635	6400	7.37805710334	0.0	383025	970.969963747	6.4
4966.6784225	6400	6.85346095444	0.0	383025	1024.5961489	6.4
4967.70301865	6400	6.32886480554	0.0	383025	1024.5961489	6.4
4969.01658185	6400	5.51530160465	0.0	383025	1313.56320089	6.4
4970.36845324	6400	4.6634302145	0.0	383025	1351.87139015	6.4
4971.72032463	6400	3.81155882435	0.0	383025	1351.87139015	6.4

