851.498985992	3066	0.5	0.216372479772	181435	216.372479772	2.20051008091
851.933404113	7800	0.565581879134	0.0	471531	434.418120866	3.066
852.376023298	7866	0.622962693826	0.0	482442	442.619185307	7.8
852.825916785	8000	0.673069207204	0.0	492120	449.893486623	7.866
853.255109471	8000	0.743876521268	0.0	492120	429.192685936	8.0
853.661909783	8000	0.837076208433	0.0	490176	406.800312834	8.0
854.082249901	8333	0.916736091087	0.0	513389	420.340117347	8.0
854.478201672	8066	1.02078432008	0.0	497055	395.951771003	7.799
854.888750452	8466	1.11023553976	0.0	520019	410.548780327	8.066
855.319160674	9000	1.17982531746	0.0	551265	430.410222293	8.466
855.695479208	9266	1.30350678425	0.0	558332	376.318533213	9.0
856.045756232	9000	1.45322976025	0.0	536970	350.277023996	8.734
856.396033256	9000	1.60295273626	0.0	536970	350.277023996	9.0
856.725576031	9000	1.77340996046	0.0	536970	329.542775797	9.0
857.050801339	9000	1.9481846531	0.0	536970	325.225307364	9.0
857.376026646	9000	2.12295934573	0.0	536970	325.225307364	9.0
857.629416076	6400	2.36956991614	0.0	383025	253.389429597	3.8
857.869723385	6400	2.62926260669	0.0	383025	240.307309445	6.4
858.110030695	6400	2.88895529725	0.0	383025	240.307309445	6.4
858.350338004	6400	3.1486479878	0.0	383025	240.307309445	6.4
858.617727268	6400	3.38125872421	0.0	383025	267.389263595	6.4
858.885506491	6400	3.61347950119	0.0	383025	267.779223018	6.4
859.153285714	6400	3.84570027817	0.0	383025	267.779223018	6.4
859.482472706	6400	4.01651328606	0.0	383025	329.186992106	6.4
859.847600643	6400	4.15138534884	0.0	383025	365.127937222	6.4
860.21272858	6400	4.28625741162	0.0	383025	365.127937222	6.4
860.577856517	6400	4.4211294744	0.0	383025	365.127937222	6.4
860.92919802	6400	4.56978797205	0.0	383025	351.341502351	6.4
861.271253374	6400	4.72773261796	0.0	383025	342.05535409	6.4
861.613308728	6400	4.88567726387	0.0	383025	342.05535409	6.4
861.955364082	6400	5.04362190978	0.0	383025	342.05535409	6.4
862.257746235	6400	5.24123975721	0.0	383025	302.382152565	6.4
862.52267909	6400	5.47630690197	0.0	383025	264.932855243	6.4
862.787611945	6400	5.71137404673	0.0	383025	264.932855243	6.4
863.0525448	6400	5.94644119148	0.0	383025	264.932855243	6.4
863.331083165	6400	6.16790282651	0.0	383025	278.538364969	6.4
863.625664629	6400	6.37332136261	0.0	383025	294.581463909	6.4
863.920246093	6400	6.5787398987	0.0	383025	294.581463909	6.4
864.213297344	6400	6.78568864817	0.0	383025	293.051250527	6.4
864.480995482	6400	7.01799050967	0.0	383025	267.698138504	6.4
864.748693621	6400	7.25029237116	0.0	383025	267.698138504	6.4
865.016391759	6400	7.48259423266	0.0	383025	267.698138504	6.4
865.284089898	6400	7.71489609415	0.0	383025	267.698138504	6.4
865.58359258	6400	7.91539341207	0.0	383025	299.502682084	6.4
865.970541724	6400	7.61240833563	0.0	383025	302.985076443	6.4
866.251557229	6400	7.83139283037	0.0	383025	281.015505259	6.4
866.69856788	6400	7.55037732511	0.0	383025	281.015505259	6.4
866.952871114	6400	7.79607409077	0.0	383025	254.303234341	6.4
867.611776067	6400	7.54177085643	0.0	383025	254.303234341	6.4
867.882018176	6400	7.77152874788	0.0	383025	270.242108546	6.4
868.651232584	6400	7.50231433956	0.0	383025	269.214408319	6.4
868.925369925	6400	7.72817699857	0.0	383025	274.137340989	6.4
869.225920133	6400	7.92762679035	0.0	383025	300.550208228	6.4
869.685766344	6400	7.62707658212	0.0	383025	300.550208228	6.4
870.143518558	6400	7.66932436801	0.0	383025	457.752214111	6.4
870.601270772	6400	7.7115721539	0.0	383025	457.752214111	6.4
871.098446227	6400	7.71439669925	0.0	383025	497.175454646	6.4
871.62311397	6400	7.68972895647	0.0	383025	524.667742778	6.4
872.147781712	6400	7.66506121369	0.0	383025	524.667742778	6.4
872.672449455	6400	7.64039347092	0.0	383025	524.667742778	6.4
873.183893035	6400	7.6289498911	0.0	383025	511.443579813	6.4
873.679253759	6400	7.63358916719	0.0	383025	495.36072391	6.4
874.174614483	6400	7.63822844328	0.0	383025	495.36072391	6.4
874.49917348	6400	7.81366944577	0.0	383025	324.558997516	6.4
874.818713923	6400	7.99412900279	0.0	383025	319.540442972	6.4
875.580038353	6400	7.67458855982	0.0	383025	319.540442972	6.4
876.573252549	6400	7.18137436403	0.0	383025	993.214195795	6.4
877.566466745	6400	6.68816016823	0.0	383025	993.214195795	6.4
878.55968094	6400	6.19494597244	0.0	383025	993.214195795	6.4
879.58861254	6400	5.66601437242	0.0	383025	1028.93160002	6.4
880.653570518	6400	5.10105639503	0.0	383025	1064.95797739	6.4
881.718528495	6400	4.53609841765	0.0	383025	1064.95797739	6.4
882.783486473	6400	3.97114044026	0.0	383025	1064.95797739	6.4
883.850189762	6400	3.40443715131	0.0	383025	1066.70328895	6.4
884.972088832	6400	2.78253808035	0.0	383025	1121.89907096	6.4
886.093987903	6400	2.16063900939	0.0	383025	1121.89907096	6.4
887.215886974	6400	1.53873993843	0.0	383025	1121.89907096	6.4
888.66612505	9000	0.588501863135	0.0	539520	1450.23807529	6.4
889.91925995	9000	0.5	0.66463303704	539520	1253.13490018	6.34146785184
891.17239485	9000	0.5	0.753134900175	539520	1253.13490018	5.9874603993
892.228673374	9000	0.5	0.556278524265	539520	1056.27852426	6.77488590294
893.157394759	9000	0.5	0.428721384964	540862	928.721384964	7.28511446014
893.818641802	9000	0.5	0.161247042277	539793	661.247042277	8.35501183089
894.517814941	9933	0.5	0.199173139548	600065	699.173139548	8.20330744181
895.189815042	9533	0.5	0.17200010071	573695	672.00010071	8.44499959716
895.825130262	9000	0.5	0.135315220306	537795	635.315220306	7.92573911878
896.382410474	7800	0.5	0.0572802122744	462222	557.280212274	6.3708791509
896.933416743	7800	0.5	0.0510062690831	456146	551.006269083	7.59597492367
897.496023615	7666	0.5	0.0626068716765	447075	562.606871677	7.28157251329
898.033256545	7133	0.5	0.0372329297919	421103	537.232929792	6.45106828083
898.630384282	8000	0.5	0.0971277366994	476265	597.127736699	6.7444890532
899.365247207	7733	0.5	0.234862925595	454837	734.862925595	6.52654829762
900.116998817	8000	0.5	0.251751609266	462300	751.751609266	6.72599356294
900.85138926	8000	0.5	0.23439044303	462300	734.39044303	7.06243822788
901.547203553	8000	0.5	0.195814293117	468906	695.814293117	7.21674282753
902.241089921	8000	0.5	0.193886368581	467438	693.886368581	7.22445452567
902.927783986	7933	0.5	0.18669406501	465132	686.69406501	7.11922373996
903.576028542	7533	0.5	0.148244555726	455338	648.244555726	6.54002177709
904.333760555	8866	0.5	0.257732012533	543071	757.732012533	6.50207194987
905.050863949	9000	0.5	0.2171033948	551023	717.1033948	7.9975864208
905.758818871	10000	0.5	0.207954921292	612540	707.954921292	8.16818031483
906.466773792	10000	0.5	0.207954921292	612540	707.954921292	9.16818031483
907.116508103	10000	0.5	0.149734310925	612540	649.734310925	9.4010627563
907.682272659	9066	0.5	0.0657645563206	555398	565.764556321	7.86894177472
908.240599326	9000	0.5	0.0583266665251	551655	558.326666525	8.7006933339
908.784226272	9000	0.5	0.0436269467477	551655	543.626946748	8.82549221301
909.327853219	9000	0.5	0.0436269467477	551655	543.626946748	8.82549221301
909.885432891	9000	0.5	0.0575796717599	551655	557.57967176	8.76968131296
910.422165569	8533	0.5	0.0367326776774	521611	536.732677677	7.91906928929
910.928832981	8000	0.5	0.00666741214288	487275	506.667412143	7.44033035143
911.525462322	8000	0.5	0.0966293409291	487275	596.629340929	7.61348263628
912.126381899	8000	0.5	0.100919577289	487275	600.919577289	7.59632169084
912.668848158	7133	0.5	0.0424662590459	432597	542.466259046	6.09613496382
913.26115311	7933	0.5	0.0923049520978	483757	592.304952098	6.76378019161
913.858358681	8000	0.5	0.0972055709803	488565	597.20557098	7.54417771608
914.455564252	8000	0.5	0.0972055709803	488565	597.20557098	7.61117771608
915.002643134	8000	0.5	0.0470788818483	488565	547.078881848	7.81168447261
915.480371852	6933	0.522271281773	0.0	419059	477.728718227	5.866
915.945810965	6866	0.556832169067	0.0	410775	465.439112706	6.799
916.377107298	6866	0.625535835945	0.0	413769	431.296333122	6.866

