1224.03411302	3066	0.5	0.317558795518	181435	317.558795518	1.79576481793
1224.73150402	7800	0.5	0.197391001788	471531	697.391001788	2.27643599285
1225.47208169	7866	0.5	0.24057767528	482442	740.57767528	6.83768929888
1226.47592795	8000	0.5	0.50384625261	492120	1003.84625261	5.85061498956
1227.25016238	8000	0.5	0.274234436183	492120	774.234436183	6.90306225527
1227.95821016	8000	0.5	0.208047779426	490176	708.047779426	7.1678088823
1228.64062663	8333	0.5	0.182416465166	513389	682.416465166	7.27033413934
1229.27004364	8066	0.5	0.129417011466	497055	629.417011466	7.28133195414
1229.8513024	8466	0.5	0.0812587632981	520019	581.258763298	7.74096494681
1230.45342952	9000	0.5	0.102127120113	551265	602.127120113	8.05749151955
1230.93380995	9266	0.519619568657	0.0	558332	480.380431343	9.0
1231.40058733	9000	0.552842192866	0.0	536970	466.777375791	8.734
1231.86605914	9000	0.587370385272	0.0	536970	465.471807594	9.0
1232.32914082	9000	0.624288707364	0.0	536970	463.081677907	9.0
1232.76895926	9000	0.684470265174	0.0	536970	439.81844219	9.0
1233.19849641	9000	0.754933111823	0.0	536970	429.537153352	9.0
1233.62597045	9400	0.827459068051	0.0	553424	427.474043771	9.0
1234.01133878	9000	0.942090738793	0.0	522960	385.368329259	8.6
1234.32411921	9000	1.12931031479	0.0	522960	312.780424007	9.0
1234.64085266	9000	1.31257685939	0.0	532300	316.733455393	9.0
1234.94445405	8400	1.50897547093	0.0	503004	303.601388461	7.8
1235.25672041	8000	1.69670911539	0.0	481782	312.266355542	7.6
1235.57637781	8000	1.87705170967	0.0	481782	319.657405722	8.0
1235.95502401	8533	1.9984055161	0.0	510552	378.646193572	8.0
1236.35756224	9000	2.09586728683	0.0	536970	402.538229268	8.533
1236.66369707	6400	2.2897324572	0.0	383025	306.134829632	3.8
1236.96968212	6400	2.48374740488	0.0	383025	305.985052312	6.4
1237.26548371	6400	2.68794581447	0.0	383025	295.801590409	6.4
1237.5612853	6400	2.89214422406	0.0	383025	295.801590409	6.4
1237.86315469	6400	3.09027483044	0.0	383025	301.869393622	6.4
1238.1689878	6400	3.2844417241	0.0	383025	305.833106346	6.4
1238.48771848	6400	3.46571104263	0.0	383025	318.730681468	6.4
1238.82319232	6400	3.63023720216	0.0	383025	335.473840465	6.4
1239.15701333	6400	3.79641619479	0.0	383025	333.82100737	6.4
1239.47933766	6400	3.97409186762	0.0	383025	322.324327173	6.4
1239.79057796	6400	4.1628515623	0.0	383025	311.240305323	6.4
1240.08134319	6400	4.37208633754	0.0	383025	290.765224758	6.4
1240.37210841	6400	4.58132111278	0.0	383025	290.765224758	6.4
1240.66104146	6400	4.79238806224	0.0	383025	288.933050542	6.4
1240.95798272	6400	4.99544680108	0.0	383025	296.941261163	6.4
1241.32367267	6400	5.12975684994	0.0	383025	365.689951134	6.4
1241.69462909	6400	5.25880042881	0.0	383025	370.956421137	6.4
1242.08881027	6400	5.36461925525	0.0	383025	394.181173556	6.4
1242.48299144	6400	5.47043808169	0.0	383025	394.181173556	6.4
1242.99747461	6400	5.45595491047	0.0	383025	514.483171228	6.4
1243.52171163	6400	5.43171789298	0.0	383025	524.237017487	6.4
1244.06785923	6400	5.38557029696	0.0	383025	546.147596014	6.4
1244.63646148	6400	5.31696804181	0.0	383025	568.602255155	6.4
1245.1926176	6400	5.26081191789	0.0	383025	556.156123917	6.4
1245.71731522	6400	5.23611430538	0.0	383025	524.697612509	6.4
1246.24889417	6400	5.20453535534	0.0	383025	531.578950042	6.4
1246.82877	6400	5.12465952763	0.0	383025	579.875827709	6.4
1247.45573408	6400	4.99769544549	0.0	383025	626.964082145	6.4
1248.10061631	6400	4.85281320911	0.0	383025	644.882236374	6.4
1248.72828935	6400	4.72514017231	0.0	383025	627.673036809	6.4
1249.30320708	6400	4.6502224457	0.0	383025	574.917726605	6.4
1249.8781248	6400	4.57530471909	0.0	383025	574.917726605	6.4
1250.52578922	6400	4.42764030306	0.0	383025	647.66441603	6.4
1251.18512575	6400	4.26830377321	0.0	383025	659.33652985	6.4
1251.82588654	6400	4.12754297971	0.0	383025	640.760793509	6.4
1252.46403498	6400	3.98939453903	0.0	383025	638.148440672	6.4
1253.47981907	6400	3.47361045086	0.0	383025	1015.78408817	6.4
1254.49731529	6400	2.95611423031	0.0	383025	1017.49622055	6.4
1255.66107506	6400	2.29235446495	0.0	383025	1163.75976536	6.4
1256.89340864	6400	1.56002088304	0.0	383025	1232.33358191	6.4
1258.14421837	6960	0.809211156656	0.0	432864	1250.80972639	6.4
1258.92861938	4800	0.524810147488	0.0	297255	784.401009168	2.64
1259.72462711	4906	0.5	0.271197583663	302153	796.007731151	3.71520966535
1260.44353865	4400	0.5	0.218911548452	266310	718.911548452	3.01835380619
1261.14117372	4080	0.5	0.197635065319	245722	697.635065319	2.96945973873
1262.13253746	6000	0.5	0.491363744326	362580	991.363744326	2.1145450227
1262.99427985	6000	0.5	0.361742383137	362580	861.742383137	4.55303046745
1263.73287161	6000	0.5	0.238591758486	362580	738.591758486	5.04563296606
1264.57888666	7680	0.5	0.346015054834	467772	846.015054834	4.61593978067
1265.40182229	8666	0.5	0.322935629277	530195	822.935629277	6.38825748289
1266.6798349	8533	0.5	0.778012610491	515343	1278.01261049	5.28794955804
1268.00659019	9000	0.5	0.826755288634	539520	1326.75528863	5.22597884547
1268.68026673	9000	0.5	0.173676542301	539520	673.676542301	8.3052938308
1269.25775286	9000	0.5	0.0774861280593	539520	577.486128059	8.69005548776
1269.76439813	9000	0.5	0.00664526874566	539520	506.645268746	8.97341892502
1270.28322269	9000	0.5	0.0188245614265	539520	518.824561427	8.92470175429
1270.80917773	9000	0.5	0.025955037936	540862	525.955037936	8.89617984826
1271.34515689	9000	0.5	0.0359791648604	539793	535.97916486	8.85608334056
1271.95584673	9933	0.5	0.11068983606	600065	610.68983606	8.55724065576
1272.52997305	9533	0.5	0.0741263208584	573695	574.126320858	8.83649471657
1273.04455727	9000	0.5	0.0145842212817	537795	514.584221282	8.40866311487
1273.47724568	7800	0.567311591798	0.0	462222	432.688408202	6.6
1273.90039034	7800	0.644166930672	0.0	456146	423.144661126	7.8
1274.29937605	7666	0.745181218584	0.0	447075	398.985712087	7.532
1274.67952605	7133	0.865031225226	0.0	421103	380.149993358	6.6
1275.0878226	8000	0.956734675277	0.0	476265	408.296549949	7.133
1275.47784854	7733	1.06670873178	0.0	454837	390.025943499	7.466
1275.84555162	8000	1.19900565564	0.0	462300	367.703076138	7.733
1276.22041772	8000	1.32413955149	0.0	462300	374.866104152	8.0
1276.616341	8000	1.42821626815	0.0	468906	395.92328334	8.0
1277.02465318	8000	1.51990409413	0.0	467438	408.31217402	8.0
1277.45164789	7933	1.59290938432	0.0	465132	426.994709807	7.866
1277.87432991	7533	1.6702273617	0.0	455338	422.682022625	7.133
1278.36682873	8866	1.67772854213	0.0	543071	492.498819569	7.533
1278.86439484	9000	1.68016242694	0.0	551023	497.566115186	8.866
1279.39908978	10000	1.64546749206	0.0	612540	534.694934883	9.0
1279.92407383	10000	1.62048343939	0.0	612540	524.984052671	10.0
1280.45514375	10000	1.58941351856	0.0	612540	531.069920825	10.0
1280.94268327	9066	1.60187400307	0.0	555398	487.539515495	8.132
1281.42587977	9000	1.61867749828	0.0	551655	483.196504787	8.934
1281.88695965	9000	1.65759762417	0.0	551655	461.079874113	9.0
1282.34452967	9000	1.70002760239	0.0	551655	457.570021781	9.0
1282.81151445	9000	1.73304282253	0.0	551655	466.984779862	9.0
1283.3054405	8533	1.73911677073	0.0	521611	493.926051794	8.066
1283.775365	8000	1.76919227352	0.0	487275	469.924497209	7.467
1284.24403418	8000	1.8005230914	0.0	487275	468.669182127	8.0
1284.71043053	8000	1.83412673854	0.0	487275	466.396352858	8.0
1285.13272611	7133	1.91183115915	0.0	432597	422.29557939	6.266
1285.59495615	7933	1.9496011256	0.0	483757	462.230033543	7.133
1286.05386084	8000	1.99069643553	0.0	488565	458.904690077	7.933
1286.51571422	8000	2.02884304863	0.0	488565	461.853386901	8.0
1286.90210946	6400	2.14244780988	0.0	383025	386.395238743	4.8
1287.3117948	6400	2.23276247268	0.0	383025	409.685337202	6.4
1287.72148014	6400	2.32307713548	0.0	383025	409.685337202	6.4
1288.13116547	6400	2.41339179828	0.0	383025	409.685337202	6.4

