5158.45392522	3066	0.5	0.250066118498	181435	250.066118498	2.06573552601
5158.97590966	7800	0.5	0.0219844402754	471531	521.984440275	2.9780622389
5159.50812141	7866	0.5	0.0322117471287	482442	532.211747129	7.67115301149
5160.04940472	8000	0.5	0.0412833148793	492120	541.283314879	7.70086674048
5160.59068804	8000	0.5	0.0412833148793	492120	541.283314879	7.83486674048
5161.2162587	8000	0.5	0.125570659753	490176	625.570659753	7.49771736099
5161.88759967	8333	0.5	0.17134097191	513389	671.34097191	7.31463611236
5162.54012652	8066	0.5	0.152526849607	497055	652.526849607	7.18889260157
5163.24318319	8466	0.5	0.20305666859	520019	703.05666859	7.25377332564
5164.0634173	9000	0.5	0.320234111516	551265	820.234111516	7.18506355394
5164.89314092	9266	0.5	0.329723621037	558332	829.723621037	7.68110551585
5165.69417982	9000	0.5	0.301038902997	536970	801.038902997	7.52984438801
5166.49521873	9000	0.5	0.301038902997	536970	801.038902997	7.79584438801
5167.2861136	9000	0.5	0.290894876303	536970	790.894876303	7.83642049479
5168.07098482	9000	0.5	0.284871216469	536970	784.871216469	7.86051513412
5168.85585604	9000	0.5	0.284871216469	536970	784.871216469	7.86051513412
5169.82778306	9400	0.5	0.471927024743	553424	971.927024743	7.11229190103
5170.79061524	9000	0.5	0.462832182182	522960	962.832182182	6.74867127127
5171.75344743	9000	0.5	0.462832182182	522960	962.832182182	7.14867127127
5172.59096464	9000	0.5	0.337517214056	532300	837.517214056	7.64993114377
5173.30926408	8400	0.5	0.218299440925	503004	718.299440925	6.9268022363
5174.00063334	8000	0.5	0.191369256006	481782	691.369256006	6.83452297598
5174.69200259	8000	0.5	0.191369256006	481782	691.369256006	7.23452297598
5175.28826052	8533	0.5	0.0962579276886	510552	596.257927689	7.61496828925
5175.72473806	9000	0.563522465477	0.0	536970	436.477534523	8.533
5176.16121559	9000	0.627044930954	0.0	536970	436.477534523	9.0
5176.59769312	9000	0.69056739643	0.0	536970	436.477534523	9.0
5177.00615704	9000	0.782103477766	0.0	536970	408.463918664	9.0
5177.38725146	9000	0.901009061937	0.0	536970	381.094415829	9.0
5177.78910405	9533	0.99915647475	0.0	573990	401.852587187	9.0
5178.1980919	9666	1.09016861661	0.0	586715	408.987858136	9.533
5178.62395285	9000	1.16430766789	0.0	551265	425.860948721	8.334
5179.0579036	9000	1.23035691936	0.0	551265	433.950748531	9.0
5179.49185435	9000	1.29640617083	0.0	551265	433.950748531	9.0
5179.9418469	9000	1.34641362125	0.0	551265	449.992549584	9.0
5180.39747389	9000	1.39078663298	0.0	551265	455.626988273	9.0
5180.85310088	9000	1.4351596447	0.0	551265	455.626988273	9.0
5181.29275606	8466	1.49550446056	0.0	527825	439.655184141	7.932
5181.67764394	8000	1.6106165807	0.0	498375	384.887879861	7.534
5182.01815327	7066	1.77010725182	0.0	434595	340.509328879	6.132
5182.36369781	7200	1.92456271001	0.0	442995	345.544541808	7.066
5182.7251836	7600	2.06307692385	0.0	469589	361.485786167	7.2
5183.0487187	6400	2.23954182135	0.0	383025	323.535102499	5.2
5183.38478064	6400	2.40347988036	0.0	383025	336.06194099	6.4
5183.72084258	6400	2.56741793937	0.0	383025	336.06194099	6.4
5184.05690452	6400	2.73135599838	0.0	383025	336.06194099	6.4
5184.39296646	6400	2.89529405739	0.0	383025	336.06194099	6.4
5184.7240081	6400	3.06425242276	0.0	383025	331.041634629	6.4
5185.02351816	6400	3.26474236466	0.0	383025	299.510058097	6.4
5185.32302821	6400	3.46523230656	0.0	383025	299.510058097	6.4
5185.62253827	6400	3.66572224847	0.0	383025	299.510058097	6.4
5185.92204833	6400	3.86621219037	0.0	383025	299.510058097	6.4
5186.24675088	6400	4.04150963587	0.0	383025	324.702554497	6.4
5186.58370189	6400	4.20455862664	0.0	383025	336.951009231	6.4
5186.9206529	6400	4.36760761741	0.0	383025	336.951009231	6.4
5187.25760391	6400	4.53065660818	0.0	383025	336.951009231	6.4
5187.59455492	6400	4.69370559895	0.0	383025	336.951009231	6.4
5187.95756634	6400	4.83069417926	0.0	383025	363.011419685	6.4
5188.36309356	6400	4.92516695923	0.0	383025	405.527220032	6.4
5188.76862078	6400	5.0196397392	0.0	383025	405.527220032	6.4
5189.174148	6400	5.11411251917	0.0	383025	405.527220032	6.4
5189.57967522	6400	5.20858529913	0.0	383025	405.527220032	6.4
5189.88498668	6400	5.40327384238	0.0	383025	305.311456756	6.4
5190.14949857	6400	5.63876195378	0.0	383025	264.511888596	6.4
5190.41401046	6400	5.87425006519	0.0	383025	264.511888596	6.4
5190.67852234	6400	6.10973817659	0.0	383025	264.511888596	6.4
5190.94303423	6400	6.345226288	0.0	383025	264.511888596	6.4
5191.26207607	6400	6.52618444779	0.0	383025	319.041840207	6.4
5191.633982	6400	6.6542785181	0.0	383025	371.905929688	6.4
5192.00588793	6400	6.78237258841	0.0	383025	371.905929688	6.4
5192.37779386	6400	6.91046665873	0.0	383025	371.905929688	6.4
5192.80972757	6400	6.97853294637	0.0	383025	431.933712356	6.4
5193.26281588	6400	7.02544463888	0.0	383025	453.088307494	6.4
5193.71590419	6400	7.07235633138	0.0	383025	453.088307494	6.4
5194.1689925	6400	7.11926802389	0.0	383025	453.088307494	6.4
5194.6220808	6400	7.1661797164	0.0	383025	453.088307494	6.4
5195.10377091	6400	7.18448960868	0.0	383025	481.690107716	6.4
5195.76482967	6400	7.02343085106	0.0	383025	661.058757615	6.4
5196.42588843	6400	6.86237209345	0.0	383025	661.058757615	6.4
5197.08694718	6400	6.70131333583	0.0	383025	661.058757615	6.4
5197.54720058	6400	6.74105993882	0.0	383025	460.25339701	6.4
5197.93316669	6400	6.85509382823	0.0	383025	385.966110597	6.4
5198.3191328	6400	6.96912771763	0.0	383025	385.966110597	6.4
5198.70509891	6400	7.08316160703	0.0	383025	385.966110597	6.4
5199.06854187	6400	7.2197186487	0.0	383025	363.442958328	6.4
5199.40428184	6400	7.38397867748	0.0	383025	335.739971223	6.4
5199.74002181	6400	7.54823870626	0.0	383025	335.739971223	6.4
5200.07576179	6400	7.71249873503	0.0	383025	335.739971223	6.4
5200.41150176	6400	7.87675876381	0.0	383025	335.739971223	6.4
5201.25680895	6400	7.53145156991	0.0	383025	345.307193898	6.4
5201.62589088	6400	7.66236963755	0.0	383025	369.081932363	6.4
5201.99497282	6400	7.79328770519	0.0	383025	369.081932363	6.4
5202.36405475	6400	7.92420577282	0.0	383025	369.081932363	6.4
5203.23823111	6400	7.55002940811	0.0	383025	374.176364718	6.4
5203.62078979	6400	7.66747072721	0.0	383025	382.558680897	6.4
5204.00334847	6400	7.78491204631	0.0	383025	382.558680897	6.4
5204.38590716	6400	7.90235336541	0.0	383025	382.558680897	6.4
5204.88695248	6400	7.90130803952	0.0	383025	501.04532589	6.4
5205.391196	6400	7.89706452533	0.0	383025	504.243514192	6.4
5205.89543951	6400	7.89282101114	0.0	383025	504.243514192	6.4
5206.39968302	6400	7.88857749695	0.0	383025	504.243514192	6.4
5206.90392654	6400	7.88433398275	0.0	383025	504.243514192	6.4
5207.44960703	6400	7.83865349194	0.0	383025	545.680490815	6.4
5207.99733036	6400	7.79093016065	0.0	383025	547.72333129	6.4
5208.54505369	6400	7.74320682936	0.0	383025	547.72333129	6.4
5209.02546344	6400	7.76279708406	0.0	383025	480.409745304	6.4
5209.48295314	6400	7.80530738022	0.0	383025	457.489703838	6.4
5209.94044284	6400	7.84781767638	0.0	383025	457.489703838	6.4
5210.39793255	6400	7.89032797254	0.0	383025	457.489703838	6.4
5210.85542225	6400	7.93283826871	0.0	383025	457.489703838	6.4
5211.31610191	6400	7.97215860836	0.0	383025	460.679660346	6.4
5211.90660821	6400	7.88165231354	0.0	383025	590.50629482	6.4
5212.4971145	6400	7.79114601872	0.0	383025	590.50629482	6.4
5213.0876208	6400	7.7006397239	0.0	383025	590.50629482	6.4
5213.67812709	6400	7.61013342908	0.0	383025	590.50629482	6.4
5214.26863339	6400	7.51962713426	0.0	383025	590.50629482	6.4
5214.90781639	6400	7.38044413389	0.0	383025	639.183000367	6.4
5215.6137523	6400	7.17450821669	0.0	383025	705.935917203	6.4
5216.31968822	6400	6.96857229948	0.0	383025	705.935917203	6.4
5217.02562414	6400	6.76263638228	0.0	383025	705.935917203	6.4

