2942.55592389	3066	0.5	0.131382654364	181435	131.382654364	2.54046938254
2942.76946215	7800	0.786461738943	0.0	471531	213.538261057	3.066
2942.98609042	7866	1.06983346691	0.0	482442	216.628272035	7.8
2943.20545951	8000	1.35046437128	0.0	492120	219.36909563	7.866
2943.42482861	8000	1.63109527565	0.0	492120	219.36909563	8.0
2943.72706524	8000	1.82885864193	0.0	490176	302.236633717	8.0
2944.12796129	8333	1.92796259315	0.0	513389	400.896048783	8.0
2944.5186477	8066	2.03727618279	0.0	497055	390.686410359	7.799
2944.83805916	6400	2.21786472464	0.0	383025	319.411458144	4.734
2945.15747062	6400	2.3984532665	0.0	383025	319.411458144	6.4
2945.47688208	6400	2.57904180836	0.0	383025	319.411458144	6.4
2945.79629354	6400	2.75963035021	0.0	383025	319.411458144	6.4
2946.08352318	6400	2.97240070304	0.0	383025	287.229647171	6.4
2946.30800696	6400	3.24791692858	0.0	383025	224.483774465	6.4
2946.53249073	6400	3.52343315411	0.0	383025	224.483774465	6.4
2946.75697451	6400	3.79894937965	0.0	383025	224.483774465	6.4
2946.98145828	6400	4.07446560518	0.0	383025	224.483774465	6.4
2947.20418411	6400	4.35173977175	0.0	383025	222.725833429	6.4
2947.4225329	6400	4.63339098788	0.0	383025	218.348783872	6.4
2947.64088168	6400	4.91504220401	0.0	383025	218.348783872	6.4
2947.85923047	6400	5.19669342013	0.0	383025	218.348783872	6.4
2948.07757925	6400	5.47834463626	0.0	383025	218.348783872	6.4
2948.29592803	6400	5.75999585239	0.0	383025	218.348783872	6.4
2948.49189977	6400	6.06402411622	0.0	383025	195.971736171	6.4
2948.68203678	6400	6.37388710793	0.0	383025	190.137008285	6.4
2948.87217379	6400	6.68375009965	0.0	383025	190.137008285	6.4
2949.06231079	6400	6.99361309137	0.0	383025	190.137008285	6.4
2949.2524478	6400	7.30347608308	0.0	383025	190.137008285	6.4
2949.44258481	6400	7.6133390748	0.0	383025	190.137008285	6.4
2949.63272182	6400	7.92320206651	0.0	383025	190.137008285	6.4
2950.34519187	6400	7.71073201558	0.0	383025	212.470050933	6.4
2950.56317941	6400	7.99274447143	0.0	383025	217.987544147	6.4
2951.20779272	6400	7.77475692728	0.0	383025	217.987544147	6.4
2951.95472149	6400	7.52782816471	0.0	383025	246.928762577	6.4
2952.62104615	6400	7.36150349726	0.0	383025	666.32466745	6.4
2953.33320392	6400	7.14934573517	0.0	383025	712.157762083	6.4
2954.04536168	6400	6.93718797309	0.0	383025	712.157762083	6.4
2954.75751944	6400	6.72503021101	0.0	383025	712.157762083	6.4
2955.4696772	6400	6.51287244893	0.0	383025	712.157762083	6.4
2956.06261895	6400	6.41993069691	0.0	383025	592.94175202	6.4
2956.47412686	6400	6.50842279284	0.0	383025	411.507904064	6.4
2956.88563476	6400	6.59691488878	0.0	383025	411.507904064	6.4
2957.29714267	6400	6.68540698471	0.0	383025	411.507904064	6.4
2957.70865057	6400	6.77389908065	0.0	383025	411.507904064	6.4
2958.12015847	6400	6.86239117658	0.0	383025	411.507904064	6.4
2958.53166638	6400	6.95088327252	0.0	383025	411.507904064	6.4
2959.05604434	6400	6.92650531174	0.0	383025	524.377960786	6.4
2959.65277969	6400	6.82976996501	0.0	383025	596.735346723	6.4
2960.24951503	6400	6.73303461829	0.0	383025	596.735346723	6.4
2960.84625038	6400	6.63629927157	0.0	383025	596.735346723	6.4
2961.44298573	6400	6.53956392484	0.0	383025	596.735346723	6.4
2962.03972107	6400	6.44282857812	0.0	383025	596.735346723	6.4
2962.62737135	6400	6.35517830201	0.0	383025	587.650276105	6.4
2963.20006763	6400	6.2824820187	0.0	383025	572.696283312	6.4
2963.77276392	6400	6.20978573539	0.0	383025	572.696283312	6.4
2964.3454602	6400	6.13708945208	0.0	383025	572.696283312	6.4
2964.91815648	6400	6.06439316877	0.0	383025	572.696283312	6.4
2965.49085277	6400	5.99169688546	0.0	383025	572.696283312	6.4
2966.06354905	6400	5.91900060214	0.0	383025	572.696283312	6.4
2966.68134736	6400	5.80120229354	0.0	383025	617.798308607	6.4
2967.32036124	6400	5.66218841106	0.0	383025	639.013882472	6.4
2967.95937512	6400	5.52317452859	0.0	383025	639.013882472	6.4
2968.598389	6400	5.38416064612	0.0	383025	639.013882472	6.4
2969.23740289	6400	5.24514676365	0.0	383025	639.013882472	6.4
2969.85197142	6400	5.13057822771	0.0	383025	614.568535943	6.4
2970.33068823	6400	5.15186142385	0.0	383025	478.71680386	6.4
2970.80940503	6400	5.17314461999	0.0	383025	478.71680386	6.4
2971.28812183	6400	5.19442781613	0.0	383025	478.71680386	6.4
2971.76683864	6400	5.21571101227	0.0	383025	478.71680386	6.4
2972.24555544	6400	5.23699420841	0.0	383025	478.71680386	6.4
2972.72427225	6400	5.25827740455	0.0	383025	478.71680386	6.4
2973.28754199	6400	5.19500766082	0.0	383025	563.269743722	6.4
2973.89028357	6400	5.09226607973	0.0	383025	602.741581092	6.4
2974.49302515	6400	4.98952449864	0.0	383025	602.741581092	6.4
2975.09576673	6400	4.88678291755	0.0	383025	602.741581092	6.4
2975.69850831	6400	4.78404133646	0.0	383025	602.741581092	6.4
2976.3012499	6400	4.68129975537	0.0	383025	602.741581092	6.4
2977.21888136	6400	4.26366829341	0.0	383025	917.631461961	6.4
2978.1933413	6400	3.78920834743	0.0	383025	974.459945979	6.4
2979.16780125	6400	3.31474840145	0.0	383025	974.459945979	6.4
2980.1422612	6400	2.84028845547	0.0	383025	974.459945979	6.4
2981.11672114	6400	2.36582850949	0.0	383025	974.459945979	6.4
2982.09118109	6400	1.89136856351	0.0	383025	974.459945979	6.4
2982.98399094	5960	1.49855870769	0.0	354804	892.809855823	5.52
2983.69759386	5720	1.28495579042	0.0	339328	713.602917264	5.48
2984.57608613	7200	0.906463524755	0.0	427635	878.492265667	5.72
2985.51916022	7800	0.5	0.0366105735321	462222	943.074098287	7.05355770587
2986.45088904	7800	0.5	0.431728817835	456146	931.728817835	6.07308472866
2987.29478951	7666	0.5	0.343900470517	447075	843.900470517	6.15639811793
2988.04108617	7133	0.5	0.246296661031	421103	746.296661031	5.61481335588
2988.87466375	8000	0.5	0.333577579039	476265	833.577579039	5.79868968385
2989.67433655	7733	0.5	0.299672798373	454837	799.672798373	6.26730880651
2990.4858178	8000	0.5	0.311481244243	462300	811.481244243	6.48707502303
2991.29729904	8000	0.5	0.311481244243	462300	811.481244243	6.75407502303
2992.06510113	8000	0.5	0.267802095316	468906	767.802095316	6.92879161873
2992.79730905	8000	0.5	0.232207919015	467438	732.207919015	7.07116832394
2993.52629945	7933	0.5	0.228990398271	465132	728.990398271	6.95003840691
2994.22130137	7533	0.5	0.195001917265	455338	695.001917265	6.35299233094
2994.94099603	8866	0.5	0.219694664938	543071	719.694664938	6.65422134025
2995.67005753	9000	0.5	0.229061491698	551023	729.061491698	7.94975403321
2996.47158118	10000	0.5	0.301523649875	612540	801.523649875	7.7939054005
2997.33737533	10000	0.5	0.365794157431	612540	865.794157431	8.53682337028
2998.23928627	10000	0.5	0.401910938917	612540	901.910938917	8.39235624433
2999.06452363	9066	0.5	0.325237358626	555398	825.237358626	6.8310505655
2999.8847386	9000	0.5	0.320214972097	551655	820.214972097	7.65314011161
3000.71512554	9000	0.5	0.330386937689	551655	830.386937689	7.67845224924
3001.56284164	9000	0.5	0.347716095922	551655	847.716095922	7.60913561631
3002.41055773	9000	0.5	0.347716095922	551655	847.716095922	7.60913561631
3003.2164628	8533	0.5	0.305905068404	521611	805.905068404	6.84237972639
3003.97458384	8000	0.5	0.258121036954	487275	758.121036954	6.43451585219
3004.75892234	8000	0.5	0.284338501453	487275	784.338501453	6.86264599419
3005.67643849	8000	0.5	0.417516151666	487275	917.516151666	6.32993539333
3006.49997546	7133	0.5	0.323536965086	432597	823.536965086	4.97185213965
3007.41144496	7933	0.5	0.411469500758	483757	911.469500758	5.48712199697
3008.33117833	8000	0.5	0.419733371585	488565	919.733371585	6.25406651366
3009.24790784	8000	0.5	0.416729509611	488565	916.729509611	6.33308196156
3010.10417519	8000	0.5	0.356267347973	488565	856.267347973	6.57493060811
3010.85000638	6933	0.5	0.245831196615	419059	745.831196615	4.88267521354
3011.58267536	6866	0.5	0.232668979283	410775	732.668979283	5.86832408287
3012.32010142	6866	0.5	0.23742606266	413769	737.42606266	5.91629574936

