3637.09317883	3066	0.5	0.228239029067	181435	228.239029067	2.15304388373
3637.5584369	7800	0.53474193174	0.0	471531	465.25806826	3.066
3638.03260966	7866	0.560569177525	0.0	482442	474.172754215	7.8
3638.51468969	8000	0.57848914344	0.0	492120	482.080034085	7.866
3639.03603044	8000	0.557148398637	0.0	492120	521.340744802	8.0
3639.57040141	8000	0.5227774254	0.0	490176	534.370973238	8.0
3640.14761531	8333	0.5	0.0544364744734	513389	577.213899873	7.78225410211
3640.72745445	8066	0.5	0.0798391416834	497055	579.839141683	7.47964343327
3641.33038622	8466	0.5	0.10293176936	520019	602.93176936	7.65427292256
3641.94077917	9000	0.5	0.110392951492	551265	610.392951492	8.02442819403
3642.44744307	9266	0.5	0.00666389870022	558332	506.6638987	8.9733444052
3642.93778264	9000	0.50966042841	0.0	536970	490.33957159	8.734
3643.47526389	9000	0.5	0.0278208167515	536970	537.481245161	8.88871673299
3644.02037426	9000	0.5	0.045110377899	536970	545.110377899	8.8195584884
3644.56548464	9000	0.5	0.045110377899	536970	545.110377899	8.8195584884
3645.11026624	9000	0.5	0.044781595655	536970	544.781595655	8.82087361738
3645.6690956	9400	0.5	0.0588293603865	553424	558.829360387	8.76468255845
3646.27761616	9000	0.5	0.108520565194	522960	608.520565194	8.16591773922
3646.92609189	9000	0.5	0.148475721592	522960	648.475721592	8.40609711363
3647.63255269	9000	0.5	0.206460807302	532300	706.460807302	8.17415677079
3648.35628024	8400	0.5	0.223727545215	503004	723.727545215	6.90508981914
3649.05284858	8000	0.5	0.196568345757	481782	696.568345757	6.81372661697
3649.7463222	8000	0.5	0.193473620469	481782	693.473620469	7.22610551813
3650.47327953	8533	0.5	0.226957328483	510552	726.957328483	7.09217068607
3651.23371302	9000	0.5	0.260433485082	536970	760.433485082	7.49126605967
3652.04670873	9000	0.5	0.312995715828	536970	812.995715828	7.74801713669
3652.88336683	9000	0.5	0.336658091895	536970	836.658091895	7.65336763242
3653.72190534	9000	0.5	0.338538514043	536970	838.538514043	7.64584594383
3654.83836204	9000	0.5	0.616456700391	536970	1116.45670039	6.53417319844
3656.02627455	9533	0.5	0.687912511793	573990	1187.91251179	6.24834995283
3656.78804435	9666	0.5	0.261769797942	586715	761.769797942	8.48592080823
3657.43451383	9000	0.5	0.146469482501	551265	646.469482501	7.74812207
3658.04833396	9000	0.5	0.113820124072	551265	613.820124072	8.54471950371
3658.54806941	9000	0.500264548211	0.0	551265	499.735451789	9.0
3659.04780486	9000	0.500529096422	0.0	551265	499.735451789	9.0
3659.58096528	9000	0.5	0.032631323467	551265	533.160419889	8.86947470613
3660.12418995	9000	0.5	0.0432246734225	551265	543.224673422	8.82710130631
3660.65487677	8466	0.5	0.0306868198325	527825	530.686819833	7.80925272067
3661.22373837	8000	0.5	0.0688615995642	498375	568.861599564	7.25855360174
3661.73003746	7066	0.5	0.0062990857539	434595	506.299085754	6.10680365698
3662.20787845	7200	0.522159007102	0.0	442995	477.840992898	7.066
3662.67796377	7600	0.552073683936	0.0	469589	470.085323166	7.2
3663.17020374	8000	0.559833720077	0.0	496259	492.23996386	7.6
3663.65783984	8133	0.572197618681	0.0	508563	487.636101395	8.0
3664.15821755	8733	0.57181990841	0.0	536941	500.377710271	8.133
3664.6925912	8733	0.537446259794	0.0	525223	534.373648616	8.733
3665.43665983	9000	0.5	0.206622373681	536970	744.068633476	7.90651050527
3666.16956852	9000	0.5	0.232908689068	527946	732.908689068	8.06836524373
3666.80416284	8933	0.5	0.134594322685	519390	634.594322685	8.32762270926
3667.39195852	8933	0.5	0.0877956793029	530998	587.795679303	8.58181728279
3667.90278801	9000	0.5	0.0108294892051	536970	510.829489205	8.88968204318
3668.35454117	8600	0.548246845425	0.0	513386	451.753154575	8.2
3668.73736605	7000	0.665421965153	0.0	418197	382.824880273	5.4
3669.43541451	8600	0.5	0.0326264948417	525989	698.048459995	6.86949402063
3670.33914388	9000	0.5	0.403729369595	551655	903.729369595	6.98508252162
3671.1590618	9533	0.5	0.319917927925	584127	819.917927925	7.7203282883
3672.00380121	10000	0.5	0.344739403791	612540	844.739403791	8.15404238484
3672.861538	10000	0.5	0.357736795407	612540	857.736795407	8.56905281837
3673.7192748	10000	0.5	0.357736795407	612540	857.736795407	8.56905281837
3674.48382008	10000	0.5	0.264545280784	612540	764.545280784	8.94181887686
3675.2170388	10000	0.5	0.233218717438	612540	733.218717438	9.06712513025
3675.88450046	9866	0.5	0.167461658904	607628	667.461658904	9.06215336438
3676.41546715	10000	0.5	0.0309666958899	620415	530.96669589	9.74213321644
3676.94222754	10000	0.5	0.0267603919443	620415	526.760391944	9.89295843222
3677.41296403	10000	0.529263509043	0.0	620415	470.736490957	10.0
3677.95369475	11600	0.5	0.0114672076615	730995	540.730716705	9.95413116935
3678.52060014	12000	0.5	0.0669053885053	758640	566.905388505	11.332378446
3679.07952687	12266	0.5	0.0589267315422	771584	558.926731542	11.7642930738
3679.57987372	11000	0.5	0.000346850868828	681300	500.346850869	9.73261259652
3680.03383545	10200	0.546038273503	0.0	627772	453.961726497	9.4
3680.47174393	10000	0.608129791692	0.0	612540	437.908481811	9.8
3680.90585884	10000	0.674014877965	0.0	612540	434.114913727	10.0
3681.32559434	10000	0.754279378345	0.0	612540	419.73549962	10.0
3681.73297194	9600	0.846901779458	0.0	588186	407.377598887	9.2
3682.11961197	8666	0.960261753607	0.0	530195	386.640025851	7.732
3682.49766229	8533	1.08221143091	0.0	515343	378.050322697	8.4
3682.92151201	9000	1.15836171314	0.0	539520	423.849717768	8.533
3683.35251513	9000	1.22735859725	0.0	539520	431.003115889	9.0
3683.77870485	9000	1.30116887536	0.0	539520	426.189721892	9.0
3684.18820695	9000	1.39166677126	0.0	539520	409.502104097	9.0
3684.59770906	9000	1.48216466717	0.0	539520	409.502104097	9.0
3684.99155067	9000	1.58832305147	0.0	540862	393.8416157	9.0
3685.37886997	9000	1.70100375467	0.0	539793	387.319296796	9.0
3685.8005038	9933	1.77936991757	0.0	600065	421.633837104	9.0
3686.17177484	9533	1.9080988867	0.0	573695	371.271030868	9.133
3686.51960084	9000	2.06027288127	0.0	537795	347.826005432	8.467
3686.79635891	6400	2.28351481653	0.0	383025	276.75806474	3.8
3687.1122137	6400	2.46766001979	0.0	383025	315.854796735	6.4
3687.4280685	6400	2.65180522306	0.0	383025	315.854796735	6.4
3687.7439233	6400	2.83595042632	0.0	383025	315.854796735	6.4
3688.07711737	6400	3.00275635202	0.0	383025	333.1940743	6.4
3688.41938393	6400	3.16048979633	0.0	383025	342.266555689	6.4
3688.76165048	6400	3.31822324064	0.0	383025	342.266555689	6.4
3689.10303313	6400	3.47684059692	0.0	383025	341.382643728	6.4
3689.43729964	6400	3.64257408389	0.0	383025	334.266513028	6.4
3689.77156615	6400	3.80830757086	0.0	383025	334.266513028	6.4
3690.10583266	6400	3.97404105783	0.0	383025	334.266513028	6.4
3690.41647734	6400	4.16339638246	0.0	383025	310.644675374	6.4
3690.709367	6400	4.37050672739	0.0	383025	292.88965507	6.4
3691.00225665	6400	4.57761707232	0.0	383025	292.88965507	6.4
3691.29514631	6400	4.78472741725	0.0	383025	292.88965507	6.4
3691.58117977	6400	4.99869394943	0.0	383025	286.033467817	6.4
3691.86563706	6400	5.21423666082	0.0	383025	284.45728861	6.4
3692.15009435	6400	5.42977937221	0.0	383025	284.45728861	6.4
3692.43115617	6400	5.64871754963	0.0	383025	281.061822588	6.4
3692.70980946	6400	5.8700642645	0.0	383025	278.65328513	6.4
3692.98846274	6400	6.09141097937	0.0	383025	278.65328513	6.4
3693.26711603	6400	6.31275769424	0.0	383025	278.65328513	6.4
3693.54973872	6400	6.53013500415	0.0	383025	282.622690083	6.4
3693.83707348	6400	6.74280024143	0.0	383025	287.33476272	6.4
3694.12440824	6400	6.95546547871	0.0	383025	287.33476272	6.4
3694.41174301	6400	7.16813071599	0.0	383025	287.33476272	6.4
3694.70936424	6400	7.3705094825	0.0	383025	297.621233491	6.4
3695.00894643	6400	7.57092729524	0.0	383025	299.582187261	6.4
3695.30852861	6400	7.77134510798	0.0	383025	299.582187261	6.4
3695.61663498	6400	7.96323874659	0.0	383025	308.106361395	6.4
3696.45141965	6400	7.62845407027	0.0	383025	334.784676319	6.4
3696.80508294	6400	7.77479078654	0.0	383025	353.663283728	6.4
3697.1664033	6400	7.91347042348	0.0	383025	361.320363062	6.4
3697.81050755	6400	7.55215006042	0.0	383025	361.320363062	6.4

