1826.11525545	3066	0.5	0.216632866337	181435	216.632866337	2.19946853465
1826.55035029	7800	0.564905161095	0.0	471531	435.094838905	3.066
1826.99366185	7866	0.62159359882	0.0	482442	443.311562275	7.8
1827.53229417	8000	0.582961284336	0.0	492120	538.632314484	7.866
1828.26502086	8000	0.5	0.149765410525	492120	732.726694861	7.4009383579
1828.97546128	8000	0.5	0.210440419549	490176	710.440419549	7.1582383218
1829.69652326	8333	0.5	0.221061973284	513389	721.061973284	7.11575210686
1830.39718918	8066	0.5	0.200665926092	497055	700.665926092	6.99633629563
1830.94248111	8466	0.5	0.0452919240607	520019	545.291924061	7.88483230376
1831.44574231	9000	0.5	0.00326120074197	551265	503.261200742	8.45295519703
1831.91682595	9266	0.528916359271	0.0	558332	471.083640729	9.0
1832.35486706	9000	0.590875251763	0.0	536970	438.041107507	8.734
1832.79187779	9000	0.653864518923	0.0	536970	437.01073284	9.0
1833.20409422	9000	0.741648090727	0.0	536970	412.216428196	9.0
1833.61261838	9000	0.833123925021	0.0	536970	408.524165706	9.0
1834.01441208	9000	0.931330230198	0.0	536970	401.793694823	9.0
1834.49323211	9400	0.952510192731	0.0	553424	478.820037467	9.0
1835.01234163	9000	0.933400677947	0.0	522960	519.109514783	8.6
1835.57020024	9000	0.875542069561	0.0	522960	557.858608387	9.0
1836.25065042	9000	0.695091890067	0.0	532300	680.450179493	9.0
1836.89805384	8400	0.547688467024	0.0	503004	647.403423043	7.8
1837.38858583	8000	0.557156479981	0.0	481782	490.531987044	7.6
1837.87119496	8000	0.574547345951	0.0	481782	482.60913403	8.0
1838.3179537	8533	0.627788603802	0.0	510552	446.758742149	8.0
1838.729436	9000	0.716306305959	0.0	536970	411.482297843	8.533
1839.20520583	9000	0.740536475517	0.0	536970	475.769830441	9.0
1839.71706785	9000	0.728674459365	0.0	536970	511.862016153	9.0
1840.21820794	9000	0.727534367971	0.0	536970	501.140091393	9.0
1840.70288149	9000	0.742860820741	0.0	536970	484.673547231	9.0
1841.2035103	9533	0.742232008954	0.0	573990	500.628811787	9.0
1841.69199889	9666	0.753743415969	0.0	586715	488.488592985	9.533
1842.15640185	9000	0.789340452344	0.0	551265	464.402963625	8.334
1842.62234229	9000	0.823400015002	0.0	551265	465.940437342	9.0
1843.07310625	9000	0.872636054661	0.0	551265	450.763960341	9.0
1843.50644501	9000	0.939297298503	0.0	551265	433.338756158	9.0
1843.96937413	9000	0.976368180852	0.0	551265	462.92911765	9.0
1844.48900652	9000	0.956735787079	0.0	551265	519.632393773	9.0
1844.98890159	8466	0.956840715002	0.0	527825	499.895072077	7.932
1845.46406598	8000	0.98167632855	0.0	498375	475.164386452	7.534
1845.88738078	7066	1.05836152631	0.0	434595	423.314802244	6.132
1846.30368805	7200	1.14205425675	0.0	442995	416.307269557	7.066
1846.74105533	7600	1.20468697858	0.0	469589	437.367278172	7.2
1847.20238284	8000	1.24335947198	0.0	496259	461.327506598	7.6
1847.67316479	8133	1.27257751994	0.0	508563	470.781952041	8.0
1848.14282864	8733	1.30291366466	0.0	536941	469.663855274	8.133
1848.59678981	8733	1.34895249438	0.0	525223	453.961170287	8.733
1849.06037859	9000	1.38536371272	0.0	536970	463.588781661	8.733
1849.51953233	9000	1.42620997446	0.0	527946	459.153738257	9.0
1849.97473413	8933	1.47100817466	0.0	519390	455.201799801	8.866
1850.45494317	8933	1.49079914007	0.0	530998	480.209034583	8.933
1850.97670976	9000	1.46903255143	0.0	536970	521.766588642	8.933
1851.47907373	8600	1.46666857975	0.0	513386	502.363971687	8.2
1851.96066157	7000	1.48508073709	0.0	418197	481.587842654	5.4
1852.55255946	8600	1.39318284766	0.0	525989	591.89788943	7.0
1853.11262768	9000	1.33311462326	0.0	551655	560.068224402	8.6
1853.66905091	9533	1.27669139744	0.0	584127	556.423225819	9.0
1854.22600501	10000	1.21973729275	0.0	612540	556.954104692	9.533
1854.84385145	10000	1.10189086154	0.0	612540	617.84643121	10.0
1855.52387466	10000	0.921867642917	0.0	612540	680.023218623	10.0
1856.19664013	10000	0.749102182165	0.0	612540	672.765460752	10.0
1856.86139801	10000	0.584344301028	0.0	612540	664.757881137	10.0
1857.49966146	9866	0.5	0.0539191515077	607628	638.263452536	9.51632339397
1858.12783621	10000	0.5	0.128174747947	620415	628.174747947	9.35330100821
1858.85237017	10000	0.5	0.22453396266	620415	724.53396266	9.10186414936
1859.52209309	10000	0.5	0.169722922923	620415	669.722922923	9.32110830831
1860.10529001	11600	0.5	0.0831969156142	730995	583.196915614	9.66721233754
1860.72837743	12000	0.5	0.123087421556	758640	623.087421556	11.1076503138
1861.41520653	12266	0.5	0.18682910002	771584	686.82910002	11.2526835999
1862.14834737	11000	0.5	0.233140837197	681300	733.140837197	8.80143665121
1862.87948178	10200	0.5	0.231134409856	627772	731.134409856	8.47546236058
1863.69036862	10000	0.5	0.310886839947	612540	810.886839947	8.55645264021
1864.41146297	10000	0.5	0.221094352205	612540	721.094352205	9.11562259118
1865.070655	10000	0.5	0.159192030747	612540	659.192030747	9.36323187701
1865.67427461	9600	0.5	0.10361961506	588186	603.61961506	8.78552153976
1866.22075725	8666	0.5	0.0464826374405	530195	546.48263744	7.54606945024
1866.71819387	8533	0.50256338114	0.0	515343	497.43661886	8.4
1867.22740457	9000	0.5	0.00664732210941	539520	509.21070325	8.50641071156
1867.81069735	9000	0.5	0.0832927737857	539520	583.292773786	8.66682890486
1868.41685172	9000	0.5	0.106154375014	539520	606.154375014	8.57538249994
1868.9542987	9000	0.5	0.0374469761675	539520	537.446976168	8.85021209533
1869.45234155	9000	0.50195714553	0.0	539520	498.04285447	9.0
1869.95478317	9000	0.5	0.000484468924139	540862	502.441614455	8.9980621243
1870.4571358	9000	0.5	0.00235262838125	539793	502.352628381	8.99058948647
1871.01215197	9933	0.5	0.0550161699563	600065	555.016169956	8.77993532017
1871.55141164	9533	0.5	0.0392596707465	573695	539.259670746	8.97596131701
1872.03821428	9000	0.513197357467	0.0	537795	486.802642533	8.467
1872.45359043	7800	0.597821202716	0.0	462222	415.376154751	6.6
1872.86442822	7800	0.686983418842	0.0	456146	410.837783873	7.8
1873.26825968	7666	0.783151953715	0.0	447075	403.831465127	7.532
1873.65327875	7133	0.898132882062	0.0	421103	385.019071653	6.6
1874.09251017	8000	0.958901467952	0.0	476265	439.23141411	7.133
1874.52005462	7733	1.0313570126	0.0	454837	427.544455352	7.466
1874.97533841	8000	1.07607322677	0.0	462300	455.283785831	7.733
1875.46239025	8000	1.08902138901	0.0	462300	487.051837754	8.0
1875.95525862	8000	1.09615301559	0.0	468906	492.868373424	8.0
1876.45989545	8000	1.09151619169	0.0	467438	504.636823903	8.0
1876.96396801	7933	1.08744362269	0.0	465132	504.072568998	7.866
1877.41281556	7533	1.1385960764	0.0	455338	448.847546292	7.133
1877.8884957	8866	1.16291593413	0.0	543071	475.680142272	7.533
1878.38642509	9000	1.16498654232	0.0	551023	497.929391803	8.866
1878.94589876	10000	1.10551287634	0.0	612540	559.473665987	9.0
1879.53925664	10000	1.01215499944	0.0	612540	593.357876899	10.0
1880.15169396	10000	0.899717679481	0.0	612540	612.437319957	10.0
1880.67566229	9066	0.87574934588	0.0	555398	523.9683336	8.132
1881.18138015	9000	0.870031490457	0.0	551655	505.717855423	8.934
1881.750633	9000	0.800778633183	0.0	551655	569.252857274	9.0
1882.3318037	9000	0.719607937272	0.0	551655	581.170695912	9.0
1882.87588816	9000	0.67552347404	0.0	551655	544.084463231	9.0
1883.39021393	8533	0.661197705513	0.0	521611	514.325768527	8.066
1883.85696517	8000	0.694446464352	0.0	487275	466.751241161	7.467
1884.3205239	8000	0.730887741913	0.0	487275	463.558722438	8.0
1884.79212023	8000	0.759291409518	0.0	487275	471.596332396	8.0
1885.22222703	7133	0.82918460853	0.0	432597	430.106800988	6.266
1885.69449183	7933	0.856919807399	0.0	483757	472.26480113	7.133
1886.18175682	8000	0.869654817641	0.0	488565	487.264989758	7.933
1886.66902181	8000	0.882389827882	0.0	488565	487.264989758	8.0
1887.18039785	8000	0.871013786496	0.0	488565	511.376041387	8.0
1887.6362372	6933	0.91517443409	0.0	419059	455.839352406	5.866
1888.09719562	6866	0.954216017335	0.0	410775	460.958416755	6.799
1888.51008474	6866	1.04132689859	0.0	413769	412.889118747	6.866

