385.930292927	3066	0.5	0.215625485424	181435	215.625485424	2.20349805831
386.362769686	7800	0.567523241011	0.0	471531	432.476758989	3.066
386.804672246	7866	0.625620680857	0.0	482442	441.902560154	7.8
387.26490354	8000	0.665389386785	0.0	492120	460.231294072	7.866
387.756289576	8000	0.674003350977	0.0	492120	491.386035809	8.0
388.250306863	8000	0.679986064181	0.0	490176	494.017286796	8.0
388.739337727	8333	0.690955200511	0.0	513389	489.03086367	8.0
389.20759672	8066	0.722696207553	0.0	497055	468.258992958	7.799
389.72976116	8466	0.700531767024	0.0	520019	522.164440528	8.066
390.315418334	9000	0.614874593205	0.0	551265	585.657173819	8.466
390.948114907	9266	0.5	0.0178219799521	558332	632.696573157	8.92871208019
391.452481574	9000	0.5	0.0043666671947	536970	504.366667195	8.71653333122
391.958250296	9000	0.5	0.00576872153911	536970	505.768721539	8.97692511384
392.43582766	9000	0.522422636258	0.0	536970	477.577363742	9.0
392.919108266	9000	0.539142030308	0.0	536970	483.28060595	9.0
393.457296372	9000	0.500953923925	0.0	536970	538.188106383	9.0
394.060025277	9400	0.5	0.101774980982	553424	602.728904908	8.59290007607
394.572171478	9000	0.5	0.0121462013753	522960	512.146201375	8.5514151945
395.033420874	9000	0.538750603836	0.0	522960	461.249396164	9.0
395.523332219	9000	0.548839259769	0.0	532300	489.911344067	9.0
396.042384804	8400	0.52978667404	0.0	503004	519.052585728	7.8
396.554763188	8000	0.517408290561	0.0	481782	512.378383479	7.6
397.029458499	8000	0.54271297888	0.0	481782	474.695311681	8.0
397.512520193	8533	0.559651285733	0.0	510552	483.061693147	8.0
398.022777643	9000	0.549393835656	0.0	536970	510.257450077	8.533
398.546801564	9000	0.525369914698	0.0	536970	524.023920958	9.0
399.055466264	9000	0.516705214569	0.0	536970	508.664700129	9.0
399.545768669	9000	0.526402809053	0.0	536970	490.302405516	9.0
400.026298662	9000	0.545872816562	0.0	536970	480.529992491	9.0
400.584947174	9533	0.5	0.0127756961261	573990	558.648512688	8.9488972155
401.184862012	9666	0.5	0.0999148376229	586715	599.914837623	9.13334064951
401.711064565	9000	0.5	0.0262025525528	551265	526.202552553	8.22918978979
402.215378524	9000	0.5	0.00431395944178	551265	504.313959442	8.98274416223
402.717328021	9000	0.5	0.00194949654972	551265	501.94949655	8.9922020138
403.21423479	9000	0.50309323025	0.0	551265	496.90676975	9.0
403.717879102	9000	0.5	0.000551081349993	551265	503.6443116	8.9977956746
404.239910473	9000	0.5	0.0220313708256	551265	522.031370826	8.9118745167
404.751756642	8466	0.5	0.0118461692328	527825	511.846169233	7.88461532307
405.2112404	8000	0.540516242472	0.0	498375	459.483757528	7.534
405.610113743	7066	0.641642898934	0.0	434595	398.873343538	6.132
406.018401415	7200	0.733355226913	0.0	442995	408.287672021	7.066
406.46708528	7600	0.784671362295	0.0	469589	448.683864618	7.2
406.970355137	8000	0.781401505317	0.0	496259	503.269856979	7.6
407.470242338	8133	0.781514304079	0.0	508563	499.887201238	8.0
407.963547561	8733	0.788209080961	0.0	536941	493.305223118	8.133
408.445930057	8733	0.805826584693	0.0	525223	482.382496268	8.733
408.944830928	9000	0.806925713985	0.0	536970	498.900870709	8.733
409.445533474	9000	0.806223168009	0.0	527946	500.702545976	9.0
409.937127069	8933	0.814629573373	0.0	519390	491.593594636	8.866
410.431571644	8933	0.820184997547	0.0	530998	494.444575825	8.933
410.929099783	9000	0.822656859266	0.0	536970	497.528138282	8.933
411.429467247	8600	0.822289394596	0.0	513386	500.36746467	8.2
411.855202242	7000	0.896554399542	0.0	418197	425.734995054	5.4
412.363626639	8600	0.888130003206	0.0	525989	508.424396337	7.0
412.883283724	9000	0.868472918253	0.0	551655	519.657084953	8.6
413.438605454	9533	0.813151188227	0.0	584127	555.321730025	9.0
414.037093759	10000	0.714662882586	0.0	612540	598.488305642	9.533
414.630265498	10000	0.62149114396	0.0	612540	593.171738626	10.0
415.16809913	10000	0.583657512424	0.0	612540	537.833631536	10.0
415.788104872	10000	0.5	0.0363482296878	612540	620.005742112	9.85460708125
416.455443684	10000	0.5	0.16733881218	612540	667.33881218	9.33064475128
417.04620582	9866	0.5	0.090762136195	607628	590.762136195	9.36895145522
417.552458554	10000	0.5	0.00625273360376	620415	506.252733604	9.84098906558
418.090932605	10000	0.5	0.0384740512636	620415	538.474051264	9.84610379495
418.76225542	10000	0.5	0.171322815328	620415	671.322815328	9.31470873869
419.626088432	11600	0.5	0.363833012176	730995	863.833012176	8.5446679513
420.48309608	12000	0.5	0.357007647575	758640	857.007647575	10.1719694097
421.116411008	12266	0.5	0.133314927553	771584	633.314927553	11.4667402898
421.705551074	11000	0.5	0.0891400661515	681300	589.140066151	9.37743973539
422.268442125	10200	0.5	0.0628910514253	627772	562.891051425	9.1484357943
422.828903251	10000	0.5	0.060461126304	612540	560.461126304	9.55815549478
423.401931342	10000	0.5	0.073028090278	612540	573.028090278	9.70788763889
423.968886179	10000	0.5	0.066954836885	612540	566.954836885	9.73218065246
424.506382393	9600	0.5	0.0374962145907	588186	537.496214591	9.05001514164
424.984786645	8666	0.521595747865	0.0	530195	478.404252135	7.732
425.426715208	8533	0.579667185387	0.0	515343	441.928562478	8.4
425.885103768	9000	0.621278625648	0.0	539520	458.388559739	8.533
426.361777988	9000	0.644604405056	0.0	539520	476.674220592	9.0
426.861359141	9000	0.645023252554	0.0	539520	499.581152503	9.0
427.361395754	9000	0.644986639173	0.0	539520	500.036613381	9.0
427.844760987	9000	0.661621405951	0.0	539520	483.365233222	9.0
428.332666488	9000	0.67371590541	0.0	540862	487.905500541	9.0
428.847212673	9000	0.659169720047	0.0	539793	514.546185363	9.0
429.496505577	9933	0.509876815813	0.0	600065	649.292904234	9.0
430.146381103	9533	0.5	0.139998709624	573695	649.875525438	8.5730051615
430.728675213	9000	0.5	0.0822941099098	537795	582.29410991	8.13782356036
431.195613553	7800	0.533061659239	0.0	462222	466.938340761	6.6
431.63971866	7800	0.588956553058	0.0	456146	444.105106181	7.8
432.095266425	7666	0.633408787682	0.0	447075	455.547765376	7.532
432.54998311	7133	0.67869210236	0.0	421103	454.716685322	6.6
433.055206081	8000	0.673469131426	0.0	476265	505.222970934	7.133
433.507548997	7733	0.721126215336	0.0	454837	452.342916091	7.466
433.934397601	8000	0.794277611957	0.0	462300	426.848603378	7.733
434.361629146	8000	0.867046066942	0.0	462300	427.231545015	8.0
434.821525907	8000	0.907149306001	0.0	468906	459.896760942	8.0
435.285777104	8000	0.94289810839	0.0	467438	464.25119761	8.0
435.740649564	7933	0.988025648593	0.0	465132	454.872459797	7.866
436.152595741	7533	1.07607947154	0.0	455338	411.946177053	7.133
436.624594837	8866	1.10408037567	0.0	543071	471.999095865	7.533
437.147264751	9000	1.08141046167	0.0	551023	522.669914007	8.866
437.752880367	10000	0.975794845298	0.0	612540	605.615616369	9.0
438.331244628	10000	0.897430584809	0.0	612540	578.36426049	10.0
438.876259196	10000	0.852416016971	0.0	612540	545.014567838	10.0
439.430195618	9066	0.798479594652	0.0	555398	553.936422319	8.132
440.036752513	9000	0.691922699506	0.0	551655	606.556895146	8.934
440.603819444	9000	0.624855768565	0.0	551655	567.066930941	9.0
441.114885983	9000	0.613789229562	0.0	551655	511.066539003	9.0
441.623207485	9000	0.605467728108	0.0	551655	508.321501454	9.0
442.106441394	8533	0.622233818875	0.0	521611	483.233909233	8.066
442.581662511	8000	0.64701270165	0.0	487275	475.221117224	7.467
443.139390406	8000	0.589284807098	0.0	487275	557.727894552	8.0
443.79774599	8000	0.5	0.0690707770295	487275	658.355584127	7.72371689188
444.320751007	7133	0.5	0.0230050175949	432597	523.005017595	6.17397992962
444.856698401	7933	0.5	0.0359473938307	483757	535.947393831	6.98921042468
445.351517582	8000	0.505180819322	0.0	488565	494.819180678	7.933
445.826126964	8000	0.530571437626	0.0	488565	474.609381696	8.0
446.300228024	8000	0.556470377297	0.0	488565	474.101060328	8.0
446.728790977	6933	0.627907424214	0.0	419059	428.562953084	5.866
447.125078413	6866	0.731619987806	0.0	410775	396.287436407	6.799
447.523671162	6866	0.833027239282	0.0	413769	398.592748524	6.866

