48.3277659179	400	0.5	0.143663362098	181435	143.663362098	-2.47326724196
48.6142269989	800	0.713538919	0.0	375269	286.461081	0.4
48.9796425457	1000	0.84812337218	0.0	482442	365.41554682	0.8
49.3494122946	1000	0.97835362332	0.0	492120	369.769748859	1.0
49.7197724971	1000	1.10799342077	0.0	492120	370.360202549	1.0
50.0894456737	1000	1.23832024426	0.0	490176	369.673176514	1.0
50.4842182461	1000	1.34354767184	0.0	513389	394.772572414	1.0
50.8701807512	1000	1.45758516674	0.0	497055	385.962505107	1.0
51.2796121477	1000	1.54815377025	0.0	520019	409.431396485	1.0
51.7130438853	1000	1.6147220326	0.0	551265	433.431737654	1.0
52.1619281877	1000	1.66583773018	0.0	558332	448.884302415	1.0
52.5936431611	1000	1.73412275679	0.0	536970	431.714973391	1.0
52.9971196884	1000	1.83064622952	0.0	536970	403.476527274	1.0
53.4029584542	1000	1.92480746369	0.0	536970	405.838765826	1.0
53.8091330006	1000	2.01863291734	0.0	536970	406.174546345	1.0
54.0993205999	200	2.22844531804	0.0	383025	290.187599304	-0.6
54.3895081992	200	2.43825771874	0.0	383025	290.187599304	0.2
54.6753539046	200	2.65241201327	0.0	383025	285.845705467	0.2
54.9605880058	200	2.86717791207	0.0	383025	285.234101204	0.2
55.2613117759	200	3.066454142	0.0	383025	300.723770063	0.2
55.5676806004	200	3.26008531749	0.0	383025	306.368824508	0.2
55.8776253981	200	3.45014051978	0.0	383025	309.944797717	0.2
56.1902303373	200	3.63753558059	0.0	383025	312.604939191	0.2
56.5028352765	200	3.8249306414	0.0	383025	312.604939191	0.2
56.8155455127	200	4.0122204052	0.0	383025	312.710236196	0.2
57.1283087104	200	4.19945720747	0.0	383025	312.763197733	0.2
57.4410719082	200	4.38669400974	0.0	383025	312.763197733	0.2
57.7482291111	200	4.57953680681	0.0	383025	307.157202926	0.2
58.0553296307	200	4.77243628725	0.0	383025	307.100519563	0.2
58.3676105273	200	4.96015539065	0.0	383025	312.280896599	0.2
58.690363784	200	5.1374021339	0.0	383025	322.753256746	0.2
59.0131170408	200	5.31464887716	0.0	383025	322.753256746	0.2
59.3320126829	200	5.49575323503	0.0	383025	318.895642125	0.2
59.6484745673	200	5.67929135057	0.0	383025	316.461884458	0.2
59.9649364518	200	5.86282946612	0.0	383025	316.461884458	0.2
60.2779054182	200	6.04986049973	0.0	383025	312.968966389	0.2
60.5892034381	200	6.23856247984	0.0	383025	311.298019883	0.2
60.90121957	200	6.42654634796	0.0	383025	312.016131887	0.2
61.2153496511	200	6.61241626679	0.0	383025	314.130081171	0.2
61.5294797323	200	6.79828618561	0.0	383025	314.130081171	0.2
61.851078005	200	6.97668791287	0.0	383025	321.598272742	0.2
62.1804000168	200	7.1473659011	0.0	383025	329.322011772	0.2
62.5097220286	200	7.31804388933	0.0	383025	329.322011772	0.2
62.8262970254	200	7.50146889252	0.0	383025	316.574996806	0.2
63.1413339869	200	7.68643193097	0.0	383025	315.036961549	0.2
63.4563709485	200	7.87139496942	0.0	383025	315.036961549	0.2
63.7657190281	200	8.06204688979	0.0	383025	309.348079638	0.2
64.0741778607	200	8.25358805721	0.0	383025	308.458832575	0.2
64.3841269477	200	8.44363897022	0.0	383025	309.949086995	0.2
64.6940760347	200	8.63368988322	0.0	383025	309.949086995	0.2
65.0068093713	200	8.82095654663	0.0	383025	312.733336592	0.2
65.3198524335	200	9.00791348436	0.0	383025	313.043062268	0.2
65.6355766306	200	9.19218928735	0.0	383025	315.724197008	0.2
65.9652717197	200	9.36249419824	0.0	383025	329.695089115	0.2
66.2949668088	200	9.53279910912	0.0	383025	329.695089115	0.2
66.6246618979	200	9.70310402001	0.0	383025	329.695089115	0.2
66.9576225426	200	9.87014337536	0.0	383025	332.960644651	0.2
67.7967864893	200	9.5309794286	0.0	383025	339.163946754	0.2
68.1359504361	200	9.69181548185	0.0	383025	339.163946754	0.2
68.4767842637	200	9.85098165425	0.0	383025	340.833827597	0.2
69.3181380064	200	9.5096279115	0.0	383025	341.353742752	0.2
69.6594948108	200	9.66827110709	0.0	383025	341.35680441	0.2
70.0010368042	200	9.82672911371	0.0	383025	341.541993382	0.2
70.3425787976	200	9.98518712033	0.0	383025	341.541993382	0.2
71.1814063041	200	9.6463596138	0.0	383025	338.827506528	0.2
71.5100949447	200	9.81767097322	0.0	383025	328.688640575	0.2
71.8387835853	200	9.98898233265	0.0	383025	328.688640575	0.2
72.6965971894	200	9.63116872854	0.0	383025	357.813604111	0.2
73.0558814891	200	9.77188442876	0.0	383025	359.284299776	0.2
73.4151657889	200	9.91260012899	0.0	383025	359.284299776	0.2
74.2744500887	200	9.55331582921	0.0	383025	359.284299776	0.2
74.6337343885	200	9.69403152943	0.0	383025	359.284299776	0.2
74.9652490982	200	9.86251681972	0.0	383025	331.514709714	0.2
75.5121087922	200	9.54966018191	0.0	383025	312.856637807	0.2
75.8183967295	200	9.74337224461	0.0	383025	306.287937307	0.2
76.1229910336	200	9.93877794051	0.0	383025	304.594304099	0.2
76.6850733178	200	9.63517949965	0.0	383025	303.598440858	0.2
76.9889346221	200	9.8313181953	0.0	383025	303.861304352	0.2
77.7960660764	200	9.52418674103	0.0	383025	307.13145427	0.2
78.1063278315	200	9.71392498591	0.0	383025	310.26175512	0.2
78.4175943918	200	9.90265842564	0.0	383025	311.266560264	0.2
79.1211322962	200	9.59139186538	0.0	383025	311.266560264	0.2
79.4282641376	200	9.784260024	0.0	383025	307.13184138	0.2
79.7374000264	200	9.97512413519	0.0	383025	309.13588881	0.2
80.3446709774	200	9.66575819207	0.0	383025	309.365943119	0.2
80.6532833245	200	9.85714584504	0.0	383025	308.612347031	0.2
81.461692571	200	9.54873659853	0.0	383025	308.409246507	0.2
81.7699505005	200	9.74047866903	0.0	383025	308.257929502	0.2
82.0782609891	200	9.93216818036	0.0	383025	308.310488669	0.2
82.8896772293	200	9.6207519402	0.0	383025	311.416240158	0.2
83.2072705601	200	9.80315860942	0.0	383025	317.593330778	0.2
83.5197644935	200	9.99066467602	0.0	383025	312.493933404	0.2
84.0728746129	200	9.68060885918	0.0	383025	310.055816839	0.2
84.3899679751	200	9.86351549698	0.0	383025	317.093362205	0.2
85.1843024884	200	9.54642213477	0.0	383025	317.093362205	0.2
85.5281748915	200	9.7025497316	0.0	383025	343.872403175	0.2
85.8720472947	200	9.85867732842	0.0	383025	343.872403175	0.2
86.7047780489	200	9.51480492525	0.0	383025	343.872403175	0.2
87.0405250848	200	9.67905788941	0.0	383025	335.747035835	0.2
87.3762721206	200	9.84331085357	0.0	383025	335.747035835	0.2
88.194033495	200	9.52554947918	0.0	383025	317.761374395	0.2
88.5245850674	200	9.69499790678	0.0	383025	330.551572397	0.2
88.8670444873	200	9.85253848694	0.0	383025	342.459419848	0.2
89.7095039071	200	9.51007906709	0.0	383025	342.459419848	0.2
90.0357566424	200	9.6838263318	0.0	383025	326.252735286	0.2
90.3563172447	200	9.86326572946	0.0	383025	320.560602342	0.2
91.1769001193	200	9.54268285492	0.0	383025	320.582874545	0.2
91.5046806452	200	9.71490232896	0.0	383025	327.780525959	0.2
91.8321120225	200	9.88747095168	0.0	383025	327.431377274	0.2
92.658225126	200	9.5613578482	0.0	383025	326.113103478	0.2
92.9824505992	200	9.73713237504	0.0	383025	324.22547316	0.2
93.3042528299	200	9.91533014433	0.0	383025	321.802230711	0.2
94.0061903087	200	9.59352791362	0.0	383025	321.802230711	0.2
94.3198180824	200	9.77990014001	0.0	383025	313.627773609	0.2
94.6331862495	200	9.96653197283	0.0	383025	313.368167187	0.2
95.1567744057	200	9.65330352738	0.0	383025	313.228445441	0.2
95.4683273983	200	9.84175053476	0.0	383025	311.552992621	0.2
96.284746188	200	9.52533174506	0.0	383025	316.418789705	0.2
96.6138788101	200	9.69619912297	0.0	383025	329.132622084	0.2
96.9428176728	200	9.86726026026	0.0	383025	328.938862716	0.2

