3336.4267589692045	400	0.5	0.17111826543403685	181435	171.118265434	-3.022365308680737
3336.6005359724054	400	0.8262229967992175	0.0	184429	173.777003201	0.4
3336.8641408375947	600	1.062618131609403	0.0	285584	263.60486519	0.39999999999999997
3337.221734835707	800	1.2050241334970329	0.0	391425	357.593998112	0.6000000000000001
3337.5793288338195	800	1.3474301353846627	0.0	391425	357.593998112	0.8
3337.935558830192	800	1.4912001390123464	0.0	389889	356.229996372	0.8
3338.4014595393874	1000	1.5252994298166855	0.0	513389	465.900709196	0.8
3338.851696108288	1000	1.5750628609164146	0.0	497055	450.2365689	1.0
3339.3038147975462	1000	1.6229441716576476	0.0	520019	452.118689259	1.0
3339.782498748006	1000	1.6442602211976949	0.0	551265	478.68395046	1.0
3340.2687006991578	1000	1.658058270046658	0.0	558332	486.201951151	1.0
3340.7376789703	1000	1.6890799989043166	0.0	536970	468.978271142	1.0
3341.206657241442	1000	1.7201017277619752	0.0	536970	468.978271142	1.0
3341.6695773263605	1000	1.757181642843034	0.0	536970	462.920084919	1.0
3342.1246523627397	1000	1.8021066064640368	0.0	536970	455.075036379	1.0
3342.581127468948	1000	1.8456315002555312	0.0	536970	456.475106209	1.0
3343.0554699487225	1000	1.8712890204814472	0.0	553424	474.342479774	1.0
3343.5042520456727	1000	1.9225069235310892	0.0	522960	448.78209695	1.0
3343.952404115776	1000	1.9743548534278625	0.0	522960	448.152070103	1.0
3344.3928453310896	1000	2.0339136381144622	0.0	532300	440.441215313	1.0
3344.7123266332915	200	2.214432335912928	0.0	383025	319.481302202	-0.6000000000000001
3345.030410539005	200	2.3963484301992835	0.0	383025	318.083905714	0.2
3345.3484944447187	200	2.578264524485639	0.0	383025	318.083905714	0.2
3345.663795485519	200	2.7629634836851134	0.0	383025	315.301040801	0.2
3345.9778148913197	200	2.94894407788476	0.0	383025	314.0194058	0.2
3346.29183429712	200	3.134924672084407	0.0	383025	314.0194058	0.2
3346.6049682990983	200	3.3217906701060165	0.0	383025	313.134001978	0.2
3346.9178671167183	200	3.5088918524862316	0.0	383025	312.89881762	0.2
3347.230765934338	200	3.6959930348664467	0.0	383025	312.89881762	0.2
3347.5465349058973	200	3.88022406330669	0.0	383025	315.76897156	0.2
3347.8625606701235	200	4.064198299080635	0.0	383025	316.025764226	0.2
3348.178586434349	200	4.2481725348545805	0.0	383025	316.025764226	0.2
3348.4969778044187	200	4.429781164785288	0.0	383025	318.391370069	0.2
3348.815424990401	200	4.611333978802961	0.0	383025	318.447185982	0.2
3349.1309631388694	200	4.795795830334592	0.0	383025	315.538148468	0.2
3349.4433570645783	200	4.983401904626036	0.0	383025	312.393925709	0.2
3349.7557509902867	200	5.171007978917481	0.0	383025	312.393925709	0.2
3350.0664830675037	200	5.360275901700584	0.0	383025	310.732077217	0.2
3350.3759638303673	200	5.550795138836973	0.0	383025	309.480762864	0.2
3350.68542567376	200	5.7413332954443845	0.0	383025	309.461843393	0.2
3350.99432850206	200	5.932430467144301	0.0	383025	308.9028283	0.2
3351.3032313303597	200	6.123527638844218	0.0	383025	308.9028283	0.2
3351.6130673894113	200	6.3136915797925015	0.0	383025	309.836059052	0.2
3351.924861036481	200	6.501897932722702	0.0	383025	311.79364707	0.2
3352.236766587462	200	6.689992381741693	0.0	383025	311.905550981	0.2
3352.5818655701823	200	6.844893399021637	0.0	383025	345.09898272	0.2
3352.9269645529025	200	6.999794416301582	0.0	383025	345.09898272	0.2
3353.2720635356227	200	7.1546954335815265	0.0	383025	345.09898272	0.2
3353.617162518343	200	7.309596450861471	0.0	383025	345.09898272	0.2
3353.9628959591996	200	7.463863010005037	0.0	383025	345.733440856	0.2
3354.312555258184	200	7.614203711020115	0.0	383025	349.659298985	0.2
3354.662214557169	200	7.7645444120351925	0.0	383025	349.659298985	0.2
3355.0118738561537	200	7.9148851130502695	0.0	383025	349.659298985	0.2
3355.3615331551387	200	8.065225814065348	0.0	383025	349.659298985	0.2
3355.7003290664607	200	8.22642990274357	0.0	383025	338.795911322	0.2
3356.0011496966576	200	8.425609272546666	0.0	383025	300.820630197	0.2
3356.301970326854	200	8.624788642349762	0.0	383025	300.820630197	0.2
3356.6038439315407	200	8.822915037663202	0.0	383025	301.873604687	0.2
3356.9061155409304	200	9.020643428273413	0.0	383025	302.27160939	0.2
3357.215563467359	200	9.211195501844896	0.0	383025	309.447926429	0.2
3357.5250113937877	200	9.401747575416382	0.0	383025	309.447926429	0.2
3357.8357884533966	200	9.590970515807584	0.0	383025	310.777059609	0.2
3358.1510197771563	200	9.775739192047759	0.0	383025	315.23132376	0.2
3358.4686029893764	200	9.958155979827598	0.0	383025	317.58321222	0.2
3358.9062982407468	200	9.635789506495643	0.0	383025	322.366473332	0.2
3359.228505691223	200	9.813582056019836	0.0	383025	322.207450476	0.2
3359.550713141699	200	9.991374605544028	0.0	383025	322.207450476	0.2
3360.3705542106895	200	9.671533536553632	0.0	383025	319.8410689903956	0.2
3360.684726934005	200	9.857360813238133	0.0	383025	314.172723315	0.2
3361.508416480804	200	9.533671266439425	0.0	383025	323.6895467987076	0.2
3361.833010025564	200	9.70907772167903	0.0	383025	324.59354476039545	0.2
3362.157612109341	200	9.88447563790236	0.0	383025	324.602083777	0.2
3362.7534590093255	200	9.55987355412569	0.0	383025	324.602083777	0.2
3363.0759123102202	200	9.737420253231162	0.0	383025	322.453300895	0.2
3363.3956180021705	200	9.917714561280896	0.0	383025	319.7056919502665	0.2
3363.7877106961405	200	9.59837006162273	0.0	383025	319.344499658	0.2
3364.102013930354	200	9.784066827408557	0.0	383025	314.303234214	0.2
3364.416317164568	200	9.969763593194385	0.0	383025	314.303234214	0.2
3365.230956513591	200	9.655124244171708	0.0	383025	314.6393490226763	0.2
3365.548553396499	200	9.837527361264064	0.0	383025	317.59688290764393	0.2
3366.003697924975	200	9.516750530060984	0.0	383025	320.776831203	0.2
3366.320706355707	200	9.69974209932922	0.0	383025	317.008430732	0.2
3366.6377147864387	200	9.882733668597457	0.0	383025	317.008430732	0.2
3367.458607741877	200	9.56184071315922	0.0	383025	320.8929554382348	0.2
3367.783210511009	200	9.737237944026802	0.0	383025	324.60276913241916	0.2
3368.1128076792747	200	9.907640775761315	0.0	383025	329.597168265	0.2
3368.94240484754	200	9.57804360749583	0.0	383025	329.597168265	0.2
3369.2686778927136	200	9.751770562321772	0.0	383025	326.2730451740586	0.2
3369.593709058799	200	9.926739396236888	0.0	383025	325.031166085	0.2
3370.308150288766	200	9.601708230152004	0.0	383025	325.031166085	0.2
3370.636879864013	200	9.772978654905144	0.0	383025	328.729575247	0.2
3370.96560943926	200	9.944249079658285	0.0	383025	328.729575247	0.2
3371.785149367496	200	9.624709151421586	0.0	383025	319.5399282366972	0.2
3372.1110209762383	200	9.798837542679555	0.0	383025	325.8716087420305	0.2
3372.4401246604207	200	9.969733858497175	0.0	383025	329.103684182	0.2
3373.069716454822	200	9.640630174314794	0.0	383025	329.103684182	0.2
3373.3891015395966	200	9.821245089540405	0.0	383025	319.385084774	0.2
3374.197744837339	200	9.501860004766016	0.0	383025	319.385084774	0.2
3374.512025577331	200	9.68757926477414	0.0	383025	314.2807399918768	0.2
3374.835269831421	200	9.864335010683895	0.0	383025	323.24425409	0.2
3375.328541546652	200	9.54109075659365	0.0	383025	323.24425409	0.2
3375.658469502325	200	9.711162800920825	0.0	383025	329.927955673	0.2
3375.9883974579975	200	9.881234845248	0.0	383025	329.927955673	0.2
3376.817040164382	200	9.552592138863092	0.0	383025	328.6427063849081	0.2
3377.136639745945	200	9.732992557300223	0.0	383025	319.599581563	0.2
3377.4564719023883	200	9.913160400857116	0.0	383025	319.83215644310883	0.2
3377.9641877709378	200	9.593281432270684	0.0	383025	319.878968586	0.2
3378.278587455988	200	9.778881747220398	0.0	383025	314.39968505	0.2
3378.592987141038	200	9.964482062170111	0.0	383025	314.39968505	0.2
3378.9377577090004	200	9.66041493702119	0.0	383025	304.06712514891984	0.2
3379.2486314048024	200	9.849541241219281	0.0	383025	310.873695802	0.2
3379.941955944621	200	9.538667545417372	0.0	383025	310.873695802	0.2
3380.253649229391	200	9.726974260647316	0.0	383025	311.69328477	0.2
3380.568157074153	200	9.912466415885438	0.0	383025	314.50784476187835	0.2
3381.096833529696	200	9.597454093838136	0.0	383025	315.012322047	0.2
3381.4158743457074	200	9.778413277827143	0.0	383025	319.040816011	0.2
3381.734915161718	200	9.95937246181615	0.0	383025	319.040816011	0.2
3382.551776052721	200	9.642511570813374	0.0	383025	316.86089100277667	0.2
3382.866213246718	200	9.828074376816163	0.0	383025	314.4371939972108	0.2
3383.4071106483025	200	9.514147610782944	0.0	383025	313.926766033	0.2

