3131.0809697	400	0.5	0.170803771812	181435	170.803771812	-3.01607543623
3131.42356633	800	0.657403364048	0.0	375269	342.596635952	0.4
3131.86114918	1000	0.719820520162	0.0	482442	437.582843886	0.8
3132.30730952	1000	0.773660175223	0.0	492120	446.160344939	1.0
3132.75346987	1000	0.827499830285	0.0	492120	446.160344939	1.0
3133.19790727	1000	0.883062430381	0.0	490176	444.437399904	1.0
3133.66291808	1000	0.918051613247	0.0	513389	465.010817134	1.0
3134.11189888	1000	0.969070812907	0.0	497055	448.98080034	1.0
3134.58091792	1000	1.00005178003	0.0	520019	469.019032878	1.0
3135.07751769	1000	1.00345200741	0.0	551265	496.599772623	1.0
3135.58035548	1000	1.00061421751	0.0	558332	502.837789898	1.0
3136.0643371	1000	1.0166325936	0.0	536970	483.981623911	1.0
3136.54831873	1000	1.03265096968	0.0	536970	483.981623911	1.0
3137.03230035	1000	1.04866934577	0.0	536970	483.981623911	1.0
3137.51628197	1000	1.06468772186	0.0	536970	483.981623911	1.0
3137.98670209	1000	1.09426760896	0.0	536970	470.4201129	1.0
3138.46777821	1000	1.11319148818	0.0	553424	481.076120786	1.0
3138.92292328	1000	1.15804641293	0.0	522960	455.145075252	1.0
3139.37806836	1000	1.20290133767	0.0	522960	455.145075252	1.0
3139.83561003	1000	1.24535966894	0.0	532300	457.541668737	1.0
3140.26825144	1000	1.31271825451	0.0	503004	432.641414423	1.0
3140.6830614	1000	1.39790830087	0.0	481782	414.809953646	1.0
3141.09787135	1000	1.48309834722	0.0	481782	414.809953646	1.0
3141.53685486	1000	1.54411484129	0.0	510552	438.983505929	1.0
3142.00907725	1000	1.57189244246	0.0	536970	472.222398836	1.0
3142.48138128	1000	1.59958841737	0.0	536970	472.304025087	1.0
3142.9536853	1000	1.62728439228	0.0	536970	472.304025087	1.0
3143.42280924	1000	1.65816046021	0.0	536970	469.123932075	1.0
3143.88428914	1000	1.69668055466	0.0	536970	461.479905553	1.0
3144.37689516	1000	1.70407454131	0.0	573990	492.60601335	1.0
3144.87494639	1000	1.70602330629	0.0	586715	498.051235019	1.0
3145.33221476	1000	1.74875493902	0.0	551265	457.268367265	1.0
3145.78948312	1000	1.79148657176	0.0	551265	457.268367265	1.0
3146.26010002	1000	1.82086967585	0.0	551265	470.616895911	1.0
3146.74936643	1000	1.83160326678	0.0	551265	489.266409065	1.0
3147.23863284	1000	1.84233685772	0.0	551265	489.266409065	1.0
3147.72789925	1000	1.85307044865	0.0	551265	489.266409065	1.0
3148.19678706	1000	1.88418263178	0.0	527825	468.887816866	1.0
3148.64007123	1000	1.94089846425	0.0	498375	443.284167538	1.0
3149.03320313	1000	2.04776656836	0.0	434595	393.131895884	1.0
3149.38512415	200	2.19584554297	0.0	383025	351.921025391	-0.6
3149.73704518	200	2.34392451758	0.0	383025	351.921025391	0.2
3150.0889662	200	2.49200349219	0.0	383025	351.921025391	0.2
3150.44088723	200	2.6400824668	0.0	383025	351.921025391	0.2
3150.79280826	200	2.78816144141	0.0	383025	351.921025391	0.2
3151.14472928	200	2.93624041602	0.0	383025	351.921025391	0.2
3151.49665031	200	3.08431939063	0.0	383025	351.921025391	0.2
3151.84857133	200	3.23239836524	0.0	383025	351.921025391	0.2
3152.20049236	200	3.38047733985	0.0	383025	351.921025391	0.2
3152.55241338	200	3.52855631446	0.0	383025	351.921025391	0.2
3152.90433441	200	3.67663528907	0.0	383025	351.921025391	0.2
3153.25625543	200	3.82471426368	0.0	383025	351.921025391	0.2
3153.60424751	200	3.97672219139	0.0	383025	347.992072282	0.2
3153.93301085	200	4.14795884384	0.0	383025	328.763347557	0.2
3154.2617742	200	4.31919549628	0.0	383025	328.763347557	0.2
3154.59053755	200	4.49043214872	0.0	383025	328.763347557	0.2
3154.91894899	200	4.6620207057	0.0	383025	328.411443022	0.2
3155.24484601	200	4.83612369113	0.0	383025	325.897014567	0.2
3155.57074302	200	5.01022667657	0.0	383025	325.897014567	0.2
3155.89664003	200	5.184329662	0.0	383025	325.897014567	0.2
3156.22253705	200	5.35843264743	0.0	383025	325.897014567	0.2
3156.54827479	200	5.53269490607	0.0	383025	325.737741365	0.2
3156.87370709	200	5.70726260677	0.0	383025	325.432299291	0.2
3157.19913939	200	5.88183030748	0.0	383025	325.432299291	0.2
3157.52457169	200	6.05639800819	0.0	383025	325.432299291	0.2
3157.85001161	200	6.23095808856	0.0	383025	325.439919633	0.2
3158.17556507	200	6.40540462316	0.0	383025	325.553465395	0.2
3158.50111854	200	6.57985115777	0.0	383025	325.553465395	0.2
3158.826672	200	6.75429769237	0.0	383025	325.553465395	0.2
3159.15222547	200	6.92874422698	0.0	383025	325.553465395	0.2
3159.48521731	200	7.0957523899	0.0	383025	332.991837081	0.2
3159.82667184	200	7.25429785613	0.0	383025	341.454533766	0.2
3160.16812637	200	7.41284332236	0.0	383025	341.454533766	0.2
3160.50958091	200	7.5713887886	0.0	383025	341.454533766	0.2
3160.85103544	200	7.72993425483	0.0	383025	341.454533766	0.2
3161.19248998	200	7.88847972107	0.0	383025	341.454533766	0.2
3161.53202709	200	8.04894260491	0.0	383025	339.537116152	0.2
3161.86670463	200	8.21426506293	0.0	383025	334.67754198	0.2
3162.20138218	200	8.37958752095	0.0	383025	334.67754198	0.2
3162.53605972	200	8.54490997897	0.0	383025	334.67754198	0.2
3162.87073726	200	8.71023243699	0.0	383025	334.67754198	0.2
3163.2054148	200	8.87555489501	0.0	383025	334.67754198	0.2
3163.54217009	200	9.03879961135	0.0	383025	336.755283666	0.2
3163.88059691	200	9.20037278319	0.0	383025	338.426828155	0.2
3164.21902374	200	9.36194595504	0.0	383025	338.426828155	0.2
3164.55745057	200	9.52351912688	0.0	383025	338.426828155	0.2
3164.8958774	200	9.68509229872	0.0	383025	338.426828155	0.2
3165.23430423	200	9.84666547057	0.0	383025	338.426828155	0.2
3166.06887217	200	9.51209752242	0.0	383025	334.567948152	0.2
3166.40207418	200	9.67889551604	0.0	383025	333.202006379	0.2
3166.73527619	200	9.84569350966	0.0	383025	333.202006379	0.2
3167.55679046	200	9.51249150328	0.0	383025	333.202006379	0.2
3167.90348369	200	9.66579827722	0.0	383025	346.693226058	0.2
3168.25017691	200	9.81910505117	0.0	383025	346.693226058	0.2
3168.59687014	200	9.97241182511	0.0	383025	346.693226058	0.2
3169.00864856	200	9.62571859905	0.0	383025	346.693226058	0.2
3169.33362526	200	9.80074189994	0.0	383025	324.976699109	0.2
3169.65860196	200	9.97576520083	0.0	383025	324.976699109	0.2
3169.99359394	200	9.65078850172	0.0	383025	324.976699109	0.2
3170.28885858	200	9.8555238661	0.0	383025	295.264635626	0.2
3171.08721751	200	9.55716493863	0.0	383025	298.358927467	0.2
3171.39786398	200	9.74651847021	0.0	383025	310.646468416	0.2
3171.71406594	200	9.93031650341	0.0	383025	316.201966804	0.2
3172.1369573	200	9.61411453661	0.0	383025	316.201966804	0.2
3172.45414438	200	9.79692745202	0.0	383025	317.187084584	0.2
3172.77133147	200	9.97974036744	0.0	383025	317.187084584	0.2
3173.37676918	200	9.66255328285	0.0	383025	317.187084584	0.2
3173.70777999	200	9.8315424802	0.0	383025	331.010802657	0.2
3174.53879079	200	9.50053167754	0.0	383025	331.010802657	0.2
3174.8646516	200	9.67467086955	0.0	383025	325.860807992	0.2
3175.18601051	200	9.85331195937	0.0	383025	321.358910174	0.2
3175.58622008	200	9.5319530492	0.0	383025	321.358910174	0.2
3175.89959599	200	9.71857714426	0.0	383025	313.375904938	0.2
3176.21351257	200	9.90466056517	0.0	383025	313.916579095	0.2
3177.03740128	200	9.58077185348	0.0	383025	323.888711688	0.2
3177.36128999	200	9.75688314179	0.0	383025	323.888711688	0.2
3177.6851787	200	9.9329944301	0.0	383025	323.888711688	0.2
3178.51539043	200	9.60278270426	0.0	383025	330.211725843	0.2
3178.84585764	200	9.7723154872	0.0	383025	330.46721706	0.2
3179.17632486	200	9.94184827014	0.0	383025	330.46721706	0.2

