5269.00878513	400	0.5	0.153630413161	181435	153.630413161	-2.67260826322
5269.39206587	1000	0.61671925291	0.0	471531	383.28074709	0.4
5269.78398416	1000	0.724800969304	0.0	482442	391.918283607	1.0
5270.18356389	1000	0.825221235929	0.0	492120	399.579733374	1.0
5270.59012984	1000	0.918655282701	0.0	492120	406.565953228	1.0
5271.00430824	1000	1.00447688724	0.0	490176	414.178395461	1.0
5271.43762709	1000	1.07115803387	0.0	513389	433.318853366	1.0
5271.85747762	1000	1.15130750599	0.0	497055	419.850527884	1.0
5272.29626329	1000	1.21252183507	0.0	520019	438.785670921	1.0
5272.76081309	1000	1.24797203423	0.0	551265	464.549800835	1.0
5273.23119004	1000	1.27759508413	0.0	558332	470.376950105	1.0
5273.68395279	1000	1.32483233562	0.0	536970	452.762748505	1.0
5274.13671554	1000	1.37206958712	0.0	536970	452.762748505	1.0
5274.58947829	1000	1.41930683861	0.0	536970	452.762748505	1.0
5275.0392498	1000	1.46953532367	0.0	536970	449.771514947	1.0
5275.48453367	1000	1.52425145759	0.0	536970	445.283866075	1.0
5275.94315564	1000	1.56562948933	0.0	553424	458.621968264	1.0
5276.37708258	1000	1.63170254629	0.0	522960	433.926943037	1.0
5276.81100952	1000	1.69777560325	0.0	522960	433.926943037	1.0
5277.25250775	1000	1.75627737819	0.0	532300	441.498225063	1.0
5277.6687939	1000	1.83999122403	0.0	503004	416.286154164	1.0
5278.06752638	1000	1.94125874199	0.0	481782	398.732482035	1.0
5278.46625887	1000	2.04252625996	0.0	481782	398.732482035	1.0
5278.78530789	200	2.2234772317	0.0	383025	319.049028257	-0.6
5279.10435692	200	2.40442820344	0.0	383025	319.049028257	0.2
5279.42340595	200	2.58537917519	0.0	383025	319.049028257	0.2
5279.74245498	200	2.76633014693	0.0	383025	319.049028257	0.2
5280.06150401	200	2.94728111867	0.0	383025	319.049028257	0.2
5280.38055304	200	3.12823209042	0.0	383025	319.049028257	0.2
5280.69930461	200	3.30948051346	0.0	383025	318.751576955	0.2
5281.01761496	200	3.4911701678	0.0	383025	318.310345661	0.2
5281.3359253	200	3.67285982214	0.0	383025	318.310345661	0.2
5281.65423565	200	3.85454947648	0.0	383025	318.310345661	0.2
5281.972546	200	4.03623913082	0.0	383025	318.310345661	0.2
5282.29085634	200	4.21792878516	0.0	383025	318.310345661	0.2
5282.61300086	200	4.39578426649	0.0	383025	322.144518662	0.2
5282.9385187	200	4.57026642668	0.0	383025	325.517839812	0.2
5283.26403654	200	4.74474858687	0.0	383025	325.517839812	0.2
5283.58955438	200	4.91923074706	0.0	383025	325.517839812	0.2
5283.91507222	200	5.09371290725	0.0	383025	325.517839812	0.2
5284.24059006	200	5.26819506744	0.0	383025	325.517839812	0.2
5284.5661079	200	5.44267722762	0.0	383025	325.517839812	0.2
5284.89162574	200	5.61715938781	0.0	383025	325.517839812	0.2
5285.21714358	200	5.791641548	0.0	383025	325.517839812	0.2
5285.54266142	200	5.96612370819	0.0	383025	325.517839812	0.2
5285.86650573	200	6.14227939632	0.0	383025	323.84431187	0.2
5286.18913856	200	6.31964656999	0.0	383025	322.632826333	0.2
5286.51177138	200	6.49701374365	0.0	383025	322.632826333	0.2
5286.83440421	200	6.67438091732	0.0	383025	322.632826333	0.2
5287.15703704	200	6.85174809099	0.0	383025	322.632826333	0.2
5287.47966986	200	7.02911526465	0.0	383025	322.632826333	0.2
5287.80230269	200	7.20648243832	0.0	383025	322.632826333	0.2
5288.12493551	200	7.38384961199	0.0	383025	322.632826333	0.2
5288.44756834	200	7.56121678565	0.0	383025	322.632826333	0.2
5288.77020117	200	7.73858395932	0.0	383025	322.632826333	0.2
5289.09281734	200	7.915967786	0.0	383025	322.616173324	0.2
5289.41526207	200	8.09352305326	0.0	383025	322.444732741	0.2
5289.73770681	200	8.27107832052	0.0	383025	322.444732741	0.2
5290.06015154	200	8.44863358777	0.0	383025	322.444732741	0.2
5290.38259627	200	8.62618885503	0.0	383025	322.444732741	0.2
5290.705041	200	8.80374412229	0.0	383025	322.444732741	0.2
5291.02748574	200	8.98129938955	0.0	383025	322.444732741	0.2
5291.34993047	200	9.15885465681	0.0	383025	322.444732741	0.2
5291.6723752	200	9.33640992407	0.0	383025	322.444732741	0.2
5291.99481994	200	9.51396519133	0.0	383025	322.444732741	0.2
5292.31726467	200	9.69152045859	0.0	383025	322.444732741	0.2
5292.63855938	200	9.87022574716	0.0	383025	321.294711427	0.2
5293.45953484	200	9.54925029022	0.0	383025	320.975456939	0.2
5293.78051029	200	9.72827483328	0.0	383025	320.975456939	0.2
5294.10148575	200	9.90729937634	0.0	383025	320.975456939	0.2
5294.92246121	200	9.5863239194	0.0	383025	320.975456939	0.2
5295.24343666	200	9.76534846246	0.0	383025	320.975456939	0.2
5295.56301711	200	9.94576801242	0.0	383025	319.580450044	0.2
5296.38210032	200	9.626684808	0.0	383025	319.083204422	0.2
5296.70118352	200	9.80760160358	0.0	383025	319.083204422	0.2
5297.02026673	200	9.98851839915	0.0	383025	319.083204422	0.2
5297.68354503	200	9.66943519473	0.0	383025	319.083204422	0.2
5297.99771594	200	9.85526428228	0.0	383025	314.170912451	0.2
5298.81188685	200	9.54109336983	0.0	383025	314.170912451	0.2
5299.12605776	200	9.72692245738	0.0	383025	314.170912451	0.2
5299.44022868	200	9.91275154493	0.0	383025	314.170912451	0.2
5300.24806887	200	9.60491135133	0.0	383025	307.840193597	0.2
5300.5546898	200	9.79829041861	0.0	383025	306.62093272	0.2
5300.86131074	200	9.99166948589	0.0	383025	306.62093272	0.2
5301.67296635	200	9.68001387582	0.0	383025	311.65561007	0.2
5301.98750634	200	9.86547388227	0.0	383025	314.539993548	0.2
5302.80204633	200	9.55093388872	0.0	383025	314.539993548	0.2
5303.11654184	200	9.73643838389	0.0	383025	314.495504838	0.2
5303.42920952	200	9.92377069749	0.0	383025	312.667686392	0.2
5304.24187721	200	9.6111030111	0.0	383025	312.667686392	0.2
5304.5545449	200	9.79843532471	0.0	383025	312.667686392	0.2
5304.86842916	200	9.98455105716	0.0	383025	313.884267548	0.2
5305.68397666	200	9.6690035634	0.0	383025	315.547493758	0.2
5305.99952415	200	9.85345606965	0.0	383025	315.547493758	0.2
5306.81507165	200	9.53790857589	0.0	383025	315.547493758	0.2
5307.12585804	200	9.727122184	0.0	383025	310.786391886	0.2
5307.434831	200	9.91814922426	0.0	383025	308.972959738	0.2
5308.24380396	200	9.60917626453	0.0	383025	308.972959738	0.2
5308.55452163	200	9.79845858814	0.0	383025	310.717676388	0.2
5308.8668944	200	9.98608581701	0.0	383025	312.372771125	0.2
5309.67926718	200	9.67371304589	0.0	383025	312.372771125	0.2
5309.99163995	200	9.86134027476	0.0	383025	312.372771125	0.2
5310.80450796	200	9.54847225963	0.0	383025	312.868015135	0.2
5311.11962022	200	9.73336000294	0.0	383025	315.112256683	0.2
5311.43473247	200	9.91824774626	0.0	383025	315.112256683	0.2
5312.22033967	200	9.60313548958	0.0	383025	315.112256683	0.2
5312.53320394	200	9.79027122291	0.0	383025	312.864266666	0.2
5312.84606821	200	9.97740695624	0.0	383025	312.864266666	0.2
5313.65893247	200	9.66454268958	0.0	383025	312.864266666	0.2
5313.97291349	200	9.85056167037	0.0	383025	313.981019203	0.2
5314.78800363	200	9.53547153709	0.0	383025	315.090133285	0.2
5315.10309376	200	9.72038140381	0.0	383025	315.090133285	0.2
5315.41887688	200	9.90459828805	0.0	383025	315.783115754	0.2
5316.23485407	200	9.58862109017	0.0	383025	315.977197882	0.2
5316.55083127	200	9.77264389229	0.0	383025	315.977197882	0.2
5316.86680847	200	9.95666669441	0.0	383025	315.977197882	0.2
5317.68210047	200	9.6413746937	0.0	383025	315.29200071	0.2
5317.99704458	200	9.82643057885	0.0	383025	314.944114842	0.2
5318.8119887	200	9.51148646401	0.0	383025	314.944114842	0.2
5319.12734358	200	9.69613158839	0.0	383025	315.354875622	0.2

