2597.36758914	400	0.5	0.167626038326	181435	167.626038326	-2.95252076652
2597.78724308	1000	0.580346055183	0.0	471531	419.653944817	0.4
2598.21637622	1000	0.65121291559	0.0	482442	429.133139593	1.0
2598.65391736	1000	0.713671779751	0.0	492120	437.541135839	1.0
2599.09145849	1000	0.776130643912	0.0	492120	437.541135839	1.0
2599.52731073	1000	0.840278405025	0.0	490176	435.852238887	1.0
2599.98332983	1000	0.884259311741	0.0	513389	456.019093285	1.0
2600.42515836	1000	0.94243077546	0.0	497055	441.828536281	1.0
2600.88693743	1000	0.980651709545	0.0	520019	461.779065915	1.0
2601.37587881	1000	0.991710322133	0.0	551265	488.941387413	1.0
2601.87104934	1000	0.996539795306	0.0	558332	495.170526827	1.0
2602.34765706	1000	1.01993208199	0.0	536970	476.607713314	1.0
2602.82426477	1000	1.04332436868	0.0	536970	476.607713314	1.0
2603.30087248	1000	1.06671665536	0.0	536970	476.607713314	1.0
2603.75460427	1000	1.11298486506	0.0	536970	453.731790299	1.0
2604.18976198	1000	1.17782715816	0.0	536970	435.157706909	1.0
2604.6379475	1000	1.22964163794	0.0	553424	448.185520212	1.0
2605.08906687	1000	1.27852226412	0.0	522960	451.119373821	1.0
2605.54903092	1000	1.31855821891	0.0	522960	459.964045209	1.0
2606.01703126	1000	1.3505578723	0.0	532300	468.000346613	1.0
2606.45982481	1000	1.4077643229	0.0	503004	442.793549404	1.0
2606.88435858	1000	1.48323055812	0.0	481782	424.533764779	1.0
2607.31999037	1000	1.54759876466	0.0	481782	435.631793454	1.0
2607.78409988	1000	1.5834892561	0.0	510552	464.109508559	1.0
2608.27170683	1000	1.59588230753	0.0	536970	487.606948579	1.0
2608.75931378	1000	1.60827535895	0.0	536970	487.606948579	1.0
2609.24692073	1000	1.62066841037	0.0	536970	487.606948579	1.0
2609.73452768	1000	1.63306146179	0.0	536970	487.606948579	1.0
2610.22213462	1000	1.64545451321	0.0	536970	487.606948579	1.0
2610.74266894	1000	1.62492019581	0.0	573990	520.534317401	1.0
2611.27452149	1000	1.59306765128	0.0	586715	531.852544528	1.0
2611.77484309	1000	1.59274604205	0.0	551265	500.32160923	1.0
2612.2751647	1000	1.59242443282	0.0	551265	500.32160923	1.0
2612.77548631	1000	1.59210282359	0.0	551265	500.32160923	1.0
2613.27491643	1000	1.59267271197	0.0	551265	499.430111619	1.0
2613.7711082	1000	1.59648093204	0.0	551265	496.19177993	1.0
2614.26729998	1000	1.60028915211	0.0	551265	496.19177993	1.0
2614.7428187	1000	1.62477043382	0.0	527825	475.518718296	1.0
2615.1923638	1000	1.67522533604	0.0	498375	449.545097771	1.0
2615.58565771	1000	1.78193142731	0.0	434595	393.293908735	1.0
2615.98636005	1000	1.88122908352	0.0	442995	400.702343791	1.0
2616.40413014	1000	1.96345899759	0.0	469589	417.770085933	1.0
2616.83192015	1000	2.03566899143	0.0	496259	427.790006157	1.0
2617.16438083	200	2.20320830637	0.0	383025	332.460685063	-0.6
2617.49684152	200	2.3707476213	0.0	383025	332.460685063	0.2
2617.8293022	200	2.53828693624	0.0	383025	332.460685063	0.2
2618.17560836	200	2.69198077239	0.0	383025	346.306163854	0.2
2618.52194297	200	2.84564617002	0.0	383025	346.334602364	0.2
2618.86827757	200	2.99931156766	0.0	383025	346.334602364	0.2
2619.21461217	200	3.15297696529	0.0	383025	346.334602364	0.2
2619.56094677	200	3.30664236293	0.0	383025	346.334602364	0.2
2619.90728138	200	3.46030776057	0.0	383025	346.334602364	0.2
2620.25361598	200	3.6139731582	0.0	383025	346.334602364	0.2
2620.59995058	200	3.76763855584	0.0	383025	346.334602364	0.2
2620.94628518	200	3.92130395347	0.0	383025	346.334602364	0.2
2621.29261979	200	4.07496935111	0.0	383025	346.334602364	0.2
2621.63888426	200	4.22870487713	0.0	383025	346.264473977	0.2
2621.98440528	200	4.38318385456	0.0	383025	345.52102257	0.2
2622.32992631	200	4.53766283199	0.0	383025	345.52102257	0.2
2622.67544733	200	4.69214180942	0.0	383025	345.52102257	0.2
2623.02096835	200	4.84662078685	0.0	383025	345.52102257	0.2
2623.36648937	200	5.00109976428	0.0	383025	345.52102257	0.2
2623.7120104	200	5.15557874171	0.0	383025	345.52102257	0.2
2624.05753142	200	5.31005771914	0.0	383025	345.52102257	0.2
2624.40305244	200	5.46453669657	0.0	383025	345.52102257	0.2
2624.74857346	200	5.619015674	0.0	383025	345.52102257	0.2
2625.09409449	200	5.77349465143	0.0	383025	345.52102257	0.2
2625.43910658	200	5.9284825521	0.0	383025	345.012099325	0.2
2625.7839151	200	6.08367403883	0.0	383025	344.808513272	0.2
2626.12872361	200	6.23886552556	0.0	383025	344.808513272	0.2
2626.47353212	200	6.39405701229	0.0	383025	344.808513272	0.2
2626.81834064	200	6.54924849902	0.0	383025	344.808513272	0.2
2627.16314915	200	6.70443998574	0.0	383025	344.808513272	0.2
2627.50795766	200	6.85963147247	0.0	383025	344.808513272	0.2
2627.85276618	200	7.0148229592	0.0	383025	344.808513272	0.2
2628.19757469	200	7.17001444593	0.0	383025	344.808513272	0.2
2628.5423832	200	7.32520593266	0.0	383025	344.808513272	0.2
2628.86565268	200	7.50193645701	0.0	383025	323.269475644	0.2
2629.18772851	200	7.67986062359	0.0	383025	322.075833419	0.2
2629.50980435	200	7.85778479017	0.0	383025	322.075833419	0.2
2629.83229628	200	8.0352928555	0.0	383025	322.491934676	0.2
2630.15578486	200	8.21180427951	0.0	383025	323.488575985	0.2
2630.47927343	200	8.38831570353	0.0	383025	323.488575985	0.2
2630.80276201	200	8.56482712754	0.0	383025	323.488575985	0.2
2631.12625059	200	8.74133855156	0.0	383025	323.488575985	0.2
2631.44616605	200	8.92142308775	0.0	383025	319.915463812	0.2
2631.76375225	200	9.10383689014	0.0	383025	317.586197612	0.2
2632.08133844	200	9.28625069252	0.0	383025	317.586197612	0.2
2632.39892464	200	9.46866449491	0.0	383025	317.586197612	0.2
2632.7098039	200	9.65778523336	0.0	383025	310.879261552	0.2
2633.01934886	200	9.84824027605	0.0	383025	309.544957312	0.2
2633.62782445	200	9.53869531873	0.0	383025	309.544957312	0.2
2633.93961165	200	9.72690812522	0.0	383025	311.787193514	0.2
2634.25147082	200	9.91504894661	0.0	383025	311.859178612	0.2
2635.0719306	200	9.5945891672	0.0	383025	320.459779408	0.2
2635.39239038	200	9.77412938779	0.0	383025	320.459779408	0.2
2635.71316807	200	9.9533517047	0.0	383025	320.777683097	0.2
2636.53436463	200	9.63215514537	0.0	383025	321.196559327	0.2
2636.85494403	200	9.81157574493	0.0	383025	320.579400442	0.2
2637.1736355	200	9.99288426719	0.0	383025	318.691477736	0.2
2637.99232698	200	9.67419278945	0.0	383025	318.691477736	0.2
2638.31292149	200	9.85359828317	0.0	383025	320.594506287	0.2
2638.78835405	200	9.5328958538	0.0	383025	320.702429368	0.2
2639.10111977	200	9.7201301364	0.0	383025	312.765717399	0.2
2639.41388549	200	9.907364419	0.0	383025	312.765717399	0.2
2640.12967841	200	9.5945987016	0.0	383025	312.765717399	0.2
2640.4451059	200	9.77917121539	0.0	383025	315.42748621	0.2
2640.76024266	200	9.9640344493	0.0	383025	315.136766088	0.2
2641.22404084	200	9.64893116791	0.0	383025	315.103281398	0.2
2641.53360638	200	9.83936562981	0.0	383025	309.565538095	0.2
2642.09099789	200	9.52980009172	0.0	383025	309.565538095	0.2
2642.40015386	200	9.72064412466	0.0	383025	309.155967053	0.2
2642.70930983	200	9.91148815761	0.0	383025	309.155967053	0.2
2643.519742	200	9.60105598563	0.0	383025	310.432171979	0.2
2643.83474515	200	9.78605283523	0.0	383025	315.003150403	0.2
2644.15018274	200	9.97061524206	0.0	383025	315.437593171	0.2
2644.96691628	200	9.65388170789	0.0	383025	316.733534169	0.2
2645.28576025	200	9.83503773434	0.0	383025	318.843973548	0.2
2646.11531811	200	9.50547987867	0.0	383025	329.557855674	0.2
2646.44712783	200	9.67367015812	0.0	383025	331.809720549	0.2

