6144.982383927373	400	0.5	0.15816771043999994	181435	158.16771044	-2.7633542087999987
6145.142996668403	400	0.8393872589702166	0.0	184429	160.61274103	0.4
6145.386216981013	600	1.096166946360759	0.0	285584	243.220312609	0.39999999999999997
6145.715871656566	800	1.2665122708076577	0.0	391425	329.654675553	0.6000000000000001
6146.045526332119	800	1.4368575952545561	0.0	391425	329.654675553	0.8
6146.455825368318	1000	1.5265585590562625	0.0	490176	410.299036198	0.8
6146.8850811497	1000	1.5973027776740532	0.0	513389	429.255781382	1.0
6147.300997876421	1000	1.6813860509523393	0.0	497055	415.916726722	1.0
6147.7356680041	1000	1.7467159232741167	0.0	520019	434.670127678	1.0
6148.195854974066	1000	1.786528953308528	0.0	551265	460.186969966	1.0
6148.6618131635305	1000	1.8205707638446098	0.0	558332	465.958189464	1.0
6149.098060876966	1000	1.8843230504088087	0.0	536970	436.247713436	1.0
6149.531034032168	1000	1.9513498952066006	0.0	536970	432.973155202	1.0
6149.96400718737	1000	2.0183767400043924	0.0	536970	432.973155202	1.0
6150.2803571372815	200	2.2020267900933863	0.0	383025	316.349949911	-0.6000000000000001
6150.597633371452	200	2.3847505559230733	0.0	383025	317.27623417	0.2
6150.914909605623	200	2.5674743217527594	0.0	383025	317.27623417	0.2
6151.232185839793	200	2.7501980875824454	0.0	383025	317.27623417	0.2
6151.549462073963	200	2.932921853412132	0.0	383025	317.27623417	0.2
6151.866738308134	200	3.115645619241818	0.0	383025	317.27623417	0.2
6152.184014542304	200	3.2983693850715046	0.0	383025	317.27623417	0.2
6152.500221609416	200	3.4821623179587626	0.0	383025	316.207067113	0.2
6152.815264078394	200	3.6671198489816823	0.0	383025	315.042468977	0.2
6153.13030654737	200	3.852077380004603	0.0	383025	315.042468977	0.2
6153.445349016348	200	4.037034911027523	0.0	383025	315.042468977	0.2
6153.760391485325	200	4.221992442050443	0.0	383025	315.042468977	0.2
6154.075433954302	200	4.406949973073363	0.0	383025	315.042468977	0.2
6154.389321428463	200	4.593062498912292	0.0	383025	313.887474161	0.2
6154.7031746642115	200	4.779209263163745	0.0	383025	313.853235749	0.2
6155.01702789996	200	4.965356027415199	0.0	383025	313.853235749	0.2
6155.330881135708	200	5.151502791666652	0.0	383025	313.853235749	0.2
6155.644734371457	200	5.337649555918106	0.0	383025	313.853235749	0.2
6155.958587607206	200	5.523796320169559	0.0	383025	313.853235749	0.2
6156.272440842955	200	5.709943084421012	0.0	383025	313.853235749	0.2
6156.587879271389	200	5.894504655986847	0.0	383025	315.438428434	0.2
6156.904003682596	200	6.07838024477882	0.0	383025	316.124411208	0.2
6157.220128093804	200	6.2622558335707925	0.0	383025	316.124411208	0.2
6157.536252505012	200	6.4461314223627655	0.0	383025	316.124411208	0.2
6157.852376916219	200	6.630007011154738	0.0	383025	316.124411208	0.2
6158.165701347069	200	6.816682580304849	0.0	383025	313.32443085	0.2
6158.47870075242	200	7.0036831749545065	0.0	383025	312.99940535	0.2
6158.791700157771	200	7.190683769604164	0.0	383025	312.99940535	0.2
6159.104699563121	200	7.377684364253821	0.0	383025	312.99940535	0.2
6159.418023367767	200	7.564360559608262	0.0	383025	313.323804646	0.2
6159.732360406893	200	7.750023520482344	0.0	383025	314.337039126	0.2
6160.04669744602	200	7.935686481356426	0.0	383025	314.337039126	0.2
6160.361034485146	200	8.121349442230509	0.0	383025	314.337039126	0.2
6160.675371524271	200	8.30701240310459	0.0	383025	314.337039126	0.2
6160.9897085633975	200	8.492675363978673	0.0	383025	314.337039126	0.2
6161.304045602524	200	8.678338324852755	0.0	383025	314.337039126	0.2
6161.619528114929	200	8.862855812446567	0.0	383025	315.482512406	0.2
6161.935011269931	200	9.047372657444333	0.0	383025	315.483155002	0.2
6162.250494424934	200	9.2318895024421	0.0	383025	315.483155002	0.2
6162.565977579936	200	9.416406347439866	0.0	383025	315.483155002	0.2
6162.881460734938	200	9.600923192437632	0.0	383025	315.483155002	0.2
6163.19694388994	200	9.785440037435398	0.0	383025	315.483155002	0.2
6163.513080872202	200	9.969303055172512	0.0	383025	316.136982263	0.2
6164.329826477221	200	9.652557450153255	0.0	383025	316.745605019	0.2
6164.64657208224	200	9.835811845134	0.0	383025	316.745605019	0.2
6164.992419167084	200	9.519066240114745	0.0	383025	316.745605019	0.2
6165.307785240493	200	9.703700166706305	0.0	383025	315.366073408	0.2
6165.623151313901	200	9.888334093297866	0.0	383025	315.366073408	0.2
6166.438517387309	200	9.572968019889428	0.0	383025	315.366073408	0.2
6166.752695713017	200	9.758789694181454	0.0	383025	314.17832570797276	0.2
6167.065935344591	200	9.945550062607342	0.0	383025	313.239631574	0.2
6167.879174976165	200	9.63231043103323	0.0	383025	313.239631574	0.2
6168.192414607738	200	9.81907079945912	0.0	383025	313.239631574	0.2
6169.005410640592	200	9.506074766604183	0.0	383025	312.9960328549365	0.2
6169.3169054697355	200	9.694579937461954	0.0	383025	311.494829142	0.2
6169.628400298878	200	9.883085108319726	0.0	383025	311.494829142	0.2
6170.316472559282	200	9.5715902791775	0.0	383025	311.494829142	0.2
6170.631378939829	200	9.756683898631175	0.0	383025	314.906380546	0.2
6170.946285320375	200	9.941777518084853	0.0	383025	314.906380546	0.2
6171.761191700922	200	9.62687113753853	0.0	383025	314.906380546	0.2
6172.0775203707435	200	9.81054246771655	0.0	383025	316.3286698219797	0.2
6172.394755743751	200	9.993307094708356	0.0	383025	317.235373008	0.2
6173.211991116759	200	9.676071721700161	0.0	383025	317.235373008	0.2
6173.529226489767	200	9.858836348691968	0.0	383025	317.235373008	0.2
6174.343455172422	200	9.544607666037068	0.0	383025	314.22868265489956	0.2
6174.655739168901	200	9.732323669558141	0.0	383025	312.283996479	0.2
6174.968023165379	200	9.920039673079215	0.0	383025	312.283996479	0.2
6175.680719033598	200	9.607755676600288	0.0	383025	312.283996479	0.2
6175.997494231892	200	9.790980478305997	0.0	383025	316.775198294	0.2
6176.314269430186	200	9.974205280011708	0.0	383025	316.775198294	0.2
6176.651782142802	200	9.657430081717417	0.0	383025	316.775198294	0.2
6176.969436469103	200	9.839775755416394	0.0	383025	317.654326301	0.2
6177.787090795404	200	9.522121429115371	0.0	383025	317.654326301	0.2
6178.1047451217055	200	9.70446710281435	0.0	383025	317.654326301	0.2
6178.422399448006	200	9.886812776513327	0.0	383025	317.654326301	0.2
6179.239964270614	200	9.569247953905851	0.0	383025	317.56482260747555	0.2
6179.5570567386585	200	9.752155485860813	0.0	383025	317.092468045	0.2
6179.874149206704	200	9.935063017815773	0.0	383025	317.092468045	0.2
6180.691240298572	200	9.617971925947701	0.0	383025	317.0910918680725	0.2
6181.006187815833	200	9.803024408686518	0.0	383025	314.947517261	0.2
6181.3211353330935	200	9.988076891425337	0.0	383025	314.947517261	0.2
6182.136082850355	200	9.673129374164155	0.0	383025	314.947517261	0.2
6182.45107964645	200	9.858132578068705	0.0	383025	314.99679609544836	0.2
6183.266092504546	200	9.54311971997337	0.0	383025	315.012858095	0.2
6183.580555430649	200	9.72865679387074	0.0	383025	314.46292610262935	0.2
6183.894370690993	200	9.914841533526364	0.0	383025	313.815260344	0.2
6184.708185951337	200	9.601026273181986	0.0	383025	313.815260344	0.2
6185.025622277791	200	9.78358994672832	0.0	383025	317.43632645366506	0.2
6185.350334637276	200	9.958877587242979	0.0	383025	324.712359485	0.2
6186.175046996761	200	9.63416522775764	0.0	383025	324.712359485	0.2
6186.499759356247	200	9.809452868272299	0.0	383025	324.712359485	0.2
6186.824471715731	200	9.98474050878696	0.0	383025	324.712359485	0.2
6187.649184075217	200	9.660028149301619	0.0	383025	324.712359485	0.2
6187.973131121046	200	9.836081103472472	0.0	383025	323.9470458291462	0.2
6188.79328633437	200	9.51592589014783	0.0	383025	320.155213325	0.2
6189.1134415476945	200	9.695770676823187	0.0	383025	320.155213325	0.2
6189.433596761019	200	9.875615463498544	0.0	383025	320.155213325	0.2
6190.253751974344	200	9.555460250173903	0.0	383025	320.155213325	0.2
6190.574312608454	200	9.734899616062666	0.0	383025	320.56063411123614	0.2
6190.89619358085	200	9.913018643666717	0.0	383025	321.880972396	0.2
6191.718074553246	200	9.591137671270769	0.0	383025	321.880972396	0.2
6192.039955525642	200	9.769256698874818	0.0	383025	321.880972396	0.2
6192.361836498037	200	9.94737572647887	0.0	383025	321.880972396	0.2
6192.876390340989	200	9.62549475408292	0.0	383025	321.880972396	0.2
6193.195020739126	200	9.806864355946685	0.0	383025	318.630398136	0.2
6193.513651137263	200	9.98823395781045	0.0	383025	318.630398136	0.2

