1247.19529133	400	0.5	0.143817755137	181435	143.817755137	-2.47635510275
1247.55306998	1000	0.642221347052	0.0	471531	357.778652948	0.4
1247.91889607	1000	0.776395263749	0.0	482442	365.826083302	1.0
1248.30139568	1000	0.893895654737	0.0	492120	382.499609012	1.0
1248.68634274	1000	1.00894859251	0.0	492120	384.947062228	1.0
1249.07221799	1000	1.12307333971	0.0	490176	385.875252803	1.0
1249.47624975	1000	1.21904158372	0.0	513389	404.031755988	1.0
1249.86989599	1000	1.32539533996	0.0	497055	393.646243758	1.0
1250.28555615	1000	1.40973518079	0.0	520019	415.660159172	1.0
1250.73766677	1000	1.45762456474	0.0	551265	452.110616044	1.0
1251.19544507	1000	1.49984626488	0.0	558332	457.778299869	1.0
1251.63098844	1000	1.5643028955	0.0	536970	435.543369372	1.0
1252.06185135	1000	1.63343998603	0.0	536970	430.862909469	1.0
1252.48948591	1000	1.70580542373	0.0	536970	427.634562307	1.0
1252.91533964	1000	1.77995168708	0.0	536970	425.853736645	1.0
1253.33998964	1000	1.85530169327	0.0	536970	424.649993811	1.0
1253.77692033	1000	1.91837100147	0.0	553424	436.930691799	1.0
1254.19474218	1000	2.00054914845	0.0	522960	417.821853024	1.0
1254.50709222	200	2.18819911592	0.0	383025	312.350032529	-0.6
1254.81944225	200	2.37584908339	0.0	383025	312.350032529	0.2
1255.13265497	200	2.56263636353	0.0	383025	313.21271986	0.2
1255.44789292	200	2.74739840804	0.0	383025	315.237955492	0.2
1255.76313088	200	2.93216045255	0.0	383025	315.237955492	0.2
1256.07848372	200	3.11680761566	0.0	383025	315.352836881	0.2
1256.3946721	200	3.30061923559	0.0	383025	316.188380074	0.2
1256.71086048	200	3.48443085552	0.0	383025	316.188380074	0.2
1257.0369155	200	3.65837583035	0.0	383025	326.05502517	0.2
1257.37538708	200	3.81990425382	0.0	383025	338.471576523	0.2
1257.71385865	200	3.9814326773	0.0	383025	338.471576523	0.2
1258.05233023	200	4.14296110078	0.0	383025	338.471576523	0.2
1258.39080181	200	4.30448952425	0.0	383025	338.471576523	0.2
1258.72341709	200	4.47187423989	0.0	383025	332.615284362	0.2
1259.04221966	200	4.65307167278	0.0	383025	318.802567116	0.2
1259.36102223	200	4.83426910566	0.0	383025	318.802567116	0.2
1259.68027857	200	5.0150127622	0.0	383025	319.256343461	0.2
1260.00197925	200	5.19331208072	0.0	383025	321.700681485	0.2
1260.32367993	200	5.37161139923	0.0	383025	321.700681485	0.2
1260.64538061	200	5.54991071775	0.0	383025	321.700681485	0.2
1260.96081549	200	5.73447584531	0.0	383025	315.434872434	0.2
1261.27199367	200	5.9232976575	0.0	383025	311.178187807	0.2
1261.58253689	200	6.11275444317	0.0	383025	310.543214331	0.2
1261.88490151	200	6.31038982363	0.0	383025	302.36461954	0.2
1262.18726613	200	6.50802520409	0.0	383025	302.36461954	0.2
1262.48694173	200	6.70834960661	0.0	383025	299.675597481	0.2
1262.78317188	200	6.91211945203	0.0	383025	296.230154584	0.2
1263.08130246	200	7.11398887053	0.0	383025	298.1305815	0.2
1263.38554044	200	7.3097508867	0.0	383025	304.237983828	0.2
1263.68977843	200	7.50551290287	0.0	383025	304.237983828	0.2
1263.99748747	200	7.69780386497	0.0	383025	307.709037905	0.2
1264.30764465	200	7.88764667981	0.0	383025	310.157185153	0.2
1264.61862721	200	8.07666412132	0.0	383025	310.982558498	0.2
1264.93060164	200	8.26468969095	0.0	383025	311.974430365	0.2
1265.24257607	200	8.45271526059	0.0	383025	311.974430365	0.2
1265.54923968	200	8.64605165638	0.0	383025	306.663604204	0.2
1265.84398389	200	8.85130744546	0.0	383025	294.744210924	0.2
1266.15084188	200	9.04444945098	0.0	383025	306.857994475	0.2
1266.46307278	200	9.23221855132	0.0	383025	312.230899664	0.2
1266.77565674	200	9.41963458882	0.0	383025	312.583962503	0.2
1267.08933294	200	9.60595839248	0.0	383025	313.676196336	0.2
1267.40300914	200	9.79228219614	0.0	383025	313.676196336	0.2
1267.71262518	200	9.98266615175	0.0	383025	309.616044396	0.2
1268.0983425	200	9.68538329453	0.0	383025	297.282857218	0.2
1268.40610666	200	9.87761913634	0.0	383025	307.764158191	0.2
1269.09783364	200	9.56985497815	0.0	383025	307.764158191	0.2
1269.3919751	200	9.77571351901	0.0	383025	294.141459139	0.2
1269.68446782	200	9.98322079329	0.0	383025	292.492725717	0.2
1270.4844679	200	9.68322071501	0.0	383025	300.000078286	0.2
1270.79219378	200	9.87549483554	0.0	383025	307.725879472	0.2
1271.60273778	200	9.56495083375	0.0	383025	310.544001786	0.2
1271.9078186	200	9.7598700129	0.0	383025	305.080820854	0.2
1272.21087927	200	9.95680935082	0.0	383025	303.060662077	0.2
1273.01448747	200	9.65320115025	0.0	383025	303.608200568	0.2
1273.32792419	200	9.83976442478	0.0	383025	313.436725466	0.2
1273.75335559	200	9.52407540241	0.0	383025	315.689022373	0.2
1274.05038113	200	9.7270498619	0.0	383025	297.025540507	0.2
1274.34773397	200	9.92969702356	0.0	383025	297.35283835	0.2
1275.15157023	200	9.62586076198	0.0	383025	303.836261573	0.2
1275.4624588	200	9.81497218609	0.0	383025	310.88857589	0.2
1275.93854521	200	9.50135173696	0.0	383025	313.620449131	0.2
1276.25248192	200	9.68741503091	0.0	383025	313.936706047	0.2
1276.56641862	200	9.87347832487	0.0	383025	313.936706047	0.2
1277.38990184	200	9.54999511305	0.0	383025	323.483211821	0.2
1277.71737963	200	9.72251731501	0.0	383025	327.477798037	0.2
1278.05092781	200	9.88896914275	0.0	383025	333.548172256	0.2
1278.88918549	200	9.55071145749	0.0	383025	338.257685264	0.2
1279.22744318	200	9.71245377223	0.0	383025	338.257685264	0.2
1279.56107109	200	9.87882585555	0.0	383025	333.627916673	0.2
1280.38844396	200	9.55145299237	0.0	383025	327.372863178	0.2
1280.71717819	200	9.72271876465	0.0	383025	328.73422772	0.2
1281.05178368	200	9.88811326773	0.0	383025	334.605496928	0.2
1281.88638918	200	9.5535077708	0.0	383025	334.605496928	0.2
1282.2128516	200	9.72704534689	0.0	383025	326.462423905	0.2
1282.53878818	200	9.90110876591	0.0	383025	325.936580979	0.2
1282.99337034	200	9.57517218493	0.0	383025	325.936580979	0.2
1283.32268381	200	9.74585870804	0.0	383025	329.313476897	0.2
1283.65199729	200	9.91654523114	0.0	383025	329.313476897	0.2
1284.35789673	200	9.58723175424	0.0	383025	329.313476897	0.2
1284.67463201	200	9.77049647204	0.0	383025	316.7352822	0.2
1284.9924108	200	9.9527176815	0.0	383025	317.778790542	0.2
1285.81713682	200	9.62799166148	0.0	383025	324.726020019	0.2
1286.14525863	200	9.79986985679	0.0	383025	328.121804696	0.2
1286.48061338	200	9.96451509949	0.0	383025	335.354757299	0.2
1287.31596814	200	9.62916034219	0.0	383025	335.354757299	0.2
1287.64360208	200	9.80152640625	0.0	383025	327.633935941	0.2
1287.96573659	200	9.97939189476	0.0	383025	322.134511484	0.2
1288.48443145	200	9.65725738328	0.0	383025	322.134511484	0.2
1288.80958135	200	9.83210748206	0.0	383025	325.149901215	0.2
1289.38159149	200	9.50695758085	0.0	383025	325.149901215	0.2
1289.71526727	200	9.67328179545	0.0	383025	333.675785401	0.2
1290.04894306	200	9.83960601005	0.0	383025	333.675785401	0.2
1290.84050644	200	9.50593022465	0.0	383025	333.675785401	0.2
1291.16031069	200	9.68612596966	0.0	383025	319.80425499	0.2
1291.48196697	200	9.86446969896	0.0	383025	321.656270696	0.2
1292.31027189	200	9.53616477203	0.0	383025	328.304926933	0.2
1292.63857682	200	9.70785984509	0.0	383025	328.304926933	0.2
1292.96602057	200	9.8804160971	0.0	383025	327.443747988	0.2
1293.30403305	200	9.55311063998	0.0	383025	327.305457125	0.2
1293.62448136	200	9.73266233304	0.0	383025	320.448306937	0.2
1293.94492967	200	9.91221402611	0.0	383025	320.448306937	0.2
1294.72742991	200	9.59176571917	0.0	383025	320.448306937	0.2

