5023.976552447622	400	0.5	0.15337452049668274	181435	153.374520497	-2.667490409933655
5024.1322929025555	400	0.8442595450674748	0.0	184429	155.740454933	0.4
5024.367968593913	600	1.1085838537095525	0.0	285584	235.675691358	0.39999999999999997
5024.687282517277	800	1.2892699303462871	0.0	391425	319.313923363	0.6000000000000001
5025.00659644064	800	1.4699560069830218	0.0	391425	319.313923363	0.8
5025.409073173826	1000	1.5674792737978	0.0	490176	402.476733185	0.8
5025.831250879643	1000	1.645301567980201	0.0	513389	422.177705818	1.0
5026.240314727068	1000	1.7362377205561879	0.0	497055	409.063847424	1.0
5026.667815371611	1000	1.8087370760126507	0.0	520019	427.500644544	1.0
5027.1216558362485	1000	1.8548966113753438	0.0	551265	453.840464637	1.0
5027.581201735227	1000	1.8953507123965916	0.0	558332	459.545898979	1.0
5028.023547832844	1000	1.9530046147797249	0.0	536970	442.346097617	1.0
5028.46589393046	1000	2.0106585171628577	0.0	536970	442.346097617	1.0
5028.783736693104	200	2.192815754518452	0.0	383025	317.842762644	-0.6000000000000001
5029.094052123865	200	2.382500323757675	0.0	383025	310.315430761	0.2
5029.404367554625	200	2.5721848929968982	0.0	383025	310.315430761	0.2
5029.7146829853855	200	2.7618694622361213	0.0	383025	310.315430761	0.2
5030.024998416146	200	2.9515540314753443	0.0	383025	310.315430761	0.2
5030.3353138469065	200	3.1412386007145674	0.0	383025	310.315430761	0.2
5030.646169263019	200	3.330383184601844	0.0	383025	310.855416113	0.2
5030.95703919931	200	3.5195132483105906	0.0	383025	310.869936291	0.2
5031.267909135601	200	3.708643312019338	0.0	383025	310.869936291	0.2
5031.578779071892	200	3.897773375728085	0.0	383025	310.869936291	0.2
5031.889649008183	200	4.086903439436832	0.0	383025	310.869936291	0.2
5032.200558826758	200	4.27599362086188	0.0	383025	310.909818575	0.2
5032.511472028832	200	4.465080418788508	0.0	383025	310.913202073	0.2
5032.822385230906	200	4.654167216715136	0.0	383025	310.913202073	0.2
5033.133298432979	200	4.843254014641763	0.0	383025	310.913202073	0.2
5033.445953973154	200	5.03059847446568	0.0	383025	312.655540176	0.2
5033.759136507811	200	5.217415939809387	0.0	383025	313.182534656	0.2
5034.072319042468	200	5.404233405153094	0.0	383025	313.182534656	0.2
5034.385501577124	200	5.5910508704968	0.0	383025	313.182534656	0.2
5034.6986841117805	200	5.777868335840506	0.0	383025	313.182534656	0.2
5035.011921581033	200	5.964630866587882	0.0	383025	313.237469253	0.2
5035.325446190693	200	6.151106256927894	0.0	383025	313.52460966	0.2
5035.638970800353	200	6.337581647267905	0.0	383025	313.52460966	0.2
5035.9524954100125	200	6.524057037607917	0.0	383025	313.52460966	0.2
5036.2660200196715	200	6.710532427947928	0.0	383025	313.52460966	0.2
5036.579544629331	200	6.89700781828794	0.0	383025	313.52460966	0.2
5036.894171368009	200	7.082381079611151	0.0	383025	314.626738677	0.2
5037.208811458974	200	7.2677409886458735	0.0	383025	314.640090965	0.2
5037.52345154994	200	7.453100897680596	0.0	383025	314.640090965	0.2
5037.838091640905	200	7.638460806715319	0.0	383025	314.640090965	0.2
5038.152731731871	200	7.823820715750041	0.0	383025	314.640090965	0.2
5038.4671517869165	200	8.009400660704646	0.0	383025	314.420055045	0.2
5038.780888411921	200	8.195664035700407	0.0	383025	313.736625004	0.2
5039.094625036926	200	8.381927410696168	0.0	383025	313.736625004	0.2
5039.408361661931	200	8.568190785691927	0.0	383025	313.736625004	0.2
5039.722098286935	200	8.754454160687686	0.0	383025	313.736625004	0.2
5040.033458641525	200	8.943093806098084	0.0	383025	311.36035459	0.2
5040.3434489176225	200	9.133103529999824	0.0	383025	309.990276098	0.2
5040.653439193721	200	9.323113253901564	0.0	383025	309.990276098	0.2
5040.963429469819	200	9.513122977803302	0.0	383025	309.990276098	0.2
5041.273419745918	200	9.703132701705043	0.0	383025	309.990276098	0.2
5041.586684110877	200	9.889868336745314	0.0	383025	313.26436496	0.2
5042.400940494634	200	9.575611952989584	0.0	383025	314.256383756	0.2
5042.715196878389	200	9.761355569233855	0.0	383025	314.256383756	0.2
5043.027921488104	200	9.94863095952017	0.0	383025	312.7246097136853	0.2
5043.838757942176	200	9.637794505447161	0.0	383025	310.836454073	0.2
5044.149594396249	200	9.82695805137415	0.0	383025	310.836454073	0.2
5044.961571693172	200	9.514980754451603	0.0	383025	311.9772969225487	0.2
5045.275937165623	200	9.70061528200083	0.0	383025	314.365472451	0.2
5045.590302638074	200	9.886249809550058	0.0	383025	314.365472451	0.2
5046.400356246058	200	9.576196201564981	0.0	383025	310.0536079850775	0.2
5046.710059449121	200	9.766492998502889	0.0	383025	309.703203062	0.2
5047.019762652184	200	9.956789795440796	0.0	383025	309.703203062	0.2
5047.833193850286	200	9.643358597338091	0.0	383025	313.4311981027057	0.2
5048.151095082779	200	9.825457364845613	0.0	383025	317.901232492	0.2
5048.968341259327	200	9.508211188297125	0.0	383025	317.24617654848936	0.2
5049.2784304993265	200	9.698121948297176	0.0	383025	310.08924	0.2
5049.588519739326	200	9.888032708297228	0.0	383025	310.08924	0.2
5050.39930488875	200	9.577247558873998	0.0	383025	310.78514942322886	0.2
5050.7102450188	200	9.7663074288224	0.0	383025	310.940130052	0.2
5051.021185148852	200	9.9553672987708	0.0	383025	310.940130052	0.2
5051.834967352471	200	9.641585095152442	0.0	383025	313.7822036183605	0.2
5052.150687064984	200	9.825865382639188	0.0	383025	315.719712513	0.2
5052.9664067774975	200	9.510145670125935	0.0	383025	315.719712513	0.2
5053.284455189612	200	9.692097258010502	0.0	383025	318.0484121154315	0.2
5053.60375336196	200	9.872799085663532	0.0	383025	319.298172347	0.2
5054.423051534307	200	9.55350091331656	0.0	383025	319.298172347	0.2
5054.742349706655	200	9.73420274096959	0.0	383025	319.298172347	0.2
5055.061647879002	200	9.914904568622617	0.0	383025	319.298172347	0.2
5055.880585119655	200	9.595967327970081	0.0	383025	318.9372406525368	0.2
5056.199508384382	200	9.77704406324214	0.0	383025	318.923264728	0.2
5056.51843164911	200	9.958120798514198	0.0	383025	318.923264728	0.2
5057.141531995949	200	9.639197533786255	0.0	383025	318.923264728	0.2
5057.456615394821	200	9.824114134914169	0.0	383025	315.083398872	0.2
5058.126042492347	200	9.509030736042083	0.0	383025	315.083398872	0.2
5058.448217307165	200	9.68685592122452	0.0	383025	322.174814818	0.2
5058.770392121982	200	9.864681106406957	0.0	383025	322.174814818	0.2
5059.592566936799	200	9.542506291589394	0.0	383025	322.174814818	0.2
5059.914741751617	200	9.72033147677183	0.0	383025	322.174814818	0.2
5060.236916566434	200	9.898156661954268	0.0	383025	322.174814818	0.2
5061.058343691496	200	9.57672953689218	0.0	383025	321.4271250620876	0.2
5061.379336041055	200	9.755737187333436	0.0	383025	320.992349559	0.2
5061.700328390613	200	9.93474483777469	0.0	383025	320.992349559	0.2
5062.521320740172	200	9.613752488215948	0.0	383025	320.992349559	0.2
5062.842934221139	200	9.792139007248414	0.0	383025	321.6134809675328	0.2
5063.165528096967	200	9.96954513142022	0.0	383025	322.593875828	0.2
5063.988121972796	200	9.646951255592027	0.0	383025	322.593875828	0.2
5064.310715848624	200	9.824357379763832	0.0	383025	322.593875828	0.2
5064.934920817313	200	9.501763503935639	0.0	383025	322.593875828	0.2
5065.253131372869	200	9.683552948379827	0.0	383025	318.210555556	0.2
5065.571341928426	200	9.865342392824015	0.0	383025	318.210555556	0.2
5065.99579511951	200	9.547131837268203	0.0	383025	318.210555556	0.2
5066.318793575814	200	9.724133380964009	0.0	383025	322.998456304	0.2
5066.641792032118	200	9.901134924659814	0.0	383025	322.998456304	0.2
5067.464790488422	200	9.57813646835562	0.0	383025	322.998456304	0.2
5067.787788944725	200	9.755138012051425	0.0	383025	322.998456304	0.2
5068.1107874010295	200	9.93213955574723	0.0	383025	322.998456304	0.2
5068.935749266902	200	9.607177689874852	0.0	383025	324.96186587237895	0.2
5069.264643564557	200	9.778283392218912	0.0	383025	328.894297656	0.2
5069.593537862213	200	9.94938909456297	0.0	383025	328.894297656	0.2
5070.422432159869	200	9.620494796907028	0.0	383025	328.894297656	0.2
5070.751326457525	200	9.791600499251087	0.0	383025	328.894297656	0.2
5071.080220755181	200	9.962706201595147	0.0	383025	328.894297656	0.2
5071.768677659893	200	9.633811903939206	0.0	383025	328.894297656	0.2
5072.099442322949	200	9.803047240883656	0.0	383025	330.764663056	0.2
5072.430206986004	200	9.972282577828105	0.0	383025	330.764663056	0.2
5073.26097164906	200	9.641517914772555	0.0	383025	330.764663056	0.2

