1390.80348693	400	0.5	0.15987448254	181435	159.87448254	-2.7974896508
1391.20299538	1000	0.600491555507	0.0	471531	399.508444493	0.4
1391.61151686	1000	0.691970073402	0.0	482442	408.521482105	1.0
1392.03112571	1000	0.772361226427	0.0	492120	419.608846975	1.0
1392.46453615	1000	0.838950779228	0.0	492120	433.410447199	1.0
1392.89627402	1000	0.907212911703	0.0	490176	431.737867525	1.0
1393.34397423	1000	0.959512699985	0.0	513389	447.700211718	1.0
1393.77705029	1000	1.0264366465	0.0	497055	433.076053486	1.0
1394.2296725	1000	1.07381442912	0.0	520019	452.622217376	1.0
1394.70918012	1000	1.09430681492	0.0	551265	479.507614208	1.0
1395.19480079	1000	1.10868613962	0.0	558332	485.620675295	1.0
1395.65876022	1000	1.14472671662	0.0	536970	463.959422998	1.0
1396.10830283	1000	1.19518410037	0.0	536970	449.54261625	1.0
1396.55784545	1000	1.24564148412	0.0	536970	449.54261625	1.0
1397.00655496	1000	1.29693197118	0.0	536970	448.70951294	1.0
1397.44773253	1000	1.35575440131	0.0	536970	441.177569875	1.0
1397.89897404	1000	1.40451289398	0.0	553424	451.241507329	1.0
1398.32378761	1000	1.47969932628	0.0	522960	424.813567694	1.0
1398.72724613	1000	1.57624079824	0.0	522960	403.458528045	1.0
1399.13452282	1000	1.66896411069	0.0	532300	407.276687553	1.0
1399.51334353	1000	1.79014339921	0.0	503004	378.820711477	1.0
1399.87562383	1000	1.92786309866	0.0	481782	362.280300547	1.0
1400.23709057	1000	2.06639636705	0.0	481782	361.466731615	1.0
1400.52840356	200	2.27508337522	0.0	383025	291.312991826	-0.6
1400.82030737	200	2.48317956708	0.0	383025	291.903808142	0.2
1401.14876229	200	2.65472464364	0.0	383025	328.454923434	0.2
1401.48051123	200	2.82297570267	0.0	383025	331.748940975	0.2
1401.81226017	200	2.99122676169	0.0	383025	331.748940975	0.2
1402.14047726	200	3.16300967051	0.0	383025	328.217091181	0.2
1402.45809165	200	3.34539527844	0.0	383025	317.614392076	0.2
1402.77570605	200	3.52778088636	0.0	383025	317.614392076	0.2
1403.08257228	200	3.72091465285	0.0	383025	306.866233509	0.2
1403.38070445	200	3.92278248457	0.0	383025	298.132168288	0.2
1403.67643157	200	4.1270553616	0.0	383025	295.727122969	0.2
1403.96201539	200	4.34147154462	0.0	383025	285.58381698	0.2
1404.2471724	200	4.55631453518	0.0	383025	285.157009437	0.2
1404.53172433	200	4.77176260449	0.0	383025	284.551930689	0.2
1404.81573603	200	4.98775090714	0.0	383025	284.011697355	0.2
1405.09884322	200	5.2046437133	0.0	383025	283.10719384	0.2
1405.40708542	200	5.39640151224	0.0	383025	308.242201058	0.2
1405.73646906	200	5.56701787107	0.0	383025	329.383641168	0.2
1406.0658527	200	5.7376342299	0.0	383025	329.383641168	0.2
1406.38770728	200	5.91577965468	0.0	383025	321.854575224	0.2
1406.69084601	200	6.11264092515	0.0	383025	303.138729529	0.2
1406.99824795	200	6.30523898356	0.0	383025	307.401941592	0.2
1407.3109724	200	6.4925145329	0.0	383025	312.724450652	0.2
1407.62369685	200	6.67979008225	0.0	383025	312.724450652	0.2
1407.95549708	200	6.84798985115	0.0	383025	331.800231107	0.2
1408.29981031	200	7.00367661941	0.0	383025	344.313231737	0.2
1408.64412355	200	7.15936338767	0.0	383025	344.313231737	0.2
1408.97598624	200	7.32750069552	0.0	383025	331.862692151	0.2
1409.30329796	200	7.50018897167	0.0	383025	327.311723848	0.2
1409.63018767	200	7.67329926676	0.0	383025	326.889704914	0.2
1409.94962093	200	7.85386600127	0.0	383025	319.433265486	0.2
1410.2690542	200	8.03443273579	0.0	383025	319.433265486	0.2
1410.59169482	200	8.21179211337	0.0	383025	322.640622416	0.2
1410.9264262	200	8.37706073046	0.0	383025	334.731382911	0.2
1411.26115759	200	8.54232934755	0.0	383025	334.731382911	0.2
1411.59588897	200	8.70759796464	0.0	383025	334.731382911	0.2
1411.92955878	200	8.87392814818	0.0	383025	333.669816459	0.2
1412.25981368	200	9.04367324802	0.0	383025	330.254900161	0.2
1412.59006858	200	9.21341834786	0.0	383025	330.254900161	0.2
1412.92032349	200	9.38316344769	0.0	383025	330.254900161	0.2
1413.25189973	200	9.55158719805	0.0	383025	331.576249648	0.2
1413.58353319	200	9.71995374503	0.0	383025	331.633453016	0.2
1413.91516664	200	9.88832029201	0.0	383025	331.633453016	0.2
1414.36512984	200	9.5641158108	0.0	383025	324.204481217	0.2
1414.69863626	200	9.73060939148	0.0	383025	333.506419319	0.2
1415.03214268	200	9.89710297216	0.0	383025	333.506419319	0.2
1415.68192687	200	9.56359655284	0.0	383025	333.506419319	0.2
1416.03764742	200	9.70787599643	0.0	383025	355.720556414	0.2
1416.39336798	200	9.85215544001	0.0	383025	355.720556414	0.2
1416.74908854	200	9.9964348836	0.0	383025	355.720556414	0.2
1417.60480909	200	9.64071432718	0.0	383025	355.720556414	0.2
1417.93955342	200	9.80597000024	0.0	383025	334.744326948	0.2
1418.27224331	200	9.97328010951	0.0	383025	332.689890723	0.2
1419.03421729	200	9.64059021879	0.0	383025	332.689890723	0.2
1419.37049868	200	9.80430882708	0.0	383025	336.281391708	0.2
1419.70997411	200	9.96483339895	0.0	383025	339.475428131	0.2
1420.56635612	200	9.60845139241	0.0	383025	356.382006545	0.2
1420.92273813	200	9.75206938586	0.0	383025	356.382006545	0.2
1421.27912013	200	9.89568737932	0.0	383025	356.382006545	0.2
1421.9760712	200	9.53930537277	0.0	383025	356.382006545	0.2
1422.32981439	200	9.68556218647	0.0	383025	353.743186296	0.2
1422.68355757	200	9.83181900018	0.0	383025	353.743186296	0.2
1423.03730076	200	9.97807581388	0.0	383025	353.743186296	0.2
1423.77658583	200	9.62433262759	0.0	383025	353.743186296	0.2
1424.0955879	200	9.80533055782	0.0	383025	319.002069771	0.2
1424.41458997	200	9.98632848804	0.0	383025	319.002069771	0.2
1425.24127899	200	9.65963946777	0.0	383025	326.689020277	0.2
1425.583156	200	9.81776245796	0.0	383025	341.877009804	0.2
1425.93689056	200	9.96402789258	0.0	383025	353.73456538	0.2
1426.79062513	200	9.6102933272	0.0	383025	353.73456538	0.2
1427.1443597	200	9.75655876182	0.0	383025	353.73456538	0.2
1427.48068612	200	9.92023233631	0.0	383025	336.326425509	0.2
1427.81124001	200	9.58977640008	0.0	383025	330.455936232	0.2
1428.16460352	200	9.73641288616	0.0	383025	353.363513923	0.2
1428.51796703	200	9.88304937224	0.0	383025	353.363513923	0.2
1429.37133055	200	9.52968585831	0.0	383025	353.363513923	0.2
1429.72502746	200	9.67598894159	0.0	383025	353.696916723	0.2
1430.08180294	200	9.81921346867	0.0	383025	356.775472918	0.2
1430.43857841	200	9.96243799575	0.0	383025	356.775472918	0.2
1431.29535388	200	9.60566252284	0.0	383025	356.775472918	0.2
1431.65212936	200	9.74888704992	0.0	383025	356.775472918	0.2
1432.0131064	200	9.88791000501	0.0	383025	360.977044906	0.2
1432.88340233	200	9.51761407335	0.0	383025	370.295931657	0.2
1433.25369826	200	9.6473181417	0.0	383025	370.295931657	0.2
1433.6239942	200	9.77702221004	0.0	383025	370.295931657	0.2
1433.99429013	200	9.90672627838	0.0	383025	370.295931657	0.2
1434.86458606	200	9.53643034672	0.0	383025	370.295931657	0.2
1435.23488199	200	9.66613441507	0.0	383025	370.295931657	0.2
1435.60445978	200	9.79655662804	0.0	383025	369.577787031	0.2
1435.97295932	200	9.92805708649	0.0	383025	368.499541548	0.2
1436.84145886	200	9.55955754494	0.0	383025	368.499541548	0.2
1437.2099584	200	9.69105800339	0.0	383025	368.499541548	0.2
1437.57845794	200	9.82255846184	0.0	383025	368.499541548	0.2
1437.94695749	200	9.9540589203	0.0	383025	368.499541548	0.2
1438.81545703	200	9.58555937875	0.0	383025	368.499541548	0.2
1439.18395657	200	9.7170598372	0.0	383025	368.499541548	0.2
1439.55245611	200	9.84856029565	0.0	383025	368.499541548	0.2

