2935.16621092	400	0.5	0.153553435842	181435	153.553435842	-2.67106871683
2935.54929161	1000	0.616919309087	0.0	471531	383.080690913	0.4
2935.9410052	1000	0.72520571086	0.0	482442	391.713598227	1.0
2936.34037615	1000	0.825834768945	0.0	492120	399.370941915	1.0
2936.7416517	1000	0.924559216409	0.0	492120	401.275552535	1.0
2937.14579311	1000	1.0204178009	0.0	490176	404.141415507	1.0
2937.56859967	1000	1.09761124333	0.0	513389	422.806557574	1.0
2937.97827236	1000	1.18793855171	0.0	497055	409.672691614	1.0
2938.40640998	1000	1.25980093431	0.0	520019	428.137617407	1.0
2938.85967193	1000	1.30653898876	0.0	551265	453.261945544	1.0
2939.31861632	1000	1.3475945998	0.0	558332	458.944388959	1.0
2939.76808036	1000	1.3981305505	0.0	536970	449.464049302	1.0
2940.21998775	1000	1.44622316187	0.0	536970	451.907388628	1.0
2940.67189514	1000	1.49431577324	0.0	536970	451.907388628	1.0
2941.12380253	1000	1.54240838462	0.0	536970	451.907388628	1.0
2941.57570992	1000	1.59050099599	0.0	536970	451.907388628	1.0
2942.04115837	1000	1.62505254515	0.0	553424	465.448450834	1.0
2942.48153602	1000	1.68467489285	0.0	522960	440.377652303	1.0
2942.92191367	1000	1.74429724055	0.0	522960	440.377652303	1.0
2943.36809699	1000	1.79811392641	0.0	532300	446.183314134	1.0
2943.78934177	1000	1.87686914783	0.0	503004	421.244778588	1.0
2944.19323592	1000	1.97297500003	0.0	481782	403.894147796	1.0
2944.59713006	1000	2.06908085223	0.0	481782	403.894147796	1.0
2944.9202827	200	2.24592821067	0.0	383025	323.152641567	-0.6
2945.24343535	200	2.4227755691	0.0	383025	323.152641567	0.2
2945.56658799	200	2.59962292753	0.0	383025	323.152641567	0.2
2945.88974063	200	2.77647028597	0.0	383025	323.152641567	0.2
2946.21289327	200	2.9533176444	0.0	383025	323.152641567	0.2
2946.53604591	200	3.13016500283	0.0	383025	323.152641567	0.2
2946.85919855	200	3.30701236127	0.0	383025	323.152641567	0.2
2947.1823512	200	3.4838597197	0.0	383025	323.152641567	0.2
2947.50589282	200	3.66031809092	0.0	383025	323.541628783	0.2
2947.83098372	200	3.83522719588	0.0	383025	325.090895037	0.2
2948.15607461	200	4.01013630084	0.0	383025	325.090895037	0.2
2948.48116551	200	4.1850454058	0.0	383025	325.090895037	0.2
2948.8062564	200	4.35995451077	0.0	383025	325.090895037	0.2
2949.1313473	200	4.53486361573	0.0	383025	325.090895037	0.2
2949.45643819	200	4.70977272069	0.0	383025	325.090895037	0.2
2949.78152909	200	4.88468182565	0.0	383025	325.090895037	0.2
2950.10661998	200	5.05959093062	0.0	383025	325.090895037	0.2
2950.43171088	200	5.23450003558	0.0	383025	325.090895037	0.2
2950.75796241	200	5.40824850091	0.0	383025	326.251534667	0.2
2951.08443781	200	5.58177310919	0.0	383025	326.475391719	0.2
2951.4109132	200	5.75529771747	0.0	383025	326.475391719	0.2
2951.73738859	200	5.92882232575	0.0	383025	326.475391719	0.2
2952.06386398	200	6.10234693404	0.0	383025	326.475391719	0.2
2952.39033937	200	6.27587154232	0.0	383025	326.475391719	0.2
2952.71681476	200	6.4493961506	0.0	383025	326.475391719	0.2
2953.04329016	200	6.62292075888	0.0	383025	326.475391719	0.2
2953.36976555	200	6.79644536716	0.0	383025	326.475391719	0.2
2953.69624094	200	6.96996997544	0.0	383025	326.475391719	0.2
2954.02271633	200	7.14349458372	0.0	383025	326.475391719	0.2
2954.34606496	200	7.32014595675	0.0	383025	323.348626973	0.2
2954.66110506	200	7.50510585793	0.0	383025	315.040098812	0.2
2954.97614516	200	7.69006575912	0.0	383025	315.040098812	0.2
2955.29118525	200	7.87502566031	0.0	383025	315.040098812	0.2
2955.60622535	200	8.0599855615	0.0	383025	315.040098812	0.2
2955.92126545	200	8.24494546269	0.0	383025	315.040098812	0.2
2956.23630555	200	8.42990536387	0.0	383025	315.040098812	0.2
2956.55134565	200	8.61486526506	0.0	383025	315.040098812	0.2
2956.86993167	200	8.79627924311	0.0	383025	318.586021951	0.2
2957.18907315	200	8.97713776819	0.0	383025	319.141474917	0.2
2957.50821462	200	9.15799629328	0.0	383025	319.141474917	0.2
2957.8273561	200	9.33885481836	0.0	383025	319.141474917	0.2
2958.14649757	200	9.51971334344	0.0	383025	319.141474917	0.2
2958.46563905	200	9.70057186853	0.0	383025	319.141474917	0.2
2958.78478052	200	9.88143039361	0.0	383025	319.141474917	0.2
2959.26518651	200	9.56228891869	0.0	383025	319.141474917	0.2
2959.58405415	200	9.74342128253	0.0	383025	318.867636162	0.2
2959.90292179	200	9.92455364637	0.0	383025	318.867636162	0.2
2960.72178942	200	9.60568601021	0.0	383025	318.867636162	0.2
2961.04065706	200	9.78681837405	0.0	383025	318.867636162	0.2
2961.35952469	200	9.96795073788	0.0	383025	318.867636162	0.2
2962.02286259	200	9.64908310172	0.0	383025	318.867636162	0.2
2962.34404083	200	9.82790485727	0.0	383025	321.178244451	0.2
2963.16521908	200	9.50672661282	0.0	383025	321.178244451	0.2
2963.48639732	200	9.68554836837	0.0	383025	321.178244451	0.2
2963.80757557	200	9.86437012392	0.0	383025	321.178244451	0.2
2964.52911529	200	9.54319187947	0.0	383025	321.178244451	0.2
2964.85220934	200	9.72009782926	0.0	383025	323.094050203	0.2
2965.17530339	200	9.89700377906	0.0	383025	323.094050203	0.2
2965.99839744	200	9.57390972886	0.0	383025	323.094050203	0.2
2966.32149149	200	9.75081567865	0.0	383025	323.094050203	0.2
2966.64458554	200	9.92772162845	0.0	383025	323.094050203	0.2
2967.46767959	200	9.60462757825	0.0	383025	323.094050203	0.2
2967.79076991	200	9.7815372587	0.0	383025	323.090319549	0.2
2968.1132857	200	9.95902147262	0.0	383025	322.515786075	0.2
2968.93580148	200	9.63650568655	0.0	383025	322.515786075	0.2
2969.25831727	200	9.81398990047	0.0	383025	322.515786075	0.2
2969.58083306	200	9.9914741144	0.0	383025	322.515786075	0.2
2970.40334884	200	9.66895832832	0.0	383025	322.515786075	0.2
2970.72586463	200	9.84644254225	0.0	383025	322.515786075	0.2
2971.54710536	200	9.52520181124	0.0	383025	321.240731012	0.2
2971.86293833	200	9.70936883805	0.0	383025	315.83297319	0.2
2972.17877131	200	9.89353586486	0.0	383025	315.83297319	0.2
2972.99460428	200	9.57770289167	0.0	383025	315.83297319	0.2
2973.31043725	200	9.76186991848	0.0	383025	315.83297319	0.2
2973.62789831	200	9.94440886179	0.0	383025	317.461056685	0.2
2974.44552549	200	9.62678168279	0.0	383025	317.627179006	0.2
2974.76315267	200	9.80915450378	0.0	383025	317.627179006	0.2
2975.08077985	200	9.99152732478	0.0	383025	317.627179006	0.2
2975.84806032	200	9.67390014577	0.0	383025	317.627179006	0.2
2976.16566509	200	9.85629537908	0.0	383025	317.604766692	0.2
2976.98326986	200	9.53869061238	0.0	383025	317.604766692	0.2
2977.30087462	200	9.72108584569	0.0	383025	317.604766692	0.2
2977.61847939	200	9.903481079	0.0	383025	317.604766692	0.2
2978.43564233	200	9.58631813966	0.0	383025	317.162939338	0.2
2978.74963991	200	9.77232055751	0.0	383025	313.997582149	0.2
2979.06363749	200	9.95832297536	0.0	383025	313.997582149	0.2
2979.48686317	200	9.64432539321	0.0	383025	313.997582149	0.2
2979.7999658	200	9.83122276351	0.0	383025	313.102629708	0.2
2980.61306843	200	9.5181201338	0.0	383025	313.102629708	0.2
2980.92617106	200	9.70501750409	0.0	383025	313.102629708	0.2
2981.23927369	200	9.89191487438	0.0	383025	313.102629708	0.2
2982.05224102	200	9.57894753857	0.0	383025	312.967335811	0.2
2982.36514336	200	9.76604520047	0.0	383025	312.902338103	0.2
2982.6780457	200	9.95314286236	0.0	383025	312.902338103	0.2
2983.49156301	200	9.63962554709	0.0	383025	313.517315271	0.2
2983.80548153	200	9.82570703465	0.0	383025	313.918512441	0.2
2984.61940004	200	9.51178852221	0.0	383025	313.918512441	0.2

