6642.3657362	400	0.5	0.160449239922	181435	160.449239922	-2.80898479845
6642.76673838	1000	0.598997819881	0.0	471531	401.002180119	0.4
6643.17678816	1000	0.688948037829	0.0	482442	410.049782052	1.0
6643.59486312	1000	0.770873080127	0.0	492120	418.074957702	1.0
6644.01293808	1000	0.852798122425	0.0	492120	418.074957702	1.0
6644.41872903	1000	0.947007166565	0.0	490176	405.79095586	1.0
6644.83723901	1000	1.02849719174	0.0	513389	418.509974821	1.0
6645.24809292	1000	1.11764328524	0.0	497055	410.853906503	1.0
6645.6825312	1000	1.18320499868	0.0	520019	434.438286564	1.0
6646.1424724	1000	1.22326380029	0.0	551265	459.941198384	1.0
6646.60843804	1000	1.25729815723	0.0	558332	465.965643068	1.0
6647.05825313	1000	1.30748306903	0.0	536970	449.815088196	1.0
6647.50806822	1000	1.35766798083	0.0	536970	449.815088196	1.0
6647.95939562	1000	1.40634058432	0.0	536970	451.327396516	1.0
6648.41330142	1000	1.45243478161	0.0	536970	453.905802703	1.0
6648.86720722	1000	1.49852897891	0.0	536970	453.905802703	1.0
6649.33471532	1000	1.53102087798	0.0	553424	467.508100928	1.0
6649.77644386	1000	1.58929233761	0.0	522960	441.728540374	1.0
6650.21623812	1000	1.64949807834	0.0	522960	439.794259268	1.0
6650.66370845	1000	1.70202774752	0.0	532300	447.470330825	1.0
6651.0798946	1000	1.78584159892	0.0	503004	416.186148595	1.0
6651.47639149	1000	1.88934471105	0.0	481782	396.49688787	1.0
6651.8746218	1000	1.99111440551	0.0	481782	398.230305541	1.0
6652.3014728	1000	2.06426339689	0.0	510552	426.851008615	1.0
6652.62420169	200	2.24153451213	0.0	383025	322.728884766	-0.6
6652.94693057	200	2.41880562736	0.0	383025	322.728884766	0.2
6653.27071956	200	2.59501664401	0.0	383025	323.788983351	0.2
6653.59954571	200	2.76619049459	0.0	383025	328.826149426	0.2
6653.92837186	200	2.93736434516	0.0	383025	328.826149426	0.2
6654.25719801	200	3.10853819573	0.0	383025	328.826149426	0.2
6654.58602416	200	3.27971204631	0.0	383025	328.826149426	0.2
6654.9148503	200	3.45088589688	0.0	383025	328.826149426	0.2
6655.23430283	200	3.63143337007	0.0	383025	319.452526813	0.2
6655.55311337	200	3.81262283631	0.0	383025	318.810533759	0.2
6655.8719239	200	3.99381230255	0.0	383025	318.810533759	0.2
6656.19073443	200	4.17500176879	0.0	383025	318.810533759	0.2
6656.51086472	200	4.35487148233	0.0	383025	320.130286461	0.2
6656.831109	200	4.53462720414	0.0	383025	320.244278189	0.2
6657.15135328	200	4.71438292595	0.0	383025	320.244278189	0.2
6657.46375954	200	4.90197665814	0.0	383025	312.406267814	0.2
6657.76844701	200	5.09728919361	0.0	383025	304.68746453	0.2
6658.07313447	200	5.29260172908	0.0	383025	304.68746453	0.2
6658.37818468	200	5.48755152374	0.0	383025	305.050205339	0.2
6658.68434584	200	5.68139035732	0.0	383025	306.16116642	0.2
6658.99050701	200	5.8752291909	0.0	383025	306.16116642	0.2
6659.29719865	200	6.06853755403	0.0	383025	306.69163687	0.2
6659.6059193	200	6.25981689811	0.0	383025	308.720655916	0.2
6659.91463996	200	6.4510962422	0.0	383025	308.720655916	0.2
6660.22336062	200	6.64237558628	0.0	383025	308.720655916	0.2
6660.5350388	200	6.83069739689	0.0	383025	311.67818939	0.2
6660.84719986	200	7.01853633721	0.0	383025	312.161059682	0.2
6661.15936092	200	7.20637527753	0.0	383025	312.161059682	0.2
6661.47815967	200	7.38757652968	0.0	383025	318.798747842	0.2
6661.79785411	200	7.56788209106	0.0	383025	319.69443862	0.2
6662.11754855	200	7.74818765244	0.0	383025	319.69443862	0.2
6662.43724299	200	7.92849321382	0.0	383025	319.69443862	0.2
6662.75354355	200	8.11219265148	0.0	383025	316.300562346	0.2
6663.06922094	200	8.29651526578	0.0	383025	315.677385695	0.2
6663.38489832	200	8.48083788009	0.0	383025	315.677385695	0.2
6663.69203612	200	8.67370008455	0.0	383025	307.137795535	0.2
6663.99192078	200	8.87381542502	0.0	383025	299.884659527	0.2
6664.29180544	200	9.0739307655	0.0	383025	299.884659527	0.2
6664.59094548	200	9.27479071851	0.0	383025	299.140046987	0.2
6664.88978437	200	9.47595183624	0.0	383025	298.838882272	0.2
6665.18596801	200	9.67976819566	0.0	383025	296.183640581	0.2
6665.48038233	200	9.8853538709	0.0	383025	294.414324755	0.2
6666.21430655	200	9.59093954615	0.0	383025	294.414324755	0.2
6666.51858851	200	9.78665758729	0.0	383025	304.28195886	0.2
6666.82526919	200	9.97997690404	0.0	383025	306.680683245	0.2
6667.61910294	200	9.6732962208	0.0	383025	306.680683245	0.2
6667.92229012	200	9.87010904162	0.0	383025	303.187179176	0.2
6668.72490161	200	9.56749755217	0.0	383025	302.611489451	0.2
6669.02708988	200	9.76530927933	0.0	383025	302.188272837	0.2
6669.32855124	200	9.9638479229	0.0	383025	301.461356433	0.2
6669.94807544	200	9.66238656647	0.0	383025	301.461356433	0.2
6670.24821793	200	9.86224407599	0.0	383025	300.142490475	0.2
6670.60685854	200	9.56202636189	0.0	383025	300.217714106	0.2
6670.90971232	200	9.75917258157	0.0	383025	302.853780311	0.2
6671.2125661	200	9.95631880126	0.0	383025	302.853780311	0.2
6671.99240408	200	9.65346502095	0.0	383025	302.853780311	0.2
6672.28453829	200	9.8613308192	0.0	383025	292.134201747	0.2
6672.7121981	200	9.57206018569	0.0	383025	289.270633513	0.2
6673.01566348	200	9.76859480353	0.0	383025	303.465382162	0.2
6673.31912886	200	9.96512942137	0.0	383025	303.465382162	0.2
6674.12418796	200	9.66007031813	0.0	383025	305.059103235	0.2
6674.43012898	200	9.85412930028	0.0	383025	305.94101785	0.2
6674.80948276	200	9.5476124649	0.0	383025	306.516835386	0.2
6675.11470538	200	9.74238983878	0.0	383025	305.222626115	0.2
6675.41992801	200	9.93716721267	0.0	383025	305.222626115	0.2
6676.14365549	200	9.63194458655	0.0	383025	305.222626115	0.2
6676.45005131	200	9.82554876349	0.0	383025	306.395823063	0.2
6677.26096402	200	9.51463605702	0.0	383025	310.912706471	0.2
6677.57683486	200	9.69876521828	0.0	383025	315.870838737	0.2
6677.89897294	200	9.87662713022	0.0	383025	322.138088058	0.2
6678.72454725	200	9.55105282225	0.0	383025	325.574307978	0.2
6679.05012156	200	9.72547851427	0.0	383025	325.574307978	0.2
6679.37157006	200	9.90403001835	0.0	383025	321.448495918	0.2
6680.19173166	200	9.58386841837	0.0	383025	320.16159998	0.2
6680.51054965	200	9.76505042447	0.0	383025	318.8179939	0.2
6680.82805252	200	9.9475475496	0.0	383025	317.502874872	0.2
6681.23596014	200	9.63004467473	0.0	383025	317.502874872	0.2
6681.55935529	200	9.80664952024	0.0	383025	323.395154482	0.2
6681.88275044	200	9.98325436576	0.0	383025	323.395154482	0.2
6682.57673571	200	9.65985921128	0.0	383025	323.395154482	0.2
6682.91030266	200	9.82629226044	0.0	383025	333.566950844	0.2
6683.24386962	200	9.99272530959	0.0	383025	333.566950844	0.2
6684.07743657	200	9.65915835875	0.0	383025	333.566950844	0.2
6684.41212947	200	9.82446545129	0.0	383025	334.69290746	0.2
6684.74917086	200	9.9874240642	0.0	383025	337.041387087	0.2
6685.58621225	200	9.65038267712	0.0	383025	337.041387087	0.2
6685.92325363	200	9.81334129003	0.0	383025	337.041387087	0.2
6686.26029502	200	9.97629990294	0.0	383025	337.041387087	0.2
6687.0983653	200	9.63822962012	0.0	383025	338.070282821	0.2
6687.437	200	9.79959492814	0.0	383025	338.634691982	0.2
6687.77563469	200	9.96096023616	0.0	383025	338.634691982	0.2
6688.13239318	200	9.62232554417	0.0	383025	338.634691982	0.2
6688.47409299	200	9.78062573158	0.0	383025	341.699812599	0.2
6688.81579281	200	9.93892591898	0.0	383025	341.699812599	0.2
6689.65749262	200	9.59722610638	0.0	383025	341.699812599	0.2
6689.99919243	200	9.75552629378	0.0	383025	341.699812599	0.2

