2840.66628311	400	0.5	0.152375573425	181435	152.375573425	-2.64751146851
2841.04630266	1000	0.619980452984	0.0	471531	380.019547016	0.4
2841.43488428	1000	0.731398832048	0.0	482442	388.581620936	1.0
2841.83302319	1000	0.833259919609	0.0	492120	398.138912439	1.0
2842.24960092	1000	0.916682195563	0.0	492120	416.577724046	1.0
2842.66457255	1000	1.00171055763	0.0	490176	414.971637937	1.0
2843.08925692	1000	1.07702618705	0.0	513389	424.684370573	1.0
2843.48888013	1000	1.17740298169	0.0	497055	399.62320536	1.0
2843.90650397	1000	1.259779138	0.0	520019	417.623843696	1.0
2844.34781976	1000	1.31846335541	0.0	551265	441.31578259	1.0
2844.79177603	1000	1.37450707695	0.0	558332	443.956278462	1.0
2845.2180043	1000	1.44827881422	0.0	536970	426.228262724	1.0
2845.64128345	1000	1.52499966565	0.0	536970	423.279148572	1.0
2846.06456259	1000	1.60172051708	0.0	536970	423.279148572	1.0
2846.48454227	1000	1.6817408438	0.0	536970	419.979673277	1.0
2846.90269713	1000	1.76358598004	0.0	536970	418.15486376	1.0
2847.33192712	1000	1.83435599176	0.0	553424	429.229988283	1.0
2847.74033491	1000	1.92594820258	0.0	522960	408.407789177	1.0
2848.15161654	1000	2.01466657338	0.0	522960	411.281629197	1.0
2848.45552218	200	2.21076092855	0.0	383025	303.905644836	-0.6
2848.76900709	200	2.39727602288	0.0	383025	313.484905671	0.2
2849.08351606	200	2.58276705039	0.0	383025	314.50897249	0.2
2849.39802503	200	2.7682580779	0.0	383025	314.50897249	0.2
2849.71620801	200	2.95007510059	0.0	383025	318.182977303	0.2
2850.04334037	200	3.12294274357	0.0	383025	327.132357026	0.2
2850.37047272	200	3.29581038654	0.0	383025	327.132357026	0.2
2850.69760508	200	3.46867802952	0.0	383025	327.132357026	0.2
2851.02473744	200	3.64154567249	0.0	383025	327.132357026	0.2
2851.35099129	200	3.81529181944	0.0	383025	326.25385305	0.2
2851.67678397	200	3.98949913782	0.0	383025	325.792681624	0.2
2852.00257665	200	4.16370645619	0.0	383025	325.792681624	0.2
2852.32836934	200	4.33791377457	0.0	383025	325.792681624	0.2
2852.66349532	200	4.50278778724	0.0	383025	335.125987324	0.2
2852.99878792	200	4.66749519564	0.0	383025	335.292591603	0.2
2853.33408051	200	4.83220260404	0.0	383025	335.292591603	0.2
2853.6693731	200	4.99691001243	0.0	383025	335.292591603	0.2
2854.00466569	200	5.16161742083	0.0	383025	335.292591603	0.2
2854.33974442	200	5.32653869417	0.0	383025	335.078726664	0.2
2854.67070276	200	5.49558035245	0.0	383025	330.958341712	0.2
2855.0016611	200	5.66462201074	0.0	383025	330.958341712	0.2
2855.33261944	200	5.83366366903	0.0	383025	330.958341712	0.2
2855.66357778	200	6.00270532732	0.0	383025	330.958341712	0.2
2855.98743368	200	6.17884942885	0.0	383025	323.855898472	0.2
2856.29323893	200	6.37304418085	0.0	383025	305.805247997	0.2
2856.59904418	200	6.56723893285	0.0	383025	305.805247997	0.2
2856.90924404	200	6.75703906834	0.0	383025	310.199864515	0.2
2857.24056753	200	6.92571557787	0.0	383025	331.323490472	0.2
2857.57189102	200	7.09439208739	0.0	383025	331.323490472	0.2
2857.90321451	200	7.26306859692	0.0	383025	331.323490472	0.2
2858.234538	200	7.43174510645	0.0	383025	331.323490472	0.2
2858.57240146	200	7.59388164846	0.0	383025	337.863457987	0.2
2858.91092282	200	7.75536029293	0.0	383025	338.521355532	0.2
2859.24944417	200	7.9168389374	0.0	383025	338.521355532	0.2
2859.58796553	200	8.07831758187	0.0	383025	338.521355532	0.2
2859.92648688	200	8.23979622633	0.0	383025	338.521355532	0.2
2860.26500824	200	8.4012748708	0.0	383025	338.521355532	0.2
2860.60948079	200	8.55680232035	0.0	383025	344.472550455	0.2
2860.9573289	200	8.70895420738	0.0	383025	347.848112967	0.2
2861.30517702	200	8.86110609441	0.0	383025	347.848112967	0.2
2861.65302513	200	9.01325798145	0.0	383025	347.848112967	0.2
2862.00087324	200	9.16540986848	0.0	383025	347.848112967	0.2
2862.34872136	200	9.31756175551	0.0	383025	347.848112967	0.2
2862.69656947	200	9.46971364254	0.0	383025	347.848112967	0.2
2863.04441758	200	9.62186552958	0.0	383025	347.848112967	0.2
2863.38514092	200	9.78114219152	0.0	383025	340.72333806	0.2
2863.70574663	200	9.96053647707	0.0	383025	320.605714443	0.2
2864.04879723	200	9.63993076263	0.0	383025	320.605714443	0.2
2864.36987439	200	9.81885359476	0.0	383025	321.077167872	0.2
2864.69095156	200	9.99777642689	0.0	383025	321.077167872	0.2
2865.51159818	200	9.67712980623	0.0	383025	320.646620657	0.2
2865.83026978	200	9.85845821204	0.0	383025	318.671594186	0.2
2866.58153029	200	9.53978661786	0.0	383025	318.671594186	0.2
2866.90411781	200	9.71719909627	0.0	383025	322.587521591	0.2
2867.22333163	200	9.89798527461	0.0	383025	319.213821656	0.2
2867.64363669	200	9.58002788039	0.0	383025	317.957394219	0.2
2867.95921105	200	9.76445352035	0.0	383025	315.57436004	0.2
2868.27478541	200	9.94887916031	0.0	383025	315.57436004	0.2
2869.03943058	200	9.63330480027	0.0	383025	315.57436004	0.2
2869.35201039	200	9.82072499444	0.0	383025	312.579805834	0.2
2870.1288207	200	9.5081451886	0.0	383025	312.579805834	0.2
2870.44915973	200	9.68780616088	0.0	383025	320.339027721	0.2
2870.76949876	200	9.86746713316	0.0	383025	320.339027721	0.2
2871.58441852	200	9.55254737261	0.0	383025	314.919760548	0.2
2871.89754904	200	9.73941684883	0.0	383025	313.130523785	0.2
2872.2128111	200	9.92415479452	0.0	383025	315.262054308	0.2
2873.00155595	200	9.60889274021	0.0	383025	315.262054308	0.2
2873.31070092	200	9.79974776439	0.0	383025	309.144975822	0.2
2873.61983699	200	9.99061169188	0.0	383025	309.136072507	0.2
2874.42885964	200	9.6815890422	0.0	383025	309.022649686	0.2
2874.73474701	200	9.87570167772	0.0	383025	305.887364477	0.2
2875.20381596	200	9.57450414802	0.0	383025	301.197529698	0.2
2875.5095989	200	9.76872120624	0.0	383025	305.782941776	0.2
2875.81542673	200	9.9628933768	0.0	383025	305.827829449	0.2
2876.62261654	200	9.65570357128	0.0	383025	307.189805513	0.2
2876.92728393	200	9.85103617975	0.0	383025	304.66739153	0.2
2877.41564855	200	9.54752354753	0.0	383025	303.512632219	0.2
2877.71599968	200	9.74717242313	0.0	383025	300.351124401	0.2
2878.0163508	200	9.94682129873	0.0	383025	300.351124401	0.2
2878.82324431	200	9.6399277845	0.0	383025	306.893514228	0.2
2879.13757272	200	9.825599375	0.0	383025	314.328409498	0.2
2879.47242506	200	9.52656134208	0.0	383025	299.038032924	0.2
2879.78251977	200	9.71646663696	0.0	383025	310.094705119	0.2
2880.09261447	200	9.90637193184	0.0	383025	310.094705119	0.2
2880.89880755	200	9.59627722672	0.0	383025	310.094705119	0.2
2881.21009703	200	9.78498774421	0.0	383025	311.28948251	0.2
2881.52621503	200	9.96886974385	0.0	383025	316.118000364	0.2
2882.34728934	200	9.64779543332	0.0	383025	321.074310529	0.2
2882.66723753	200	9.82784724475	0.0	383025	319.948188568	0.2
2883.48201753	200	9.51306724615	0.0	383025	314.779998608	0.2
2883.81358369	200	9.68150107816	0.0	383025	331.566167983	0.2
2884.14849876	200	9.84658600747	0.0	383025	334.915070694	0.2
2884.98341384	200	9.51167093677	0.0	383025	334.915070694	0.2
2885.31832891	200	9.67675586608	0.0	383025	334.915070694	0.2
2885.65394551	200	9.841139264	0.0	383025	335.61660208	0.2
2886.49262598	200	9.50245879212	0.0	383025	338.680471882	0.2
2886.83130645	200	9.66377832024	0.0	383025	338.680471882	0.2
2887.16998692	200	9.82509784836	0.0	383025	338.680471882	0.2
2887.5086674	200	9.98641737647	0.0	383025	338.680471882	0.2
2888.34301659	200	9.65206817914	0.0	383025	334.349197334	0.2
2888.6750645	200	9.82002027136	0.0	383025	332.047907781	0.2

