3323.7055476	400	0.5	0.162062888271	181435	162.062888271	-2.84125776541
3324.11074349	1000	0.594804112938	0.0	471531	405.195887062	0.4
3324.52508402	1000	0.680463583585	0.0	482442	414.340529352	1.0
3324.9475358	1000	0.758011804294	0.0	492120	422.451779291	1.0
3325.36998758	1000	0.835560025002	0.0	492120	422.451779291	1.0
3325.78649844	1000	0.919049165728	0.0	490176	416.510859274	1.0
3326.21498392	1000	0.990563684782	0.0	513389	428.485480946	1.0
3326.63015485	1000	1.07539275059	0.0	497055	415.170934188	1.0
3327.05624422	1000	1.14930338621	0.0	520019	426.089364382	1.0
3327.50614475	1000	1.19940285084	0.0	551265	449.900535372	1.0
3327.96168464	1000	1.24386296401	0.0	558332	455.539886833	1.0
3328.38437453	1000	1.3211730727	0.0	536970	422.689891308	1.0
3328.80004404	1000	1.40550356042	0.0	536970	415.669512284	1.0
3329.21754667	1000	1.48800093009	0.0	536970	417.502630325	1.0
3329.63526914	1000	1.57027846074	0.0	536970	417.722469354	1.0
3330.0534868	1000	1.65206079971	0.0	536970	418.217661022	1.0
3330.4850074	1000	1.72054020525	0.0	553424	431.520594468	1.0
3330.89312243	1000	1.81242516715	0.0	522960	408.115038093	1.0
3331.30167215	1000	1.90387545271	0.0	522960	408.549714446	1.0
3331.72197648	1000	1.98357112059	0.0	532300	420.304332117	1.0
3332.11969904	1000	2.08584855761	0.0	503004	397.722562976	1.0
3332.42048031	200	2.28506729366	0.0	383025	300.781263956	-0.6
3332.71884397	200	2.4867036332	0.0	383025	298.363660454	0.2
3333.01720763	200	2.68833997275	0.0	383025	298.363660454	0.2
3333.30929578	200	2.89625181721	0.0	383025	292.088155542	0.2
3333.59951114	200	3.10603646159	0.0	383025	290.215355614	0.2
3333.88871682	200	3.31683078065	0.0	383025	289.205680949	0.2
3334.17466106	200	3.53088654056	0.0	383025	285.944240088	0.2
3334.46383322	200	3.74171438125	0.0	383025	289.172159308	0.2
3334.76537128	200	3.94017631715	0.0	383025	301.538064099	0.2
3335.06690935	200	4.13863825305	0.0	383025	301.538064099	0.2
3335.36857304	200	4.33697455984	0.0	383025	301.663693215	0.2
3335.67077748	200	4.53477012197	0.0	383025	302.204437864	0.2
3335.97298192	200	4.73256568411	0.0	383025	302.204437864	0.2
3336.27298889	200	4.93255871207	0.0	383025	300.006972038	0.2
3336.5694449	200	5.13610270498	0.0	383025	296.456007089	0.2
3336.8659009	200	5.33964669789	0.0	383025	296.456007089	0.2
3337.16146034	200	5.54408726323	0.0	383025	295.559434663	0.2
3337.45648052	200	5.74906707915	0.0	383025	295.020184077	0.2
3337.75448608	200	5.95106151832	0.0	383025	298.005560829	0.2
3338.05818743	200	6.14736016973	0.0	383025	303.701348593	0.2
3338.36188878	200	6.34365882114	0.0	383025	303.701348593	0.2
3338.66145898	200	6.54408861735	0.0	383025	299.570203788	0.2
3338.95433726	200	6.75121033691	0.0	383025	292.878280437	0.2
3339.2479544	200	6.95759319735	0.0	383025	293.617139557	0.2
3339.55605444	200	7.14949316305	0.0	383025	308.1000343	0.2
3339.86415447	200	7.34139312875	0.0	383025	308.1000343	0.2
3340.17225451	200	7.53329309445	0.0	383025	308.1000343	0.2
3340.48497222	200	7.72057538219	0.0	383025	312.71771226	0.2
3340.79770907	200	7.90783853314	0.0	383025	312.736849059	0.2
3341.1118594	200	8.09368819748	0.0	383025	314.150335653	0.2
3341.4277206	200	8.27782699859	0.0	383025	315.861198895	0.2
3341.7435818	200	8.46196579969	0.0	383025	315.861198895	0.2
3342.059443	200	8.6461046008	0.0	383025	315.861198895	0.2
3342.37935125	200	8.826196347	0.0	383025	319.908253796	0.2
3342.70166559	200	9.00388200785	0.0	383025	322.314339147	0.2
3343.02397993	200	9.18156766871	0.0	383025	322.314339147	0.2
3343.34389372	200	9.3616538773	0.0	383025	319.91379141	0.2
3343.66373217	200	9.54181543644	0.0	383025	319.838440855	0.2
3343.98357061	200	9.72197699559	0.0	383025	319.838440855	0.2
3344.30666853	200	9.89887907309	0.0	383025	323.097922498	0.2
3345.13054784	200	9.57499975682	0.0	383025	323.879316273	0.2
3345.45537053	200	9.75017707385	0.0	383025	324.822682967	0.2
3345.7834237	200	9.92212390311	0.0	383025	328.053170737	0.2
3346.61147687	200	9.59407073238	0.0	383025	328.053170737	0.2
3346.93953004	200	9.76601756164	0.0	383025	328.053170737	0.2
3347.26766676	200	9.93788084103	0.0	383025	328.136720609	0.2
3348.09582879	200	9.60971880718	0.0	383025	328.162033847	0.2
3348.42399083	200	9.78155677334	0.0	383025	328.162033847	0.2
3348.73868774	200	9.96685985823	0.0	383025	314.696915108	0.2
3349.1270906	200	9.65525993141	0.0	383025	311.599926822	0.2
3349.43985728	200	9.84249324885	0.0	383025	312.766682553	0.2
3350.25321314	200	9.52913738595	0.0	383025	313.355862903	0.2
3350.57396615	200	9.70838437987	0.0	383025	320.753006077	0.2
3350.89471916	200	9.8876313738	0.0	383025	320.753006077	0.2
3351.71734704	200	9.56500349182	0.0	383025	322.627881976	0.2
3352.04315822	200	9.73919231071	0.0	383025	325.811181111	0.2
3352.3689694	200	9.9133811296	0.0	383025	325.811181111	0.2
3353.19495791	200	9.58739262446	0.0	383025	325.988505141	0.2
3353.52143188	200	9.76091865492	0.0	383025	326.473969541	0.2
3353.84790584	200	9.93444468537	0.0	383025	326.473969541	0.2
3354.67054666	200	9.6118038733	0.0	383025	322.64081207	0.2
3354.99219162	200	9.79015890501	0.0	383025	321.644968293	0.2
3355.30902018	200	9.97333034552	0.0	383025	316.828559492	0.2
3355.66140972	200	9.65650178603	0.0	383025	316.828559492	0.2
3355.98204837	200	9.83586313415	0.0	383025	320.638651881	0.2
3356.30952545	200	9.51522448227	0.0	383025	320.638651881	0.2
3356.62659742	200	9.69815251436	0.0	383025	317.071967909	0.2
3356.94366939	200	9.88108054645	0.0	383025	317.071967909	0.2
3357.40879547	200	9.56400857854	0.0	383025	317.071967909	0.2
3357.72563704	200	9.74716700846	0.0	383025	316.841570077	0.2
3358.04247861	200	9.93032543839	0.0	383025	316.841570077	0.2
3358.85914468	200	9.61365937231	0.0	383025	316.666066077	0.2
3359.17308769	200	9.79971635865	0.0	383025	313.943013661	0.2
3359.48637578	200	9.9864282757	0.0	383025	313.288082949	0.2
3360.29885821	200	9.67394584245	0.0	383025	312.482433249	0.2
3360.61239251	200	9.86041153992	0.0	383025	313.534302527	0.2
3360.97154786	200	9.54665946244	0.0	383025	313.752077486	0.2
3361.28422428	200	9.73398304284	0.0	383025	312.6764196	0.2
3361.5969007	200	9.92130662324	0.0	383025	312.6764196	0.2
3362.33300968	200	9.60863020364	0.0	383025	312.6764196	0.2
3362.64858858	200	9.79305130785	0.0	383025	315.578895784	0.2
3362.96760438	200	9.97403550925	0.0	383025	319.015798606	0.2
3363.79322479	200	9.648415098	0.0	383025	325.620411248	0.2
3364.1188452	200	9.82279468675	0.0	383025	325.620411248	0.2
3364.44465471	200	9.9969851779	0.0	383025	325.809508846	0.2
3365.28248407	200	9.65915582075	0.0	383025	337.829357156	0.2
3365.62031342	200	9.82132646359	0.0	383025	337.829357156	0.2
3365.95814278	200	9.98349710644	0.0	383025	337.829357156	0.2
3366.67236731	200	9.64566774928	0.0	383025	337.829357156	0.2
3367.00450138	200	9.8135336794	0.0	383025	332.134069883	0.2
3367.33663545	200	9.98139960951	0.0	383025	332.134069883	0.2
3367.8815668	200	9.64926553963	0.0	383025	332.134069883	0.2
3368.22805693	200	9.80277540327	0.0	383025	346.490136358	0.2
3368.57454707	200	9.95628526691	0.0	383025	346.490136358	0.2
3369.42103721	200	9.60979513056	0.0	383025	346.490136358	0.2
3369.76752734	200	9.7633049942	0.0	383025	346.490136358	0.2
3370.11401748	200	9.91681485784	0.0	383025	346.490136358	0.2
3370.86224578	200	9.57032472148	0.0	383025	346.490136358	0.2
3371.19288539	200	9.73968511507	0.0	383025	330.639606416	0.2

