2793.00081598	400	0.5	0.158033743974	181435	158.033743974	-2.76067487947
2793.39554053	1000	0.605275446691	0.0	471531	394.724553309	0.4
2793.79916743	1000	0.701648552706	0.0	482442	403.626893985	1.0
2794.21069065	1000	0.790125329049	0.0	492120	411.523223658	1.0
2794.62221387	1000	0.878602105391	0.0	492120	411.523223658	1.0
2795.03215098	1000	0.968665001271	0.0	490176	409.93710412	1.0
2795.46102769	1000	1.03978829179	0.0	513389	428.876709482	1.0
2795.8765774	1000	1.1242385764	0.0	497055	415.549715385	1.0
2796.29189289	1000	1.20892308599	0.0	520019	415.31549041	1.0
2796.72910459	1000	1.27171138521	0.0	551265	437.211700788	1.0
2797.15902625	1000	1.34178972692	0.0	558332	429.921658284	1.0
2797.56382473	1000	1.43699124873	0.0	536970	404.79847819	1.0
2797.97051243	1000	1.53030355393	0.0	536970	406.687694802	1.0
2798.39612118	1000	1.60469479729	0.0	536970	425.60875664	1.0
2798.82172994	1000	1.67908604065	0.0	536970	425.60875664	1.0
2799.24263831	1000	1.75817767159	0.0	536970	420.908369063	1.0
2799.66705426	1000	1.83376171932	0.0	553424	424.415952268	1.0
2800.06865811	1000	1.93215787417	0.0	522960	401.60384515	1.0
2800.47366862	1000	2.02714735952	0.0	522960	405.010514645	1.0
2800.77957705	200	2.22123893204	0.0	383025	305.908427484	-0.6
2801.08548548	200	2.41533050456	0.0	383025	305.908427484	0.2
2801.39200634	200	2.60880964212	0.0	383025	306.520862436	0.2
2801.70164277	200	2.79917320923	0.0	383025	309.636432885	0.2
2802.0112792	200	2.98953677635	0.0	383025	309.636432885	0.2
2802.32091564	200	3.17990034346	0.0	383025	309.636432885	0.2
2802.62965873	200	3.37115725368	0.0	383025	308.743089783	0.2
2802.93655732	200	3.56425866246	0.0	383025	306.898591221	0.2
2803.24345591	200	3.75736007124	0.0	383025	306.898591221	0.2
2803.5503545	200	3.95046148002	0.0	383025	306.898591221	0.2
2803.85725309	200	4.1435628888	0.0	383025	306.898591221	0.2
2804.17258363	200	4.32823235101	0.0	383025	315.330537794	0.2
2804.48985401	200	4.51096197123	0.0	383025	317.270379772	0.2
2804.80712439	200	4.69369159146	0.0	383025	317.270379772	0.2
2805.12439477	200	4.87642121169	0.0	383025	317.270379772	0.2
2805.44166515	200	5.05915083192	0.0	383025	317.270379772	0.2
2805.75893553	200	5.24188045215	0.0	383025	317.270379772	0.2
2806.07864402	200	5.42217195646	0.0	383025	319.70849569	0.2
2806.39899201	200	5.60182397465	0.0	383025	320.347981801	0.2
2806.71933999	200	5.78147599285	0.0	383025	320.347981801	0.2
2807.03968797	200	5.96112801105	0.0	383025	320.347981801	0.2
2807.36003595	200	6.14078002925	0.0	383025	320.347981801	0.2
2807.68038393	200	6.32043204745	0.0	383025	320.347981801	0.2
2807.99961517	200	6.5012008065	0.0	383025	319.231240951	0.2
2808.31083057	200	6.68998541308	0.0	383025	311.215393414	0.2
2808.62204596	200	6.87877001967	0.0	383025	311.215393414	0.2
2808.93326135	200	7.06755462626	0.0	383025	311.215393414	0.2
2809.24445083	200	7.25636514784	0.0	383025	311.189478413	0.2
2809.55499873	200	7.44581725118	0.0	383025	310.547896659	0.2
2809.86554663	200	7.63526935452	0.0	383025	310.547896659	0.2
2810.17609452	200	7.82472145787	0.0	383025	310.547896659	0.2
2810.48664242	200	8.01417356121	0.0	383025	310.547896659	0.2
2810.79755797	200	8.20325800793	0.0	383025	310.915553273	0.2
2811.11577511	200	8.38504087209	0.0	383025	318.217135843	0.2
2811.43399224	200	8.56682373625	0.0	383025	318.217135843	0.2
2811.75220938	200	8.7486066004	0.0	383025	318.217135843	0.2
2812.07042652	200	8.93038946456	0.0	383025	318.217135843	0.2
2812.38864365	200	9.11217232872	0.0	383025	318.217135843	0.2
2812.70900249	200	9.29181349018	0.0	383025	320.358838534	0.2
2813.03507073	200	9.46574524564	0.0	383025	326.068244541	0.2
2813.36113898	200	9.6396770011	0.0	383025	326.068244541	0.2
2813.68720722	200	9.81360875656	0.0	383025	326.068244541	0.2
2814.01327547	200	9.98754051202	0.0	383025	326.068244541	0.2
2814.83934371	200	9.66147226748	0.0	383025	326.068244541	0.2
2815.16541196	200	9.83540402294	0.0	383025	326.068244541	0.2
2815.99076849	200	9.51004748632	0.0	383025	325.356536619	0.2
2816.31397836	200	9.68683761925	0.0	383025	323.209867073	0.2
2816.63718823	200	9.86362775217	0.0	383025	323.209867073	0.2
2817.04801381	200	9.5404178851	0.0	383025	323.209867073	0.2
2817.37598997	200	9.71244172854	0.0	383025	327.976156555	0.2
2817.70396612	200	9.88446557199	0.0	383025	327.976156555	0.2
2818.53194228	200	9.55648941543	0.0	383025	327.976156555	0.2
2818.85991844	200	9.72851325888	0.0	383025	327.976156555	0.2
2819.18789459	200	9.90053710232	0.0	383025	327.976156555	0.2
2819.5613436	200	9.57256094577	0.0	383025	327.976156555	0.2
2819.89048897	200	9.74341557153	0.0	383025	329.145374239	0.2
2820.21963434	200	9.91427019729	0.0	383025	329.145374239	0.2
2821.04877972	200	9.58512482305	0.0	383025	329.145374239	0.2
2821.37792509	200	9.75597944881	0.0	383025	329.145374239	0.2
2821.70707047	200	9.92683407457	0.0	383025	329.145374239	0.2
2822.17656076	200	9.59768870033	0.0	383025	329.145374239	0.2
2822.49839302	200	9.7758564373	0.0	383025	321.832263031	0.2
2822.82022529	200	9.95402417427	0.0	383025	321.832263031	0.2
2823.64205755	200	9.63219191124	0.0	383025	321.832263031	0.2
2823.96388981	200	9.81035964821	0.0	383025	321.832263031	0.2
2824.28691661	200	9.98733284841	0.0	383025	323.026799798	0.2
2825.11215046	200	9.66209899997	0.0	383025	325.233848446	0.2
2825.43738431	200	9.83686515152	0.0	383025	325.233848446	0.2
2825.99902063	200	9.51163130307	0.0	383025	325.233848446	0.2
2826.31741948	200	9.69323244917	0.0	383025	318.398853903	0.2
2826.63581834	200	9.87483359527	0.0	383025	318.398853903	0.2
2827.45421719	200	9.55643474136	0.0	383025	318.398853903	0.2
2827.77261604	200	9.73803588746	0.0	383025	318.398853903	0.2
2828.08891755	200	9.92173438114	0.0	383025	316.301506324	0.2
2828.90507359	200	9.60557833904	0.0	383025	316.156042097	0.2
2829.22230442	200	9.7883475148	0.0	383025	317.230824238	0.2
2829.53960058	200	9.97105135446	0.0	383025	317.296160343	0.2
2830.35689674	200	9.65375519412	0.0	383025	317.296160343	0.2
2830.67405363	200	9.836598302	0.0	383025	317.156892115	0.2
2831.49118618	200	9.51946575311	0.0	383025	317.132548891	0.2
2831.80831873	200	9.70233320422	0.0	383025	317.132548891	0.2
2832.12545128	200	9.88520065533	0.0	383025	317.132548891	0.2
2832.94210527	200	9.56854666366	0.0	383025	316.653991664	0.2
2833.25859867	200	9.75205325634	0.0	383025	316.493407321	0.2
2833.57509208	200	9.93555984902	0.0	383025	316.493407321	0.2
2834.17055275	200	9.6190664417	0.0	383025	316.493407321	0.2
2834.48610869	200	9.80351050165	0.0	383025	315.555940052	0.2
2834.80166463	200	9.9879545616	0.0	383025	315.555940052	0.2
2835.20285552	200	9.67239862154	0.0	383025	315.555940052	0.2
2835.51846961	200	9.85678453746	0.0	383025	315.614084084	0.2
2836.33408369	200	9.54117045338	0.0	383025	315.614084084	0.2
2836.64969778	200	9.72555636929	0.0	383025	315.614084084	0.2
2836.9642263	200	9.91102784964	0.0	383025	314.528519655	0.2
2837.2889326	200	9.59717760896	0.0	383025	313.850240676	0.2
2837.60728861	200	9.77882159324	0.0	383025	318.356015727	0.2
2837.92564463	200	9.96046557751	0.0	383025	318.356015727	0.2
2838.74400064	200	9.64210956178	0.0	383025	318.356015727	0.2
2839.06235666	200	9.82375354605	0.0	383025	318.356015727	0.2
2839.88064206	200	9.5054681487	0.0	383025	318.28539735	0.2
2840.1972748	200	9.68883540766	0.0	383025	316.632741039	0.2
2840.51390754	200	9.87220266662	0.0	383025	316.632741039	0.2

