5122.60996328	400	0.5	0.156515739717	181435	156.515739717	-2.73031479433
5123.00074269	1000	0.609220584428	0.0	471531	390.779415572	0.4
5123.40033316	1000	0.709630116765	0.0	482442	399.590467663	1.0
5123.80773899	1000	0.802224291928	0.0	492120	407.405824837	1.0
5124.21514481	1000	0.89481846709	0.0	492120	407.405824837	1.0
5124.62098078	1000	0.988982497011	0.0	490176	405.835970079	1.0
5125.04696809	1000	1.06299518539	0.0	513389	425.987311618	1.0
5125.45972849	1000	1.15023479053	0.0	497055	412.760394864	1.0
5125.89109646	1000	1.21886681762	0.0	520019	431.367972914	1.0
5126.34778286	1000	1.26218041656	0.0	551265	456.686401052	1.0
5126.81019561	1000	1.29976767193	0.0	558332	462.412744636	1.0
5127.25529886	1000	1.35466441529	0.0	536970	445.103256642	1.0
5127.70040212	1000	1.40956115864	0.0	536970	445.103256642	1.0
5128.14500272	1000	1.46496055999	0.0	536970	444.600598654	1.0
5128.58948475	1000	1.52047853126	0.0	536970	444.482028725	1.0
5129.03396678	1000	1.57599650254	0.0	536970	444.482028725	1.0
5129.49176234	1000	1.61820094177	0.0	553424	457.795560767	1.0
5129.92752509	1000	1.68243819234	0.0	522960	435.762749426	1.0
5130.364906	1000	1.74505728353	0.0	522960	437.38090881	1.0
5130.80991987	1000	1.8000434053	0.0	532300	445.013878231	1.0
5131.23099205	1000	1.87897122645	0.0	503004	421.072178857	1.0
5131.63472088	1000	1.97524239631	0.0	481782	403.728830137	1.0
5132.03844971	1000	2.07151356617	0.0	481782	403.728830137	1.0
5132.36105497	200	2.24890831128	0.0	383025	322.605254893	-0.6
5132.68359039	200	2.4263728905	0.0	383025	322.535420781	0.2
5133.00612581	200	2.60383746972	0.0	383025	322.535420781	0.2
5133.32866123	200	2.78130204894	0.0	383025	322.535420781	0.2
5133.65119665	200	2.95876662816	0.0	383025	322.535420781	0.2
5133.97373207	200	3.13623120737	0.0	383025	322.535420781	0.2
5134.29626749	200	3.31369578659	0.0	383025	322.535420781	0.2
5134.61880291	200	3.49116036581	0.0	383025	322.535420781	0.2
5134.94133833	200	3.66862494503	0.0	383025	322.535420781	0.2
5135.26484285	200	3.84512043101	0.0	383025	323.504514019	0.2
5135.5895351	200	4.02042817807	0.0	383025	324.692252944	0.2
5135.91422735	200	4.19573592512	0.0	383025	324.692252944	0.2
5136.23891961	200	4.37104367218	0.0	383025	324.692252944	0.2
5136.56361186	200	4.54635141924	0.0	383025	324.692252944	0.2
5136.88830411	200	4.72165916629	0.0	383025	324.692252944	0.2
5137.21299637	200	4.89696691335	0.0	383025	324.692252944	0.2
5137.53768862	200	5.07227466041	0.0	383025	324.692252944	0.2
5137.86238087	200	5.24758240746	0.0	383025	324.692252944	0.2
5138.18707312	200	5.42289015452	0.0	383025	324.692252944	0.2
5138.51176538	200	5.59819790157	0.0	383025	324.692252944	0.2
5138.83482772	200	5.77513556336	0.0	383025	323.062338217	0.2
5139.15740927	200	5.9525540114	0.0	383025	322.581551961	0.2
5139.47999082	200	6.12997245943	0.0	383025	322.581551961	0.2
5139.80257237	200	6.30739090747	0.0	383025	322.581551961	0.2
5140.12515392	200	6.48480935551	0.0	383025	322.581551961	0.2
5140.44773548	200	6.66222780355	0.0	383025	322.581551961	0.2
5140.77031703	200	6.83964625159	0.0	383025	322.581551961	0.2
5141.09289858	200	7.01706469963	0.0	383025	322.581551961	0.2
5141.41548013	200	7.19448314767	0.0	383025	322.581551961	0.2
5141.74073433	200	7.36922894541	0.0	383025	325.25420226	0.2
5142.06839091	200	7.54157236938	0.0	383025	327.656576029	0.2
5142.39604749	200	7.71391579335	0.0	383025	327.656576029	0.2
5142.72370406	200	7.88625921732	0.0	383025	327.656576029	0.2
5143.05136064	200	8.05860264129	0.0	383025	327.656576029	0.2
5143.37901721	200	8.23094606526	0.0	383025	327.656576029	0.2
5143.70667379	200	8.40328948924	0.0	383025	327.656576029	0.2
5144.03433037	200	8.57563291321	0.0	383025	327.656576029	0.2
5144.36198694	200	8.74797633718	0.0	383025	327.656576029	0.2
5144.68964352	200	8.92031976115	0.0	383025	327.656576029	0.2
5145.01718417	200	9.09277911399	0.0	383025	327.54064716	0.2
5145.33528184	200	9.27468144367	0.0	383025	318.097670315	0.2
5145.65337951	200	9.45658377336	0.0	383025	318.097670315	0.2
5145.97147718	200	9.63848610304	0.0	383025	318.097670315	0.2
5146.28957485	200	9.82038843273	0.0	383025	318.097670315	0.2
5147.10767252	200	9.50229076241	0.0	383025	318.097670315	0.2
5147.42575252	200	9.68421075643	0.0	383025	318.080005988	0.2
5147.74150706	200	9.86845621853	0.0	383025	315.754537898	0.2
5148.5572616	200	9.55270168063	0.0	383025	315.754537898	0.2
5148.87301614	200	9.73694714273	0.0	383025	315.754537898	0.2
5149.18877067	200	9.92119260483	0.0	383025	315.754537898	0.2
5150.00363523	200	9.60632805093	0.0	383025	314.864553907	0.2
5150.31669761	200	9.79326566787	0.0	383025	313.062383053	0.2
5150.62975999	200	9.98020328482	0.0	383025	313.062383053	0.2
5151.10219727	200	9.66714090177	0.0	383025	313.062383053	0.2
5151.4140655	200	9.8552726724	0.0	383025	311.868229369	0.2
5152.22593373	200	9.54340444303	0.0	383025	311.868229369	0.2
5152.53773985	200	9.73159832404	0.0	383025	311.806118989	0.2
5152.84944501	200	9.91989315978	0.0	383025	311.70516426	0.2
5153.66115018	200	9.60818799552	0.0	383025	311.70516426	0.2
5153.97285534	200	9.79648283126	0.0	383025	311.70516426	0.2
5154.28312541	200	9.9862127659	0.0	383025	310.270065359	0.2
5155.09011087	200	9.67922730832	0.0	383025	306.985457583	0.2
5155.39709632	200	9.87224185073	0.0	383025	306.985457583	0.2
5156.20525595	200	9.56408222892	0.0	383025	308.159621811	0.2
5156.51427755	200	9.75506062201	0.0	383025	309.02160691	0.2
5156.82329916	200	9.9460390151	0.0	383025	309.02160691	0.2
5157.63242653	200	9.63691164366	0.0	383025	309.127371448	0.2
5157.94197968	200	9.82735849492	0.0	383025	309.553148732	0.2
5158.7514817	200	9.51785647054	0.0	383025	309.50202438	0.2
5159.05927666	200	9.7100615119	0.0	383025	307.794958637	0.2
5159.36707162	200	9.90226655327	0.0	383025	307.794958637	0.2
5159.97691078	200	9.59447159463	0.0	383025	307.794958637	0.2
5160.28760126	200	9.78378111584	0.0	383025	310.690478786	0.2
5160.59829174	200	9.97309063706	0.0	383025	310.690478786	0.2
5161.40828826	200	9.66309411301	0.0	383025	309.996524049	0.2
5161.71753084	200	9.85385153985	0.0	383025	309.242573156	0.2
5162.48868009	200	9.5446089667	0.0	383025	309.242573156	0.2
5162.80106993	200	9.73221912839	0.0	383025	312.389838311	0.2
5163.11345976	200	9.91982929008	0.0	383025	312.389838311	0.2
5163.57492577	200	9.60743945176	0.0	383025	312.389838311	0.2
5163.89088223	200	9.79148299263	0.0	383025	315.956459137	0.2
5164.20683868	200	9.97552653349	0.0	383025	315.956459137	0.2
5165.02279514	200	9.65957007435	0.0	383025	315.956459137	0.2
5165.3387516	200	9.84361361522	0.0	383025	315.956459137	0.2
5166.12356672	200	9.52765715608	0.0	383025	315.956459137	0.2
5166.4370923	200	9.71413157807	0.0	383025	313.525578012	0.2
5166.75061788	200	9.90060600006	0.0	383025	313.525578012	0.2
5167.17357863	200	9.58708042204	0.0	383025	313.525578012	0.2
5167.48349187	200	9.77716717979	0.0	383025	309.913242255	0.2
5167.79340512	200	9.96725393753	0.0	383025	309.913242255	0.2
5168.60331836	200	9.65734069528	0.0	383025	309.913242255	0.2
5168.91954656	200	9.84111249192	0.0	383025	316.22820336	0.2
5169.73649817	200	9.52416088608	0.0	383025	316.951605839	0.2
5170.05414645	200	9.70651260695	0.0	383025	317.648279123	0.2
5170.37325144	200	9.88740761524	0.0	383025	319.104991714	0.2
5171.19235643	200	9.56830262353	0.0	383025	319.104991714	0.2
5171.51146142	200	9.74919763181	0.0	383025	319.104991714	0.2

