0.138742942412	400	0.5	0.138742942412	181435	138.742942412	-2.37485884824
0.483332676357	1000	0.655410266055	0.0	471531	344.589733945	0.4
0.842306799746	1000	0.796436142666	0.0	482442	358.974123388	1.0
1.21468191979	1000	0.924061022617	0.0	492120	372.375120049	1.0
1.58876785232	1000	1.04997509009	0.0	492120	374.08593253	1.0
1.96238538498	1000	1.17635755743	0.0	490176	373.617532657	1.0
2.35354419466	1000	1.28519874775	0.0	513389	391.158809679	1.0
2.73237776471	1000	1.4063651777	0.0	497055	378.833570054	1.0
3.13238741378	1000	1.50635552863	0.0	520019	400.00964907	1.0
3.55468086182	1000	1.58406208059	0.0	551265	422.293448033	1.0
3.99323160843	1000	1.64551133398	0.0	558332	438.550746617	1.0
4.42308413918	1000	1.71565880324	0.0	536970	429.852530742	1.0
4.85302017108	1000	1.78572277133	0.0	536970	429.936031905	1.0
5.27733392032	1000	1.86140902209	0.0	536970	424.313749239	1.0
5.69687706996	1000	1.94186587245	0.0	536970	419.543149639	1.0
6.11064035988	1000	2.02810258253	0.0	536970	413.763289925	1.0
6.40353528415	200	2.23520765826	0.0	383025	292.89492427	-0.6
6.69685561306	200	2.44188732935	0.0	383025	293.320328904	0.2
6.99148776083	200	2.64725518158	0.0	383025	294.632147774	0.2
7.28737338351	200	2.8513695589	0.0	383025	295.885622674	0.2
7.58285908772	200	3.05588385469	0.0	383025	295.485704214	0.2
7.87585235028	200	3.26289059213	0.0	383025	292.993262561	0.2
8.16666217506	200	3.47208076735	0.0	383025	290.809824778	0.2
8.4543890263	200	3.68435391612	0.0	383025	287.726851237	0.2
8.74178757414	200	3.89695536827	0.0	383025	287.398547841	0.2
9.02871622751	200	4.1100267149	0.0	383025	286.928653377	0.2
9.31497099781	200	4.3237719446	0.0	383025	286.254770293	0.2
9.60188748308	200	4.53685545933	0.0	383025	286.916485272	0.2
9.8879976028	200	4.75074533962	0.0	383025	286.110119717	0.2
10.1753111502	200	4.9634317922	0.0	383025	287.313547417	0.2
10.4637270354	200	5.17501590701	0.0	383025	288.415885186	0.2
10.7521025579	200	5.38664038455	0.0	383025	288.375522465	0.2
11.0399050093	200	5.5988379331	0.0	383025	287.802451448	0.2
11.3270322529	200	5.81171068952	0.0	383025	287.127243577	0.2
11.6130755535	200	6.02566738889	0.0	383025	286.04330063	0.2
11.899533534	200	6.23920940837	0.0	383025	286.45798052	0.2
12.2012811755	200	6.43746176695	0.0	383025	301.74764142	0.2
12.5241809754	200	6.61456196703	0.0	383025	322.899799924	0.2
12.8465740336	200	6.79216890879	0.0	383025	322.393058234	0.2
13.1685784266	200	6.97016451577	0.0	383025	322.004393026	0.2
13.4890351156	200	7.14970782677	0.0	383025	320.456688994	0.2
13.8091780794	200	7.32956486296	0.0	383025	320.14296381	0.2
14.1290660024	200	7.50967694003	0.0	383025	319.887922933	0.2
14.4251230123	200	7.71361993012	0.0	383025	296.057009915	0.2
14.7168746654	200	7.92186827698	0.0	383025	291.75165314	0.2
15.0092535819	200	8.1294893605	0.0	383025	292.378916481	0.2
15.3027856662	200	8.33595727621	0.0	383025	293.532084285	0.2
15.5969879241	200	8.54175501834	0.0	383025	294.202257867	0.2
15.8915933308	200	8.74714961162	0.0	383025	294.605406721	0.2
16.1929765279	200	8.94576641448	0.0	383025	301.383197139	0.2
16.4981501949	200	9.14059274753	0.0	383025	305.173666951	0.2
16.8103306035	200	9.32841233893	0.0	383025	312.180408606	0.2
17.1209768856	200	9.51776605686	0.0	383025	310.646282066	0.2
17.4306547391	200	9.70808820336	0.0	383025	309.677853504	0.2
17.7346580408	200	9.90408490163	0.0	383025	304.003301729	0.2
18.2171114533	200	9.60018723961	0.0	383025	303.897662012	0.2
18.5126542508	200	9.80464444211	0.0	383025	295.542797504	0.2
19.1993213816	200	9.50836020317	0.0	383025	296.284238944	0.2
19.50453233	200	9.70314925477	0.0	383025	305.210948399	0.2
19.8135793332	200	9.89410225159	0.0	383025	309.047003177	0.2
20.4872593968	200	9.57458261287	0.0	383025	319.519638718	0.2
20.8038118165	200	9.75803019324	0.0	383025	316.552419636	0.2
21.113792073	200	9.94804993674	0.0	383025	309.980256497	0.2
21.7404186538	200	9.64008316821	0.0	383025	307.96676853	0.2
22.0567703604	200	9.82373146163	0.0	383025	316.351706578	0.2
22.8073545173	200	9.50594514261	0.0	383025	317.786319021	0.2
23.1325835498	200	9.68071611009	0.0	383025	325.229032525	0.2
23.4566373011	200	9.85666235883	0.0	383025	324.053751253	0.2
24.1537913401	200	9.55412563113	0.0	383025	302.536727704	0.2
24.4558867753	200	9.75203019587	0.0	383025	302.095435258	0.2
24.7616137306	200	9.94630324055	0.0	383025	305.726955316	0.2
25.3165762608	200	9.63504184542	0.0	383025	311.26139513	0.2
25.6373332987	200	9.81428480757	0.0	383025	320.757037855	0.2
25.9595412445	200	9.99207686174	0.0	383025	322.207945824	0.2
26.7821158223	200	9.6691227181	0.0	383025	322.954143643	0.2
27.1032692895	200	9.84796925085	0.0	383025	321.153467251	0.2
27.7762002853	200	9.52689059398	0.0	383025	321.078656872	0.2
28.0972376389	200	9.7058532404	0.0	383025	321.037353574	0.2
28.4182749925	200	9.88481588683	0.0	383025	321.037353574	0.2
29.1142768983	200	9.56377853326	0.0	383025	321.037353574	0.2
29.4357933638	200	9.74226206782	0.0	383025	321.516465439	0.2
29.7565810978	200	9.92147433377	0.0	383025	320.787734044	0.2
30.2806233533	200	9.60808750557	0.0	383025	313.3868282	0.2
30.5835813143	200	9.80512954461	0.0	383025	302.95796096	0.2
31.2046504276	200	9.50640178699	0.0	383025	298.727757626	0.2
31.4971286994	200	9.71392351525	0.0	383025	292.478271735	0.2
31.7894755016	200	9.92157671303	0.0	383025	292.346802226	0.2
32.1512176248	200	9.62928879474	0.0	383025	292.287918287	0.2
32.466620812	200	9.81388560747	0.0	383025	315.403187268	0.2
32.7857535461	200	9.99475287337	0.0	383025	319.132734101	0.2
33.6081311021	200	9.67237531742	0.0	383025	322.377555955	0.2
33.9217953664	200	9.85871105311	0.0	383025	313.664264307	0.2
34.7483191746	200	9.53218724491	0.0	383025	326.523808196	0.2
35.1223242084	200	9.65818221114	0.0	383025	374.005033775	0.2
35.522847392	200	9.75765902749	0.0	383025	400.523183644	0.2
35.9233705757	200	9.85713584385	0.0	383025	400.523183644	0.2
36.3274190586	200	9.95308736089	0.0	383025	404.04848296	0.2
37.2414221786	200	9.53908424095	0.0	383025	414.003119941	0.2
37.6554252985	200	9.62508112101	0.0	383025	414.003119941	0.2
38.0676335765	200	9.71287284299	0.0	383025	412.208278017	0.2
38.4733651911	200	9.80714122836	0.0	383025	405.731614634	0.2
38.8790968058	200	9.90140961372	0.0	383025	405.731614634	0.2
39.2848284204	200	9.99567799909	0.0	383025	405.731614634	0.2
40.2065002338	200	9.57400618573	0.0	383025	421.671813354	0.2
40.6308508025	200	9.64965561701	0.0	383025	424.350568725	0.2
41.0552013712	200	9.72530504828	0.0	383025	424.350568725	0.2
41.4795519399	200	9.80095447956	0.0	383025	424.350568725	0.2
41.9081222121	200	9.87238420742	0.0	383025	428.570272133	0.2
42.3370481739	200	9.9434582456	0.0	383025	428.925961826	0.2
43.2659741357	200	9.51453228377	0.0	383025	428.925961826	0.2
43.7067422995	200	9.57376411999	0.0	383025	440.768163787	0.2
44.1497166617	200	9.63078975776	0.0	383025	442.97436223	0.2
44.592691024	200	9.68781539553	0.0	383025	442.97436223	0.2
45.0356653862	200	9.7448410333	0.0	383025	442.97436223	0.2
45.4786397484	200	9.80186667107	0.0	383025	442.97436223	0.2
45.9216141107	200	9.85889230884	0.0	383025	442.97436223	0.2
46.3645884729	200	9.91591794661	0.0	383025	442.97436223	0.2
46.8075628351	200	9.97294358438	0.0	383025	442.97436223	0.2
47.7505371974	200	9.52996922215	0.0	383025	442.97436223	0.2
48.1841025558	200	9.59640386369	0.0	383025	433.565358454	0.2

