1177.8561705370296	400	0.5	0.15472833114692058	181435	154.728331147	-2.6945666229384115
1178.0132871428946	400	0.8428833941351149	0.0	184429	157.116605865	0.4
1178.2510937718375	600	1.1050767651921758	0.0	285584	237.806628943	0.39999999999999997
1178.57332838489	800	1.282842152139659	0.0	391425	322.234613053	0.6000000000000001
1178.8955629979425	800	1.4606075390871422	0.0	391425	322.234613053	0.8
1179.2965699946535	1000	1.5596005423760724	0.0	490176	401.006996711	0.8
1179.7237962401443	1000	1.6323742968852124	0.0	513389	427.226245491	1.0
1180.1433056322523	1000	1.7128649047773115	0.0	497055	419.509392108	1.0
1180.581734406884	1000	1.7744361301456135	0.0	520019	438.428774632	1.0
1181.045905866864	1000	1.8102646701656069	0.0	551265	464.17145998	1.0
1181.507874366645	1000	1.8482961703845942	0.0	558332	461.968499781	1.0
1181.9510339404046	1000	1.9051365966250398	0.0	536970	443.15957376	1.0
1182.3941935141643	1000	1.9619770228654854	0.0	536970	443.15957376	1.0
1182.837353087924	1000	2.018817449105931	0.0	536970	443.15957376	1.0
1183.1523858241005	200	2.203784712929346	0.0	383025	315.032736177	-0.6000000000000001
1183.4659440366843	200	2.3902265003456593	0.0	383025	313.558212584	0.2
1183.7795022492678	200	2.576668287761972	0.0	383025	313.558212584	0.2
1184.0930604618516	200	2.7631100751782856	0.0	383025	313.558212584	0.2
1184.4105356781718	200	2.9456348588581274	0.0	383025	317.47521632	0.2
1184.7317563788904	200	3.1244141581393206	0.0	383025	321.220700719	0.2
1185.0529770796093	200	3.303193457420514	0.0	383025	321.220700719	0.2
1185.374197780328	200	3.481972756701708	0.0	383025	321.220700719	0.2
1185.6954184810465	200	3.660752055982902	0.0	383025	321.220700719	0.2
1186.0166391817652	200	3.8395313552640955	0.0	383025	321.220700719	0.2
1186.337859882484	200	4.01831065454529	0.0	383025	321.220700719	0.2
1186.6521518802047	200	4.204018656824562	0.0	383025	314.291997721	0.2
1186.9661276994498	200	4.390042837579602	0.0	383025	313.975819245	0.2
1187.2801035186947	200	4.576067018334643	0.0	383025	313.975819245	0.2
1187.5906246735688	200	4.7655458634605905	0.0	383025	310.521154874	0.2
1187.8991491367362	200	4.95702140029286	0.0	383025	308.524463168	0.2
1188.207673599904	200	5.148496937125131	0.0	383025	308.524463168	0.2
1188.5189675748086	200	5.33720296222044	0.0	383025	311.293974905	0.2
1188.8346966036638	200	5.521473933365213	0.0	383025	315.729028855	0.2
1189.150425632519	200	5.705744904509986	0.0	383025	315.729028855	0.2
1189.4661546613743	200	5.89001587565476	0.0	383025	315.729028855	0.2
1189.7818836902293	200	6.0742868467995335	0.0	383025	315.729028855	0.2
1190.0890628912948	200	6.267107645734173	0.0	383025	307.179201065	0.2
1190.3907514080547	200	6.465419128974192	0.0	383025	301.68851676	0.2
1190.6924399248148	200	6.663730612214211	0.0	383025	301.68851676	0.2
1190.9947005882282	200	6.861469948800823	0.0	383025	302.260663413	0.2
1191.3037454495752	200	7.052425087453925	0.0	383025	309.044861347	0.2
1191.612790310922	200	7.2433802261070275	0.0	383025	309.044861347	0.2
1191.921835172269	200	7.43433536476013	0.0	383025	309.044861347	0.2
1192.2306898011009	200	7.625480735928191	0.0	383025	308.854628832	0.2
1192.5368080051414	200	7.819362531887773	0.0	383025	306.11820404	0.2
1192.8429262091818	200	8.013244327847355	0.0	383025	306.11820404	0.2
1193.1490444132223	200	8.207126123806937	0.0	383025	306.11820404	0.2
1193.4524879091116	200	8.40368262791752	0.0	383025	303.443495889	0.2
1193.7558145276023	200	8.60035600942667	0.0	383025	303.326618491	0.2
1194.0591411460932	200	8.79702939093582	0.0	383025	303.326618491	0.2
1194.36194520454	200	8.994225332489057	0.0	383025	302.804058447	0.2
1194.6631137181341	200	9.193056818894926	0.0	383025	301.168513594	0.2
1194.9642822317282	200	9.391888305300794	0.0	383025	301.168513594	0.2
1195.2655528288642	200	9.590617708164983	0.0	383025	301.270597136	0.2
1195.5741363553102	200	9.782034181718968	0.0	383025	308.583526446	0.2
1195.8827198817562	200	9.973450655272952	0.0	383025	308.583526446	0.2
1196.4011645724222	200	9.664867128826938	0.0	383025	308.583526446	0.2
1196.7117886286755	200	9.854243072573665	0.0	383025	310.624056253	0.2
1197.2935219997555	200	9.543619016320392	0.0	383025	310.624056253	0.2
1197.6065367813385	200	9.730604234737182	0.0	383025	313.014781583	0.2
1197.9195515629217	200	9.917589453153973	0.0	383025	313.014781583	0.2
1198.6027200612807	200	9.604574671570763	0.0	383025	313.014781583	0.2
1198.9309207593753	200	9.776373973476158	0.0	383025	328.200698095	0.2
1199.2591214574702	200	9.948173275381555	0.0	383025	328.200698095	0.2
1200.0873221555648	200	9.61997257728695	0.0	383025	328.200698095	0.2
1200.4060594988807	200	9.801235233971052	0.0	383025	318.7373433158964	0.2
1200.720754212607	200	9.986540520244551	0.0	383025	314.694713727	0.2
1201.0383314986625	200	9.67184580651805	0.0	383025	314.694713727	0.2
1201.3692632676423	200	9.84091403753809	0.0	383025	330.93176898	0.2
1202.2001950366223	200	9.509982268558131	0.0	383025	330.93176898	0.2
1202.531126805602	200	9.679050499578173	0.0	383025	330.93176898	0.2
1202.8595159427646	200	9.85066136241586	0.0	383025	328.38913716231235	0.2
1203.659781728183	200	9.550395576997508	0.0	383025	300.265785418	0.2
1203.9620145799036	200	9.748162725276789	0.0	383025	302.23285172071945	0.2
1204.2690295542934	200	9.941147750886845	0.0	383025	307.01497439	0.2
1205.0266401405333	200	9.634132776496902	0.0	383025	307.01497439	0.2
1205.32557136114	200	9.835201555890512	0.0	383025	298.931220606	0.2
1206.1232450190464	200	9.537527897984097	0.0	383025	297.67365790641406	0.2
1206.4269635046717	200	9.733809412358898	0.0	383025	303.71848562519943	0.2
1206.736792662756	200	9.923980254274374	0.0	383025	309.829158085	0.2
1207.5466218208405	200	9.61415109618985	0.0	383025	309.829158085	0.2
1207.8588984437658	200	9.801874473264409	0.0	383025	312.27662292544363	0.2
1208.1715455866945	200	9.989227330335888	0.0	383025	312.647142929	0.2
1208.6123408828628	200	9.67658018740737	0.0	383025	312.647142929	0.2
1208.9375696541017	200	9.851351416168272	0.0	383025	325.228771239	0.2
1209.7627984253409	200	9.526122644929176	0.0	383025	325.228771239	0.2
1210.0880271965798	200	9.700893873690077	0.0	383025	325.228771239	0.2
1210.4099953593986	200	9.878925710871238	0.0	383025	321.9681628188402	0.2
1210.8264905225467	200	9.568579482335096	0.0	383025	310.346228536	0.2
1211.1500061608588	200	9.745063844023097	0.0	383025	323.515638312	0.2
1211.4735217991708	200	9.921548205711098	0.0	383025	323.515638312	0.2
1212.297037437483	200	9.598032567399098	0.0	383025	323.515638312	0.2
1212.620553075795	200	9.774516929087097	0.0	383025	323.515638312	0.2
1212.9434416932552	200	9.951628311627003	0.0	383025	322.8886174600954	0.2
1213.7660786679564	200	9.628991336925873	0.0	383025	322.636974701	0.2
1214.0887156426577	200	9.806354362224745	0.0	383025	322.636974701	0.2
1214.4113526173587	200	9.983717387523617	0.0	383025	322.636974701	0.2
1215.240610117701	200	9.654459887181469	0.0	383025	329.2575003421475	0.2
1215.5799867100247	200	9.815083294857589	0.0	383025	339.376592324	0.2
1215.9193633023488	200	9.975706702533707	0.0	383025	339.376592324	0.2
1216.7587398946725	200	9.636330110209826	0.0	383025	339.376592324	0.2
1217.0981164869963	200	9.796953517885946	0.0	383025	339.376592324	0.2
1217.4374930793203	200	9.957576925562066	0.0	383025	339.376592324	0.2
1217.873397812653	200	9.618200333238185	0.0	383025	339.376592324	0.2
1218.1951616626645	200	9.796436483226513	0.0	383025	321.763850012	0.2
1218.5169255126762	200	9.97467263321484	0.0	383025	321.763850012	0.2
1218.9705089583315	200	9.65290878320317	0.0	383025	321.763850012	0.2
1219.294941421257	200	9.828476320277955	0.0	383025	324.432462925	0.2
1220.119373884182	200	9.504043857352743	0.0	383025	324.432462925	0.2
1220.4438063471075	200	9.67961139442753	0.0	383025	324.432462925	0.2
1220.7693575207657	200	9.854060220769373	0.0	383025	325.55117365815653	0.2
1221.5996969825974	200	9.523720758937515	0.0	383025	330.339461832	0.2
1221.9300364444293	200	9.693381297105654	0.0	383025	330.339461832	0.2
1222.260375906261	200	9.863041835273794	0.0	383025	330.339461832	0.2
1222.722741411598	200	9.532702373441934	0.0	383025	330.339461832	0.2
1223.047608727406	200	9.707835057633769	0.0	383025	324.867315808	0.2
1223.3724760432142	200	9.882967741825603	0.0	383025	324.867315808	0.2
1224.1973433590222	200	9.558100426017438	0.0	383025	324.867315808	0.2
1224.5222106748301	200	9.733233110209271	0.0	383025	324.867315808	0.2
1224.8470639460331	200	9.908379839006326	0.0	383025	324.8532712029462	0.2

