1585.55488553	400	0.5	0.15673374455	181435	156.73374455	-2.73467489099
1585.94623152	1000	0.608654012174	0.0	471531	391.345987826	0.4
1586.34640167	1000	0.708483862048	0.0	482442	400.170150126	1.0
1586.75943594	1000	0.795449593476	0.0	492120	413.034268571	1.0
1587.17715328	1000	0.877732252382	0.0	492120	417.717341095	1.0
1587.60432496	1000	0.950560572999	0.0	490176	427.171679383	1.0
1588.05677071	1000	0.998114820322	0.0	513389	452.445752677	1.0
1588.4951396	1000	1.05974593514	0.0	497055	438.368885186	1.0
1588.95366516	1000	1.10122037847	0.0	520019	458.525556669	1.0
1589.43956112	1000	1.11532441243	0.0	551265	485.895966038	1.0
1589.93155789	1000	1.1233276477	0.0	558332	491.996764732	1.0
1590.39479348	1000	1.1600920553	0.0	536970	463.235592395	1.0
1590.85714458	1000	1.19774094963	0.0	536970	462.351105674	1.0
1591.31949569	1000	1.23538984395	0.0	536970	462.351105674	1.0
1591.78849572	1000	1.26638980961	0.0	536970	469.000034347	1.0
1592.26144853	1000	1.29343699902	0.0	536970	472.952810589	1.0
1592.73303268	1000	1.32185285668	0.0	553424	471.584142342	1.0
1593.1679738	1000	1.38691173298	0.0	522960	434.941123694	1.0
1593.58893065	1000	1.46595488226	0.0	522960	420.956850719	1.0
1594.01441142	1000	1.54047411194	0.0	532300	425.480770328	1.0
1594.40903612	1000	1.6458494177	0.0	503004	394.624694232	1.0
1594.78872666	1000	1.76615887235	0.0	481782	379.690545355	1.0
1595.18678403	1000	1.86810150756	0.0	481782	398.057364791	1.0
1595.60801455	1000	1.94687098481	0.0	510552	421.230522744	1.0
1596.05076244	1000	2.00412309803	0.0	536970	442.747886788	1.0
1596.36946238	200	2.18542315192	0.0	383025	318.699946109	-0.6
1596.68881269	200	2.36607284077	0.0	383025	319.35031115	0.2
1597.00820492	200	2.54668061752	0.0	383025	319.392223249	0.2
1597.32759714	200	2.72728839427	0.0	383025	319.392223249	0.2
1597.64829268	200	2.90659285475	0.0	383025	320.695539522	0.2
1597.96903425	200	3.08585128402	0.0	383025	320.741570727	0.2
1598.28950575	200	3.26537978828	0.0	383025	320.471495744	0.2
1598.60907559	200	3.44580994055	0.0	383025	319.569847731	0.2
1598.92864544	200	3.62624009282	0.0	383025	319.569847731	0.2
1599.24508021	200	3.80980531869	0.0	383025	316.43477413	0.2
1599.55583222	200	3.99905331779	0.0	383025	310.752000899	0.2
1599.86539901	200	4.18948652577	0.0	383025	309.566792018	0.2
1600.1687912	200	4.38609433747	0.0	383025	303.392188298	0.2
1600.47218338	200	4.58270214918	0.0	383025	303.392188298	0.2
1600.77860877	200	4.77627676384	0.0	383025	306.425385338	0.2
1601.08574918	200	4.96913635647	0.0	383025	307.140407365	0.2
1601.39886535	200	5.15602017944	0.0	383025	313.116177032	0.2
1601.71561745	200	5.33926808787	0.0	383025	316.752091567	0.2
1602.03236954	200	5.52251599631	0.0	383025	316.752091567	0.2
1602.35321595	200	5.70166958481	0.0	383025	320.846411494	0.2
1602.67414102	200	5.88074451232	0.0	383025	320.92507249	0.2
1602.99340142	200	6.0614841103	0.0	383025	319.260402028	0.2
1603.31245737	200	6.24242816337	0.0	383025	319.055946927	0.2
1603.63151332	200	6.42337221644	0.0	383025	319.055946927	0.2
1603.95390143	200	6.60098410247	0.0	383025	322.388113972	0.2
1604.27660384	200	6.77828168865	0.0	383025	322.702413817	0.2
1604.607788	200	6.94709753825	0.0	383025	331.1841504	0.2
1604.93929738	200	7.11558815433	0.0	383025	331.509383919	0.2
1605.26929334	200	7.2855921896	0.0	383025	329.995964735	0.2
1605.59555122	200	7.45933431564	0.0	383025	326.257873962	0.2
1605.92180909	200	7.63307644168	0.0	383025	326.257873962	0.2
1606.24622284	200	7.80866268943	0.0	383025	324.413752242	0.2
1606.5659944	200	7.98889113298	0.0	383025	319.771556457	0.2
1606.88576596	200	8.16911957652	0.0	383025	319.771556457	0.2
1607.2018086	200	8.35307693674	0.0	383025	316.042639776	0.2
1607.50665349	200	8.54823204126	0.0	383025	304.844895488	0.2
1607.81149839	200	8.74338714577	0.0	383025	304.844895488	0.2
1608.11135746	200	8.94352807639	0.0	383025	299.859069374	0.2
1608.41091806	200	9.14396747287	0.0	383025	299.560603526	0.2
1608.7040828	200	9.35080273835	0.0	383025	293.164734518	0.2
1609.01110631	200	9.54377922708	0.0	383025	307.023511273	0.2
1609.34378323	200	9.71110230544	0.0	383025	332.676921634	0.2
1609.67646015	200	9.87842538381	0.0	383025	332.676921634	0.2
1610.42012236	200	9.54574846217	0.0	383025	332.676921634	0.2
1610.76676759	200	9.69910323071	0.0	383025	346.645231466	0.2
1611.11341283	200	9.85245799924	0.0	383025	346.645231466	0.2
1611.8209791	200	9.50581276778	0.0	383025	346.645231466	0.2
1612.16678897	200	9.66000290301	0.0	383025	345.809864763	0.2
1612.51259883	200	9.81419303825	0.0	383025	345.809864763	0.2
1612.85428378	200	9.97250809048	0.0	383025	341.684947773	0.2
1613.21877254	200	9.64237652076	0.0	383025	330.131569715	0.2
1613.54505633	200	9.81609273782	0.0	383025	326.283782947	0.2
1613.87134011	200	9.98980895487	0.0	383025	326.283782947	0.2
1614.69706345	200	9.6640856154	0.0	383025	325.723339465	0.2
1615.01773397	200	9.84341509078	0.0	383025	320.670524627	0.2
1615.83237769	200	9.52877137363	0.0	383025	314.643717145	0.2
1616.14456613	200	9.71658293323	0.0	383025	312.188440401	0.2
1616.45569168	200	9.90545738485	0.0	383025	311.125548385	0.2
1617.265799	200	9.59535006913	0.0	383025	310.107315719	0.2
1617.57459365	200	9.78655541393	0.0	383025	308.794655197	0.2
1617.88380658	200	9.97734248746	0.0	383025	309.212926473	0.2
1618.69356772	200	9.6675813448	0.0	383025	309.761142657	0.2
1619.01051042	200	9.85063864922	0.0	383025	316.942695582	0.2
1619.41082665	200	9.5285281534	0.0	383025	322.110495815	0.2
1619.73203305	200	9.707321763	0.0	383025	321.206390407	0.2
1620.05323944	200	9.88611537259	0.0	383025	321.206390407	0.2
1620.8698899	200	9.56946490992	0.0	383025	316.650462666	0.2
1621.18683946	200	9.75251534984	0.0	383025	316.949560082	0.2
1621.5051614	200	9.93419340777	0.0	383025	318.32194207	0.2
1622.28434575	200	9.6158714657	0.0	383025	318.32194207	0.2
1622.60995513	200	9.7902620841	0.0	383025	325.609381597	0.2
1622.9361198	200	9.9640974071	0.0	383025	326.164677005	0.2
1623.32213746	200	9.63740673693	0.0	383025	326.690670169	0.2
1623.64003307	200	9.81951112777	0.0	383025	317.895609159	0.2
1624.34304693	200	9.50161551861	0.0	383025	317.895609159	0.2
1624.67158216	200	9.67308028638	0.0	383025	328.535232229	0.2
1625.00011739	200	9.84454505415	0.0	383025	328.535232229	0.2
1625.31976082	200	9.52581773421	0.0	383025	318.727319942	0.2
1625.62693832	200	9.71864023475	0.0	383025	307.177499461	0.2
1625.93411581	200	9.91146273529	0.0	383025	307.177499461	0.2
1626.29031075	200	9.60600074498	0.0	383025	305.461990305	0.2
1626.59296911	200	9.8033423811	0.0	383025	302.658363885	0.2
1627.35167732	200	9.50068401721	0.0	383025	302.658363885	0.2
1627.66465338	200	9.68770795391	0.0	383025	312.976063305	0.2
1627.97880946	200	9.87355187905	0.0	383025	314.156074854	0.2
1628.70030355	200	9.5593958042	0.0	383025	314.156074854	0.2
1629.01876475	200	9.7409346037	0.0	383025	318.461200499	0.2
1629.34854315	200	9.91115620192	0.0	383025	329.778401783	0.2
1629.74217592	200	9.57712864875	0.0	383025	334.027553173	0.2
1630.08059169	200	9.73871288532	0.0	383025	338.415763427	0.2
1630.41900745	200	9.90029712189	0.0	383025	338.415763427	0.2
1630.98227555	200	9.56188135846	0.0	383025	338.415763427	0.2
1631.30456266	200	9.73959424821	0.0	383025	322.287110256	0.2
1631.62684977	200	9.91730713795	0.0	383025	322.287110256	0.2
1631.96542506	200	9.58773284836	0.0	383025	329.574289596	0.2

