3859.7498527940406	400	0.5	0.16761226321986883	181435	167.61226322	-2.952245264397377
3859.9200659397584	400	0.8297868542818244	0.0	184429	170.213145718	0.4
3860.1781522548545	600	1.0717005391861538	0.0	285584	258.086315096	0.39999999999999997
3860.52818245923	800	1.2216703348108282	0.0	391425	350.030204375	0.6000000000000001
3860.8782126636047	800	1.3716401304355028	0.0	391425	350.030204375	0.8
3861.2325185705945	800	1.517334223446036	0.0	389889	354.305906989	0.8
3861.7070774077065	1000	1.542775386333893	0.0	513389	474.558837112	0.8
3862.1668558267625	1000	1.582996967277824	0.0	497055	459.778419056	1.0
3862.647414062167	1000	1.6024387318730537	0.0	520019	480.558235405	1.0
3863.15624638491	1000	1.5936064091302105	0.0	551265	508.832322743	1.0
3863.6714735413984	1000	1.5783792526416667	0.0	558332	515.227156489	1.0
3864.165932180827	1000	1.5839206132131367	0.0	536970	494.458639429	1.0
3864.6536195775075	1000	1.5962332165325972	0.0	536970	487.687396681	1.0
3865.141306974188	1000	1.6085458198520577	0.0	536970	487.687396681	1.0
3865.6289943708684	1000	1.6208584231715184	0.0	536970	487.687396681	1.0
3866.116681767549	1000	1.633171026490979	0.0	536970	487.687396681	1.0
3866.6190066084537	1000	1.6308461855864016	0.0	553424	502.324840905	1.0
3867.091216965773	1000	1.6586358282670353	0.0	522960	472.210357319	1.0
3867.559138220811	1000	1.6907145732292328	0.0	522960	467.921255038	1.0
3868.035237892022	1000	1.7146149020180077	0.0	532300	476.099671211	1.0
3868.485685006465	1000	1.764167787575154	0.0	503004	450.447114443	1.0
3868.9175494283986	1000	1.8323033656411198	0.0	481782	431.864421934	1.0
3869.34635074891	1000	1.9035020451296771	0.0	481782	428.801320511	1.0
3869.7964620948255	1000	1.9533906992139756	0.0	510552	450.111345916	1.0
3870.2693465599073	1000	1.9805062341323496	0.0	536970	472.884465082	1.0
3870.742231024989	1000	2.007621769050724	0.0	536970	472.884465082	1.0
3871.0843497687392	200	2.165503025300654	0.0	383025	342.11874375	-0.6000000000000001
3871.43163112237	200	2.3182216716693866	0.0	383025	347.281353631	0.2
3871.778912476001	200	2.4709403180381186	0.0	383025	347.281353631	0.2
3872.1261938296325	200	2.6236589644068506	0.0	383025	347.281353631	0.2
3872.4734751832634	200	2.776377610775583	0.0	383025	347.281353631	0.2
3872.8207565368944	200	2.929096257144315	0.0	383025	347.281353631	0.2
3873.159944114741	200	3.0899086792977912	0.0	383025	339.187577847	0.2
3873.4939605799213	200	3.2558922141170865	0.0	383025	334.016465181	0.2
3873.827977045102	200	3.4218757489363814	0.0	383025	334.016465181	0.2
3874.1619935102826	200	3.5878592837556766	0.0	383025	334.016465181	0.2
3874.496009975463	200	3.753842818574972	0.0	383025	334.016465181	0.2
3874.8259639006264	200	3.9238888934116396	0.0	383025	329.953925163	0.2
3875.1550647578115	200	4.094788036226759	0.0	383025	329.100857185	0.2
3875.484165614996	200	4.265687179041878	0.0	383025	329.100857185	0.2
3875.8132664721807	200	4.436586321856997	0.0	383025	329.100857185	0.2
3876.1413028738534	200	4.608549920184361	0.0	383025	328.036401673	0.2
3876.469232971096	200	4.78061982294178	0.0	383025	327.930097243	0.2
3876.7971630683383	200	4.952689725699201	0.0	383025	327.930097243	0.2
3877.1250931655804	200	5.124759628456621	0.0	383025	327.930097243	0.2
3877.4401653342056	200	5.309687459831826	0.0	383025	315.072168625	0.2
3877.751794772062	200	5.498058021975525	0.0	383025	311.629437856	0.2
3878.061131904749	200	5.688720889288798	0.0	383025	309.337132687	0.2
3878.361460496101	200	5.888392297937087	0.0	383025	300.328591352	0.2
3878.6617890874522	200	6.088063706585376	0.0	383025	300.328591352	0.2
3878.9568235515007	200	6.293029242537125	0.0	383025	295.034464048	0.2
3879.2481042104364	200	6.501748583601618	0.0	383025	291.280658936	0.2
3879.544818606446	200	6.705034187591846	0.0	383025	296.71439601	0.2
3879.848120284868	200	6.90173250917003	0.0	383025	303.301678422	0.2
3880.15142196329	200	7.098430830748212	0.0	383025	303.301678422	0.2
3880.456528846268	200	7.293323947769972	0.0	383025	305.106882978	0.2
3880.762014055652	200	7.4878387383860066	0.0	383025	305.485209384	0.2
3881.073230356981	200	7.676622437057101	0.0	383025	311.216301329	0.2
3881.3862333809857	200	7.863619413052451	0.0	383025	313.003024005	0.2
3881.6992364049906	200	8.050616389047802	0.0	383025	313.003024005	0.2
3882.0182595878446	200	8.231593206193999	0.0	383025	319.023182854	0.2
3882.3442921944416	200	8.40556059959681	0.0	383025	326.032606597	0.2
3882.6703248010385	200	8.57952799299962	0.0	383025	326.032606597	0.2
3882.985749374147	200	8.764103419891184	0.0	383025	315.424573108	0.2
3883.301109249897	200	8.948743544141564	0.0	383025	315.35987575	0.2
3883.614709936033	200	9.135142858005548	0.0	383025	313.600686136	0.2
3883.925367084957	200	9.32448570908158	0.0	383025	310.657148924	0.2
3884.2360242338814	200	9.513828560157613	0.0	383025	310.657148924	0.2
3884.546022986369	200	9.703829807670278	0.0	383025	309.998752487	0.2
3884.855207727561	200	9.894645066478262	0.0	383025	309.184741192	0.2
3885.4565444829864	200	9.585460325286247	0.0	383025	309.184741192	0.2
3885.7658090583277	200	9.77619574994494	0.0	383025	309.264575341	0.2
3886.0753024404057	200	9.96670236786688	0.0	383025	309.4933820780611	0.2
3886.8859180888176	200	9.656086719455391	0.0	383025	310.615648411	0.2
3887.196285797077	200	9.84571901119566	0.0	383025	310.3677082597319	0.2
3888.006855734427	200	9.535149073845975	0.0	383025	310.5699373496846	0.2
3888.3191664639016	200	9.722838344371109	0.0	383025	312.310729475	0.2
3888.622064419849	200	9.919940388423964	0.0	383025	302.8979559471444	0.2
3889.122842119658	200	9.628387494967377	0.0	383025	291.552893457	0.2
3889.416097035569	200	9.83513257905679	0.0	383025	293.254915911	0.2
3889.752755332213	200	9.53804328711619	0.0	383025	297.08929194059874	0.2
3890.06030117156	200	9.730497447769274	0.0	383025	307.545839347	0.2
3890.3678470109066	200	9.922951608422357	0.0	383025	307.545839347	0.2
3891.173103493012	200	9.617695126317036	0.0	383025	305.2564821053213	0.2
3891.471016354336	200	9.81978226499296	0.0	383025	297.9128613240781	0.2
3891.921501310428	200	9.523454728860184	0.0	383025	296.327536133	0.2
3892.2328127018795	200	9.712143337409021	0.0	383025	311.311391451	0.2
3892.544124093331	200	9.900831945957858	0.0	383025	311.311391451	0.2
3892.8486002388795	200	9.59698399841451	0.0	383025	303.8479475433487	0.2
3893.156028251688	200	9.789555985606134	0.0	383025	307.428012808	0.2
3893.4634562644965	200	9.982127972797757	0.0	383025	307.428012808	0.2
3894.271630010001	200	9.67395422729323	0.0	383025	308.17374550452837	0.2
3894.5818534067303	200	9.863730830564078	0.0	383025	310.2233967291529	0.2
3895.3892518571315	200	9.556332380162276	0.0	383025	307.398450402	0.2
3895.689141899861	200	9.756442337432492	0.0	383025	299.89004272978326	0.2
3895.988229336962	200	9.957354900331717	0.0	383025	299.087437101	0.2
3896.7976731751487	200	9.64791106214531	0.0	383025	309.4438381864081	0.2
3897.11106191974	200	9.834522317553725	0.0	383025	313.388744592	0.2
3897.919297140389	200	9.526287096905005	0.0	383025	308.2352206487188	0.2
3898.2238544295014	200	9.721729807792611	0.0	383025	304.5572891123934	0.2
3898.5280524272694	200	9.91753181002471	0.0	383025	304.197997768	0.2
3899.332050761904	200	9.61353347538999	0.0	383025	303.99833463471913	0.2
3899.6362646259663	200	9.809319611327792	0.0	383025	304.21386406220006	0.2
3900.085400806461	200	9.503897837476416	0.0	383025	305.421773851	0.2
3900.3948061398755	200	9.694492504061708	0.0	383025	309.405333415	0.2
3900.7042114732903	200	9.885087170647003	0.0	383025	309.405333415	0.2
3901.5104041228783	200	9.578894521058986	0.0	383025	306.19264958801585	0.2
3901.8129928464273	200	9.776305797509782	0.0	383025	302.58872354920476	0.2
3902.115325209838	200	9.973973434099271	0.0	383025	302.332363411	0.2
3902.918381621343	200	9.670917022594157	0.0	383025	303.05641150511457	0.2
3903.224656944585	200	9.864641699352411	0.0	383025	306.2753232417455	0.2
3904.034529567156	200	9.554769076781495	0.0	383025	309.872622571	0.2
3904.3557354116097	200	9.733563232327755	0.0	383025	321.20584445373925	0.2
3904.677629020435	200	9.911669623502513	0.0	383025	321.893608825	0.2
3905.427358877803	200	9.589776014677273	0.0	383025	321.893608825	0.2
3905.7410596493664	200	9.776075243113803	0.0	383025	313.700771563	0.2
3906.0625298257173	200	9.95460506676303	0.0	383025	321.47017635077344	0.2
3906.892476891758	200	9.624658000722029	0.0	383025	329.947066041	0.2
3907.2257582916536	200	9.79137660082674	0.0	383025	333.2813998952887	0.2
3907.5805720221715	200	9.936562870308716	0.0	383025	354.813730518	0.2

