2306.83577364	400	0.5	0.163091665154	181435	163.091665154	-2.86183330307
2307.24364322	1000	0.592130427086	0.0	471531	407.869572914	0.4
2307.6607193	1000	0.675054344081	0.0	482442	417.076083005	1.0
2308.08596151	1000	0.74981213472	0.0	492120	425.242209361	1.0
2308.50643666	1000	0.829336986788	0.0	492120	420.475147931	1.0
2308.92453912	1000	0.91123452271	0.0	490176	418.102464078	1.0
2309.36289689	1000	0.972876752606	0.0	513389	438.357770105	1.0
2309.78779661	1000	1.04797703293	0.0	497055	424.899719676	1.0
2310.22915245	1000	1.10662119356	0.0	520019	441.355839375	1.0
2310.68126202	1000	1.15451162475	0.0	551265	452.109568805	1.0
2311.12831554	1000	1.20745810533	0.0	558332	447.053519415	1.0
2311.5465814	1000	1.28919224035	0.0	536970	418.265864987	1.0
2311.96357677	1000	1.37219687322	0.0	536970	416.995367131	1.0
2312.37970454	1000	1.45606910507	0.0	536970	416.127768151	1.0
2312.79720073	1000	1.53857291254	0.0	536970	417.496192525	1.0
2313.21775796	1000	1.61801568135	0.0	536970	420.557231195	1.0
2313.65088084	1000	1.6848927994	0.0	553424	433.12288194	1.0
2314.05821317	1000	1.77756047446	0.0	522960	407.332324943	1.0
2314.46416349	1000	1.87161015069	0.0	522960	405.950323769	1.0
2314.87516029	1000	1.96061335727	0.0	532300	410.996793427	1.0
2315.25693945	1000	2.0788341898	0.0	503004	381.779167467	1.0
2315.54866012	200	2.2871135231	0.0	383025	291.720666701	-0.6
2315.84141344	200	2.4943602078	0.0	383025	292.753315299	0.2
2316.13416675	200	2.7016068925	0.0	383025	292.753315299	0.2
2316.42871327	200	2.90706037463	0.0	383025	294.546517869	0.2
2316.72331547	200	3.11245817681	0.0	383025	294.602197819	0.2
2317.02120049	200	3.31457315204	0.0	383025	297.885024767	0.2
2317.31946323	200	3.51631041782	0.0	383025	298.262734221	0.2
2317.61816277	200	3.71761087811	0.0	383025	298.699539715	0.2
2317.91718842	200	3.91858522753	0.0	383025	299.025650579	0.2
2318.21702172	200	4.11875192796	0.0	383025	299.833299568	0.2
2318.51731925	200	4.31845439509	0.0	383025	300.297532875	0.2
2318.82073898	200	4.51503466814	0.0	383025	303.41972695	0.2
2319.12967393	200	4.70609971907	0.0	383025	308.93494907	0.2
2319.43961742	200	4.89615622536	0.0	383025	309.943493707	0.2
2319.75694414	200	5.07882950744	0.0	383025	317.32671792	0.2
2320.07427085	200	5.26150278952	0.0	383025	317.32671792	0.2
2320.3830607	200	5.45271294875	0.0	383025	308.78984077	0.2
2320.68150104	200	5.6542726011	0.0	383025	298.440347645	0.2
2320.97848027	200	5.85729337059	0.0	383025	296.979230518	0.2
2321.27506615	200	6.06070749072	0.0	383025	296.585879869	0.2
2321.56979629	200	6.2659773497	0.0	383025	294.730141016	0.2
2321.86225851	200	6.47351513361	0.0	383025	292.462216087	0.2
2322.1569491	200	6.67882453921	0.0	383025	294.690594403	0.2
2322.45245308	200	6.88332056823	0.0	383025	295.503970986	0.2
2322.75105825	200	7.08471538946	0.0	383025	298.605178765	0.2
2323.04966343	200	7.2861102107	0.0	383025	298.605178765	0.2
2323.34663299	200	7.48914065437	0.0	383025	296.969556321	0.2
2323.64358526	200	7.69218838648	0.0	383025	296.952267898	0.2
2323.93990918	200	7.89586446189	0.0	383025	296.32392459	0.2
2324.23584768	200	8.09992596305	0.0	383025	295.938498837	0.2
2324.53570608	200	8.30006756293	0.0	383025	299.858400121	0.2
2324.83916181	200	8.49661183043	0.0	383025	303.4557325	0.2
2325.14261931	200	8.69315433588	0.0	383025	303.457494552	0.2
2325.44608243	200	8.88969120964	0.0	383025	303.46312624	0.2
2325.75041768	200	9.08535596192	0.0	383025	304.33524772	0.2
2326.05506098	200	9.28071266777	0.0	383025	304.643294148	0.2
2326.36060976	200	9.47516388219	0.0	383025	305.548785577	0.2
2326.67092689	200	9.66484675454	0.0	383025	310.317127648	0.2
2326.98124402	200	9.8545296269	0.0	383025	310.317127648	0.2
2327.79884039	200	9.53693324971	0.0	383025	317.596377182	0.2
2328.12871188	200	9.7070617652	0.0	383025	329.871484513	0.2
2328.46541052	200	9.87036312277	0.0	383025	336.698642433	0.2
2329.11153628	200	9.53366448034	0.0	383025	336.698642433	0.2
2329.44519921	200	9.70000155	0.0	383025	333.662930338	0.2
2329.77886214	200	9.86633861966	0.0	383025	333.662930338	0.2
2330.60597832	200	9.53922243966	0.0	383025	327.116180001	0.2
2330.9238459	200	9.72135486323	0.0	383025	317.867576427	0.2
2331.2364594	200	9.90874136401	0.0	383025	312.613499223	0.2
2331.9160367	200	9.59612786479	0.0	383025	312.613499223	0.2
2332.22881963	200	9.78334492929	0.0	383025	312.782935492	0.2
2332.5371987	200	9.97496586588	0.0	383025	308.379063417	0.2
2333.19942149	200	9.66791732704	0.0	383025	307.048538841	0.2
2333.50962906	200	9.85770975837	0.0	383025	310.207568661	0.2
2334.323467	200	9.5438718144	0.0	383025	313.837943972	0.2
2334.6338782	200	9.73346061352	0.0	383025	310.411200887	0.2
2334.94336519	200	9.92397362411	0.0	383025	309.486989403	0.2
2335.75380328	200	9.61353553647	0.0	383025	310.438087646	0.2
2336.06718662	200	9.80015219336	0.0	383025	313.383343109	0.2
2336.38088851	200	9.98645030061	0.0	383025	313.701892746	0.2
2337.17493362	200	9.67274840787	0.0	383025	313.701892746	0.2
2337.48850649	200	9.85917553423	0.0	383025	313.572873635	0.2
2337.93182568	200	9.55447395332	0.0	383025	304.701580909	0.2
2338.24828328	200	9.73801635499	0.0	383025	316.457598332	0.2
2338.56474087	200	9.92155875666	0.0	383025	316.457598332	0.2
2339.38668744	200	9.59961219261	0.0	383025	321.946564053	0.2
2339.70605309	200	9.78024654257	0.0	383025	319.365650033	0.2
2340.0243996	200	9.96190002905	0.0	383025	318.346513522	0.2
2340.81228418	200	9.64355351553	0.0	383025	318.346513522	0.2
2341.11642422	200	9.83941347569	0.0	383025	304.140039835	0.2
2341.70447097	200	9.53222916465	0.0	383025	307.184311046	0.2
2342.01289386	200	9.7238062809	0.0	383025	308.422883747	0.2
2342.32053341	200	9.9161667236	0.0	383025	307.6395573	0.2
2342.85133952	200	9.60922608721	0.0	383025	306.940636384	0.2
2343.16184476	200	9.79872085294	0.0	383025	310.505234275	0.2
2343.47536947	200	9.985196138	0.0	383025	313.524714941	0.2
2343.9577302	200	9.6679634732	0.0	383025	317.232664796	0.2
2344.28509305	200	9.84060061586	0.0	383025	327.362857347	0.2
2344.98230986	200	9.51323775851	0.0	383025	327.362857347	0.2
2345.30920335	200	9.68634426276	0.0	383025	326.893495747	0.2
2345.62743751	200	9.86811010445	0.0	383025	318.234158315	0.2
2346.08513938	200	9.56174991482	0.0	383025	306.360189629	0.2
2346.41264665	200	9.73424264456	0.0	383025	327.507270259	0.2
2346.74015392	200	9.9067353743	0.0	383025	327.507270259	0.2
2347.56884667	200	9.57804263012	0.0	383025	328.692744183	0.2
2347.89823924	200	9.74865005798	0.0	383025	329.392572137	0.2
2348.23121586	200	9.91567343917	0.0	383025	332.976618812	0.2
2349.06967481	200	9.57721449067	0.0	383025	338.458948494	0.2
2349.40813376	200	9.73875554218	0.0	383025	338.458948494	0.2
2349.74394499	200	9.9029443058	0.0	383025	335.811236381	0.2
2350.57394377	200	9.5729455319	0.0	383025	329.998773895	0.2
2350.90209938	200	9.74478991508	0.0	383025	328.155616823	0.2
2351.22991485	200	9.91697444328	0.0	383025	327.815471803	0.2
2351.63166289	200	9.58915897147	0.0	383025	327.815471803	0.2
2351.95420358	200	9.76661828169	0.0	383025	322.540689782	0.2
2352.28552467	200	9.93529718814	0.0	383025	331.321093552	0.2
2353.11669573	200	9.60412612807	0.0	383025	331.171060076	0.2
2353.44781521	200	9.77300664807	0.0	383025	331.119479998	0.2
2353.77893469	200	9.94188716807	0.0	383025	331.119479998	0.2
2354.61005417	200	9.61076768807	0.0	383025	331.119479998	0.2

