1986.145132785202	400	0.5	0.15424401993349154	181435	154.244019933	-2.684880398669831
1986.3017570878574	400	0.8433756973444269	0.0	184429	156.624302656	0.4
1986.5388013967763	600	1.106331388425606	0.0	285584	237.044308919	0.39999999999999997
1986.8596483253084	800	1.2854844598934245	0.0	391425	320.846928532	0.6000000000000001
1987.1785176552378	800	1.4666151299640793	0.0	391425	318.869329929	0.8
1987.5649771634985	1000	1.5801556217034323	0.0	490176	386.459508261	0.8
1987.969157283146	1000	1.6759755020560796	0.0	513389	404.180119647	1.0
1988.3769210029484	1000	1.7682117822536674	0.0	497055	407.763719802	1.0
1988.8130446458645	1000	1.8320881393375907	0.0	520019	436.123642916	1.0
1989.273686223469	1000	1.8714465617331502	0.0	551265	460.641577604	1.0
1989.7391292018299	1000	1.906003583372263	0.0	558332	465.442978361	1.0
1990.183604887386	1000	1.9615278978160107	0.0	536970	444.475685556	1.0
1990.6221585316275	1000	2.0229742535745556	0.0	536970	438.553644241	1.0
1990.9356002111358	200	2.2095325740663716	0.0	383025	313.441679508	-0.6000000000000001
1991.2310277758008	200	2.4141050094012826	0.0	383025	295.427564665	0.2
1991.525734310349	200	2.6193984748530252	0.0	383025	294.706534548	0.2
1991.8131122594118	200	2.832020525790239	0.0	383025	287.377949063	0.2
1992.1082738622233	200	3.036858922978475	0.0	383025	295.161602812	0.2
1992.408973109138	200	3.2361596760638975	0.0	383025	300.699246915	0.2
1992.7351553667277	200	3.4099774184741367	0.0	383025	326.18225759	0.2
1993.0574296710222	200	3.5877031141795697	0.0	383025	322.274304295	0.2
1993.372424619788	200	3.7727081654137082	0.0	383025	314.994948766	0.2
1993.6788364603647	200	3.9662963248370087	0.0	383025	306.411840577	0.2
1993.9791095993794	200	4.166023185822516	0.0	383025	300.273139014	0.2
1994.2798114104633	200	4.3653213747387145	0.0	383025	300.701811084	0.2
1994.579350994193	200	4.565781791008931	0.0	383025	299.53958373	0.2
1994.8781587517253	200	4.766974033476662	0.0	383025	298.807757532	0.2
1995.1776280721183	200	4.967504713083481	0.0	383025	299.469320393	0.2
1995.4929069470265	200	5.152225838175477	0.0	383025	315.278874908	0.2
1995.8199344721452	200	5.325198313056644	0.0	383025	327.027525119	0.2
1996.1470680095733	200	5.498064775628579	0.0	383025	327.133537428	0.2
1996.4676065734639	200	5.677526211737937	0.0	383025	320.538563891	0.2
1996.7661535087034	200	5.878979276498355	0.0	383025	298.54693524	0.2
1997.0642819836833	200	6.08085080151847	0.0	383025	298.12847498	0.2
1997.3711498897794	200	6.2739828954222965	0.0	383025	306.867906096	0.2
1997.6822243728993	200	6.462908412302402	0.0	383025	311.07448312	0.2
1998.0036135953987	200	6.641519189802924	0.0	383025	321.389222499	0.2
1998.3265059299067	200	6.818626855295251	0.0	383025	322.892334508	0.2
1998.655195453756	200	6.989937331445733	0.0	383025	328.68952385	0.2
1998.9847694247926	200	7.1603633604091375	0.0	383025	329.573971037	0.2
1999.3154300788024	200	7.329702706399346	0.0	383025	330.66065401	0.2
1999.6420428590998	200	7.503089926101952	0.0	383025	326.612780297	0.2
1999.9665141857292	200	7.678618599472517	0.0	383025	324.471326629	0.2
2000.2911651865886	200	7.8539675986131465	0.0	383025	324.651000859	0.2
2000.6160307189966	200	8.029102066205088	0.0	383025	324.865532408	0.2
2000.9411474878398	200	8.203985297362165	0.0	383025	325.116768843	0.2
2001.264739913715	200	8.380392871486876	0.0	383025	323.592425875	0.2
2001.5871177269203	200	8.558015058281745	0.0	383025	322.377813205	0.2
2001.8835779842486	200	8.761554800953478	0.0	383025	296.460257328	0.2
2002.1787261929446	200	8.966406592257332	0.0	383025	295.148208696	0.2
2002.4745135886171	200	9.17061919658497	0.0	383025	295.787395672	0.2
2002.778419474816	200	9.366713310386002	0.0	383025	303.905886199	0.2
2003.0829020747308	200	9.562230710471121	0.0	383025	304.482599915	0.2
2003.3879272371794	200	9.757205548022439	0.0	383025	305.025162449	0.2
2003.695251645238	200	9.949881139963843	0.0	383025	307.324408059	0.2
2004.066444489129	200	9.641466224752987	0.0	383025	308.414915211	0.2
2004.3941751953944	200	9.813735518487865	0.0	383025	327.730706265	0.2
2004.724845140605	200	9.983065573277221	0.0	383025	330.6699452106444	0.2
2005.424996218508	200	9.648579281503837	0.0	383025	334.486291773	0.2
2005.7388275337742	200	9.834747966237888	0.0	383025	313.83131526594764	0.2
2006.094946053817	200	9.521436723514169	0.0	383025	313.3112427237189	0.2
2006.3848847211566	200	9.73149805617442	0.0	383025	289.93866734	0.2
2006.6906718042412	200	9.925710973090007	0.0	383025	305.7870830844129	0.2
2007.5049902050541	200	9.611392572276932	0.0	383025	314.3184008130735	0.2
2007.8302590758212	200	9.78612370150995	0.0	383025	325.26887076698273	0.2
2008.1555477903887	200	9.96083498694226	0.0	383025	325.2887145676901	0.2
2008.7588847290615	200	9.635871067501583	0.0	383025	324.963919441	0.2
2009.0941674098676	200	9.800588386695592	0.0	383025	335.28268080599145	0.2
2009.4317347214555	200	9.963021075107521	0.0	383025	337.567311588	0.2
2010.2705940340766	200	9.624161762486294	0.0	383025	338.8593126212267	0.2
2010.6141468966903	200	9.780608899872611	0.0	383025	343.5528626136812	0.2
2010.9580245648244	200	9.936731231738548	0.0	383025	343.877668134	0.2
2011.423797165956	200	9.592601306220176	0.0	383025	344.1299255183706	0.2
2011.766777236631	200	9.749621235545465	0.0	383025	342.980070675	0.2
2012.111571236526	200	9.90482723565025	0.0	383025	344.7939998952127	0.2
2012.7751323303985	200	9.557755090405568	0.0	383025	347.072145245	0.2
2013.120978441509	200	9.711908979295213	0.0	383025	345.8461111103552	0.2
2013.4446651548317	200	9.888222265972402	0.0	383025	323.686713323	0.2
2013.7965662881472	200	9.565282585845294	0.0	383025	322.9396801271094	0.2
2014.1025697137102	200	9.759279160282345	0.0	383025	306.003425563	0.2
2014.4083545308786	200	9.953494343113745	0.0	383025	305.78481716859983	0.2
2014.9067196494534	200	9.639686626986176	0.0	383025	313.807716128	0.2
2015.2234531433842	200	9.82295313305562	0.0	383025	316.733493931	0.2
2015.6273534961247	200	9.521648371524211	0.0	383025	301.3047615314086	0.2
2015.9302149494192	200	9.718786918229778	0.0	383025	302.8614532944334	0.2
2016.258047043426	200	9.890954824222993	0.0	383025	327.8320940067852	0.2
2017.0913865358139	200	9.557615331835095	0.0	383025	333.339492388	0.2
2017.4247260282016	200	9.7242758394472	0.0	383025	333.339492388	0.2
2017.7486890816006	200	9.900312786048254	0.0	383025	323.96305339894843	0.2
2018.0943122481715	200	9.58446688645551	0.0	383025	315.845899593	0.2
2018.3828717559297	200	9.795907378697406	0.0	383025	288.559507758	0.2
2018.691712850792	200	9.987066283835034	0.0	383025	308.8410948623714	0.2
2019.4350530351649	200	9.653985135997749	0.0	383025	333.081147837	0.2
2019.7560198930819	200	9.833018278080814	0.0	383025	320.96685791693545	0.2
2020.0911464409255	200	9.526067946635255	0.0	383025	306.950331446	0.2
2020.4031588616142	200	9.714055525946565	0.0	383025	312.012420689	0.2
2020.7256163320133	200	9.891598055547808	0.0	383025	322.45747039875664	0.2
2021.3140193278546	200	9.548719601820036	0.0	383025	342.878453728	0.2
2021.6773501562457	200	9.685388773428775	0.0	383025	363.330828391	0.2
2022.0155393691534	200	9.847199560521133	0.0	383025	338.18921290764024	0.2
2022.4230749174058	200	9.591954087651121	0.0	383025	255.24547287001275	0.2
2022.7329919180468	200	9.782037087010316	0.0	383025	309.917000641	0.2
2023.079253921147	200	9.935775083909965	0.0	383025	346.26200310035244	0.2
2023.8276710614755	200	9.58580104375736	0.0	383025	349.974040153	0.2
2024.1760335239076	200	9.73743858132532	0.0	383025	348.362462432042	0.2
2024.5255032787968	200	9.887968826436186	0.0	383025	349.469754889	0.2
2025.3749948030527	200	9.538477302180274	0.0	383025	349.4915242559125	0.2
2025.7115507808062	200	9.70192132442677	0.0	383025	336.5559777535031	0.2
2026.043814397436	200	9.869657707796955	0.0	383025	332.26361663	0.2
2026.7108851067064	200	9.538415475830021	0.0	383025	331.2422319669354	0.2
2027.0321362262694	200	9.717164356267205	0.0	383025	321.25111956281523	0.2
2027.353552346505	200	9.895748236031643	0.0	383025	321.416120236	0.2
2028.0123055485426	200	9.575619579413733	0.0	383025	320.1286566179101	0.2
2028.3256794943184	200	9.762245633638122	0.0	383025	313.37394577561145	0.2
2028.6277209464524	200	9.96020418150408	0.0	383025	302.041452134	0.2
2029.164960818395	200	9.658604212447491	0.0	383025	301.5999690565889	0.2
2029.461522985179	200	9.86204204566352	0.0	383025	296.5621667839717	0.2
2030.2616705994803	200	9.561894431362182	0.0	383025	300.1476143013394	0.2
2030.5623894206174	200	9.761175610225312	0.0	383025	300.71882113687076	0.2
2030.8582580491088	200	9.965306981733933	0.0	383025	295.86862849137765	0.2

