1342.7715506	400	0.5	0.151812584164	181435	151.812584164	-2.63625168327
1343.15010699	1000	0.621443604469	0.0	471531	378.556395531	0.4
1343.5371916	1000	0.734358991638	0.0	482442	387.084612831	1.0
1343.94735401	1000	0.824196583302	0.0	492120	410.162408336	1.0
1344.36315563	1000	0.908394971216	0.0	492120	415.801612086	1.0
1344.78826093	1000	0.983289666601	0.0	490176	425.105304614	1.0
1345.23488354	1000	1.03666705797	0.0	513389	446.622608627	1.0
1345.66761455	1000	1.10393604751	0.0	497055	432.731010464	1.0
1346.11249365	1000	1.15905694798	0.0	520019	444.879099532	1.0
1346.57749232	1000	1.19405828085	0.0	551265	464.998667132	1.0
1347.04719791	1000	1.22435268373	0.0	558332	469.705597114	1.0
1347.49187994	1000	1.27967065578	0.0	536970	444.682027957	1.0
1347.93656197	1000	1.33498862782	0.0	536970	444.682027957	1.0
1348.38866246	1000	1.38288813495	0.0	536970	452.100492865	1.0
1348.84669685	1000	1.42485374677	0.0	536970	458.034388182	1.0
1349.31877381	1000	1.45277678188	0.0	536970	472.076964888	1.0
1349.81112268	1000	1.46042791835	0.0	553424	492.348863534	1.0
1350.27860696	1000	1.49294364087	0.0	522960	467.484277484	1.0
1350.76070123	1000	1.51084936455	0.0	522960	482.09427632	1.0
1351.25122705	1000	1.52032354367	0.0	532300	490.525820876	1.0
1351.71530635	1000	1.55624424627	0.0	503004	464.079297396	1.0
1352.16022781	1000	1.61132279026	0.0	481782	444.921456008	1.0
1352.60279876	1000	1.66875183805	0.0	481782	442.570952215	1.0
1353.06233756	1000	1.70921304008	0.0	510552	459.538797969	1.0
1353.54513729	1000	1.72641330892	0.0	536970	482.799731165	1.0
1354.02793702	1000	1.74361357775	0.0	536970	482.799731165	1.0
1354.49093906	1000	1.78061154149	0.0	536970	463.00203626	1.0
1354.93919859	1000	1.83235200728	0.0	536970	448.259534207	1.0
1355.38476727	1000	1.88678332382	0.0	536970	445.568683462	1.0
1355.85524887	1000	1.91630172499	0.0	573990	470.481598836	1.0
1356.33311081	1000	1.93843978631	0.0	586715	477.861938675	1.0
1356.78164097	1000	1.98990962163	0.0	551265	448.530164677	1.0
1357.23036054	1000	2.04119005924	0.0	551265	448.719562391	1.0
1357.54523078	200	2.22631982029	0.0	383025	314.87023895	-0.6
1357.86498361	200	2.40656699	0.0	383025	319.752830291	0.2
1358.1912724	200	2.58027819941	0.0	383025	326.288790597	0.2
1358.51756119	200	2.75398940881	0.0	383025	326.288790597	0.2
1358.84341382	200	2.92813678138	0.0	383025	325.852627429	0.2
1359.16565847	200	3.10589212268	0.0	383025	322.244658704	0.2
1359.48790313	200	3.28364746397	0.0	383025	322.244658704	0.2
1359.80816688	200	3.46338372122	0.0	383025	320.263742746	0.2
1360.12655559	200	3.64499500515	0.0	383025	318.38871607	0.2
1360.44494431	200	3.82660628908	0.0	383025	318.38871607	0.2
1360.76432918	200	4.00722141215	0.0	383025	319.384876931	0.2
1361.08430474	200	4.18724585378	0.0	383025	319.975558376	0.2
1361.4042803	200	4.3672702954	0.0	383025	319.975558376	0.2
1361.75468294	200	4.51686765613	0.0	383025	350.402639268	0.2
1362.1056309	200	4.66591969625	0.0	383025	350.947959878	0.2
1362.45657886	200	4.81497173638	0.0	383025	350.947959878	0.2
1362.80752682	200	4.9640237765	0.0	383025	350.947959878	0.2
1363.15847478	200	5.11307581662	0.0	383025	350.947959878	0.2
1363.48651806	200	5.28503254018	0.0	383025	328.043276445	0.2
1363.80954419	200	5.46200641007	0.0	383025	323.026130105	0.2
1364.12869793	200	5.64285266469	0.0	383025	319.153745377	0.2
1364.44427986	200	5.82727074037	0.0	383025	315.581924327	0.2
1364.75986178	200	6.01168881604	0.0	383025	315.581924327	0.2
1365.07006147	200	6.20148912396	0.0	383025	310.199692079	0.2
1365.37628278	200	6.39526781408	0.0	383025	306.221309875	0.2
1365.68370859	200	6.58784200551	0.0	383025	307.425808574	0.2
1365.99128776	200	6.78026284064	0.0	383025	307.57916487	0.2
1366.31001324	200	6.96153736034	0.0	383025	318.725480299	0.2
1366.6314632	200	7.14008739164	0.0	383025	321.4499687	0.2
1366.95291317	200	7.31863742294	0.0	383025	321.4499687	0.2
1367.27214981	200	7.49940078967	0.0	383025	319.236633277	0.2
1367.5909948	200	7.68055580126	0.0	383025	318.844988407	0.2
1367.90983978	200	7.86171081285	0.0	383025	318.844988407	0.2
1368.21983851	200	8.05171208659	0.0	383025	309.998726265	0.2
1368.52675005	200	8.24480054588	0.0	383025	306.911540706	0.2
1368.83479658	200	8.43675401178	0.0	383025	308.0465341	0.2
1369.14529607	200	8.6262545235	0.0	383025	310.499488275	0.2
1369.45579556	200	8.81575503523	0.0	383025	310.499488275	0.2
1369.76768723	200	9.00386336277	0.0	383025	311.891672456	0.2
1370.08024849	200	9.19130211017	0.0	383025	312.561252602	0.2
1370.39545007	200	9.37610052855	0.0	383025	315.201581618	0.2
1370.71065165	200	9.56089894694	0.0	383025	315.201581618	0.2
1371.02615284	200	9.74539775251	0.0	383025	315.501194429	0.2
1371.34485594	200	9.92669465943	0.0	383025	318.703093081	0.2
1371.85738011	200	9.60799156635	0.0	383025	318.703093081	0.2
1372.18820377	200	9.77716791037	0.0	383025	330.823655973	0.2
1372.51902743	200	9.9463442544	0.0	383025	330.823655973	0.2
1373.34189265	200	9.62347903566	0.0	383025	322.865218742	0.2
1373.65144588	200	9.81392580272	0.0	383025	309.553232942	0.2
1374.25501786	200	9.50608321243	0.0	383025	307.842590291	0.2
1374.55488316	200	9.70621790791	0.0	383025	299.865304514	0.2
1374.86620486	200	9.89489621037	0.0	383025	311.321697544	0.2
1375.30105871	200	9.5809273964	0.0	383025	313.968813966	0.2
1375.61239676	200	9.76958934881	0.0	383025	311.338047589	0.2
1375.92373481	200	9.95825130122	0.0	383025	311.338047589	0.2
1376.28659878	200	9.64859998486	0.0	383025	309.651316367	0.2
1376.59362246	200	9.84157630822	0.0	383025	307.02367664	0.2
1377.32790611	200	9.53455263158	0.0	383025	307.02367664	0.2
1377.66387259	200	9.6985861533	0.0	383025	335.966478278	0.2
1377.99983907	200	9.86261967502	0.0	383025	335.966478278	0.2
1378.8264426	200	9.53601614675	0.0	383025	326.603528269	0.2
1379.14652322	200	9.71593552672	0.0	383025	320.080620033	0.2
1379.45962343	200	9.90283531892	0.0	383025	313.100207797	0.2
1380.26480096	200	9.58973511112	0.0	383025	313.100207797	0.2
1380.57713249	200	9.77740358161	0.0	383025	312.331529519	0.2
1380.88957027	200	9.96496580493	0.0	383025	312.437776673	0.2
1381.44139086	200	9.65247890256	0.0	383025	312.486902371	0.2
1381.75633451	200	9.83753525357	0.0	383025	314.943648987	0.2
1382.57162961	200	9.5222401575	0.0	383025	315.295096072	0.2
1382.89015004	200	9.7037197223	0.0	383025	318.520435203	0.2
1383.2053361	200	9.88853366256	0.0	383025	315.186059742	0.2
1383.83898711	200	9.57334760282	0.0	383025	315.186059742	0.2
1384.15417698	200	9.7581577274	0.0	383025	315.189875417	0.2
1384.46901223	200	9.94332248232	0.0	383025	314.835245079	0.2
1384.87473777	200	9.62970468773	0.0	383025	313.617794589	0.2
1385.18573404	200	9.81870842429	0.0	383025	310.996263445	0.2
1385.98083078	200	9.50771216084	0.0	383025	310.996263445	0.2
1386.29190372	200	9.69663922289	0.0	383025	311.072937955	0.2
1386.62692339	200	9.86161955528	0.0	383025	335.019667604	0.2
1387.46194306	200	9.52659988768	0.0	383025	335.019667604	0.2
1387.81008581	200	9.67845713519	0.0	383025	348.142752488	0.2
1388.15885407	200	9.82968886799	0.0	383025	348.768267203	0.2
1388.50762234	200	9.98092060078	0.0	383025	348.768267203	0.2
1389.1660509	200	9.63215233358	0.0	383025	348.768267203	0.2
1389.48759079	200	9.81061243687	0.0	383025	321.539896708	0.2
1389.81069199	200	9.9875112466	0.0	383025	323.101190271	0.2
1390.64361245	200	9.65459078146	0.0	383025	332.920465142	0.2

