4535.54378828	400	0.5	0.157396566226	181435	157.396566226	-2.74793132451
4535.93685688	1000	0.60693140646	0.0	471531	393.06859354	0.4
4536.33878949	1000	0.704998790355	0.0	482442	401.932616105	1.0
4536.74858445	1000	0.795203832542	0.0	492120	409.794957814	1.0
4537.15837941	1000	0.885408874728	0.0	492120	409.794957814	1.0
4537.56659507	1000	0.977193209359	0.0	490176	408.215665369	1.0
4537.99366882	1000	1.05011945987	0.0	513389	427.073749486	1.0
4538.40747294	1000	1.13631534146	0.0	497055	413.804118418	1.0
4538.83993286	1000	1.20385542483	0.0	520019	432.45991662	1.0
4539.3021694	1000	1.24161888286	0.0	551265	462.236541978	1.0
4539.77475429	1000	1.26903399154	0.0	558332	472.58489132	1.0
4540.22964051	1000	1.31414777851	0.0	536970	454.886213028	1.0
4540.68452672	1000	1.35926156548	0.0	536970	454.886213028	1.0
4541.13941293	1000	1.40437535245	0.0	536970	454.886213028	1.0
4541.57636604	1000	1.46742224465	0.0	536970	436.953107808	1.0
4542.00956694	1000	1.53422134362	0.0	536970	433.200901022	1.0
4542.45573569	1000	1.58805259035	0.0	553424	446.168753277	1.0
4542.87789493	1000	1.66589335762	0.0	522960	422.159232729	1.0
4543.29553169	1000	1.74825659465	0.0	522960	417.636762966	1.0
4543.72023251	1000	1.82355577912	0.0	532300	424.700815531	1.0
4544.12210958	1000	1.92167870038	0.0	503004	401.877078744	1.0
4544.51186374	1000	2.03192453965	0.0	481782	389.754160728	1.0
4544.82391355	200	2.21987472961	0.0	383025	312.049810039	-0.6
4545.13596336	200	2.40782491957	0.0	383025	312.049810039	0.2
4545.44801317	200	2.59577510953	0.0	383025	312.049810039	0.2
4545.76006298	200	2.78372529949	0.0	383025	312.049810039	0.2
4546.07206068	200	2.97172760067	0.0	383025	311.997698826	0.2
4546.38366985	200	3.1601184304	0.0	383025	311.609170263	0.2
4546.69527902	200	3.34850926014	0.0	383025	311.609170263	0.2
4547.00688819	200	3.53690008988	0.0	383025	311.609170263	0.2
4547.31890718	200	3.72488110829	0.0	383025	312.018981589	0.2
4547.63152861	200	3.91225967645	0.0	383025	312.621431836	0.2
4547.94415004	200	4.09963824462	0.0	383025	312.621431836	0.2
4548.25677147	200	4.28701681278	0.0	383025	312.621431836	0.2
4548.56959616	200	4.47419212026	0.0	383025	312.824692525	0.2
4548.8830602	200	4.66072808522	0.0	383025	313.46403504	0.2
4549.19652423	200	4.84726405018	0.0	383025	313.46403504	0.2
4549.50998827	200	5.03380001514	0.0	383025	313.46403504	0.2
4549.8234523	200	5.2203359801	0.0	383025	313.46403504	0.2
4550.13691634	200	5.40687194506	0.0	383025	313.46403504	0.2
4550.45827231	200	5.58551597336	0.0	383025	321.355971699	0.2
4550.78116558	200	5.76262270778	0.0	383025	322.893265579	0.2
4551.10405884	200	5.9397294422	0.0	383025	322.893265579	0.2
4551.42695211	200	6.11683617662	0.0	383025	322.893265579	0.2
4551.74984537	200	6.29394291104	0.0	383025	322.893265579	0.2
4552.07273864	200	6.47104964546	0.0	383025	322.893265579	0.2
4552.3956319	200	6.64815637989	0.0	383025	322.893265579	0.2
4552.71838862	200	6.82539966399	0.0	383025	322.756715895	0.2
4553.04081815	200	7.00297013304	0.0	383025	322.429530952	0.2
4553.36324768	200	7.18054060209	0.0	383025	322.429530952	0.2
4553.68567721	200	7.35811107114	0.0	383025	322.429530952	0.2
4554.00810674	200	7.53568154019	0.0	383025	322.429530952	0.2
4554.33053627	200	7.71325200923	0.0	383025	322.429530952	0.2
4554.65296581	200	7.89082247828	0.0	383025	322.429530952	0.2
4554.9748189	200	8.06896938514	0.0	383025	321.853093139	0.2
4555.2877715	200	8.25601678674	0.0	383025	312.952598406	0.2
4555.6007241	200	8.44306418833	0.0	383025	312.952598406	0.2
4555.91367669	200	8.63011158993	0.0	383025	312.952598406	0.2
4556.22662929	200	8.81715899152	0.0	383025	312.952598406	0.2
4556.53692077	200	9.00686751896	0.0	383025	310.291472556	0.2
4556.84641612	200	9.19737216213	0.0	383025	309.495356836	0.2
4557.15591148	200	9.38787680529	0.0	383025	309.495356836	0.2
4557.46540684	200	9.57838144845	0.0	383025	309.495356836	0.2
4557.77490219	200	9.76888609162	0.0	383025	309.495356836	0.2
4558.08798592	200	9.95580236859	0.0	383025	313.083723024	0.2
4558.90164668	200	9.64214160648	0.0	383025	313.660762118	0.2
4559.21530744	200	9.82848084436	0.0	383025	313.660762118	0.2
4560.03288676	200	9.51090152085	0.0	383025	317.579323505	0.2
4560.35434632	200	9.68944196262	0.0	383025	321.459558236	0.2
4560.67580588	200	9.86798240438	0.0	383025	321.459558236	0.2
4561.49726544	200	9.54652284614	0.0	383025	321.459558236	0.2
4561.82220672	200	9.7215815655	0.0	383025	324.941280645	0.2
4562.14902583	200	9.89476245553	0.0	383025	326.819109969	0.2
4562.97584494	200	9.56794334556	0.0	383025	326.819109969	0.2
4563.30266405	200	9.74112423559	0.0	383025	326.819109969	0.2
4563.62948316	200	9.91430512562	0.0	383025	326.819109969	0.2
4564.40621291	200	9.58748601566	0.0	383025	326.819109969	0.2
4564.71571952	200	9.7779794124	0.0	383025	309.506603256	0.2
4565.02522612	200	9.96847280914	0.0	383025	309.506603256	0.2
4565.79316308	200	9.65896620589	0.0	383025	309.506603256	0.2
4566.10020224	200	9.8519270381	0.0	383025	307.03916779	0.2
4566.79975025	200	9.54488787031	0.0	383025	307.03916779	0.2
4567.10663253	200	9.73800558637	0.0	383025	306.882283932	0.2
4567.41351482	200	9.93112330244	0.0	383025	306.882283932	0.2
4568.22219627	200	9.62244185115	0.0	383025	308.68145129	0.2
4568.54518864	200	9.79944948472	0.0	383025	322.992366432	0.2
4568.868181	200	9.97645711829	0.0	383025	322.992366432	0.2
4569.51510523	200	9.65346475186	0.0	383025	322.992366432	0.2
4569.82752941	200	9.84104057567	0.0	383025	312.424176184	0.2
4570.63995358	200	9.52861639949	0.0	383025	312.424176184	0.2
4570.95005663	200	9.71851334854	0.0	383025	310.103050944	0.2
4571.25616844	200	9.91240154602	0.0	383025	306.111802524	0.2
4571.94338705	200	9.6062897435	0.0	383025	306.111802524	0.2
4572.24894341	200	9.80073338659	0.0	383025	305.556356902	0.2
4572.55449977	200	9.99517702969	0.0	383025	305.556356902	0.2
4573.35773501	200	9.69194178954	0.0	383025	303.235240155	0.2
4573.66063006	200	9.88904673971	0.0	383025	302.895049825	0.2
4574.46700802	200	9.58266877077	0.0	383025	306.377968945	0.2
4574.77497217	200	9.77470462745	0.0	383025	307.964143315	0.2
4575.08293631	200	9.96674048414	0.0	383025	307.964143315	0.2
4575.89474277	200	9.6549340293	0.0	383025	311.806454832	0.2
4576.20992459	200	9.83975220296	0.0	383025	315.181826344	0.2
4576.69793278	200	9.52457037662	0.0	383025	315.181826344	0.2
4577.01704468	200	9.70545847649	0.0	383025	319.111900126	0.2
4577.33615658	200	9.88634657637	0.0	383025	319.111900126	0.2
4578.15526848	200	9.56723467624	0.0	383025	319.111900126	0.2
4578.4752822	200	9.74722095381	0.0	383025	320.013722427	0.2
4578.80005155	200	9.92245160804	0.0	383025	324.769345775	0.2
4579.62482089	200	9.59768226226	0.0	383025	324.769345775	0.2
4579.94959024	200	9.77291291649	0.0	383025	324.769345775	0.2
4580.28071064	200	9.94179251412	0.0	383025	331.120402373	0.2
4581.11216035	200	9.61034280877	0.0	383025	331.449705343	0.2
4581.44361005	200	9.77889310343	0.0	383025	331.449705343	0.2
4581.77505976	200	9.94744339809	0.0	383025	331.449705343	0.2
4582.60650946	200	9.61599369274	0.0	383025	331.449705343	0.2
4582.93795917	200	9.7845439874	0.0	383025	331.449705343	0.2
4583.26940887	200	9.95309428206	0.0	383025	331.449705343	0.2
4584.10085858	200	9.62164457672	0.0	383025	331.449705343	0.2
4584.42945091	200	9.79305224251	0.0	383025	328.592334209	0.2
4584.75791072	200	9.96459243202	0.0	383025	328.459810488	0.2

