4339.83836541	400	0.5	0.152543703938	181435	152.543703938	-2.65087407875
4340.21882191	1000	0.619543498986	0.0	471531	380.456501014	0.4
4340.60785059	1000	0.730514813148	0.0	482442	389.028685838	1.0
4341.00459033	1000	0.833775080954	0.0	492120	396.739732194	1.0
4341.4026735	1000	0.935691905169	0.0	492120	398.083175786	1.0
4341.79922365	1000	1.03914175729	0.0	490176	396.550147878	1.0
4342.21407944	1000	1.1242859629	0.0	513389	414.855794386	1.0
4342.61605433	1000	1.22231107275	0.0	497055	401.974890149	1.0
4343.03974649	1000	1.29861891616	0.0	520019	423.692156596	1.0
4343.49073707	1000	1.34762834259	0.0	551265	450.990573571	1.0
4343.94738096	1000	1.39098444369	0.0	558332	456.643898893	1.0
4344.38874281	1000	1.44962259844	0.0	536970	441.361845259	1.0
4344.83071478	1000	1.50765062292	0.0	536970	441.971975515	1.0
4345.27268676	1000	1.56567864741	0.0	536970	441.971975515	1.0
4345.71862392	1000	1.61974148307	0.0	536970	445.937164339	1.0
4346.1707409	1000	1.66762451261	0.0	536970	452.116970461	1.0
4346.63640535	1000	1.70196005787	0.0	553424	465.664454738	1.0
4347.07698712	1000	1.7613782919	0.0	522960	440.581765969	1.0
4347.51756888	1000	1.82079652593	0.0	522960	440.581765969	1.0
4347.96584078	1000	1.87252462363	0.0	532300	448.271902297	1.0
4348.38061543	1000	1.95774997706	0.0	503004	414.774646568	1.0
4348.77545443	1000	2.06291097464	0.0	481782	394.839002424	1.0
4349.09140808	200	2.24695732983	0.0	383025	315.953644809	-0.6
4349.40736172	200	2.43100368502	0.0	383025	315.953644809	0.2
4349.72331537	200	2.61505004021	0.0	383025	315.953644809	0.2
4350.03976851	200	2.79859689429	0.0	383025	316.453145921	0.2
4350.35643814	200	2.98192726825	0.0	383025	316.669626045	0.2
4350.67310777	200	3.1652576422	0.0	383025	316.669626045	0.2
4350.98977739	200	3.34858801616	0.0	383025	316.669626045	0.2
4351.30644702	200	3.53191839011	0.0	383025	316.669626045	0.2
4351.62311856	200	3.71524685081	0.0	383025	316.671539305	0.2
4351.93980059	200	3.89856481883	0.0	383025	316.682031982	0.2
4352.25648262	200	4.08188278685	0.0	383025	316.682031982	0.2
4352.57316465	200	4.26520075486	0.0	383025	316.682031982	0.2
4352.88984668	200	4.44851872288	0.0	383025	316.682031982	0.2
4353.20135467	200	4.63701074197	0.0	383025	311.507980907	0.2
4353.5092557	200	4.82910971211	0.0	383025	307.901029861	0.2
4353.81715673	200	5.02120868225	0.0	383025	307.901029861	0.2
4354.12505776	200	5.21330765239	0.0	383025	307.901029861	0.2
4354.43368705	200	5.40467835313	0.0	383025	308.629299265	0.2
4354.75424784	200	5.584117569	0.0	383025	320.560784127	0.2
4355.07480862	200	5.76355678487	0.0	383025	320.560784127	0.2
4355.39536941	200	5.94299600075	0.0	383025	320.560784127	0.2
4355.71593019	200	6.12243521662	0.0	383025	320.560784127	0.2
4356.03649098	200	6.30187443249	0.0	383025	320.560784127	0.2
4356.35804842	200	6.4803169889	0.0	383025	321.557443588	0.2
4356.68611644	200	6.65224896492	0.0	383025	328.068023982	0.2
4357.01418447	200	6.82418094094	0.0	383025	328.068023982	0.2
4357.34225249	200	6.99611291696	0.0	383025	328.068023982	0.2
4357.67032051	200	7.16804489298	0.0	383025	328.068023982	0.2
4357.99838854	200	7.339976869	0.0	383025	328.068023982	0.2
4358.32645656	200	7.51190884501	0.0	383025	328.068023982	0.2
4358.65452459	200	7.68384082103	0.0	383025	328.068023982	0.2
4358.98259261	200	7.85577279705	0.0	383025	328.068023982	0.2
4359.31172204	200	8.02664337198	0.0	383025	329.129425068	0.2
4359.64301022	200	8.1953551908	0.0	383025	331.288181185	0.2
4359.9742984	200	8.36406700961	0.0	383025	331.288181185	0.2
4360.30558658	200	8.53277882843	0.0	383025	331.288181185	0.2
4360.63687476	200	8.70149064724	0.0	383025	331.288181185	0.2
4360.96816294	200	8.87020246606	0.0	383025	331.288181185	0.2
4361.29945112	200	9.03891428487	0.0	383025	331.288181185	0.2
4361.6307393	200	9.20762610369	0.0	383025	331.288181185	0.2
4361.96202749	200	9.3763379225	0.0	383025	331.288181185	0.2
4362.28968814	200	9.54867726772	0.0	383025	327.660654779	0.2
4362.61561764	200	9.72274777028	0.0	383025	325.929497444	0.2
4362.94154713	200	9.89681827283	0.0	383025	325.929497444	0.2
4363.76747663	200	9.57088877539	0.0	383025	325.929497444	0.2
4364.09340613	200	9.74495927795	0.0	383025	325.929497444	0.2
4364.41933563	200	9.9190297805	0.0	383025	325.929497444	0.2
4365.24015565	200	9.59820975445	0.0	383025	320.820026054	0.2
4365.55596097	200	9.78240443273	0.0	383025	315.805321718	0.2
4365.8717663	200	9.96659911101	0.0	383025	315.805321718	0.2
4366.68729988	200	9.65106552809	0.0	383025	315.533582925	0.2
4367.00242266	200	9.83594274676	0.0	383025	315.122781328	0.2
4367.50926912	200	9.52081996543	0.0	383025	315.122781328	0.2
4367.82277014	200	9.7073189463	0.0	383025	313.501019128	0.2
4368.13627116	200	9.89381792717	0.0	383025	313.501019128	0.2
4368.95012927	200	9.57995981764	0.0	383025	313.85810953	0.2
4369.27249419	200	9.75759490251	0.0	383025	322.364915139	0.2
4369.5948591	200	9.93522998737	0.0	383025	322.364915139	0.2
4370.41722402	200	9.61286507223	0.0	383025	322.364915139	0.2
4370.73982384	200	9.79026525209	0.0	383025	322.599820136	0.2
4371.06359865	200	9.96649043895	0.0	383025	323.774813141	0.2
4371.88737346	200	9.64271562581	0.0	383025	323.774813141	0.2
4372.21234092	200	9.81774816518	0.0	383025	324.967460625	0.2
4372.54059194	200	9.98949715316	0.0	383025	328.251012024	0.2
4373.36884295	200	9.66124614114	0.0	383025	328.251012024	0.2
4373.69709396	200	9.83299512911	0.0	383025	328.251012024	0.2
4374.16314467	200	9.50474411709	0.0	383025	328.251012024	0.2
4374.49792533	200	9.66996345956	0.0	383025	334.780657527	0.2
4374.83270599	200	9.83518280204	0.0	383025	334.780657527	0.2
4375.66748665	200	9.50040214451	0.0	383025	334.780657527	0.2
4376.0022673	200	9.66562148698	0.0	383025	334.780657527	0.2
4376.33704796	200	9.83084082946	0.0	383025	334.780657527	0.2
4376.67182862	200	9.99606017193	0.0	383025	334.780657527	0.2
4377.50660928	200	9.6612795144	0.0	383025	334.780657527	0.2
4377.84138993	200	9.82649885687	0.0	383025	334.780657527	0.2
4378.17617059	200	9.99171819935	0.0	383025	334.780657527	0.2
4379.00510373	200	9.6627850615	0.0	383025	328.933137844	0.2
4379.3306475	200	9.83724129079	0.0	383025	325.543770717	0.2
4380.15619127	200	9.51169752007	0.0	383025	325.543770717	0.2
4380.48173504	200	9.68615374935	0.0	383025	325.543770717	0.2
4380.80727881	200	9.86060997864	0.0	383025	325.543770717	0.2
4381.62592768	200	9.54196110738	0.0	383025	318.648871261	0.2
4381.93986663	200	9.72802216303	0.0	383025	313.938944343	0.2
4382.25380557	200	9.91408321869	0.0	383025	313.938944343	0.2
4383.07133064	200	9.59655815203	0.0	383025	317.525066658	0.2
4383.39350196	200	9.77438683502	0.0	383025	322.171317009	0.2
4383.71567327	200	9.95221551801	0.0	383025	322.171317009	0.2
4384.15034415	200	9.630044201	0.0	383025	322.171317009	0.2
4384.46672593	200	9.81366242282	0.0	383025	316.38177818	0.2
4384.78310771	200	9.99728064464	0.0	383025	316.38177818	0.2
4385.5994593	200	9.68092905453	0.0	383025	316.351590118	0.2
4385.91021828	200	9.87017007485	0.0	383025	310.758979678	0.2
4386.31410996	200	9.55941109517	0.0	383025	310.758979678	0.2
4386.62660011	200	9.74692094272	0.0	383025	312.490152451	0.2
4386.93909026	200	9.93443079027	0.0	383025	312.490152451	0.2
4387.75158042	200	9.62194063782	0.0	383025	312.490152451	0.2
4388.06162236	200	9.81189869646	0.0	383025	310.041941363	0.2
4388.87129769	200	9.50222336396	0.0	383025	309.6753325	0.2

