6787.40805072	400	0.5	0.155255771128	181435	155.255771128	-2.70511542256
6787.7955556	1000	0.612495113865	0.0	471531	387.504886135	0.4
6788.19179577	1000	0.716254946673	0.0	482442	396.240167193	1.0
6788.59578409	1000	0.812266630815	0.0	492120	403.988315857	1.0
6788.9997724	1000	0.908278314958	0.0	492120	403.988315857	1.0
6789.40220436	1000	1.00584635382	0.0	490176	402.431961135	1.0
6789.81931187	1000	1.08873884154	0.0	513389	417.107512284	1.0
6790.21617478	1000	1.1918759365	0.0	497055	396.862905037	1.0
6790.6309108	1000	1.27713991933	0.0	520019	414.73601717	1.0
6791.0706021	1000	1.33744861503	0.0	551265	439.6913043	1.0
6791.51773722	1000	1.39031350059	0.0	558332	447.135114446	1.0
6791.94814737	1000	1.45990334605	0.0	536970	430.410154539	1.0
6792.37855752	1000	1.52949319151	0.0	536970	430.410154539	1.0
6792.81629318	1000	1.59175753552	0.0	536970	437.735655989	1.0
6793.25872537	1000	1.64932535124	0.0	536970	442.432184278	1.0
6793.70115755	1000	1.70689316696	0.0	536970	442.432184278	1.0
6794.15684045	1000	1.75121026261	0.0	553424	455.682904355	1.0
6794.57781477	1000	1.8302359418	0.0	522960	420.974320805	1.0
6794.99578668	1000	1.91226403955	0.0	522960	417.971902249	1.0
6795.42104491	1000	1.98700581031	0.0	532300	425.258229248	1.0
6795.82344872	1000	2.08460199602	0.0	503004	402.403814286	1.0
6796.13150415	200	2.27654656928	0.0	383025	308.055426736	-0.6
6796.43880985	200	2.46924086429	0.0	383025	307.305704989	0.2
6796.74611556	200	2.6619351593	0.0	383025	307.305704989	0.2
6797.0539668	200	2.85408391214	0.0	383025	307.851247163	0.2
6797.36447623	200	3.04357448208	0.0	383025	310.509430063	0.2
6797.67498566	200	3.23306505202	0.0	383025	310.509430063	0.2
6797.98549509	200	3.42255562195	0.0	383025	310.509430063	0.2
6798.29608334	200	3.61196737672	0.0	383025	310.588245237	0.2
6798.60691629	200	3.80113442718	0.0	383025	310.832949539	0.2
6798.91774924	200	3.99030147764	0.0	383025	310.832949539	0.2
6799.22858219	200	4.1794685281	0.0	383025	310.832949539	0.2
6799.53941514	200	4.36863557856	0.0	383025	310.832949539	0.2
6799.85153305	200	4.55651766227	0.0	383025	312.117916293	0.2
6800.16809681	200	4.73995390977	0.0	383025	316.563752499	0.2
6800.48466056	200	4.92339015727	0.0	383025	316.563752499	0.2
6800.80122431	200	5.10682640477	0.0	383025	316.563752499	0.2
6801.11778806	200	5.29026265227	0.0	383025	316.563752499	0.2
6801.43435182	200	5.47369889978	0.0	383025	316.563752499	0.2
6801.74939958	200	5.65865113398	0.0	383025	315.047765795	0.2
6802.06001425	200	5.8480364694	0.0	383025	310.614664585	0.2
6802.37062891	200	6.03742180481	0.0	383025	310.614664585	0.2
6802.68124358	200	6.22680714023	0.0	383025	310.614664585	0.2
6802.99185824	200	6.41619247564	0.0	383025	310.614664585	0.2
6803.30087217	200	6.60717854738	0.0	383025	309.013928263	0.2
6803.607466	200	6.80058471411	0.0	383025	306.593833271	0.2
6803.91405984	200	6.99399088084	0.0	383025	306.593833271	0.2
6804.22065367	200	7.18739704757	0.0	383025	306.593833271	0.2
6804.53210376	200	7.37594695879	0.0	383025	311.45008878	0.2
6804.84511469	200	7.56293602299	0.0	383025	313.010935798	0.2
6805.15812563	200	7.74992508719	0.0	383025	313.010935798	0.2
6805.47113656	200	7.93691415139	0.0	383025	313.010935798	0.2
6805.7841475	200	8.12390321559	0.0	383025	313.010935798	0.2
6806.0944061	200	8.31364461687	0.0	383025	310.258598728	0.2
6806.39942584	200	8.50862487226	0.0	383025	305.019744609	0.2
6806.70444559	200	8.70360512765	0.0	383025	305.019744609	0.2
6807.00946533	200	8.89858538304	0.0	383025	305.019744609	0.2
6807.31768827	200	9.09036245059	0.0	383025	308.222932446	0.2
6807.63116896	200	9.27688175528	0.0	383025	313.480695311	0.2
6807.94464966	200	9.46340105997	0.0	383025	313.480695311	0.2
6808.25813035	200	9.64992036466	0.0	383025	313.480695311	0.2
6808.57161105	200	9.83643966935	0.0	383025	313.480695311	0.2
6809.38501296	200	9.52303775639	0.0	383025	313.401912959	0.2
6809.69654933	200	9.71150138375	0.0	383025	311.536372642	0.2
6810.00808571	200	9.8999650111	0.0	383025	311.536372642	0.2
6810.82073338	200	9.58731733884	0.0	383025	312.647672269	0.2
6811.13440648	200	9.77364423607	0.0	383025	313.673102764	0.2
6811.44807958	200	9.95997113331	0.0	383025	313.673102764	0.2
6812.24071027	200	9.64629803054	0.0	383025	313.673102764	0.2
6812.55428045	200	9.83272784952	0.0	383025	313.570181023	0.2
6813.03394875	200	9.5191576685	0.0	383025	313.570181023	0.2
6813.35098337	200	9.70212304478	0.0	383025	317.034623714	0.2
6813.668018	200	9.88508842107	0.0	383025	317.034623714	0.2
6814.48505262	200	9.56805379735	0.0	383025	317.034623714	0.2
6814.80227178	200	9.75083463998	0.0	383025	317.219157378	0.2
6815.11963158	200	9.93347483642	0.0	383025	317.359803561	0.2
6815.93699138	200	9.61611503285	0.0	383025	317.359803561	0.2
6816.25424691	200	9.79885950944	0.0	383025	317.255523419	0.2
6816.57149079	200	9.98161562434	0.0	383025	317.243885096	0.2
6817.38873468	200	9.66437173924	0.0	383025	317.243885096	0.2
6817.70597856	200	9.84712785415	0.0	383025	317.243885096	0.2
6818.52195706	200	9.5311493548	0.0	383025	315.978499352	0.2
6818.83464696	200	9.7184594577	0.0	383025	312.689897096	0.2
6819.14765681	200	9.9054496076	0.0	383025	313.009850095	0.2
6819.96083219	200	9.59227423054	0.0	383025	313.175377063	0.2
6820.2745204	200	9.77858601822	0.0	383025	313.688212318	0.2
6820.5919959	200	9.96111052063	0.0	383025	317.475497596	0.2
6821.40947139	200	9.64363502303	0.0	383025	317.475497596	0.2
6821.72694689	200	9.82615952544	0.0	383025	317.475497596	0.2
6822.52099415	200	9.50868402784	0.0	383025	317.475497596	0.2
6822.83895724	200	9.69072093955	0.0	383025	317.963088284	0.2
6823.15692033	200	9.87275785127	0.0	383025	317.963088284	0.2
6823.97488342	200	9.55479476299	0.0	383025	317.963088284	0.2
6824.29432197	200	9.73535620814	0.0	383025	319.438554847	0.2
6824.61427429	200	9.91540388472	0.0	383025	319.952323424	0.2
6825.43422662	200	9.59545156129	0.0	383025	319.952323424	0.2
6825.75417894	200	9.77549923787	0.0	383025	319.952323424	0.2
6826.07357931	200	9.95609886968	0.0	383025	319.400368183	0.2
6826.88922327	200	9.64045490746	0.0	383025	315.643962228	0.2
6827.20486723	200	9.82481094523	0.0	383025	315.643962228	0.2
6827.85660003	200	9.509166983	0.0	383025	315.643962228	0.2
6828.17970662	200	9.68606039764	0.0	383025	323.10658536	0.2
6828.5028132	200	9.86295381228	0.0	383025	323.10658536	0.2
6829.20132828	200	9.53984722692	0.0	383025	323.10658536	0.2
6829.53473094	200	9.70644457434	0.0	383025	333.402652582	0.2
6829.86813359	200	9.87304192176	0.0	383025	333.402652582	0.2
6830.70153624	200	9.53963926917	0.0	383025	333.402652582	0.2
6831.03493889	200	9.70623661659	0.0	383025	333.402652582	0.2
6831.36834155	200	9.87283396401	0.0	383025	333.402652582	0.2
6832.2017442	200	9.53943131143	0.0	383025	333.402652582	0.2
6832.53514685	200	9.70602865884	0.0	383025	333.402652582	0.2
6832.8685495	200	9.87262600626	0.0	383025	333.402652582	0.2
6833.21798455	200	9.53922335368	0.0	383025	333.402652582	0.2
6833.54948173	200	9.70772617208	0.0	383025	331.497181596	0.2
6833.88097891	200	9.87622899049	0.0	383025	331.497181596	0.2
6834.71247609	200	9.54473180889	0.0	383025	331.497181596	0.2
6835.04397327	200	9.7132346273	0.0	383025	331.497181596	0.2
6835.37547045	200	9.8817374457	0.0	383025	331.497181596	0.2
6836.20696764	200	9.55024026411	0.0	383025	331.497181596	0.2
6836.53846482	200	9.71874308251	0.0	383025	331.497181596	0.2

