6836.69417561	400	0.5	0.155710795793	181435	155.710795793	-2.71421591587
6837.08286306	1000	0.61131255132	0.0	471531	388.68744868	0.4
6837.48031316	1000	0.713862457655	0.0	482442	397.450093665	1.0
6837.88553567	1000	0.808639943664	0.0	492120	405.22251399	1.0
6838.29075818	1000	0.903417429674	0.0	492120	405.22251399	1.0
6838.69441947	1000	0.999756145805	0.0	490176	403.661283869	1.0
6839.11672316	1000	1.0774524572	0.0	513389	422.303688602	1.0
6839.52590898	1000	1.16826663527	0.0	497055	409.185821937	1.0
6839.95353723	1000	1.24063838097	0.0	520019	427.628254293	1.0
6840.38371432	1000	1.31046129132	0.0	551265	430.177089647	1.0
6840.81902091	1000	1.37515469949	0.0	558332	435.306591832	1.0
6841.2402749	1000	1.45390070996	0.0	536970	421.253989531	1.0
6841.66842617	1000	1.52574944367	0.0	536970	428.151266295	1.0
6842.09657744	1000	1.59759817737	0.0	536970	428.151266295	1.0
6842.5247287	1000	1.66944691108	0.0	536970	428.151266295	1.0
6842.95284425	1000	1.74133136435	0.0	536970	428.115546729	1.0
6843.39032204	1000	1.8038535772	0.0	553424	437.477787143	1.0
6843.80426871	1000	1.88990690419	0.0	522960	413.946673011	1.0
6844.21821538	1000	1.97596023118	0.0	522960	413.946673011	1.0
6844.64607069	1000	2.04810492368	0.0	532300	427.855307504	1.0
6844.95809983	200	2.23607578536	0.0	383025	312.029138318	-0.6
6845.27012897	200	2.42404664704	0.0	383025	312.029138318	0.2
6845.5821581	200	2.61201750872	0.0	383025	312.029138318	0.2
6845.89418724	200	2.79998837041	0.0	383025	312.029138318	0.2
6846.20621638	200	2.98795923209	0.0	383025	312.029138318	0.2
6846.51824552	200	3.17593009377	0.0	383025	312.029138318	0.2
6846.83046774	200	3.3637078686	0.0	383025	312.222225169	0.2
6847.14288103	200	3.55129457988	0.0	383025	312.41328872	0.2
6847.45529432	200	3.73888129116	0.0	383025	312.41328872	0.2
6847.76770761	200	3.92646800244	0.0	383025	312.41328872	0.2
6848.0801209	200	4.11405471372	0.0	383025	312.41328872	0.2
6848.38597613	200	4.30819948698	0.0	383025	305.855226745	0.2
6848.6905835	200	4.50359211701	0.0	383025	304.607369967	0.2
6848.99519087	200	4.69898474704	0.0	383025	304.607369967	0.2
6849.29979824	200	4.89437737708	0.0	383025	304.607369967	0.2
6849.61161954	200	5.08255607521	0.0	383025	311.821301872	0.2
6849.92486832	200	5.26930729286	0.0	383025	313.248782341	0.2
6850.2381171	200	5.45605851052	0.0	383025	313.248782341	0.2
6850.55136589	200	5.64280972818	0.0	383025	313.248782341	0.2
6850.86461467	200	5.82956094584	0.0	383025	313.248782341	0.2
6851.17786345	200	6.0163121635	0.0	383025	313.248782341	0.2
6851.49246198	200	6.20171362863	0.0	383025	314.598534869	0.2
6851.81824808	200	6.37592753468	0.0	383025	325.786093951	0.2
6852.14403417	200	6.55014144073	0.0	383025	325.786093951	0.2
6852.46982027	200	6.72435534677	0.0	383025	325.786093951	0.2
6852.79560636	200	6.89856925282	0.0	383025	325.786093951	0.2
6853.12139245	200	7.07278315887	0.0	383025	325.786093951	0.2
6853.44717855	200	7.24699706492	0.0	383025	325.786093951	0.2
6853.77296464	200	7.42121097097	0.0	383025	325.786093951	0.2
6854.09875074	200	7.59542487702	0.0	383025	325.786093951	0.2
6854.42453683	200	7.76963878307	0.0	383025	325.786093951	0.2
6854.75032292	200	7.94385268912	0.0	383025	325.786093951	0.2
6855.07610902	200	8.11806659516	0.0	383025	325.786093951	0.2
6855.40189511	200	8.29228050121	0.0	383025	325.786093951	0.2
6855.72768121	200	8.46649440726	0.0	383025	325.786093951	0.2
6856.05437423	200	8.63980138546	0.0	383025	326.693021799	0.2
6856.38128343	200	8.81289218484	0.0	383025	326.909200618	0.2
6856.70819263	200	8.98598298423	0.0	383025	326.909200618	0.2
6857.03510183	200	9.15907378361	0.0	383025	326.909200618	0.2
6857.36201103	200	9.33216458299	0.0	383025	326.909200618	0.2
6857.68892023	200	9.50525538237	0.0	383025	326.909200618	0.2
6858.01582943	200	9.67834618175	0.0	383025	326.909200618	0.2
6858.34273863	200	9.85143698113	0.0	383025	326.909200618	0.2
6859.16964783	200	9.52452778052	0.0	383025	326.909200618	0.2
6859.49655703	200	9.6976185799	0.0	383025	326.909200618	0.2
6859.82346623	200	9.87070937928	0.0	383025	326.909200618	0.2
6860.34228605	200	9.54380017866	0.0	383025	326.909200618	0.2
6860.66734291	200	9.71874331679	0.0	383025	325.056861875	0.2
6860.99239978	200	9.89368645491	0.0	383025	325.056861875	0.2
6861.81745664	200	9.56862959304	0.0	383025	325.056861875	0.2
6862.1425135	200	9.74357273116	0.0	383025	325.056861875	0.2
6862.46757036	200	9.91851586928	0.0	383025	325.056861875	0.2
6863.29262722	200	9.59345900741	0.0	383025	325.056861875	0.2
6863.61623815	200	9.76984807772	0.0	383025	323.610929691	0.2
6863.93909756	200	9.94698866616	0.0	383025	322.859411563	0.2
6864.76195698	200	9.62412925459	0.0	383025	322.859411563	0.2
6865.08481639	200	9.80126984303	0.0	383025	322.859411563	0.2
6865.4076758	200	9.97841043147	0.0	383025	322.859411563	0.2
6866.23053521	200	9.6555510199	0.0	383025	322.859411563	0.2
6866.55339462	200	9.83269160834	0.0	383025	322.859411563	0.2
6867.36213273	200	9.50983219678	0.0	383025	322.859411563	0.2
6867.68062743	200	9.69133749272	0.0	383025	318.494704059	0.2
6867.99912214	200	9.87284278866	0.0	383025	318.494704059	0.2
6868.81761684	200	9.5543480846	0.0	383025	318.494704059	0.2
6869.13611154	200	9.73585338054	0.0	383025	318.494704059	0.2
6869.45077453	200	9.92119039418	0.0	383025	314.662986367	0.2
6870.26072535	200	9.61123957584	0.0	383025	309.950818339	0.2
6870.57067617	200	9.8012887575	0.0	383025	309.950818339	0.2
6870.88062699	200	9.99133793916	0.0	383025	309.950818339	0.2
6871.6913484	200	9.6806165286	0.0	383025	310.721410558	0.2
6872.00440912	200	9.86755580259	0.0	383025	313.060726007	0.2
6872.3586857	200	9.55449507659	0.0	383025	313.060726007	0.2
6872.67771268	200	9.73546809462	0.0	383025	319.026981971	0.2
6872.99673966	200	9.91644111264	0.0	383025	319.026981971	0.2
6873.81576665	200	9.59741413067	0.0	383025	319.026981971	0.2
6874.13479363	200	9.7783871487	0.0	383025	319.026981971	0.2
6874.45382061	200	9.95936016673	0.0	383025	319.026981971	0.2
6875.0982254	200	9.64033318476	0.0	383025	319.026981971	0.2
6875.41456418	200	9.82399440768	0.0	383025	316.338777083	0.2
6876.23090296	200	9.5076556306	0.0	383025	316.338777083	0.2
6876.54724174	200	9.69131685351	0.0	383025	316.338777083	0.2
6876.86433352	200	9.87422506612	0.0	383025	317.091787397	0.2
6877.68447051	200	9.55408808048	0.0	383025	320.136985639	0.2
6878.00460749	200	9.73395109484	0.0	383025	320.136985639	0.2
6878.32474448	200	9.9138141092	0.0	383025	320.136985639	0.2
6879.14488147	200	9.59367712356	0.0	383025	320.136985639	0.2
6879.46501845	200	9.77354013792	0.0	383025	320.136985639	0.2
6879.7843484	200	9.95421019274	0.0	383025	319.329945178	0.2
6880.60353119	200	9.63502740345	0.0	383025	319.18278929	0.2
6880.92271397	200	9.81584461417	0.0	383025	319.18278929	0.2
6881.24189676	200	9.99666182488	0.0	383025	319.18278929	0.2
6882.06430014	200	9.67425845363	0.0	383025	322.40337125	0.2
6882.39068638	200	9.847872204	0.0	383025	326.386249629	0.2
6883.21707263	200	9.52148595437	0.0	383025	326.386249629	0.2
6883.54345888	200	9.69509970474	0.0	383025	326.386249629	0.2
6883.86984513	200	9.86871345511	0.0	383025	326.386249629	0.2
6884.69623138	200	9.54232720548	0.0	383025	326.386249629	0.2
6885.02261763	200	9.71594095585	0.0	383025	326.386249629	0.2
6885.34900388	200	9.88955470623	0.0	383025	326.386249629	0.2
6885.80793248	200	9.5631684566	0.0	383025	326.386249629	0.2

