2015.45103736	400	0.5	0.154244019933	181435	154.244019933	-2.68488039867
2015.83591281	1000	0.615124551695	0.0	471531	384.875448305	0.4
2016.22893854	1000	0.722098822523	0.0	482442	393.025729172	1.0
2016.62282458	1000	0.82821277901	0.0	492120	393.886043513	1.0
2017.0107577	1000	0.940279652823	0.0	492120	387.933126187	1.0
2017.39708199	1000	1.05395537079	0.0	490176	386.324282031	1.0
2017.82712361	1000	1.12391374851	0.0	513389	430.041622285	1.0
2018.24411051	1000	1.20692685049	0.0	497055	416.986898013	1.0
2018.67896671	1000	1.27207064964	0.0	520019	434.856200859	1.0
2019.13781808	1000	1.31321927786	0.0	551265	458.851371771	1.0
2019.59956343	1000	1.35147392327	0.0	558332	461.745354591	1.0
2020.03573046	1000	1.41530689894	0.0	536970	436.16702433	1.0
2020.45679527	1000	1.49424208784	0.0	536970	421.064811105	1.0
2020.86468124	1000	1.58635612023	0.0	536970	407.885967608	1.0
2021.26732631	1000	1.6837110512	0.0	536970	402.645069036	1.0
2021.68331751	1000	1.76771984698	0.0	536970	415.991204211	1.0
2022.15016197	1000	1.80087538585	0.0	553424	466.84446113	1.0
2022.57894187	1000	1.87209548549	0.0	522960	428.77990036	1.0
2022.99425084	1000	1.95678651541	0.0	522960	415.308970084	1.0
2023.40790965	1000	2.04312771161	0.0	532300	413.658803803	1.0
2023.70832493	200	2.24271242935	0.0	383025	300.41528226	-0.6
2024.00703492	200	2.44400243772	0.0	383025	298.709991625	0.2
2024.30626817	200	2.64476918845	0.0	383025	299.233249274	0.2
2024.60944181	200	2.84159554748	0.0	383025	303.173640973	0.2
2024.93644508	200	3.01459227599	0.0	383025	327.003271484	0.2
2025.2635456	200	3.18749175603	0.0	383025	327.100519961	0.2
2025.59067914	200	3.3603582186	0.0	383025	327.133537428	0.2
2025.89523183	200	3.55580552569	0.0	383025	304.552692918	0.2
2026.19351158	200	3.75752577749	0.0	383025	298.279748192	0.2
2026.49538193	200	3.95565542704	0.0	383025	301.870350456	0.2
2026.80487759	200	4.14615976549	0.0	383025	309.495661547	0.2
2027.12261666	200	4.32842069626	0.0	383025	317.739069227	0.2
2027.44400588	200	4.50703147376	0.0	383025	321.389222499	0.2
2027.77098896	200	4.68004839745	0.0	383025	326.983076309	0.2
2028.09969633	200	4.85134102895	0.0	383025	328.707368506	0.2
2028.43035698	200	5.02068037494	0.0	383025	330.66065401	0.2
2028.75975073	200	5.19128662852	0.0	383025	329.393746415	0.2
2029.08408594	200	5.36695141899	0.0	383025	324.335209539	0.2
2029.40873422	200	5.54230313791	0.0	383025	324.648281072	0.2
2029.73339498	200	5.71764237926	0.0	383025	324.660758659	0.2
2030.05851175	200	5.89252561041	0.0	383025	325.116768843	0.2
2030.38330835	200	6.06772900942	0.0	383025	324.796600991	0.2
2030.70568616	200	6.24535119622	0.0	383025	322.377813205	0.2
2031.0140665	200	6.43697086255	0.0	383025	308.380333664	0.2
2031.30929702	200	6.64174033474	0.0	383025	295.230527808	0.2
2031.6043748	200	6.84666256142	0.0	383025	295.077773321	0.2
2031.90510905	200	7.04592831101	0.0	383025	300.734250418	0.2
2032.20909956	200	7.24193779814	0.0	383025	303.990512862	0.2
2032.51412472	200	7.43691263569	0.0	383025	305.025162449	0.2
2032.81997322	200	7.63106414151	0.0	383025	305.84849418	0.2
2033.12835542	200	7.82268194022	0.0	383025	308.382201294	0.2
2033.43689829	200	8.01413906359	0.0	383025	308.54287663	0.2
2033.74734753	200	8.20368982965	0.0	383025	310.449233937	0.2
2034.07507823	200	8.37595912339	0.0	383025	327.730706265	0.2
2034.40506304	200	8.54597431598	0.0	383025	329.984807407	0.2
2034.73954933	200	8.71148802421	0.0	383025	334.486291773	0.2
2035.06415687	200	8.88688048975	0.0	383025	324.607534456	0.2
2035.37825729	200	9.07278006496	0.0	383025	314.100424791	0.2
2035.69193444	200	9.25910292024	0.0	383025	313.677144726	0.2
2035.99842929	200	9.45260806942	0.0	383025	306.494850813	0.2
2036.28782376	200	9.66321359286	0.0	383025	289.394476558	0.2
2036.57756966	200	9.87346769361	0.0	383025	289.74589925	0.2
2036.91528777	200	9.57999687414	0.0	383025	293.470819471	0.2
2037.23991303	200	9.75537161158	0.0	383025	324.625262568	0.2
2037.56484795	200	9.93043670076	0.0	383025	324.934910813	0.2
2038.29936532	200	9.60508166365	0.0	383025	325.355037114	0.2
2038.62868113	200	9.77576585706	0.0	383025	329.315806589	0.2
2038.96386442	200	9.94058256231	0.0	383025	335.183294749	0.2
2039.42080804	200	9.60394147557	0.0	383025	336.641086737	0.2
2039.76314184	200	9.76160767983	0.0	383025	342.333795743	0.2
2040.10605619	200	9.91869332874	0.0	383025	342.914351094	0.2
2040.7193623	200	9.5748156606	0.0	383025	343.877668134	0.2
2041.06358888	200	9.7305890844	0.0	383025	344.2265762	0.2
2041.40662991	200	9.8875480543	0.0	383025	343.041030102	0.2
2042.24972889	200	9.54444907125	0.0	383025	343.098983054	0.2
2042.59704908	200	9.69712888301	0.0	383025	347.320188233	0.2
2042.94459394	200	9.84958401912	0.0	383025	347.544863891	0.2
2043.37293215	200	9.51774492089	0.0	383025	331.839098228	0.2
2043.6907175	200	9.69995957692	0.0	383025	317.785343971	0.2
2044.00076768	200	9.88990939648	0.0	383025	310.05018044	0.2
2044.69639356	200	9.58426382165	0.0	383025	305.645574835	0.2
2045.01071928	200	9.76993810843	0.0	383025	314.325713221	0.2
2045.32745277	200	9.9532046145	0.0	383025	316.733493931	0.2
2045.82458793	200	9.64515672953	0.0	383025	308.047884971	0.2
2046.12595466	200	9.84378999874	0.0	383025	301.366730791	0.2
2046.9411647	200	9.52857995947	0.0	383025	315.210039262	0.2
2047.27450419	200	9.69524046709	0.0	383025	333.339492388	0.2
2047.60784368	200	9.8619009747	0.0	383025	333.339492388	0.2
2048.43925265	200	9.53049200723	0.0	383025	331.408967465	0.2
2048.73385755	200	9.73588710902	0.0	383025	294.604898216	0.2
2049.02197501	200	9.94776964396	0.0	383025	288.11746506	0.2
2049.7855685	200	9.6592101362	0.0	383025	288.559507758	0.2
2050.11138663	200	9.83339200585	0.0	383025	325.818130346	0.2
2050.79869171	200	9.51016551737	0.0	383025	323.22648848	0.2
2051.10691056	200	9.70194666724	0.0	383025	308.218850133	0.2
2051.41710492	200	9.89175230615	0.0	383025	310.19436109	0.2
2052.15362141	200	9.57973988546	0.0	383025	312.012420689	0.2
2052.50002551	200	9.73333578231	0.0	383025	346.404103153	0.2
2052.86335634	200	9.87000495392	0.0	383025	363.330828391	0.2
2053.32425711	200	9.50667412553	0.0	383025	363.330828391	0.2
2053.57975677	200	9.75117446206	0.0	383025	255.499663468	0.2
2053.88813761	200	9.94279362816	0.0	383025	308.380833897	0.2
2054.7129289	200	9.61800233565	0.0	383025	324.791292514	0.2
2055.06145811	200	9.76947312409	0.0	383025	348.529211552	0.2
2055.40916033	200	9.92177090731	0.0	383025	347.702216786	0.2
2055.80997073	200	9.572602249	0.0	383025	349.16865831	0.2
2056.15953805	200	9.72303492926	0.0	383025	349.567319737	0.2
2056.50549873	200	9.87707424676	0.0	383025	345.960682505	0.2
2057.13719571	200	9.54481063013	0.0	383025	332.26361663	0.2
2057.46337981	200	9.71862652238	0.0	383025	326.184107748	0.2
2057.7845939	200	9.89741243324	0.0	383025	321.214089139	0.2
2058.41409796	200	9.57607627033	0.0	383025	321.336162912	0.2
2058.73385927	200	9.75631495717	0.0	383025	319.76131316	0.2
2059.05331552	200	9.93685871341	0.0	383025	319.456243759	0.2
2059.5829567	200	9.63073084425	0.0	383025	306.127869162	0.2
2059.88324757	200	9.83043998064	0.0	383025	300.290863603	0.2
2060.28024672	200	9.53384247241	0.0	383025	296.597508233	0.2
2060.59465498	200	9.71943421183	0.0	383025	314.408260577	0.2
2060.9053233	200	9.90876589502	0.0	383025	310.668316819	0.2
2061.57116783	200	9.61358267503	0.0	383025	295.183219986	0.2

