4780.649989241903	400	0.5	0.15548905643592226	181435	155.489056436	-2.7097811287184452
4780.807879126377	400	0.8421101155266586	0.0	184429	157.889884473	0.4
4781.04688315919	600	1.1031060827149275	0.0	285584	239.004032812	0.39999999999999997
4781.370758948951	800	1.2792302929531347	0.0	391425	323.875789762	0.6000000000000001
4781.694634738713	800	1.4553545031913417	0.0	391425	323.875789762	0.8
4782.0976969578405	1000	1.5522922840630886	0.0	490176	403.062219128	0.8
4782.519373212117	1000	1.6306160297870025	0.0	513389	421.676254276	1.0
4782.9279515621965	1000	1.7220376797070436	0.0	497055	408.57835008	1.0
4783.354944279362	1000	1.795044962542484	0.0	520019	426.992717165	1.0
4783.806992531882	1000	1.8429967100214781	0.0	551265	452.048252521	1.0
4784.264707668753	1000	1.8852815731516275	0.0	558332	457.71513687	1.0
4784.705293049932	1000	1.9446961919716061	0.0	536970	440.58538118	1.0
4785.144048303815	1000	2.005940938089076	0.0	536970	438.755253883	1.0
4785.458529065102	200	2.1914601768011392	0.0	383025	314.480761288	-0.6000000000000001
4785.77300982639	200	2.376979415513203	0.0	383025	314.480761288	0.2
4786.087490587678	200	2.5624986542252666	0.0	383025	314.480761288	0.2
4786.401971348965	200	2.74801789293733	0.0	383025	314.480761288	0.2
4786.716452110253	200	2.933537131649393	0.0	383025	314.480761288	0.2
4787.030932871541	200	3.119056370361456	0.0	383025	314.480761288	0.2
4787.345413632829	200	3.3045756090735194	0.0	383025	314.480761288	0.2
4787.660341329484	200	3.48964791241774	0.0	383025	314.927696656	0.2
4787.976248624661	200	3.67374061724133	0.0	383025	315.907295176	0.2
4788.292155919838	200	3.8578333220649204	0.0	383025	315.907295176	0.2
4788.608063215014	200	4.04192602688851	0.0	383025	315.907295176	0.2
4788.923970510191	200	4.2260187317121	0.0	383025	315.907295176	0.2
4789.239877805368	200	4.41011143653569	0.0	383025	315.907295176	0.2
4789.555785100545	200	4.594204141359279	0.0	383025	315.907295176	0.2
4789.871692395722	200	4.77829684618287	0.0	383025	315.907295176	0.2
4790.187599690898	200	4.962389551006459	0.0	383025	315.907295176	0.2
4790.503506986075	200	5.146482255830049	0.0	383025	315.907295176	0.2
4790.819414281252	200	5.330574960653639	0.0	383025	315.907295176	0.2
4791.135321576428	200	5.514667665477229	0.0	383025	315.907295176	0.2
4791.451228871605	200	5.698760370300819	0.0	383025	315.907295176	0.2
4791.769154978898	200	5.880834263008866	0.0	383025	317.926107292	0.2
4792.08844369623	200	6.061545545676208	0.0	383025	319.288717333	0.2
4792.407732413562	200	6.2422568283435504	0.0	383025	319.288717333	0.2
4792.727021130894	200	6.422968111010892	0.0	383025	319.288717333	0.2
4793.046309848227	200	6.6036793936782345	0.0	383025	319.288717333	0.2
4793.365598565559	200	6.784390676345576	0.0	383025	319.288717333	0.2
4793.684887282891	200	6.965101959012918	0.0	383025	319.288717333	0.2
4794.004176000223	200	7.14581324168026	0.0	383025	319.288717333	0.2
4794.323464717556	200	7.326524524347602	0.0	383025	319.288717333	0.2
4794.642753434888	200	7.507235807014944	0.0	383025	319.288717333	0.2
4794.964045865285	200	7.685943376618227	0.0	383025	321.292430397	0.2
4795.285838100627	200	7.864151141276029	0.0	383025	321.792235342	0.2
4795.607630335969	200	8.042358905933831	0.0	383025	321.792235342	0.2
4795.929422571311	200	8.220566670591634	0.0	383025	321.792235342	0.2
4796.251214806653	200	8.398774435249436	0.0	383025	321.792235342	0.2
4796.573007041994	200	8.576982199907237	0.0	383025	321.792235342	0.2
4796.8947992773365	200	8.755189964565039	0.0	383025	321.792235342	0.2
4797.216591512678	200	8.933397729222841	0.0	383025	321.792235342	0.2
4797.53838374802	200	9.111605493880642	0.0	383025	321.792235342	0.2
4797.860175983362	200	9.289813258538445	0.0	383025	321.792235342	0.2
4798.181968218703	200	9.468021023196247	0.0	383025	321.792235342	0.2
4798.503760454046	200	9.646228787854048	0.0	383025	321.792235342	0.2
4798.825552689387	200	9.82443655251185	0.0	383025	321.792235342	0.2
4799.646623565773	200	9.503365676126394	0.0	383025	321.070876385	0.2
4799.961568013615	200	9.688421228283548	0.0	383025	314.944447843	0.2
4800.276512461457	200	9.873476780440704	0.0	383025	314.944447843	0.2
4801.0914569093	200	9.558532332597858	0.0	383025	314.944447843	0.2
4801.406401357142	200	9.743587884755014	0.0	383025	314.944447843	0.2
4801.721345804985	200	9.92864343691217	0.0	383025	314.944447843	0.2
4802.338080425094	200	9.613698989069324	0.0	383025	314.944447843	0.2
4802.6561626812245	200	9.795616732938843	0.0	383025	318.08225613	0.2
4802.974244937355	200	9.977534476808362	0.0	383025	318.08225613	0.2
4803.792327193487	200	9.65945222067788	0.0	383025	318.08225613	0.2
4804.110409449618	200	9.841369964547399	0.0	383025	318.08225613	0.2
4804.9284917057485	200	9.523287708416918	0.0	383025	318.08225613	0.2
4805.246573961879	200	9.705205452286437	0.0	383025	318.08225613	0.2
4805.56465621801	200	9.887123196155954	0.0	383025	318.08225613	0.2
4806.309186781252	200	9.569040940025474	0.0	383025	318.08225613	0.2
4806.627696736765	200	9.750530984512373	0.0	383025	318.509955513	0.2
4806.946206692279	200	9.932021028999273	0.0	383025	318.509955513	0.2
4807.764716647792	200	9.613511073486174	0.0	383025	318.509955513	0.2
4808.083226603305	200	9.795001117973074	0.0	383025	318.509955513	0.2
4808.401736558818	200	9.976491162459974	0.0	383025	318.509955513	0.2
4809.220246514332	200	9.657981206946873	0.0	383025	318.509955513	0.2
4809.538756469845	200	9.839471251433773	0.0	383025	318.509955513	0.2
4810.356867881021	200	9.521359840258388	0.0	383025	318.1114111753843	0.2
4810.67036496302	200	9.707862758259045	0.0	383025	313.497081999	0.2
4810.98386204502	200	9.894365676259701	0.0	383025	313.497081999	0.2
4811.797359127019	200	9.580868594260359	0.0	383025	313.497081999	0.2
4812.110856209019	200	9.767371512261015	0.0	383025	313.497081999	0.2
4812.430499134635	200	9.947728586644844	0.0	383025	319.64292561617214	0.2
4813.250392484207	200	9.6278352370737	0.0	383025	319.893349571	0.2
4813.570285833778	200	9.807941887502558	0.0	383025	319.893349571	0.2
4813.890179183349	200	9.988048537931416	0.0	383025	319.893349571	0.2
4814.71007253292	200	9.668155188360274	0.0	383025	319.893349571	0.2
4815.0299658824915	200	9.848261838789131	0.0	383025	319.893349571	0.2
4815.849859232062	200	9.528368489217987	0.0	383025	319.893349571	0.2
4816.1697525816335	200	9.708475139646845	0.0	383025	319.893349571	0.2
4816.489645931205	200	9.888581790075703	0.0	383025	319.893349571	0.2
4817.310111784024	200	9.568115937256412	0.0	383025	320.4658528192895	0.2
4817.632661018109	200	9.745566703171933	0.0	383025	322.549234084	0.2
4817.955210252194	200	9.923017469087453	0.0	383025	322.549234084	0.2
4818.777759486278	200	9.600468235002975	0.0	383025	322.549234084	0.2
4819.1003087203635	200	9.777919000918494	0.0	383025	322.549234084	0.2
4819.422857954448	200	9.955369766834016	0.0	383025	322.549234084	0.2
4820.245407188533	200	9.632820532749536	0.0	383025	322.549234084	0.2
4820.5679564226175	200	9.810271298665057	0.0	383025	322.549234084	0.2
4820.890505656703	200	9.987722064580577	0.0	383025	322.549234084	0.2
4821.713054890787	200	9.665172830496099	0.0	383025	322.549234084	0.2
4822.035604124872	200	9.842623596411618	0.0	383025	322.549234084	0.2
4822.857833260731	200	9.520394460552483	0.0	383025	322.229135859136	0.2
4823.178577082226	200	9.699650639057314	0.0	383025	320.743821495	0.2
4823.499320903721	200	9.878906817562145	0.0	383025	320.743821495	0.2
4824.320064725216	200	9.558162996066976	0.0	383025	320.743821495	0.2
4824.640808546712	200	9.737419174571807	0.0	383025	320.743821495	0.2
4824.961552368207	200	9.916675353076638	0.0	383025	320.743821495	0.2
4825.782296189702	200	9.595931531581469	0.0	383025	320.743821495	0.2
4826.103040011198	200	9.7751877100863	0.0	383025	320.743821495	0.2
4826.423783832693	200	9.95444388859113	0.0	383025	320.743821495	0.2
4827.244527654188	200	9.633700067095962	0.0	383025	320.743821495	0.2
4827.567055954628	200	9.811171766655875	0.0	383025	322.5283004400877	0.2
4827.890291614753	200	9.98793610653145	0.0	383025	323.235660124	0.2
4828.7135272748765	200	9.664700446407025	0.0	383025	323.235660124	0.2
4829.036762935001	200	9.8414647862826	0.0	383025	323.235660124	0.2
4829.859998595126	200	9.518229126158175	0.0	383025	323.235660124	0.2
4830.183234255251	200	9.69499346603375	0.0	383025	323.235660124	0.2
4830.506469915375	200	9.871757805909327	0.0	383025	323.235660124	0.2

