5957.58460351	400	0.5	0.166438247899	181435	166.438247899	-2.92876495797
5958.00117051	1000	0.583433000965	0.0	471531	416.566999035	0.4
5958.42714528	1000	0.657458237592	0.0	482442	425.974763374	1.0
5958.86146468	1000	0.723138836396	0.0	492120	434.319401195	1.0
5959.29578408	1000	0.788819435201	0.0	492120	434.319401195	1.0
5959.72858011	1000	0.856023402398	0.0	490176	432.796032802	1.0
5960.18161346	1000	0.902990058542	0.0	513389	453.033343857	1.0
5960.62055124	1000	0.964052276995	0.0	497055	438.937781547	1.0
5961.07795464	1000	1.00664887222	0.0	520019	457.403404778	1.0
5961.55110291	1000	1.0335006025	0.0	551265	473.148269711	1.0
5962.03018856	1000	1.05441495454	0.0	558332	479.085647963	1.0
5962.49132681	1000	1.09327670635	0.0	536970	461.138248187	1.0
5962.95038683	1000	1.13421668678	0.0	536970	459.060019569	1.0
5963.4075235	1000	1.17708001184	0.0	536970	457.136674945	1.0
5963.8646972	1000	1.21990631668	0.0	536970	457.173695163	1.0
5964.32438248	1000	1.26022103096	0.0	536970	459.685285713	1.0
5964.79784716	1000	1.28675635033	0.0	553424	473.464680635	1.0
5965.24579978	1000	1.33880373283	0.0	522960	447.952617496	1.0
5965.68573177	1000	1.39887173903	0.0	522960	439.931993804	1.0
5966.1232259	1000	1.46137761605	0.0	532300	437.494122975	1.0
5966.53756344	1000	1.54704007357	0.0	503004	414.337542486	1.0
5966.93502013	1000	1.64958338263	0.0	481782	397.456690939	1.0
5967.33289736	1000	1.7517061544	0.0	481782	397.877228225	1.0
5967.75426112	1000	1.83034239803	0.0	510552	421.363756377	1.0
5968.19695181	1000	1.88765170094	0.0	536970	442.690697091	1.0
5968.64055524	1000	1.94404826882	0.0	536970	443.603432113	1.0
5969.08415868	1000	2.00044483671	0.0	536970	443.603432113	1.0
5969.40138622	200	2.18321729214	0.0	383025	317.227544568	-0.6
5969.7162824	200	2.3683211125	0.0	383025	314.896179639	0.2
5970.03117858	200	2.55342493286	0.0	383025	314.896179639	0.2
5970.34586704	200	2.73873647302	0.0	383025	314.68845984	0.2
5970.66011637	200	2.92448714547	0.0	383025	314.249327552	0.2
5970.9743657	200	3.11023781792	0.0	383025	314.249327552	0.2
5971.29148764	200	3.29311587185	0.0	383025	317.12194607	0.2
5971.60952952	200	3.47507399498	0.0	383025	318.041876873	0.2
5971.9275714	200	3.6570321181	0.0	383025	318.041876873	0.2
5972.2453209	200	3.83928261295	0.0	383025	317.749505153	0.2
5972.56259595	200	4.02200756618	0.0	383025	317.275046767	0.2
5972.87987099	200	4.20473251942	0.0	383025	317.275046767	0.2
5973.19716687	200	4.38743663868	0.0	383025	317.295880738	0.2
5973.5145066	200	4.57009691513	0.0	383025	317.339723546	0.2
5973.83184632	200	4.75275719159	0.0	383025	317.339723546	0.2
5974.14920942	200	4.93539409851	0.0	383025	317.363093077	0.2
5974.46720085	200	5.11740266425	0.0	383025	317.99143426	0.2
5974.78519228	200	5.29941122999	0.0	383025	317.99143426	0.2
5975.10329015	200	5.48131336576	0.0	383025	318.097864227	0.2
5975.42166714	200	5.66293637442	0.0	383025	318.376991346	0.2
5975.74004413	200	5.84455938307	0.0	383025	318.376991346	0.2
5976.05836049	200	6.02624302439	0.0	383025	318.316358679	0.2
5976.37491438	200	6.20968913543	0.0	383025	316.553888963	0.2
5976.69146827	200	6.39313524647	0.0	383025	316.553888963	0.2
5977.0087351	200	6.57586841698	0.0	383025	317.266829488	0.2
5977.32894027	200	6.75566324152	0.0	383025	320.205175463	0.2
5977.64914545	200	6.93545806605	0.0	383025	320.205175463	0.2
5977.96935062	200	7.11525289059	0.0	383025	320.205175463	0.2
5978.28693337	200	7.29767014273	0.0	383025	317.582747855	0.2
5978.60443942	200	7.48016409184	0.0	383025	317.506050898	0.2
5978.91764457	200	7.66695894742	0.0	383025	313.205144413	0.2
5979.22795422	200	7.85664929084	0.0	383025	310.309656581	0.2
5979.53826388	200	8.04633963426	0.0	383025	310.309656581	0.2
5979.84020405	200	8.24439946795	0.0	383025	301.940166312	0.2
5980.13484471	200	8.4497588062	0.0	383025	294.640661746	0.2
5980.43038311	200	8.65422040788	0.0	383025	295.538398322	0.2
5980.72600162	200	8.85860189477	0.0	383025	295.618513116	0.2
5981.02416115	200	9.06044236237	0.0	383025	298.159532392	0.2
5981.32253445	200	9.26206906375	0.0	383025	298.373298627	0.2
5981.6258898	200	9.45871371434	0.0	383025	303.35534941	0.2
5981.934328	200	9.65027551389	0.0	383025	308.438200446	0.2
5982.2427662	200	9.84183731345	0.0	383025	308.438200446	0.2
5983.05170641	200	9.5328971018	0.0	383025	308.940211641	0.2
5983.35901138	200	9.725592135	0.0	383025	307.304966803	0.2
5983.66201133	200	9.92259218722	0.0	383025	302.999947782	0.2
5984.42185739	200	9.61959223944	0.0	383025	302.999947782	0.2
5984.74830237	200	9.79314725495	0.0	383025	326.444984483	0.2
5985.08277857	200	9.9586710599	0.0	383025	334.476195057	0.2
5985.91725476	200	9.62419486484	0.0	383025	334.476195057	0.2
5986.25146515	200	9.7899844774	0.0	383025	334.210387435	0.2
5986.57310616	200	9.96834346632	0.0	383025	321.641011086	0.2
5987.39474717	200	9.64670245523	0.0	383025	321.641011086	0.2
5987.72671901	200	9.81473061566	0.0	383025	331.971839568	0.2
5988.05869962	200	9.98275000962	0.0	383025	331.980606046	0.2
5988.67634922	200	9.65076940357	0.0	383025	331.980606046	0.2
5988.9993466	200	9.82777202546	0.0	383025	322.997378112	0.2
5989.80400766	200	9.50477464735	0.0	383025	322.997378112	0.2
5990.12555986	200	9.68322244589	0.0	383025	321.552201456	0.2
5990.44738849	200	9.86139381574	0.0	383025	321.828630155	0.2
5991.27051318	200	9.53826913118	0.0	383025	323.124684556	0.2
5991.58952042	200	9.71926189095	0.0	383025	319.007240235	0.2
5991.90412346	200	9.90465885144	0.0	383025	314.603039506	0.2
5992.41510892	200	9.59005581193	0.0	383025	314.603039506	0.2
5992.72734914	200	9.77781558424	0.0	383025	312.240227692	0.2
5993.03958937	200	9.96557535655	0.0	383025	312.240227692	0.2
5993.85676572	200	9.64839900216	0.0	383025	317.176354386	0.2
5994.16840962	200	9.8367551048	0.0	383025	311.643897364	0.2
5994.65100117	200	9.53030090896	0.0	383025	306.454195838	0.2
5994.96857837	200	9.71272370936	0.0	383025	317.577199604	0.2
5995.28615557	200	9.89514650975	0.0	383025	317.577199604	0.2
5996.10260096	200	9.57870111641	0.0	383025	316.445393341	0.2
5996.41765262	200	9.76364945149	0.0	383025	315.051664922	0.2
5996.72862339	200	9.95267868205	0.0	383025	310.970769437	0.2
5997.42432462	200	9.64170791261	0.0	383025	310.970769437	0.2
5997.73185074	200	9.83418179976	0.0	383025	307.526112858	0.2
5998.53762129	200	9.52841124427	0.0	383025	305.770555485	0.2
5998.8422527	200	9.72377983706	0.0	383025	304.631407208	0.2
5999.15128546	200	9.91474707182	0.0	383025	309.032765242	0.2
5999.89104224	200	9.60571430658	0.0	383025	309.032765242	0.2
6000.21372785	200	9.78302869311	0.0	383025	322.685613469	0.2
6000.53498445	200	9.96177209363	0.0	383025	321.256599478	0.2
6000.9107757	200	9.65620959194	0.0	383025	305.562501697	0.2
6001.22389741	200	9.84308788468	0.0	383025	313.121707258	0.2
6001.78349122	200	9.52996617742	0.0	383025	313.121707258	0.2
6002.09520664	200	9.7182507568	0.0	383025	311.715420622	0.2
6002.4067784	200	9.90667899502	0.0	383025	311.571761779	0.2
6002.77561308	200	9.59714133915	0.0	383025	309.53765587	0.2
6003.08260198	200	9.79015244015	0.0	383025	306.988899	0.2
6003.38959088	200	9.98316354115	0.0	383025	306.988899	0.2
6004.19492696	200	9.67782745864	0.0	383025	305.336082511	0.2
6004.49987775	200	9.87287666385	0.0	383025	304.95079479	0.2
6005.02605827	200	9.5665672885	0.0	383025	306.309375351	0.2
6005.35256575	200	9.74005980236	0.0	383025	326.507486136	0.2

