2178.3811729122635	400	0.5	0.1574209567796859	181435	157.42095678	-2.748419135593718
2178.54102657687	400	0.8401463353932774	0.0	184429	159.853664607	0.4
2178.783071477363	600	1.0981014349001543	0.0	285584	242.044900493	0.39999999999999997
2179.1111151183777	800	1.270057793885529	0.0	391425	328.043641015	0.6000000000000001
2179.4391587593923	800	1.4420141528709036	0.0	391425	328.043641015	0.8
2179.8445098760253	1000	1.536663036237739	0.0	490176	405.351116633	0.8
2180.2617696259335	1000	1.6194032863298682	0.0	513389	417.259749908	1.0
2180.6677499871107	1000	1.7134229251529536	0.0	497055	405.980361177	1.0
2181.094813591467	1000	1.7863593207964703	0.0	520019	427.063604356	1.0
2181.5560388972976	1000	1.8251340149655662	0.0	551265	461.225305831	1.0
2182.046916621748	1000	1.8342562905154796	0.0	558332	490.87772445	1.0
2182.5193957769784	1000	1.8617771352853245	0.0	536970	472.47915523	1.0
2182.9918749322087	1000	1.8892979800551692	0.0	536970	472.47915523	1.0
2183.464354087439	1000	1.9168188248250142	0.0	536970	472.47915523	1.0
2183.9514628931147	1000	1.929710019148879	0.0	536970	487.108805676	1.0
2184.4411545433513	1000	1.9400183689124957	0.0	536970	489.691650236	1.0
2184.9455450527657	1000	1.9356278594977792	0.0	553424	504.390509415	1.0
2185.4227211434372	1000	1.9584517688267564	0.0	522960	477.176090671	1.0
2185.8998972341083	1000	1.9812756781557337	0.0	522960	477.176090671	1.0
2186.3854170311565	1000	1.9957558811078038	0.0	532300	485.519797048	1.0
2186.8447658194227	1000	2.036407092841231	0.0	503004	459.348788267	1.0
2187.196933713964	200	2.1842391983000256	0.0	383025	352.167894541	-0.6000000000000001
2187.5499242996925	200	2.3312486125714003	0.0	383025	352.990585729	0.2
2187.9032395309923	200	2.477933381271745	0.0	383025	353.3152313	0.2
2188.2565547622917	200	2.6246181499720898	0.0	383025	353.3152313	0.2
2188.609869993591	200	2.7713029186724345	0.0	383025	353.3152313	0.2
2188.963185224891	200	2.917987687372779	0.0	383025	353.3152313	0.2
2189.31650045619	200	3.0646724560731236	0.0	383025	353.3152313	0.2
2189.6698156874895	200	3.2113572247734683	0.0	383025	353.3152313	0.2
2190.0231309187893	200	3.358041993473813	0.0	383025	353.3152313	0.2
2190.3764461500887	200	3.5047267621741574	0.0	383025	353.3152313	0.2
2190.729761381388	200	3.651411530874502	0.0	383025	353.3152313	0.2
2191.083076612688	200	3.798096299574847	0.0	383025	353.3152313	0.2
2191.4356414383124	200	3.945531473950151	0.0	383025	352.564825625	0.2
2191.7875461027274	200	4.093626809535206	0.0	383025	351.904664415	0.2
2192.139450767142	200	4.241722145120262	0.0	383025	351.904664415	0.2
2192.491355431557	200	4.389817480705318	0.0	383025	351.904664415	0.2
2192.8432600959723	200	4.537912816290374	0.0	383025	351.904664415	0.2
2193.195164760387	200	4.68600815187543	0.0	383025	351.904664415	0.2
2193.547069424802	200	4.834103487460485	0.0	383025	351.904664415	0.2
2193.898974089217	200	4.98219882304554	0.0	383025	351.904664415	0.2
2194.2503149591503	200	5.130857953112127	0.0	383025	351.340869933	0.2
2194.5909644152725	200	5.290208496989682	0.0	383025	340.649456122	0.2
2194.9316138713953	200	5.449559040867237	0.0	383025	340.649456122	0.2
2195.2722633275175	200	5.608909584744794	0.0	383025	340.649456122	0.2
2195.61291278364	200	5.768260128622349	0.0	383025	340.649456122	0.2
2195.9535622397625	200	5.927610672499904	0.0	383025	340.649456122	0.2
2196.2942116958848	200	6.08696121637746	0.0	383025	340.649456122	0.2
2196.628045508336	200	6.253127403925894	0.0	383025	333.833812452	0.2
2196.956251703518	200	6.4249212087441165	0.0	383025	328.206195182	0.2
2197.2844578986997	200	6.596715013562339	0.0	383025	328.206195182	0.2
2197.6126640938814	200	6.768508818380563	0.0	383025	328.206195182	0.2
2197.943007132767	200	6.938165779495368	0.0	383025	330.343038885	0.2
2198.2775610549043	200	7.103611857357813	0.0	383025	334.553922138	0.2
2198.612114977042	200	7.269057935220259	0.0	383025	334.553922138	0.2
2198.9466688991797	200	7.434504013082703	0.0	383025	334.553922138	0.2
2199.2812228213174	200	7.599950090945149	0.0	383025	334.553922138	0.2
2199.6159749457443	200	7.765197966518825	0.0	383025	334.752124426	0.2
2199.953449573193	200	7.927723339069799	0.0	383025	337.474627449	0.2
2200.290924200642	200	8.090248711620774	0.0	383025	337.474627449	0.2
2200.6283988280916	200	8.25277408417175	0.0	383025	337.474627449	0.2
2200.9658734555405	200	8.415299456722725	0.0	383025	337.474627449	0.2
2201.300612603207	200	8.58056030905652	0.0	383025	334.739147666	0.2
2201.629913570779	200	8.751259341484529	0.0	383025	329.300967572	0.2
2201.959214538351	200	8.921958373912537	0.0	383025	329.300967572	0.2
2202.2885155059225	200	9.092657406340546	0.0	383025	329.300967572	0.2
2202.6178164734943	200	9.263356438768554	0.0	383025	329.300967572	0.2
2202.9645050198233	200	9.416667892439596	0.0	383025	346.688546329	0.2
2203.314115319135	200	9.56705759312778	0.0	383025	349.610299312	0.2
2203.663725618447	200	9.717447293815964	0.0	383025	349.610299312	0.2
2204.0133359177594	200	9.867836994504147	0.0	383025	349.610299312	0.2
2204.862946217071	200	9.51822669519233	0.0	383025	349.610299312	0.2
2205.2125565163833	200	9.668616395880514	0.0	383025	349.610299312	0.2
2205.563962661058	200	9.817210251205434	0.0	383025	351.40614467507766	0.2
2205.919198458882	200	9.961974453381787	0.0	383025	355.235797824	0.2
2206.7744342567057	200	9.606738655558138	0.0	383025	355.235797824	0.2
2207.12967005453	200	9.75150285773449	0.0	383025	355.235797824	0.2
2207.4849058523537	200	9.89626705991084	0.0	383025	355.235797824	0.2
2208.3401416501774	200	9.541031262087191	0.0	383025	355.235797824	0.2
2208.6953774480016	200	9.685795464263544	0.0	383025	355.235797824	0.2
2209.0506132458254	200	9.830559666439894	0.0	383025	355.235797824	0.2
2209.405849043649	200	9.975323868616245	0.0	383025	355.235797824	0.2
2210.2599640789917	200	9.621208833273867	0.0	383025	354.11503534237875	0.2
2210.5928764964747	200	9.788296415790807	0.0	383025	332.912417483	0.2
2210.9256555226166	200	9.955517389649138	0.0	383025	332.77902614166766	0.2
2211.7374203578916	200	9.64375255437434	0.0	383025	311.764835275	0.2
2212.046689127524	200	9.834483784741636	0.0	383025	309.26876963270314	0.2
2212.6801331493352	200	9.534230316954822	0.0	383025	300.253467787	0.2
2212.9814976160146	200	9.732865850275452	0.0	383025	301.364466679	0.2
2213.279906026977	200	9.934457439312615	0.0	383025	298.40841096283685	0.2
2213.85859366655	200	9.636595297209931	0.0	383025	297.862142103	0.2
2214.157098101504	200	9.838090862255987	0.0	383025	298.504434954	0.2
2214.956079969875	200	9.539108993884689	0.0	383025	298.9818683712979	0.2
2215.2607894736684	200	9.734399490091578	0.0	383025	304.7095037931101	0.2
2215.5811831900187	200	9.914005773740685	0.0	383025	320.393716351	0.2
2215.9353856340595	200	9.593612057389793	0.0	383025	320.393716351	0.2
2216.259418623807	200	9.769579067642441	0.0	383025	324.032989747	0.2
2216.583451613554	200	9.945546077895088	0.0	383025	324.032989747	0.2
2217.4072064432144	200	9.621791248234818	0.0	383025	323.75482966026846	0.2
2217.730793552415	200	9.79820413903423	0.0	383025	323.587109201	0.2
2218.0543806616156	200	9.97461702983364	0.0	383025	323.587109201	0.2
2218.8677141109006	200	9.66128358054856	0.0	383025	313.33344928508075	0.2
2219.1801390795763	200	9.848858611873071	0.0	383025	312.4249686754883	0.2
2219.992905461138	200	9.536092230311485	0.0	383025	312.766381562	0.2
2220.3128674436502	200	9.71613024779949	0.0	383025	319.96198251199576	0.2
2220.6333023386733	200	9.895695352776375	0.0	383025	320.434895023	0.2
2221.405897551523	200	9.575260457753258	0.0	383025	320.434895023	0.2
2221.752733726727	200	9.728424282549689	0.0	383025	346.836175204	0.2
2222.0995699019304	200	9.88158810734612	0.0	383025	346.836175204	0.2
2222.9464060771343	200	9.534751932142552	0.0	383025	346.836175204	0.2
2223.293242252338	200	9.687915756938983	0.0	383025	346.836175204	0.2
2223.6391155911315	200	9.84204241814554	0.0	383025	345.8733387934433	0.2
2224.4770275333076	200	9.504130475969422	0.0	383025	337.911942176	0.2
2224.8149394754837	200	9.666218533793302	0.0	383025	337.911942176	0.2
2225.15285141766	200	9.828306591617183	0.0	383025	337.911942176	0.2
2225.9807031331898	200	9.500454876087467	0.0	383025	327.85171552971616	0.2
2226.290425931485	200	9.690732077792054	0.0	383025	309.722798295	0.2
2226.5931351191643	200	9.888022890112824	0.0	383025	302.70918767923115	0.2
2227.1250991017087	200	9.591739879723967	0.0	383025	296.283010389	0.2
2227.4318287702376	200	9.78501021119538	0.0	383025	306.729668529	0.2

