3418.82062647	400	0.5	0.148014742822	181435	148.014742822	-2.56029485645
3419.18931266	1000	0.631313805507	0.0	471531	368.686194493	0.4
3419.56629869	1000	0.754327785408	0.0	482442	376.986020099	1.0
3419.96115004	1000	0.859476429064	0.0	492120	394.851356345	1.0
3420.35963986	1000	0.960986614639	0.0	492120	398.489814425	1.0
3420.77020327	1000	1.05042320056	0.0	490176	410.563414079	1.0
3421.19984626	1000	1.1207802076	0.0	513389	429.642992964	1.0
3421.61613788	1000	1.20448858883	0.0	497055	416.291618768	1.0
3422.04485997	1000	1.27576650278	0.0	520019	428.722086043	1.0
3422.49811063	1000	1.32251584128	0.0	551265	453.250661503	1.0
3422.94808708	1000	1.37253938609	0.0	558332	449.976455195	1.0
3423.37624806	1000	1.44437841062	0.0	536970	428.160975465	1.0
3423.80465053	1000	1.51597593896	0.0	536970	428.402471663	1.0
3424.23380352	1000	1.58682294924	0.0	536970	429.152989722	1.0
3424.65607628	1000	1.66455018579	0.0	536970	422.272763447	1.0
3425.07363876	1000	1.74698770862	0.0	536970	417.56247717	1.0
3425.49424353	1000	1.82638294258	0.0	553424	420.604766041	1.0
3425.89367051	1000	1.92695596064	0.0	522960	399.426981942	1.0
3426.29513539	1000	2.02549108296	0.0	522960	401.46487768	1.0
3426.59956072	200	2.22106575104	0.0	383025	304.425331916	-0.6
3426.9165116	200	2.40411487195	0.0	383025	316.950879089	0.2
3427.23346248	200	2.58716399286	0.0	383025	316.950879089	0.2
3427.54818622	200	2.77244024992	0.0	383025	314.72374294	0.2
3427.85331004	200	2.96731642856	0.0	383025	305.123821362	0.2
3428.15843386	200	3.1621926072	0.0	383025	305.123821362	0.2
3428.46779678	200	3.35282968641	0.0	383025	309.36292079	0.2
3428.77753798	200	3.54308848971	0.0	383025	309.741196695	0.2
3429.08727918	200	3.73334729302	0.0	383025	309.741196695	0.2
3429.39826174	200	3.92236473085	0.0	383025	310.982562171	0.2
3429.7093589	200	4.11126756927	0.0	383025	311.097161583	0.2
3430.02192049	200	4.29870598266	0.0	383025	312.561586604	0.2
3430.34223367	200	4.47839280202	0.0	383025	320.313180646	0.2
3430.66254685	200	4.65807962137	0.0	383025	320.313180646	0.2
3430.98286003	200	4.83776644072	0.0	383025	320.313180646	0.2
3431.30953042	200	5.01109605478	0.0	383025	326.670385945	0.2
3431.63839977	200	5.18222670003	0.0	383025	328.869354751	0.2
3431.96726913	200	5.35335734528	0.0	383025	328.869354751	0.2
3432.28778907	200	5.53283740051	0.0	383025	320.519944763	0.2
3432.59931699	200	5.72130947702	0.0	383025	311.52792349	0.2
3432.91084492	200	5.90978155354	0.0	383025	311.52792349	0.2
3433.21434523	200	6.10628124016	0.0	383025	303.500313376	0.2
3433.51161459	200	6.30901187669	0.0	383025	297.269363467	0.2
3433.8052423	200	6.51538416621	0.0	383025	293.627710487	0.2
3434.09164522	200	6.72898124666	0.0	383025	286.402919544	0.2
3434.37770037	200	6.94292610532	0.0	383025	286.055141338	0.2
3434.66236928	200	7.15825719028	0.0	383025	284.668915049	0.2
3434.94595929	200	7.37466717879	0.0	383025	283.590011488	0.2
3435.22857636	200	7.59205011373	0.0	383025	282.617065055	0.2
3435.51426799	200	7.80635847951	0.0	383025	285.691634219	0.2
3435.80755141	200	8.01307506491	0.0	383025	293.283414606	0.2
3436.10442856	200	8.21619791333	0.0	383025	296.87715158	0.2
3436.40284783	200	8.41777863783	0.0	383025	298.419275494	0.2
3436.70429063	200	8.61633584167	0.0	383025	301.442796159	0.2
3437.00709962	200	8.81352684652	0.0	383025	302.808995158	0.2
3437.31115029	200	9.00947617808	0.0	383025	304.050668436	0.2
3437.62727847	200	9.19334799809	0.0	383025	316.128179993	0.2
3437.94340665	200	9.37721981809	0.0	383025	316.128179993	0.2
3438.25953483	200	9.5610916381	0.0	383025	316.128179993	0.2
3438.57998026	200	9.74064620743	0.0	383025	320.445430674	0.2
3438.90177944	200	9.91884703096	0.0	383025	321.799176463	0.2
3439.56454536	200	9.5970478545	0.0	383025	321.799176463	0.2
3439.8852914	200	9.7763018185	0.0	383025	320.746036005	0.2
3440.20603743	200	9.95555578249	0.0	383025	320.746036005	0.2
3440.60713322	200	9.63123739271	0.0	383025	324.318389776	0.2
3440.94753777	200	9.79083284684	0.0	383025	340.404545873	0.2
3441.28794231	200	9.95042830097	0.0	383025	340.404545873	0.2
3442.12834686	200	9.61002375509	0.0	383025	340.404545873	0.2
3442.46775575	200	9.77061486106	0.0	383025	339.408894037	0.2
3442.80512541	200	9.93324520366	0.0	383025	337.369657395	0.2
3443.64249507	200	9.59587554627	0.0	383025	337.369657395	0.2
3443.97986472	200	9.75850588887	0.0	383025	337.369657395	0.2
3444.31876429	200	9.91960632462	0.0	383025	338.899564249	0.2
3445.15771451	200	9.58065610826	0.0	383025	338.950216363	0.2
3445.49730774	200	9.74106287144	0.0	383025	339.593236815	0.2
3445.83902988	200	9.89934073364	0.0	383025	341.7221378	0.2
3446.68075202	200	9.55761859584	0.0	383025	341.7221378	0.2
3447.02098378	200	9.71738683547	0.0	383025	340.231760372	0.2
3447.35945587	200	9.87891474192	0.0	383025	338.472093556	0.2
3448.19792797	200	9.54044264836	0.0	383025	338.472093556	0.2
3448.53619414	200	9.70217647136	0.0	383025	338.266177001	0.2
3448.873962	200	9.86440861415	0.0	383025	337.767857206	0.2
3449.71172986	200	9.52664075695	0.0	383025	337.767857206	0.2
3450.04812415	200	9.69024646286	0.0	383025	336.394294092	0.2
3450.38265639	200	9.85571422377	0.0	383025	334.532239081	0.2
3451.21718863	200	9.52118198469	0.0	383025	334.532239081	0.2
3451.55181076	200	9.6865598584	0.0	383025	334.622126296	0.2
3451.8889098	200	9.84946081791	0.0	383025	337.099040489	0.2
3452.72600884	200	9.51236177742	0.0	383025	337.099040489	0.2
3453.06300371	200	9.67536690061	0.0	383025	336.994876813	0.2
3453.39973541	200	9.83863520357	0.0	383025	336.731697038	0.2
3454.23646711	200	9.50190350653	0.0	383025	336.731697038	0.2
3454.57066242	200	9.66770819186	0.0	383025	334.195314665	0.2
3454.90309675	200	9.83527386282	0.0	383025	332.434329043	0.2
3455.2807062	200	9.50283953378	0.0	383025	332.434329043	0.2
3455.61944208	200	9.66410365704	0.0	383025	338.73587674	0.2
3455.95817796	200	9.8253677803	0.0	383025	338.73587674	0.2
3456.29691383	200	9.98663190356	0.0	383025	338.73587674	0.2
3456.99576834	200	9.64789602682	0.0	383025	338.73587674	0.2
3457.33408657	200	9.80957779853	0.0	383025	338.318228294	0.2
3457.6724048	200	9.97125957023	0.0	383025	338.318228294	0.2
3458.31579638	200	9.63294134194	0.0	383025	338.318228294	0.2
3458.65515641	200	9.79358131029	0.0	383025	339.360031648	0.2
3458.99451644	200	9.95422127864	0.0	383025	339.360031648	0.2
3459.77703002	200	9.61486124699	0.0	383025	339.360031648	0.2
3460.12125155	200	9.77063971754	0.0	383025	344.221529458	0.2
3460.46547308	200	9.92641818808	0.0	383025	344.221529458	0.2
3461.30969461	200	9.58219665862	0.0	383025	344.221529458	0.2
3461.65336092	200	9.73853034605	0.0	383025	343.666312573	0.2
3461.99673912	200	9.89515214451	0.0	383025	343.378201542	0.2
3462.84011732	200	9.55177394296	0.0	383025	343.378201542	0.2
3463.18349552	200	9.70839574142	0.0	383025	343.378201542	0.2
3463.5271247	200	9.86476655977	0.0	383025	343.629181648	0.2
3464.37075417	200	9.52113709084	0.0	383025	343.62946893	0.2
3464.71438364	200	9.67750762191	0.0	383025	343.62946893	0.2
3465.0559456	200	9.8359456608	0.0	383025	341.561961116	0.2
3465.89027085	200	9.50162040933	0.0	383025	334.325251467	0.2
3466.22459611	200	9.66729515786	0.0	383025	334.325251467	0.2
3466.5563769	200	9.83551436422	0.0	383025	331.780793649	0.2
3467.38703518	200	9.50485608085	0.0	383025	330.658283367	0.2
3467.71614658	200	9.67574468195	0.0	383025	329.111398898	0.2

