2471.1464808495325	400	0.5	0.1636055440608832	181435	163.605544061	-2.8721108812176643
2471.3126211581034	400	0.8338596914288608	0.0	184429	166.140308571	0.4
2471.564400779979	600	1.0820800695527992	0.0	285584	251.779621876	0.39999999999999997
2471.9057869517983	800	1.2406938977335185	0.0	391425	341.386171819	0.6000000000000001
2472.2478867988048	800	1.3985940507271497	0.0	391425	342.099847006	0.8
2472.592311112362	800	1.5541697371700207	0.0	389889	344.424313557	0.8
2473.0459087005365	1000	1.6005721489955114	0.0	513389	453.597588175	0.8
2473.4976478411622	1000	1.6488330083697271	0.0	497055	451.739140626	1.0
2473.969795382519	1000	1.6766854670129767	0.0	520019	472.147541357	1.0
2474.4717079220745	1000	1.6747729274571264	0.0	551265	501.912539556	1.0
2474.9990537860303	1000	1.6474270635013042	0.0	558332	527.345863956	1.0
2475.506605795531	1000	1.6398750540009392	0.0	536970	507.5520095	1.0
2476.0141578050316	1000	1.6323230445005743	0.0	536970	507.5520095	1.0
2476.497061810401	1000	1.6494190391307375	0.0	536970	482.90400537	1.0
2476.966149786987	1000	1.6803310625452124	0.0	536970	469.087976586	1.0
2477.4338209790712	1000	1.7126598704606628	0.0	536970	467.671192085	1.0
2477.88699949805	1000	1.7594813514818588	0.0	553424	453.178518979	1.0
2478.31661382705	1000	1.8298670224825309	0.0	522960	429.614328999	1.0
2478.746503482192	1000	1.8999773673399427	0.0	522960	429.889655143	1.0
2479.1839481874727	1000	1.9625326620594965	0.0	532300	437.44470528	1.0
2479.598872317887	1000	2.04760853164529	0.0	503004	414.924130414	1.0
2479.9178841370954	200	2.228596712436798	0.0	383025	319.011819208	-0.6000000000000001
2480.234158316305	200	2.412322533226892	0.0	383025	316.27417921	0.2
2480.53995626688	200	2.6065245826523165	0.0	383025	305.797950575	0.2
2480.8458881494926	200	2.800592700039947	0.0	383025	305.931882612	0.2
2481.154762177377	200	2.99171867215527	0.0	383025	308.874027885	0.2
2481.464477464268	200	3.18200338526449	0.0	383025	309.715286891	0.2
2481.7774895130897	200	3.368991336442576	0.0	383025	313.012048822	0.2
2482.090501561912	200	3.555979287620662	0.0	383025	313.012048822	0.2
2482.4011890527627	200	3.745291796770081	0.0	383025	310.687490851	0.2
2482.711390801893	200	3.9350900476398443	0.0	383025	310.20174913	0.2
2483.0193466237556	200	4.127134225776757	0.0	383025	307.955821863	0.2
2483.326318015655	200	4.320162833877178	0.0	383025	306.9713919	0.2
2483.6288549954397	200	4.517625854092421	0.0	383025	302.536979785	0.2
2483.9264477565735	200	4.720033092958419	0.0	383025	297.592761134	0.2
2484.225983873009	200	4.92049697652264	0.0	383025	299.536116436	0.2
2484.5261036795396	200	5.120377169992015	0.0	383025	300.119806531	0.2
2484.8295841412464	200	5.316896708285155	0.0	383025	303.480461707	0.2
2485.1342739076745	200	5.512206941857025	0.0	383025	304.689766428	0.2
2485.440507640382	200	5.705973209149464	0.0	383025	306.233732708	0.2
2485.7470462993806	200	5.899434550150625	0.0	383025	306.538658999	0.2
2486.0539282599175	200	6.092552589613658	0.0	383025	306.881960537	0.2
2486.3611013865334	200	6.285379462997736	0.0	383025	307.173126616	0.2
2486.6694532484544	200	6.477027601076938	0.0	383025	308.351861921	0.2
2486.977805110375	200	6.668675739156141	0.0	383025	308.351861921	0.2
2487.2856366068863	200	6.860844242644779	0.0	383025	307.831496511	0.2
2487.592348729945	200	7.054132119586022	0.0	383025	306.712123059	0.2
2487.8973633216697	200	7.249117527861196	0.0	383025	305.014591725	0.2
2488.202582431977	200	7.4438984175539025	0.0	383025	305.219110307	0.2
2488.5079331522447	200	7.638547697286039	0.0	383025	305.350720268	0.2
2488.8146810244893	200	7.831799825041379	0.0	383025	306.747872245	0.2
2489.122775267989	200	8.023705581541705	0.0	383025	308.0942435	0.2
2489.432971611867	200	8.213509237663889	0.0	383025	310.196343878	0.2
2489.7518707776435	200	8.394610071887293	0.0	383025	318.899165777	0.2
2490.0707699434197	200	8.575710906110697	0.0	383025	318.899165777	0.2
2490.3910161440695	200	8.755464705460938	0.0	383025	320.24620065	0.2
2490.7114185871687	200	8.935062262361761	0.0	383025	320.402443099	0.2
2491.0275175298652	200	9.118963319665207	0.0	383025	316.098942697	0.2
2491.3397618605077	200	9.306718989023027	0.0	383025	312.244330642	0.2
2491.6494560394017	200	9.49702481012883	0.0	383025	309.694178894	0.2
2491.9591502182957	200	9.68733063123463	0.0	383025	309.694178894	0.2
2492.2665612793917	200	9.879919570138815	0.0	383025	307.411061096	0.2
2492.91329929556	200	9.573393606215918	0.0	383025	306.525963923	0.2
2493.2372162936385	200	9.749476608137261	0.0	383025	323.916998079	0.2
2493.57395057805	200	9.912742323726084	0.0	383025	336.7342844111778	0.2
2494.2026693723983	200	9.57381460346923	0.0	383025	338.927720257	0.2
2494.561145255887	200	9.715338719980918	0.0	383025	358.475883488	0.2
2494.9196211393755	200	9.856862836492606	0.0	383025	358.475883488	0.2
2495.278097022864	200	9.998386953004294	0.0	383025	358.475883488	0.2
2496.13241668632	200	9.644067289548337	0.0	383025	354.3196634559572	0.2
2496.485400068928	200	9.791083906940354	0.0	383025	352.983382608	0.2
2496.8274057946555	200	9.949078181212998	0.0	383025	342.0057257273552	0.2
2497.6650528157156	200	9.61143116015272	0.0	383025	337.64702106	0.2
2497.9866443786004	200	9.789839597267848	0.0	383025	321.5915628848699	0.2
2498.3067458832907	200	9.96973809257803	0.0	383025	320.10150469	0.2
2498.6621714327166	200	9.653959143756454	0.0	383025	315.778948821577	0.2
2498.981522284694	200	9.834608291779332	0.0	383025	319.350851977	0.2
2499.73922141263	200	9.515257439802209	0.0	383025	319.350851977	0.2
2500.0751318150096	200	9.67934703742238	0.0	383025	335.91040238	0.2
2500.403067127916	200	9.851411724516236	0.0	383025	327.9353129061437	0.2
2500.9497465319796	200	9.52916897995681	0.0	383025	322.242744559	0.2
2501.261791787925	200	9.717123724011163	0.0	383025	312.045255946	0.2
2501.5727846119025	200	9.906130900033757	0.0	383025	310.99282397740456	0.2
2502.201791793808	200	9.595364707394692	0.0	383025	310.766192639	0.2
2502.5139571148084	200	9.783199386394188	0.0	383025	312.165321001	0.2
2502.8219617333943	200	9.975194767808254	0.0	383025	308.0046185859343	0.2
2503.5654784519247	200	9.667641887269246	0.0	383025	307.552880539	0.2
2503.8745096559423	200	9.858610683252026	0.0	383025	309.0312040172207	0.2
2504.484383059549	200	9.546171497702783	0.0	383025	312.439185549	0.2
2504.7920484904425	200	9.738506066809808	0.0	383025	307.665430893	0.2
2505.0953260676065	200	9.935228489645658	0.0	383025	303.27757716415016	0.2
2505.8578115427144	200	9.633174350849295	0.0	383025	302.054138796	0.2
2506.162692619004	200	9.828293274560117	0.0	383025	304.88107628917663	0.2
2506.8482146893007	200	9.52318840756201	0.0	383025	305.104866998	0.2
2507.1556932055623	200	9.715709891300323	0.0	383025	307.47851626168875	0.2
2507.4627716448817	200	9.908631451980806	0.0	383025	307.07843932	0.2
2508.269600527745	200	9.601802569117853	0.0	383025	306.82888286295315	0.2
2508.5750662549603	200	9.796336841902212	0.0	383025	305.46572721563956	0.2
2508.8805543055587	200	9.99084879130414	0.0	383025	305.488050598	0.2
2509.3744182771075	200	9.685295200957944	0.0	383025	305.55359034619676	0.2
2509.678831162291	200	9.88088231577506	0.0	383025	304.412885183	0.2
2510.0003980586507	200	9.576460505587981	0.0	383025	304.4218101870767	0.2
2510.3041601820833	200	9.7726983821555	0.0	383025	303.762123432	0.2
2510.607650774491	200	9.969207789747518	0.0	383025	303.49059240798385	0.2
2511.4136445892364	200	9.663213975002218	0.0	383025	305.99381474529974	0.2
2511.72068808353	200	9.85617048070888	0.0	383025	307.0434942933396	0.2
2512.4007320249084	200	9.54986612274565	0.0	383025	306.304357963	0.2
2512.7042552031903	200	9.746342944464114	0.0	383025	303.5231782815352	0.2
2513.0062405038743	200	9.944357643780112	0.0	383025	301.98530068400413	0.2
2513.659091355455	200	9.642556201529915	0.0	383025	301.8014422501971	0.2
2513.9704496848535	200	9.831197872131186	0.0	383025	311.358329399	0.2
2514.7818080142524	200	9.519839542732457	0.0	383025	311.358329399	0.2
2515.093242364827	200	9.708405192157555	0.0	383025	311.4343505749016	0.2
2515.4048186225473	200	9.896828934437469	0.0	383025	311.57625772	0.2
2516.144747747611	200	9.585252676717385	0.0	383025	311.57625772	0.2
2516.463778046145	200	9.766222378183523	0.0	383025	319.03029853386255	0.2
2516.7858388216746	200	9.944161602653562	0.0	383025	322.06077553	0.2
2517.599404428542	200	9.622100827123601	0.0	383025	322.06077553	0.2
2517.935878497803	200	9.785626757862483	0.0	383025	336.474069261	0.2
2518.2765665022785	200	9.944938753387081	0.0	383025	340.68800447540156	0.2

