4391.909316768306	400	0.5	0.15405700493250415	181435	154.057004933	-2.6811400986500833
4392.065750969881	400	0.843565798425349	0.0	184429	156.434201575	0.4
4392.3025009117155	600	1.1068158565913904	0.0	285584	236.749941834	0.39999999999999997
4392.623287216209	800	1.2860295520982914	0.0	391425	320.786304493	0.6000000000000001
4392.944073520703	800	1.4652432476051922	0.0	391425	320.786304493	0.8
4393.343266821056	1000	1.566049947250822	0.0	490176	399.193300354	0.8
4393.761945617042	1000	1.6473711512649145	0.0	513389	418.678795986	1.0
4394.169458892981	1000	1.7398578753254914	0.0	497055	407.513275939	1.0
4394.595337329454	1000	1.8139794388531838	0.0	520019	425.878436472	1.0
4395.046204348317	1000	1.8631124199905913	0.0	551265	450.867018863	1.0
4395.502723108578	1000	1.9065936597290305	0.0	558332	456.518760262	1.0
4395.942157886985	1000	1.9671588813218281	0.0	536970	439.434778407	1.0
4396.381592665392	1000	2.027724102914626	0.0	536970	439.434778407	1.0
4396.697878874186	200	2.2114378941198596	0.0	383025	316.286208795	-0.6000000000000001
4397.010380233868	200	2.398936534438413	0.0	383025	312.501359681	0.2
4397.32288159355	200	2.586435174756966	0.0	383025	312.501359681	0.2
4397.635382953231	200	2.7739338150755195	0.0	383025	312.501359681	0.2
4397.947884312913	200	2.9614324553940725	0.0	383025	312.501359681	0.2
4398.260385672595	200	3.1489310957126255	0.0	383025	312.501359681	0.2
4398.572887032276	200	3.3364297360311785	0.0	383025	312.501359681	0.2
4398.8883574171205	200	3.5209593511869	0.0	383025	315.470384844	0.2
4399.207760669915	200	3.7015560983927736	0.0	383025	319.403252794	0.2
4399.527163922709	200	3.882152845598647	0.0	383025	319.403252794	0.2
4399.846567175504	200	4.062749592804521	0.0	383025	319.403252794	0.2
4400.165970428298	200	4.243346340010395	0.0	383025	319.403252794	0.2
4400.485373681093	200	4.423943087216268	0.0	383025	319.403252794	0.2
4400.804776933887	200	4.604539834422142	0.0	383025	319.403252794	0.2
4401.124180186682	200	4.785136581628016	0.0	383025	319.403252794	0.2
4401.443583439476	200	4.965733328833889	0.0	383025	319.403252794	0.2
4401.762986692271	200	5.146330076039764	0.0	383025	319.403252794	0.2
4402.082389945064	200	5.326926823245637	0.0	383025	319.403252794	0.2
4402.401793197859	200	5.507523570451511	0.0	383025	319.403252794	0.2
4402.721196450653	200	5.6881203176573845	0.0	383025	319.403252794	0.2
4403.040009501996	200	5.869307266315402	0.0	383025	318.813051342	0.2
4403.3522063809605	200	6.057110387350286	0.0	383025	312.196878965	0.2
4403.664403259925	200	6.244913508385171	0.0	383025	312.196878965	0.2
4403.976600138891	200	6.432716629420055	0.0	383025	312.196878965	0.2
4404.288797017855	200	6.62051975045494	0.0	383025	312.196878965	0.2
4404.600993896821	200	6.808322871489824	0.0	383025	312.196878965	0.2
4404.918868350529	200	6.990448417781534	0.0	383025	317.874453708	0.2
4405.2407079815275	200	7.168608786782814	0.0	383025	321.839630999	0.2
4405.562547612526	200	7.346769155784093	0.0	383025	321.839630999	0.2
4405.884387243525	200	7.524929524785374	0.0	383025	321.839630999	0.2
4406.206226874524	200	7.703089893786653	0.0	383025	321.839630999	0.2
4406.5280665055225	200	7.881250262787933	0.0	383025	321.839630999	0.2
4406.849906136521	200	8.059410631789213	0.0	383025	321.839630999	0.2
4407.1717457675195	200	8.237571000790492	0.0	383025	321.839630999	0.2
4407.493585398519	200	8.415731369791773	0.0	383025	321.839630999	0.2
4407.815425029517	200	8.593891738793053	0.0	383025	321.839630999	0.2
4408.1371626876835	200	8.772154080626812	0.0	383025	321.737658166	0.2
4408.456353494035	200	8.952963274275332	0.0	383025	319.190806351	0.2
4408.775544300387	200	9.13377246792385	0.0	383025	319.190806351	0.2
4409.094735106738	200	9.314581661572367	0.0	383025	319.190806351	0.2
4409.41392591309	200	9.495390855220885	0.0	383025	319.190806351	0.2
4409.733116719442	200	9.676200048869402	0.0	383025	319.190806351	0.2
4410.052307525793	200	9.85700924251792	0.0	383025	319.190806351	0.2
4410.871498332144	200	9.53781843616644	0.0	383025	319.190806351	0.2
4411.190689138496	200	9.718627629814957	0.0	383025	319.190806351	0.2
4411.509879944848	200	9.899436823463475	0.0	383025	319.190806351	0.2
4412.327966712264	200	9.581350056046789	0.0	383025	318.08676741668626	0.2
4412.645300401031	200	9.764016367279975	0.0	383025	317.333688767	0.2
4412.962634089798	200	9.946682678513161	0.0	383025	317.333688767	0.2
4413.779967778564	200	9.629348989746347	0.0	383025	317.333688767	0.2
4414.097301467331	200	9.812015300979533	0.0	383025	317.333688767	0.2
4414.414635156098	200	9.99468161221272	0.0	383025	317.333688767	0.2
4415.21867800265	200	9.677347923445906	0.0	383025	317.333688767	0.2
4415.536705704598	200	9.85932022149896	0.0	383025	318.027701947	0.2
4416.354733406544	200	9.541292519552012	0.0	383025	318.027701947	0.2
4416.672761108492	200	9.723264817605067	0.0	383025	318.027701947	0.2
4416.990788810438	200	9.90523711565812	0.0	383025	318.027701947	0.2
4417.808816512385	200	9.587209413711173	0.0	383025	318.027701947	0.2
4418.12997485436	200	9.766051071737325	0.0	383025	321.1583419738478	0.2
4418.451786066523	200	9.944239859573447	0.0	383025	321.811212164	0.2
4419.273597278686	200	9.622428647409567	0.0	383025	321.811212164	0.2
4419.59540849085	200	9.80061743524569	0.0	383025	321.811212164	0.2
4419.917219703013	200	9.978806223081811	0.0	383025	321.811212164	0.2
4420.739030915176	200	9.656995010917932	0.0	383025	321.811212164	0.2
4421.06084212734	200	9.835183798754054	0.0	383025	321.811212164	0.2
4421.882158174232	200	9.51386775186148	0.0	383025	321.3160468925749	0.2
4422.2024359010165	200	9.693590025077054	0.0	383025	320.277726784	0.2
4422.522713627801	200	9.873312298292628	0.0	383025	320.277726784	0.2
4423.342991354586	200	9.553034571508205	0.0	383025	320.277726784	0.2
4423.66326908137	200	9.732756844723779	0.0	383025	320.277726784	0.2
4423.983546808155	200	9.912479117939354	0.0	383025	320.277726784	0.2
4424.803824534939	200	9.59220139115493	0.0	383025	320.277726784	0.2
4425.1239931555665	200	9.772032770527701	0.0	383025	320.168620627228	0.2
4425.442741370331	200	9.953284555763325	0.0	383025	318.748214764	0.2
4426.261489585095	200	9.634536340998947	0.0	383025	318.748214764	0.2
4426.58023779986	200	9.81578812623457	0.0	383025	318.748214764	0.2
4426.898986014624	200	9.997039911470194	0.0	383025	318.748214764	0.2
4427.717734229389	200	9.678291696705816	0.0	383025	318.748214764	0.2
4428.036482444153	200	9.85954348194144	0.0	383025	318.748214764	0.2
4428.855546365532	200	9.54047956056284	0.0	383025	319.0639213786007	0.2
4429.175085367528	200	9.720940558567383	0.0	383025	319.539001995	0.2
4429.494624369523	200	9.901401556571926	0.0	383025	319.539001995	0.2
4430.3141633715195	200	9.581862554576468	0.0	383025	319.539001995	0.2
4430.633702373515	200	9.76232355258101	0.0	383025	319.539001995	0.2
4430.9532413755105	200	9.942784550585554	0.0	383025	319.539001995	0.2
4431.283591862449	200	9.623245548590095	0.0	383025	319.539001995	0.2
4431.60557586937	200	9.801261541668383	0.0	383025	321.984006922	0.2
4431.927559876292	200	9.979277534746673	0.0	383025	321.984006922	0.2
4432.749543883214	200	9.657293527824963	0.0	383025	321.984006922	0.2
4433.071527890135	200	9.835309520903255	0.0	383025	321.984006922	0.2
4433.893511897058	200	9.513325513981545	0.0	383025	321.984006922	0.2
4434.215495903979	200	9.691341507059835	0.0	383025	321.984006922	0.2
4434.5374799109	200	9.869357500138126	0.0	383025	321.984006922	0.2
4435.359397202594	200	9.547440208444725	0.0	383025	321.91729169340084	0.2
4435.681141094204	200	9.725696316835013	0.0	383025	321.74389161	0.2
4436.002884985814	200	9.903952425225299	0.0	383025	321.74389161	0.2
4436.8246288774235	200	9.582208533615587	0.0	383025	321.74389161	0.2
4437.146372769033	200	9.760464642005875	0.0	383025	321.74389161	0.2
4437.468116660643	200	9.938720750396161	0.0	383025	321.74389161	0.2
4438.289860552253	200	9.61697685878645	0.0	383025	321.74389161	0.2
4438.611604443863	200	9.795232967176737	0.0	383025	321.74389161	0.2
4438.932393116808	200	9.97444429423114	0.0	383025	320.7886729455947	0.2
4439.7508490566015	200	9.655988354438362	0.0	383025	318.455939793	0.2
4440.069304996395	200	9.837532414645585	0.0	383025	318.455939793	0.2
4440.887760936188	200	9.519076474852806	0.0	383025	318.455939793	0.2
4441.20621687598	200	9.700620535060027	0.0	383025	318.455939793	0.2
4441.524672815774	200	9.882164595267248	0.0	383025	318.455939793	0.2

