241.747446118	400	0.5	0.156981170313	181435	156.981170313	-2.73962340627
242.13943514	1000	0.608010977931	0.0	471531	391.989022069	0.4
242.540263204	1000	0.707182914061	0.0	482442	400.828063871	1.0
242.948931452	1000	0.798514666288	0.0	492120	408.668247773	1.0
243.357599699	1000	0.889846418515	0.0	492120	408.668247773	1.0
243.764693106	1000	0.982753012394	0.0	490176	407.093406121	1.0
244.19059145	1000	1.05685466838	0.0	513389	425.898344013	1.0
244.603257559	1000	1.1441885587	0.0	497055	412.666109682	1.0
245.034526891	1000	1.21291922695	0.0	520019	431.269331745	1.0
245.491108724	1000	1.25633739405	0.0	551265	456.581832903	1.0
245.947434611	1000	1.30001150705	0.0	558332	456.325887001	1.0
246.385459966	1000	1.36198615212	0.0	536970	438.025354931	1.0
246.823485321	1000	1.42396079719	0.0	536970	438.025354931	1.0
247.261510676	1000	1.48593544226	0.0	536970	438.025354931	1.0
247.699536031	1000	1.54791008733	0.0	536970	438.025354931	1.0
248.137380793	1000	1.61006532447	0.0	536970	437.844762852	1.0
248.588253683	1000	1.65919243537	0.0	553424	450.872889101	1.0
249.014858105	1000	1.73258801257	0.0	522960	426.604422801	1.0
249.441462528	1000	1.80598358977	0.0	522960	426.604422801	1.0
249.875507454	1000	1.87193866424	0.0	532300	434.044925534	1.0
250.286214374	1000	1.96123174385	0.0	503004	410.706920389	1.0
250.680015261	1000	2.06743085654	0.0	481782	393.800887307	1.0
250.995143587	200	2.25230253116	0.0	383025	315.128325385	-0.6
251.309368883	200	2.43807723483	0.0	383025	314.225296327	0.2
251.623298203	200	2.62414791464	0.0	383025	313.929320191	0.2
251.937227523	200	2.81021859445	0.0	383025	313.929320191	0.2
252.251156844	200	2.99628927426	0.0	383025	313.929320191	0.2
252.565086164	200	3.18235995406	0.0	383025	313.929320191	0.2
252.879015484	200	3.36843063387	0.0	383025	313.929320191	0.2
253.192503385	200	3.55494273275	0.0	383025	313.487901122	0.2
253.504806123	200	3.74263999449	0.0	383025	312.302738264	0.2
253.817108862	200	3.93033725622	0.0	383025	312.302738264	0.2
254.1294116	200	4.11803451796	0.0	383025	312.302738264	0.2
254.441714338	200	4.30573177969	0.0	383025	312.302738264	0.2
254.754017077	200	4.49342904143	0.0	383025	312.302738264	0.2
255.066319815	200	4.68112630317	0.0	383025	312.302738264	0.2
255.378622553	200	4.8688235649	0.0	383025	312.302738264	0.2
255.690925291	200	5.05652082664	0.0	383025	312.302738264	0.2
256.00090843	200	5.24653768771	0.0	383025	309.983138931	0.2
256.310542524	200	5.43690359376	0.0	383025	309.634093949	0.2
256.620176618	200	5.62726949981	0.0	383025	309.634093949	0.2
256.929810712	200	5.81763540586	0.0	383025	309.634093949	0.2
257.23875614	200	6.00868997802	0.0	383025	308.945427835	0.2
257.545398818	200	6.2020472996	0.0	383025	306.642678426	0.2
257.852041497	200	6.39540462117	0.0	383025	306.642678426	0.2
258.158684175	200	6.58876194275	0.0	383025	306.642678426	0.2
258.465326854	200	6.78211926432	0.0	383025	306.642678426	0.2
258.774294138	200	6.97315198021	0.0	383025	308.967284107	0.2
259.084358958	200	7.16308716001	0.0	383025	310.064820197	0.2
259.394423778	200	7.35302233982	0.0	383025	310.064820197	0.2
259.704488598	200	7.54295751962	0.0	383025	310.064820197	0.2
260.014553419	200	7.73289269942	0.0	383025	310.064820197	0.2
260.324618239	200	7.92282787923	0.0	383025	310.064820197	0.2
260.634509298	200	8.11293682002	0.0	383025	309.891059201	0.2
260.943762207	200	8.3036839112	0.0	383025	309.252908824	0.2
261.253015116	200	8.49443100238	0.0	383025	309.252908824	0.2
261.562268024	200	8.68517809355	0.0	383025	309.252908824	0.2
261.871520933	200	8.87592518473	0.0	383025	309.252908824	0.2
262.180773842	200	9.0666722759	0.0	383025	309.252908824	0.2
262.490026751	200	9.25741936708	0.0	383025	309.252908824	0.2
262.802068451	200	9.44537766653	0.0	383025	312.041700547	0.2
263.11431458	200	9.63313153748	0.0	383025	312.246129049	0.2
263.426560709	200	9.82088540843	0.0	383025	312.246129049	0.2
264.238806839	200	9.50863927938	0.0	383025	312.246129049	0.2
264.551052968	200	9.69639315034	0.0	383025	312.246129049	0.2
264.86512226	200	9.882323858	0.0	383025	314.06929234	0.2
265.679957464	200	9.56748865347	0.0	383025	314.83520453	0.2
265.994792669	200	9.75265344894	0.0	383025	314.83520453	0.2
266.309627874	200	9.93781824441	0.0	383025	314.83520453	0.2
267.124413967	200	9.62303215076	0.0	383025	314.786093647	0.2
267.435504812	200	9.81194130638	0.0	383025	311.090844382	0.2
268.246595656	200	9.50085046199	0.0	383025	311.090844382	0.2
268.5576865	200	9.68975961761	0.0	383025	311.090844382	0.2
268.872573557	200	9.87487256081	0.0	383025	314.887056798	0.2
269.690884328	200	9.55656178971	0.0	383025	318.310771107	0.2
270.009195099	200	9.7382510186	0.0	383025	318.310771107	0.2
270.32750587	200	9.91994024749	0.0	383025	318.310771107	0.2
271.145816642	200	9.60162947639	0.0	383025	318.310771107	0.2
271.463753132	200	9.78369298568	0.0	383025	317.936490707	0.2
271.779421025	200	9.96802509279	0.0	383025	315.667892886	0.2
272.595088918	200	9.65235719991	0.0	383025	315.667892886	0.2
272.910756811	200	9.83668930702	0.0	383025	315.667892886	0.2
273.726424704	200	9.52102141414	0.0	383025	315.667892886	0.2
274.042242135	200	9.70520398322	0.0	383025	315.817430915	0.2
274.358359797	200	9.8890863213	0.0	383025	316.117661925	0.2
275.174477459	200	9.57296865937	0.0	383025	316.117661925	0.2
275.49059512	200	9.75685099745	0.0	383025	316.117661925	0.2
275.806712782	200	9.94073333552	0.0	383025	316.117661925	0.2
276.622834909	200	9.62461120911	0.0	383025	316.122126409	0.2
276.938978669	200	9.8084674488	0.0	383025	316.143760313	0.2
277.255122429	200	9.99232368849	0.0	383025	316.143760313	0.2
278.07126619	200	9.67617992817	0.0	383025	316.143760313	0.2
278.38740995	200	9.86003616786	0.0	383025	316.143760313	0.2
279.205483658	200	9.54196245996	0.0	383025	318.073707899	0.2
279.526851997	200	9.7205941212	0.0	383025	321.368338758	0.2
279.848220335	200	9.89922578245	0.0	383025	321.368338758	0.2
280.669588674	200	9.57785744369	0.0	383025	321.368338758	0.2
280.990957013	200	9.75648910493	0.0	383025	321.368338758	0.2
281.312325352	200	9.93512076617	0.0	383025	321.368338758	0.2
282.086922519	200	9.61375242741	0.0	383025	321.368338758	0.2
282.412636439	200	9.78803850739	0.0	383025	325.713920024	0.2
282.738350359	200	9.96232458737	0.0	383025	325.713920024	0.2
283.564064279	200	9.63661066734	0.0	383025	325.713920024	0.2
283.889778199	200	9.81089674732	0.0	383025	325.713920024	0.2
284.215492119	200	9.9851828273	0.0	383025	325.713920024	0.2
285.041206039	200	9.65946890727	0.0	383025	325.713920024	0.2
285.366919959	200	9.83375498725	0.0	383025	325.713920024	0.2
286.192633879	200	9.50804106722	0.0	383025	325.713920024	0.2
286.518484925	200	9.68219002119	0.0	383025	325.851046032	0.2
286.847153137	200	9.85352180995	0.0	383025	328.668211237	0.2
287.675821348	200	9.52485359872	0.0	383025	328.668211237	0.2
288.004489559	200	9.69618538748	0.0	383025	328.668211237	0.2
288.33315777	200	9.86751717624	0.0	383025	328.668211237	0.2
289.161825982	200	9.538848965	0.0	383025	328.668211237	0.2
289.490494193	200	9.71018075377	0.0	383025	328.668211237	0.2
289.819162404	200	9.88151254253	0.0	383025	328.668211237	0.2
290.647830615	200	9.55284433129	0.0	383025	328.668211237	0.2
290.976498827	200	9.72417612005	0.0	383025	328.668211237	0.2
291.305167038	200	9.89550790882	0.0	383025	328.668211237	0.2
292.093976893	200	9.56683969758	0.0	383025	328.668211237	0.2

