2324.42106232716	400	0.5	0.13715296390422177	181435	137.152963904	-2.3430592780844353
2324.5603135409824	400	0.8607487861774645	0.0	184429	139.251213823	0.4
2324.770456027513	600	1.150606299647174	0.0	285584	210.14248653	0.39999999999999997
2325.062041490049	800	1.3590208371109622	0.0	391425	291.585462536	0.6000000000000001
2325.37911478083	800	1.5419475463300267	0.0	391425	317.073290781	0.8
2325.7736583265464	1000	1.6474040006141528	0.0	490176	394.543545716	0.8
2326.1864124931953	1000	1.7346498339647727	0.0	513389	412.754166649	1.0
2326.586352621059	1000	1.8347097061008961	0.0	497055	399.940127864	1.0
2327.0006221454305	1000	1.9204401817294166	0.0	520019	414.269524371	1.0
2327.4166983501805	1000	2.004363976979709	0.0	551265	416.07620475	1.0
2327.708743331885	200	2.2123189952747535	0.0	383025	292.044981705	-0.6000000000000001
2327.9989769539907	200	2.422085373169355	0.0	383025	290.233622105	0.2
2328.289210576096	200	2.6318517510639565	0.0	383025	290.233622105	0.2
2328.575690939448	200	2.8453713877115563	0.0	383025	286.480363352	0.2
2328.854915083538	200	3.0661472436220807	0.0	383025	279.224144089	0.2
2329.134139227627	200	3.2869230995326046	0.0	383025	279.224144089	0.2
2329.418600890675	200	3.502461436484832	0.0	383025	284.461663048	0.2
2329.7087174416083	200	3.7123448855515626	0.0	383025	290.116550933	0.2
2329.998833992541	200	3.922228334618293	0.0	383025	290.116550933	0.2
2330.289379680002	200	4.131682647157399	0.0	383025	290.545687461	0.2
2330.5874881529357	200	4.33357417422374	0.0	383025	298.108472934	0.2
2330.8855966258693	200	4.53546570129008	0.0	383025	298.108472934	0.2
2331.183705098803	200	4.73735722835642	0.0	383025	298.108472934	0.2
2331.4882552429103	200	4.932807084248732	0.0	383025	304.550144108	0.2
2331.8184148483756	200	5.102647478783493	0.0	383025	330.159605465	0.2
2332.148574453841	200	5.272487873318254	0.0	383025	330.159605465	0.2
2332.478734059306	200	5.442328267853015	0.0	383025	330.159605465	0.2
2332.808893664772	200	5.612168662387776	0.0	383025	330.159605465	0.2
2333.139053270237	200	5.782009056922536	0.0	383025	330.159605465	0.2
2333.4692128757024	200	5.9518494514572975	0.0	383025	330.159605465	0.2
2333.7993724811677	200	6.121689845992059	0.0	383025	330.159605465	0.2
2334.129532086633	200	6.29153024052682	0.0	383025	330.159605465	0.2
2334.4596916920987	200	6.461370635061581	0.0	383025	330.159605465	0.2
2334.789851297564	200	6.631211029596341	0.0	383025	330.159605465	0.2
2335.1163041205	200	6.804758206659965	0.0	383025	326.452822936	0.2
2335.4352785853202	200	6.98578374183987	0.0	383025	318.97446482	0.2
2335.7542530501405	200	7.166809277019777	0.0	383025	318.97446482	0.2
2336.0732275149608	200	7.347834812199682	0.0	383025	318.97446482	0.2
2336.392201979781	200	7.528860347379588	0.0	383025	318.97446482	0.2
2336.7111764446013	200	7.709885882559495	0.0	383025	318.97446482	0.2
2337.0301509094215	200	7.8909114177394	0.0	383025	318.97446482	0.2
2337.349536874208	200	8.071525452953296	0.0	383025	319.385964786	0.2
2337.676867139098	200	8.244195188063248	0.0	383025	327.33026489	0.2
2338.0041974039877	200	8.416864923173199	0.0	383025	327.33026489	0.2
2338.331527668878	200	8.589534658283148	0.0	383025	327.33026489	0.2
2338.658857933768	200	8.7622043933931	0.0	383025	327.33026489	0.2
2338.986188198658	200	8.934874128503052	0.0	383025	327.33026489	0.2
2339.3135184635485	200	9.107543863613003	0.0	383025	327.33026489	0.2
2339.6408487284384	200	9.280213598722955	0.0	383025	327.33026489	0.2
2339.9681789933284	200	9.452883333832908	0.0	383025	327.33026489	0.2
2340.2955092582188	200	9.62555306894286	0.0	383025	327.33026489	0.2
2340.6228395231087	200	9.798222804052811	0.0	383025	327.33026489	0.2
2340.949495369718	200	9.971566957443555	0.0	383025	326.655846609	0.2
2341.776078017257	200	9.644984309904249	0.0	383025	326.582647539	0.2
2342.1026606647965	200	9.818401662364943	0.0	383025	326.582647539	0.2
2342.4292433123355	200	9.991819014825635	0.0	383025	326.582647539	0.2
2343.255825959875	200	9.66523636728633	0.0	383025	326.582647539	0.2
2343.582408607414	200	9.838653719747024	0.0	383025	326.582647539	0.2
2344.2940732897496	200	9.512071072207718	0.0	383025	326.582647539	0.2
2344.622569439168	200	9.683574922789608	0.0	383025	328.496149418	0.2
2344.9510655885856	200	9.855078773371499	0.0	383025	328.496149418	0.2
2345.7795617380034	200	9.52658262395339	0.0	383025	328.496149418	0.2
2346.1080578874216	200	9.698086474535279	0.0	383025	328.496149418	0.2
2346.4365540368394	200	9.86959032511717	0.0	383025	328.496149418	0.2
2346.9711089649622	200	9.54109417569906	0.0	383025	328.496149418	0.2
2347.2939572134137	200	9.718245927247779	0.0	383025	322.848248451	0.2
2347.616805461865	200	9.895397678796499	0.0	383025	322.848248451	0.2
2348.439653710317	200	9.572549430345218	0.0	383025	322.848248451	0.2
2348.7625019587686	200	9.749701181893938	0.0	383025	322.848248451	0.2
2349.08535020722	200	9.926852933442657	0.0	383025	322.848248451	0.2
2349.9082453373385	200	9.603957803323897	0.0	383025	322.89513011875937	0.2
2350.2357521744243	200	9.77645096623812	0.0	383025	327.506837086	0.2
2350.56325901151	200	9.94894412915234	0.0	383025	327.506837086	0.2
2351.390765848596	200	9.621437292066561	0.0	383025	327.506837086	0.2
2351.7182726856818	200	9.793930454980782	0.0	383025	327.506837086	0.2
2352.0457795227676	200	9.966423617895003	0.0	383025	327.506837086	0.2
2352.7315226573487	200	9.638916780809224	0.0	383025	327.506837086	0.2
2353.06547430312	200	9.804965135038035	0.0	383025	333.951645771	0.2
2353.399425948891	200	9.971013489266847	0.0	383025	333.951645771	0.2
2354.2333775946618	200	9.637061843495658	0.0	383025	333.951645771	0.2
2354.567329240433	200	9.803110197724468	0.0	383025	333.951645771	0.2
2354.901280886204	200	9.96915855195328	0.0	383025	333.951645771	0.2
2355.735232531975	200	9.635206906182091	0.0	383025	333.951645771	0.2
2356.069184177746	200	9.801255260410903	0.0	383025	333.951645771	0.2
2356.403135823517	200	9.967303614639713	0.0	383025	333.951645771	0.2
2357.2370874692883	200	9.633351968868524	0.0	383025	333.951645771	0.2
2357.571039115059	200	9.799400323097336	0.0	383025	333.951645771	0.2
2357.90499076083	200	9.965448677326147	0.0	383025	333.951645771	0.2
2358.5045984343506	200	9.631497031554957	0.0	383025	333.951645771	0.2
2358.8362487219506	200	9.799846743954829	0.0	383025	331.6502876	0.2
2359.167899009551	200	9.9681964563547	0.0	383025	331.6502876	0.2
2359.999549297151	200	9.636546168754572	0.0	383025	331.6502876	0.2
2360.331199584751	200	9.804895881154444	0.0	383025	331.6502876	0.2
2360.6628498723517	200	9.973245593554315	0.0	383025	331.6502876	0.2
2361.4945001599517	200	9.641595305954187	0.0	383025	331.6502876	0.2
2361.826150447552	200	9.809945018354057	0.0	383025	331.6502876	0.2
2362.156158717658	200	9.979936748248017	0.0	383025	330.00827010603933	0.2
2362.985768677898	200	9.650326788008098	0.0	383025	329.60996024	0.2
2363.3153786381376	200	9.82071682776818	0.0	383025	329.60996024	0.2
2363.6449885983775	200	9.991106867528261	0.0	383025	329.60996024	0.2
2364.4745985586173	200	9.661496907288342	0.0	383025	329.60996024	0.2
2364.804208518857	200	9.831886947048423	0.0	383025	329.60996024	0.2
2365.633818479097	200	9.502276986808504	0.0	383025	329.60996024	0.2
2365.963428439337	200	9.672667026568584	0.0	383025	329.60996024	0.2
2366.292849533421	200	9.843245932484294	0.0	383025	329.42109408429206	0.2
2367.1206890879457	200	9.51540637795988	0.0	383025	327.839554524	0.2
2367.44852864247	200	9.687566823435468	0.0	383025	327.839554524	0.2
2367.7763681969946	200	9.859727268911055	0.0	383025	327.839554524	0.2
2368.1994731631366	200	9.531887714386642	0.0	383025	327.839554524	0.2
2368.524587110654	200	9.706773766869244	0.0	383025	325.113947517	0.2
2368.8497010581714	200	9.881659819351848	0.0	383025	325.113947517	0.2
2369.6748150056883	200	9.556545871834452	0.0	383025	325.113947517	0.2
2369.9999289532057	200	9.731431924317054	0.0	383025	325.113947517	0.2
2370.325042900723	200	9.906317976799658	0.0	383025	325.113947517	0.2
2371.150874007523	200	9.580486869999888	0.0	383025	325.8311067997693	0.2
2371.478120933456	200	9.753239944066705	0.0	383025	327.246925933	0.2
2371.805367859389	200	9.925993018133521	0.0	383025	327.246925933	0.2
2372.6326147853224	200	9.59874609220034	0.0	383025	327.246925933	0.2
2372.9598617112556	200	9.771499166267157	0.0	383025	327.246925933	0.2
2373.2871086371892	200	9.944252240333974	0.0	383025	327.246925933	0.2

