5711.35679014	400	0.5	0.160491863097	181435	160.491863097	-2.80983726194
5711.75790309	1000	0.598887046612	0.0	471531	401.112953388	0.4
5712.16806621	1000	0.688723928051	0.0	482442	410.163118561	1.0
5712.58625678	1000	0.77053336026	0.0	492120	418.190567791	1.0
5713.00444735	1000	0.852342792469	0.0	492120	418.190567791	1.0
5713.42102546	1000	0.935764681931	0.0	490176	416.578110537	1.0
5713.85685767	1000	0.999932471479	0.0	513389	435.832210452	1.0
5714.27310632	1000	1.08368381616	0.0	497055	416.248655314	1.0
5714.6891255	1000	1.16766464296	0.0	520019	416.019173206	1.0
5715.12954085	1000	1.22724929368	0.0	551265	440.41534928	1.0
5715.58413722	1000	1.27265291731	0.0	558332	454.596376371	1.0
5716.02226802	1000	1.33452212238	0.0	536970	438.13079493	1.0
5716.46039881	1000	1.39639132745	0.0	536970	438.13079493	1.0
5716.8972468	1000	1.45954333845	0.0	536970	436.847989002	1.0
5717.3308844	1000	1.52590573668	0.0	536970	433.637601769	1.0
5717.76452201	1000	1.59226813491	0.0	536970	433.637601769	1.0
5718.21204955	1000	1.64474058898	0.0	553424	447.527545929	1.0
5718.63630157	1000	1.72048857124	0.0	522960	424.252017739	1.0
5719.06055359	1000	1.7962365535	0.0	522960	424.252017739	1.0
5719.49220409	1000	1.86458604669	0.0	532300	431.650506812	1.0
5719.90198272	1000	1.95480742524	0.0	503004	409.778621446	1.0
5720.29599211	1000	2.06079802729	0.0	481782	394.009397949	1.0
5720.61128621	200	2.24550393235	0.0	383025	315.294094942	-0.6
5720.92711814	200	2.42967199903	0.0	383025	315.831933326	0.2
5721.24367257	200	2.61311756867	0.0	383025	316.554430356	0.2
5721.560227	200	2.79656313831	0.0	383025	316.554430356	0.2
5721.87678143	200	2.98000870796	0.0	383025	316.554430356	0.2
5722.19249818	200	3.16429196058	0.0	383025	315.716747374	0.2
5722.50730615	200	3.34948399057	0.0	383025	314.807970009	0.2
5722.82211412	200	3.53467602057	0.0	383025	314.807970009	0.2
5723.13692209	200	3.71986805056	0.0	383025	314.807970009	0.2
5723.45173006	200	3.90506008055	0.0	383025	314.807970009	0.2
5723.76734172	200	4.08944841808	0.0	383025	315.611662465	0.2
5724.08337309	200	4.27341705553	0.0	383025	316.031362549	0.2
5724.39940445	200	4.45738569298	0.0	383025	316.031362549	0.2
5724.71543581	200	4.64135433044	0.0	383025	316.031362549	0.2
5725.03146717	200	4.82532296789	0.0	383025	316.031362549	0.2
5725.34803724	200	5.00875290519	0.0	383025	316.570062698	0.2
5725.66488798	200	5.19190216454	0.0	383025	316.850740653	0.2
5725.98173872	200	5.37505142388	0.0	383025	316.850740653	0.2
5726.29858946	200	5.55820068323	0.0	383025	316.850740653	0.2
5726.6154402	200	5.74134994258	0.0	383025	316.850740653	0.2
5726.92897122	200	5.92781891611	0.0	383025	313.531026466	0.2
5727.2411058	200	6.11568433733	0.0	383025	312.134578785	0.2
5727.55324038	200	6.30354975854	0.0	383025	312.134578785	0.2
5727.86556077	200	6.49122937394	0.0	383025	312.320384599	0.2
5728.18063813	200	6.67615201267	0.0	383025	315.077361278	0.2
5728.49571549	200	6.86107465139	0.0	383025	315.077361278	0.2
5728.81079285	200	7.04599729011	0.0	383025	315.077361278	0.2
5729.12587021	200	7.23091992883	0.0	383025	315.077361278	0.2
5729.44081525	200	7.4159748928	0.0	383025	314.945036034	0.2
5729.75515391	200	7.60163623246	0.0	383025	314.338660344	0.2
5730.06949257	200	7.78729757211	0.0	383025	314.338660344	0.2
5730.38383123	200	7.97295891177	0.0	383025	314.338660344	0.2
5730.69816989	200	8.15862025142	0.0	383025	314.338660344	0.2
5731.00827219	200	8.34851794924	0.0	383025	310.102302183	0.2
5731.31737432	200	8.53941581906	0.0	383025	309.102130174	0.2
5731.62647645	200	8.73031368889	0.0	383025	309.102130174	0.2
5731.93557858	200	8.92121155872	0.0	383025	309.102130174	0.2
5732.24467624	200	9.11211389605	0.0	383025	309.097662667	0.2
5732.55377128	200	9.30301885911	0.0	383025	309.09503694	0.2
5732.86286632	200	9.49392382217	0.0	383025	309.09503694	0.2
5733.17195308	200	9.6848370655	0.0	383025	309.086756672	0.2
5733.4810104	200	9.87577974513	0.0	383025	309.057320373	0.2
5734.29006772	200	9.56672242475	0.0	383025	309.057320373	0.2
5734.59752688	200	9.75926326115	0.0	383025	307.459163602	0.2
5734.90461596	200	9.95217417724	0.0	383025	307.089083907	0.2
5735.52711184	200	9.64508509334	0.0	383025	307.089083907	0.2
5735.83963962	200	9.83255731054	0.0	383025	312.527782796	0.2
5736.29262978	200	9.52002952775	0.0	383025	312.527782796	0.2
5736.60262233	200	9.7100369836	0.0	383025	309.99254415	0.2
5736.91261487	200	9.90004443945	0.0	383025	309.99254415	0.2
5737.72550807	200	9.58715124034	0.0	383025	312.89319911	0.2
5738.04217169	200	9.77048761883	0.0	383025	316.663621504	0.2
5738.35883532	200	9.95382399733	0.0	383025	316.663621504	0.2
5739.13883047	200	9.63716037582	0.0	383025	316.663621504	0.2
5739.45515627	200	9.8208345749	0.0	383025	316.325800921	0.2
5740.26944397	200	9.50654687585	0.0	383025	314.287699054	0.2
5740.58081416	200	9.69517668596	0.0	383025	311.370189884	0.2
5740.8949668	200	9.88102404875	0.0	383025	314.152637213	0.2
5741.71082875	200	9.56516209541	0.0	383025	315.861953338	0.2
5742.02669071	200	9.74930014208	0.0	383025	315.861953338	0.2
5742.34410622	200	9.93188462281	0.0	383025	317.415519268	0.2
5743.16265198	200	9.6133388687	0.0	383025	318.545754103	0.2
5743.48119773	200	9.7947931146	0.0	383025	318.545754103	0.2
5743.79974349	200	9.9762473605	0.0	383025	318.545754103	0.2
5744.62262944	200	9.65336140961	0.0	383025	322.885950889	0.2
5744.94777881	200	9.82821203582	0.0	383025	325.149373789	0.2
5745.77292819	200	9.50306266203	0.0	383025	325.149373789	0.2
5746.09594629	200	9.68004455465	0.0	383025	323.018107381	0.2
5746.4183268	200	9.85766404467	0.0	383025	322.380509981	0.2
5747.24070731	200	9.53528353469	0.0	383025	322.380509981	0.2
5747.56308782	200	9.7129030247	0.0	383025	322.380509981	0.2
5747.88406826	200	9.89192258525	0.0	383025	320.980439452	0.2
5748.23415839	200	9.57116209123	0.0	383025	320.76049402	0.2
5748.55353613	200	9.75178436062	0.0	383025	319.377730611	0.2
5748.87291386	200	9.93240663001	0.0	383025	319.377730611	0.2
5749.69229159	200	9.6130288994	0.0	383025	319.377730611	0.2
5750.01166932	200	9.79365116879	0.0	383025	319.377730611	0.2
5750.32940347	200	9.97591702015	0.0	383025	317.734148633	0.2
5751.14712066	200	9.65819982925	0.0	383025	317.717190908	0.2
5751.46483785	200	9.84048263834	0.0	383025	317.717190908	0.2
5752.2832863	200	9.52203418785	0.0	383025	318.448450489	0.2
5752.60309231	200	9.70222817645	0.0	383025	319.806011397	0.2
5752.92289832	200	9.88242216506	0.0	383025	319.806011397	0.2
5753.74392883	200	9.56139165455	0.0	383025	321.030510502	0.2
5754.06805182	200	9.73726866646	0.0	383025	324.122988089	0.2
5754.39217481	200	9.91314567838	0.0	383025	324.122988089	0.2
5755.167767	200	9.58902269029	0.0	383025	324.122988089	0.2
5755.48724499	200	9.76954469399	0.0	383025	319.477996292	0.2
5755.80672299	200	9.9500666977	0.0	383025	319.477996292	0.2
5756.40610403	200	9.63058870141	0.0	383025	319.477996292	0.2
5756.73409722	200	9.80259551682	0.0	383025	327.993184594	0.2
5757.0620904	200	9.97460233222	0.0	383025	327.993184594	0.2
5757.89008359	200	9.64660914763	0.0	383025	327.993184594	0.2
5758.21807677	200	9.81861596303	0.0	383025	327.993184594	0.2
5758.55103295	200	9.98565978912	0.0	383025	332.956173917	0.2
5759.38487414	200	9.65181859532	0.0	383025	333.8411938	0.2
5759.71871533	200	9.81797740152	0.0	383025	333.8411938	0.2
5760.05255653	200	9.98413620772	0.0	383025	333.8411938	0.2

