2158.97964078	400	0.5	0.164388255896	181435	164.388255896	-2.88776511793
2159.39088006	1000	0.588760720418	0.0	471531	411.239279582	0.4
2159.81140382	1000	0.668236957356	0.0	482442	420.523763062	1.0
2160.24016287	1000	0.739477905951	0.0	492120	428.759051405	1.0
2160.66892192	1000	0.810718854546	0.0	492120	428.759051405	1.0
2161.09602677	1000	0.883614008611	0.0	490176	427.104845935	1.0
2161.54288422	1000	0.93675655384	0.0	513389	446.857454771	1.0
2161.97584261	1000	1.0037981691	0.0	497055	432.958384736	1.0
2162.42834172	1000	1.05129905679	0.0	520019	452.499112315	1.0
2162.9112794	1000	1.06836137969	0.0	551265	482.937677104	1.0
2163.40310133	1000	1.07653944398	0.0	558332	491.821935706	1.0
2163.87648857	1000	1.10315220338	0.0	536970	473.387240596	1.0
2164.34987581	1000	1.12976496279	0.0	536970	473.387240596	1.0
2164.82326306	1000	1.15637772219	0.0	536970	473.387240596	1.0
2165.2966503	1000	1.1829904816	0.0	536970	473.387240596	1.0
2165.77003754	1000	1.209603241	0.0	536970	473.387240596	1.0
2166.25762403	1000	1.22201674596	0.0	553424	487.586495036	1.0
2166.71892111	1000	1.26071966914	0.0	522960	461.297076824	1.0
2167.18021819	1000	1.29942259232	0.0	522960	461.297076824	1.0
2167.64957537	1000	1.33006540631	0.0	532300	469.357186005	1.0
2168.09300182	1000	1.38663895864	0.0	503004	443.426447672	1.0
2168.51763135	1000	1.4620094294	0.0	481782	424.629529242	1.0
2168.94226088	1000	1.53737990016	0.0	481782	424.629529242	1.0
2169.39165034	1000	1.58799043477	0.0	510552	449.389465388	1.0
2169.86377557	1000	1.6158652032	0.0	536970	472.125231571	1.0
2170.33590081	1000	1.64373997163	0.0	536970	472.125231571	1.0
2170.80802604	1000	1.67161474006	0.0	536970	472.125231571	1.0
2171.28015127	1000	1.69948950848	0.0	536970	472.125231571	1.0
2171.7522765	1000	1.72736427691	0.0	536970	472.125231571	1.0
2172.2488814	1000	1.73075937437	0.0	573990	496.604902538	1.0
2172.75475103	1000	1.72488974888	0.0	586715	505.869625496	1.0
2173.23065964	1000	1.74898114061	0.0	551265	475.908608266	1.0
2173.70656825	1000	1.77307253235	0.0	551265	475.908608266	1.0
2174.18247685	1000	1.79716392408	0.0	551265	475.908608266	1.0
2174.65838546	1000	1.82125531581	0.0	551265	475.908608266	1.0
2175.13429407	1000	1.84534670755	0.0	551265	475.908608266	1.0
2175.60442216	1000	1.87521861542	0.0	551265	470.128092127	1.0
2176.04273007	1000	1.93691070927	0.0	527825	438.307906149	1.0
2176.45714053	1000	2.02250024609	0.0	498375	414.410463178	1.0
2176.77782739	200	2.2018133868	0.0	383025	320.686859293	-0.6
2177.09747736	200	2.382163421	0.0	383025	319.649965795	0.2
2177.41712732	200	2.56251345521	0.0	383025	319.649965795	0.2
2177.73677729	200	2.74286348941	0.0	383025	319.649965795	0.2
2178.05642725	200	2.92321352362	0.0	383025	319.649965795	0.2
2178.37420883	200	3.10543194825	0.0	383025	317.78157537	0.2
2178.69172255	200	3.28791822354	0.0	383025	317.513724706	0.2
2179.00923628	200	3.47040449884	0.0	383025	317.513724706	0.2
2179.32675	200	3.65289077413	0.0	383025	317.513724706	0.2
2179.64426373	200	3.83537704942	0.0	383025	317.513724706	0.2
2179.95691935	200	4.02272143193	0.0	383025	312.655617496	0.2
2180.2683731	200	4.21126767758	0.0	383025	311.453754345	0.2
2180.57982685	200	4.39981392324	0.0	383025	311.453754345	0.2
2180.89128061	200	4.58836016889	0.0	383025	311.453754345	0.2
2181.20275566	200	4.77688511535	0.0	383025	311.475053544	0.2
2181.51425612	200	4.96538465865	0.0	383025	311.500456696	0.2
2181.82575658	200	5.15388420196	0.0	383025	311.500456696	0.2
2182.13725703	200	5.34238374526	0.0	383025	311.500456696	0.2
2182.44803225	200	5.53160852579	0.0	383025	310.77521947	0.2
2182.755446	200	5.7241947804	0.0	383025	307.413745392	0.2
2183.06285974	200	5.91678103501	0.0	383025	307.413745392	0.2
2183.37027349	200	6.10936728961	0.0	383025	307.413745392	0.2
2183.68494117	200	6.29469961029	0.0	383025	314.667679321	0.2
2183.99999356	200	6.47964721476	0.0	383025	315.052395531	0.2
2184.31504596	200	6.66459481923	0.0	383025	315.052395531	0.2
2184.63009835	200	6.8495424237	0.0	383025	315.052395531	0.2
2184.94413927	200	7.03550151074	0.0	383025	314.040912953	0.2
2185.25145809	200	7.22818268429	0.0	383025	307.318826457	0.2
2185.55877692	200	7.42086385783	0.0	383025	307.318826457	0.2
2185.86609575	200	7.61354503137	0.0	383025	307.318826457	0.2
2186.17378541	200	7.80585536575	0.0	383025	307.689665624	0.2
2186.48190227	200	7.99773850937	0.0	383025	308.116856378	0.2
2186.79001912	200	8.18962165299	0.0	383025	308.116856378	0.2
2187.09813598	200	8.38150479662	0.0	383025	308.116856378	0.2
2187.40424635	200	8.5753944252	0.0	383025	306.110371414	0.2
2187.70779706	200	8.77184371905	0.0	383025	303.550706156	0.2
2188.01134776	200	8.96829301289	0.0	383025	303.550706156	0.2
2188.31823743	200	9.16140334799	0.0	383025	306.889664902	0.2
2188.62998025	200	9.34966053131	0.0	383025	311.742816673	0.2
2188.94172306	200	9.53791771464	0.0	383025	311.742816673	0.2
2189.25346588	200	9.72617489797	0.0	383025	311.742816673	0.2
2189.56395806	200	9.91568272051	0.0	383025	310.492177456	0.2
2190.36940677	200	9.61023401153	0.0	383025	305.448708984	0.2
2190.67466097	200	9.80497980346	0.0	383025	305.254208068	0.2
2190.97977086	200	9.99986991528	0.0	383025	305.10988818	0.2
2191.49450913	200	9.6947600271	0.0	383025	305.10988818	0.2
2191.80134082	200	9.88792833405	0.0	383025	306.831693052	0.2
2192.59146411	200	9.581096641	0.0	383025	306.831693052	0.2
2192.89426481	200	9.77829593987	0.0	383025	302.800701127	0.2
2193.19706552	200	9.97549523874	0.0	383025	302.800701127	0.2
2193.60785523	200	9.67454688148	0.0	383025	300.948357266	0.2
2193.91078865	200	9.87161345533	0.0	383025	302.933426144	0.2
2194.56943037	200	9.56868002919	0.0	383025	302.933426144	0.2
2194.88713539	200	9.75097501734	0.0	383025	317.705011852	0.2
2195.2048404	200	9.93327000548	0.0	383025	317.705011852	0.2
2195.82136872	200	9.61556499363	0.0	383025	317.705011852	0.2
2196.15101564	200	9.78591807703	0.0	383025	329.646916602	0.2
2196.48066255	200	9.95627116043	0.0	383025	329.646916602	0.2
2197.31030947	200	9.62662424383	0.0	383025	329.646916602	0.2
2197.63995639	200	9.79697732722	0.0	383025	329.646916602	0.2
2197.9696033	200	9.96733041062	0.0	383025	329.646916602	0.2
2198.79526262	200	9.64167109205	0.0	383025	325.659318574	0.2
2199.11842966	200	9.81850405407	0.0	383025	323.167037979	0.2
2199.4415967	200	9.99533701609	0.0	383025	323.167037979	0.2
2200.15698207	200	9.67216997811	0.0	383025	323.167037979	0.2
2200.46518189	200	9.86397016085	0.0	383025	308.19981726	0.2
2201.15199954	200	9.55577034359	0.0	383025	308.19981726	0.2
2201.46413287	200	9.74363701093	0.0	383025	312.133332657	0.2
2201.77790174	200	9.92986814713	0.0	383025	313.768863806	0.2
2202.59273704	200	9.61503284495	0.0	383025	314.835302175	0.2
2202.90757234	200	9.80019754278	0.0	383025	314.835302175	0.2
2203.22317308	200	9.98459679999	0.0	383025	315.60074279	0.2
2204.04062934	200	9.66714054067	0.0	383025	317.456259323	0.2
2204.3580856	200	9.84968428134	0.0	383025	317.456259323	0.2
2205.11770214	200	9.53222802202	0.0	383025	317.456259323	0.2
2205.43914149	200	9.71078867154	0.0	383025	321.439350478	0.2
2205.76058084	200	9.88934932106	0.0	383025	321.439350478	0.2
2206.46849852	200	9.56790997058	0.0	383025	321.439350478	0.2
2206.78575379	200	9.7506547009	0.0	383025	317.255269686	0.2
2207.10300906	200	9.93339943121	0.0	383025	317.255269686	0.2
2207.92352909	200	9.61287940116	0.0	383025	320.520030056	0.2

