1055.96754592	400	0.5	0.140867427277	181435	140.867427277	-2.41734854555
1056.31765697	1000	0.649888947273	0.0	471531	350.111052727	0.4
1056.67694246	1000	0.790603454768	0.0	482442	359.285492504	1.0
1057.04482683	1000	0.922719087077	0.0	492120	367.884367692	1.0
1057.41228303	1000	1.05526288268	0.0	492120	367.456204393	1.0
1057.7769856	1000	1.19056031216	0.0	490176	364.702570527	1.0
1058.16252611	1000	1.30501980206	0.0	513389	385.5405101	1.0
1058.54125088	1000	1.42629503254	0.0	497055	378.724769514	1.0
1058.9386367	1000	1.52890921517	0.0	520019	397.385817371	1.0
1059.37677147	1000	1.59077444302	0.0	551265	438.134772148	1.0
1059.83907317	1000	1.62847274496	0.0	558332	462.301698067	1.0
1060.30014559	1000	1.66740032474	0.0	536970	461.072420216	1.0
1060.76450203	1000	1.70304389009	0.0	536970	464.356434653	1.0
1061.23515987	1000	1.7323860451	0.0	536970	470.657844985	1.0
1061.70776811	1000	1.75977780417	0.0	536970	472.608240936	1.0
1062.18977891	1000	1.77776701066	0.0	536970	482.010793504	1.0
1062.6862532	1000	1.78129271716	0.0	553424	496.474293507	1.0
1063.16803284	1000	1.79951308001	0.0	522960	481.779637147	1.0
1063.65568998	1000	1.81185593739	0.0	522960	487.657142619	1.0
1064.15187802	1000	1.81566789812	0.0	532300	496.188039269	1.0
1064.60771107	1000	1.85983484603	0.0	503004	455.833052095	1.0
1065.02535066	1000	1.94219525549	0.0	481782	417.639590534	1.0
1065.44299025	1000	2.02455566496	0.0	481782	417.639590534	1.0
1065.76206357	200	2.20548234237	0.0	383025	319.073322588	-0.6
1066.07746635	200	2.39007956629	0.0	383025	315.402776075	0.2
1066.39367299	200	2.57387292541	0.0	383025	316.206640884	0.2
1066.71039432	200	2.75715159542	0.0	383025	316.721329991	0.2
1067.02712475	200	2.94042116737	0.0	383025	316.730428048	0.2
1067.34388077	200	3.12366514489	0.0	383025	316.756022477	0.2
1067.65979888	200	3.30774703344	0.0	383025	315.918111457	0.2
1067.97381928	200	3.49372663299	0.0	383025	314.020400451	0.2
1068.28824917	200	3.6792967464	0.0	383025	314.429886584	0.2
1068.60815258	200	3.85939333856	0.0	383025	319.903407842	0.2
1068.92805599	200	4.03948993072	0.0	383025	319.903407842	0.2
1069.25245931	200	4.21508660671	0.0	383025	324.403324007	0.2
1069.57715033	200	4.3903955894	0.0	383025	324.691017316	0.2
1069.90633307	200	4.5612128508	0.0	383025	329.1827386	0.2
1070.23958233	200	4.72796358948	0.0	383025	333.249261314	0.2
1070.58397483	200	4.88357108613	0.0	383025	344.392503354	0.2
1070.93890317	200	5.0286427468	0.0	383025	354.92833933	0.2
1071.29383151	200	5.17371440747	0.0	383025	354.92833933	0.2
1071.64875985	200	5.31878606814	0.0	383025	354.92833933	0.2
1072.0095799	200	5.45796601744	0.0	383025	360.820050698	0.2
1072.37432526	200	5.59322066055	0.0	383025	364.745356885	0.2
1072.73907061	200	5.72847530367	0.0	383025	364.745356885	0.2
1073.09126481	200	5.87628110621	0.0	383025	352.194197455	0.2
1073.43869466	200	6.02885125126	0.0	383025	347.42985495	0.2
1073.78484017	200	6.18270574889	0.0	383025	346.14550237	0.2
1074.10998374	200	6.35756217719	0.0	383025	325.143571706	0.2
1074.43512731	200	6.53241860548	0.0	383025	325.143571706	0.2
1074.75560334	200	6.71194258003	0.0	383025	320.476025446	0.2
1075.07314874	200	6.89439717537	0.0	383025	317.545404661	0.2
1075.39025254	200	7.07729337408	0.0	383025	317.103801292	0.2
1075.70380528	200	7.2637406334	0.0	383025	313.552740678	0.2
1076.01735802	200	7.45018789272	0.0	383025	313.552740678	0.2
1076.32692124	200	7.64062467624	0.0	383025	309.56321649	0.2
1076.63635808	200	7.83118783485	0.0	383025	309.436841389	0.2
1076.94507893	200	8.02246699074	0.0	383025	308.720844109	0.2
1077.25358356	200	8.21396235706	0.0	383025	308.504633674	0.2
1077.56194027	200	8.40560564703	0.0	383025	308.356710033	0.2
1077.86841973	200	8.59912618691	0.0	383025	306.479460121	0.2
1078.16797257	200	8.79957334974	0.0	383025	299.552837167	0.2
1078.46739585	200	9.0001500698	0.0	383025	299.423279938	0.2
1078.76573256	200	9.20181335707	0.0	383025	298.336712737	0.2
1079.05254038	200	9.4150055384	0.0	383025	286.807818668	0.2
1079.31992281	200	9.64762310235	0.0	383025	267.382436053	0.2
1079.58767795	200	9.87986796291	0.0	383025	267.755139437	0.2
1079.98383837	200	9.60728747897	0.0	383025	272.580483941	0.2
1080.27889284	200	9.81223300697	0.0	383025	295.054471998	0.2
1080.65500037	200	9.5184964919	0.0	383025	293.736515071	0.2
1080.94451532	200	9.72898155084	0.0	383025	289.51494106	0.2
1081.23986952	200	9.93362734619	0.0	383025	295.354204645	0.2
1081.92770041	200	9.63333201028	0.0	383025	300.295335915	0.2
1082.22479882	200	9.83623359845	0.0	383025	297.09841183	0.2
1082.88343725	200	9.54923128054	0.0	383025	287.002317911	0.2
1083.18887549	200	9.74379304406	0.0	383025	305.438236481	0.2
1083.49939599	200	9.93327254943	0.0	383025	310.520494626	0.2
1084.31581219	200	9.61685634046	0.0	383025	316.416208972	0.2
1084.65233254	200	9.78033599954	0.0	383025	336.520340915	0.2
1084.99616458	200	9.93650395169	0.0	383025	343.832047853	0.2
1085.70819227	200	9.59267190384	0.0	383025	343.832047853	0.2
1086.05496679	200	9.74589737916	0.0	383025	346.774524681	0.2
1086.40154681	200	9.89931736462	0.0	383025	346.580014539	0.2
1087.24530883	200	9.55555534605	0.0	383025	343.762018563	0.2
1087.59535738	200	9.70550679283	0.0	383025	350.048553229	0.2
1087.94869701	200	9.85216716789	0.0	383025	353.33962494	0.2
1088.30203663	200	9.99882754295	0.0	383025	353.33962494	0.2
1089.1552971	200	9.64556707783	0.0	383025	353.260465114	0.2
1089.50358455	200	9.79727961906	0.0	383025	348.287458768	0.2
1089.85502134	200	9.94584282894	0.0	383025	351.436790123	0.2
1090.71138748	200	9.58947669028	0.0	383025	356.366138663	0.2
1091.06466844	200	9.73619573067	0.0	383025	353.280959606	0.2
1091.41466464	200	9.88619953141	0.0	383025	349.996199265	0.2
1091.97932489	200	9.53620333214	0.0	383025	349.996199265	0.2
1092.34799003	200	9.66753819286	0.0	383025	368.665139287	0.2
1092.71665517	200	9.79887305357	0.0	383025	368.665139287	0.2
1093.08532031	200	9.93020791428	0.0	383025	368.665139287	0.2
1093.86331004	200	9.56154277499	0.0	383025	368.665139287	0.2
1094.24937899	200	9.67547382043	0.0	383025	386.068954565	0.2
1094.63544795	200	9.78940486586	0.0	383025	386.068954565	0.2
1095.0215169	200	9.9033359113	0.0	383025	386.068954565	0.2
1095.90758586	200	9.51726695673	0.0	383025	386.068954565	0.2
1096.29365481	200	9.63119800217	0.0	383025	386.068954565	0.2
1096.6619718	200	9.76288101584	0.0	383025	368.316986331	0.2
1097.03027317	200	9.8945796486	0.0	383025	368.301367234	0.2
1097.89857453	200	9.52627828137	0.0	383025	368.301367234	0.2
1098.27649111	200	9.64836171041	0.0	383025	377.91657096	0.2
1098.65546216	200	9.76939065922	0.0	383025	378.971051184	0.2
1099.03443321	200	9.89041960804	0.0	383025	378.971051184	0.2
1099.91340426	200	9.51144855686	0.0	383025	378.971051184	0.2
1100.29226961	200	9.63258321017	0.0	383025	378.86534669	0.2
1100.67079941	200	9.75405340695	0.0	383025	378.529803216	0.2
1101.04932921	200	9.87552360373	0.0	383025	378.529803216	0.2
1101.42785901	200	9.99699380052	0.0	383025	378.529803216	0.2
1101.80879236	200	9.6184639973	0.0	383025	378.529803216	0.2
1102.16242606	200	9.76483030344	0.0	383025	353.63369386	0.2
1102.51605975	200	9.91119660958	0.0	383025	353.63369386	0.2
1103.06299792	200	9.55756291572	0.0	383025	353.63369386	0.2
1103.43506983	200	9.68549100007	0.0	383025	372.071915653	0.2
1103.80714175	200	9.81341908441	0.0	383025	372.071915653	0.2

