6298.79878128	400	0.5	0.148983006894	181435	148.983006894	-2.57966013788
6299.16998389	1000	0.628797386261	0.0	471531	371.202613739	0.4
6299.54954456	1000	0.749236718188	0.0	482442	379.560668073	1.0
6299.93651878	1000	0.862262499583	0.0	492120	386.974218605	1.0
6300.323493	1000	0.975288280978	0.0	492120	386.974218605	1.0
6300.71479703	1000	1.08398425122	0.0	490176	391.304029753	1.0
6301.12501558	1000	1.17376570297	0.0	513389	410.218548255	1.0
6301.52250076	1000	1.27628052019	0.0	497055	397.485182782	1.0
6301.93360152	1000	1.36517975572	0.0	520019	411.100764472	1.0
6302.36090829	1000	1.43787299127	0.0	551265	427.306764446	1.0
6302.79356476	1000	1.5052165186	0.0	558332	432.656472671	1.0
6303.21005023	1000	1.58873104736	0.0	536970	416.485471243	1.0
6303.62519349	1000	1.67358778678	0.0	536970	415.143260578	1.0
6304.03859196	1000	1.76018932075	0.0	536970	413.398466029	1.0
6304.45199043	1000	1.84679085472	0.0	536970	413.398466029	1.0
6304.8730977	1000	1.9256835792	0.0	536970	421.107275516	1.0
6305.30787043	1000	1.99091084747	0.0	553424	434.772731735	1.0
6305.71926095	1000	2.0795203263	0.0	522960	411.390521171	1.0
6306.02324635	200	2.27553492709	0.0	383025	303.985399211	-0.6
6306.32983697	200	2.46894431431	0.0	383025	306.590612773	0.2
6306.64168305	200	2.65709823126	0.0	383025	311.846083055	0.2
6306.95352913	200	2.8452521482	0.0	383025	311.846083055	0.2
6307.26537522	200	3.03340606515	0.0	383025	311.846083055	0.2
6307.5772213	200	3.22155998209	0.0	383025	311.846083055	0.2
6307.90116378	200	3.39761749728	0.0	383025	323.942484814	0.2
6308.2256322	200	3.57314907747	0.0	383025	324.468419809	0.2
6308.55010062	200	3.74868065766	0.0	383025	324.468419809	0.2
6308.87456904	200	3.92421223785	0.0	383025	324.468419809	0.2
6309.19903746	200	4.09974381805	0.0	383025	324.468419809	0.2
6309.52350588	200	4.27527539824	0.0	383025	324.468419809	0.2
6309.8479743	200	4.45080697843	0.0	383025	324.468419809	0.2
6310.17244272	200	4.62633855862	0.0	383025	324.468419809	0.2
6310.4980379	200	4.8007433831	0.0	383025	325.595175522	0.2
6310.82657379	200	4.97220748889	0.0	383025	328.535894203	0.2
6311.15510969	200	5.14367159469	0.0	383025	328.535894203	0.2
6311.48364558	200	5.31513570049	0.0	383025	328.535894203	0.2
6311.81218147	200	5.48659980628	0.0	383025	328.535894203	0.2
6312.14071737	200	5.65806391208	0.0	383025	328.535894203	0.2
6312.46925326	200	5.82952801788	0.0	383025	328.535894203	0.2
6312.79778916	200	6.00099212367	0.0	383025	328.535894203	0.2
6313.12632505	200	6.17245622947	0.0	383025	328.535894203	0.2
6313.45486094	200	6.34392033527	0.0	383025	328.535894203	0.2
6313.78339684	200	6.51538444106	0.0	383025	328.535894203	0.2
6314.11193273	200	6.68684854686	0.0	383025	328.535894203	0.2
6314.44046863	200	6.85831265265	0.0	383025	328.535894203	0.2
6314.76900452	200	7.02977675845	0.0	383025	328.535894203	0.2
6315.09754042	200	7.20124086425	0.0	383025	328.535894203	0.2
6315.42606981	200	7.37271147227	0.0	383025	328.529391981	0.2
6315.75427579	200	7.54450548671	0.0	383025	328.205985552	0.2
6316.08248178	200	7.71629950116	0.0	383025	328.205985552	0.2
6316.41068776	200	7.88809351561	0.0	383025	328.205985552	0.2
6316.73889375	200	8.05988753006	0.0	383025	328.205985552	0.2
6317.06709974	200	8.23168154451	0.0	383025	328.205985552	0.2
6317.39530572	200	8.40347555895	0.0	383025	328.205985552	0.2
6317.72351171	200	8.5752695734	0.0	383025	328.205985552	0.2
6318.05171769	200	8.74706358785	0.0	383025	328.205985552	0.2
6318.37992368	200	8.9188576023	0.0	383025	328.205985552	0.2
6318.70812966	200	9.09065161674	0.0	383025	328.205985552	0.2
6319.03633565	200	9.26244563119	0.0	383025	328.205985552	0.2
6319.36454163	200	9.43423964564	0.0	383025	328.205985552	0.2
6319.69274762	200	9.60603366009	0.0	383025	328.205985552	0.2
6320.02095361	200	9.77782767453	0.0	383025	328.205985552	0.2
6320.34920971	200	9.94957156749	0.0	383025	328.256107047	0.2
6321.17764564	200	9.62113564167	0.0	383025	328.435925813	0.2
6321.50608156	200	9.79269971586	0.0	383025	328.435925813	0.2
6321.83451749	200	9.96426379005	0.0	383025	328.435925813	0.2
6322.66295342	200	9.63582786424	0.0	383025	328.435925813	0.2
6322.99138934	200	9.80739193842	0.0	383025	328.435925813	0.2
6323.31982527	200	9.97895601261	0.0	383025	328.435925813	0.2
6324.14826119	200	9.6505200868	0.0	383025	328.435925813	0.2
6324.47669712	200	9.82208416098	0.0	383025	328.435925813	0.2
6324.80513305	200	9.99364823517	0.0	383025	328.435925813	0.2
6325.63348919	200	9.66529209464	0.0	383025	328.356140534	0.2
6325.95518723	200	9.84359404659	0.0	383025	321.698048049	0.2
6326.77688528	200	9.52189599854	0.0	383025	321.698048049	0.2
6327.09858333	200	9.70019795049	0.0	383025	321.698048049	0.2
6327.42028138	200	9.87849990244	0.0	383025	321.698048049	0.2
6328.2441153	200	9.55466597618	0.0	383025	323.833926258	0.2
6328.56910618	200	9.72967509537	0.0	383025	324.990880813	0.2
6328.89409707	200	9.90468421456	0.0	383025	324.990880813	0.2
6329.71908795	200	9.57969333374	0.0	383025	324.990880813	0.2
6330.04407883	200	9.75470245293	0.0	383025	324.990880813	0.2
6330.36906971	200	9.92971157212	0.0	383025	324.990880813	0.2
6331.19406059	200	9.6047206913	0.0	383025	324.990880813	0.2
6331.51973678	200	9.77904450498	0.0	383025	325.676186322	0.2
6331.8455937	200	9.95318757722	0.0	383025	325.856927758	0.2
6332.67145063	200	9.62733064947	0.0	383025	325.856927758	0.2
6332.99730756	200	9.80147372171	0.0	383025	325.856927758	0.2
6333.32316449	200	9.97561679395	0.0	383025	325.856927758	0.2
6334.14902141	200	9.64975986619	0.0	383025	325.856927758	0.2
6334.47487834	200	9.82390293843	0.0	383025	325.856927758	0.2
6334.80073527	200	9.99804601067	0.0	383025	325.856927758	0.2
6335.62303993	200	9.67574135435	0.0	383025	322.304656322	0.2
6335.94372139	200	9.85505989059	0.0	383025	320.681463765	0.2
6336.76440285	200	9.53437842682	0.0	383025	320.681463765	0.2
6337.08508432	200	9.71369696306	0.0	383025	320.681463765	0.2
6337.40576578	200	9.89301549929	0.0	383025	320.681463765	0.2
6338.22714329	200	9.57163799177	0.0	383025	321.377507526	0.2
6338.55372526	200	9.74505601978	0.0	383025	326.581971988	0.2
6338.88030723	200	9.91847404779	0.0	383025	326.581971988	0.2
6339.7068892	200	9.5918920758	0.0	383025	326.581971988	0.2
6340.03347118	200	9.76531010381	0.0	383025	326.581971988	0.2
6340.36005315	200	9.93872813183	0.0	383025	326.581971988	0.2
6340.83347206	200	9.61214615984	0.0	383025	326.581971988	0.2
6341.15474279	200	9.79087543608	0.0	383025	321.270723757	0.2
6341.47601351	200	9.96960471232	0.0	383025	321.270723757	0.2
6342.29728423	200	9.64833398857	0.0	383025	321.270723757	0.2
6342.61855496	200	9.82706326481	0.0	383025	321.270723757	0.2
6343.43982568	200	9.50579254105	0.0	383025	321.270723757	0.2
6343.76399192	200	9.6816262994	0.0	383025	324.166241654	0.2
6344.0885465	200	9.85707172458	0.0	383025	324.554574821	0.2
6344.91310107	200	9.53251714976	0.0	383025	324.554574821	0.2
6345.23765565	200	9.70796257493	0.0	383025	324.554574821	0.2
6345.56221022	200	9.88340800011	0.0	383025	324.554574821	0.2
6346.3867648	200	9.55885342529	0.0	383025	324.554574821	0.2
6346.71323433	200	9.7323838958	0.0	383025	326.469529496	0.2
6347.04168301	200	9.90393520928	0.0	383025	328.448686513	0.2
6347.8701317	200	9.57548652277	0.0	383025	328.448686513	0.2
6348.19858039	200	9.74703783626	0.0	383025	328.448686513	0.2
6348.52702907	200	9.91858914974	0.0	383025	328.448686513	0.2

