2031.0125556447235	400	0.5	0.15429759561486892	181435	154.297595615	-2.6859519122973783
2031.1692344071546	400	0.8433212375690762	0.0	184429	156.678762431	0.4
2031.406363045764	600	1.1061925989597852	0.0	285584	237.128638609	0.39999999999999997
2031.7276683967907	800	1.2848872479329707	0.0	391425	321.305351027	0.6000000000000001
2032.0489737478176	800	1.4635818969061563	0.0	391425	321.305351027	0.8
2032.450906214809	1000	1.5616494299146622	0.0	490176	401.932466991	0.8
2032.8748767928635	1000	1.637678851860268	0.0	513389	423.970578054	1.0
2033.2852967582082	1000	1.72725888651553	0.0	497055	410.419965345	1.0
2033.7122517652808	1000	1.8003038794428947	0.0	520019	426.955007073	1.0
2034.164260041851	1000	1.84829560287243	0.0	551265	452.00827657	1.0
2034.6230619271582	1000	1.889493717565393	0.0	558332	458.801885307	1.0
2035.0747202423443	1000	1.937835402379179	0.0	536970	451.658315186	1.0
2035.5263785575305	1000	1.986177087192965	0.0	536970	451.658315186	1.0
2035.9780368727165	1000	2.0345187720067512	0.0	536970	451.658315186	1.0
2036.3028374516134	200	2.209718193109869	0.0	383025	324.800578897	-0.6000000000000001
2036.6275425856331	200	2.3850130590900562	0.0	383025	324.70513402	0.2
2036.9522477196529	200	2.560307925070243	0.0	383025	324.70513402	0.2
2037.2769528536726	200	2.7356027910504297	0.0	383025	324.70513402	0.2
2037.6016579876923	200	2.910897657030617	0.0	383025	324.70513402	0.2
2037.921979012385	200	3.0905766323378914	0.0	383025	320.321024693	0.2
2038.2310244207551	200	3.281531223967633	0.0	383025	309.04540837	0.2
2038.5400698291255	200	3.4724858155973752	0.0	383025	309.04540837	0.2
2038.8376777917176	200	3.6748778530049977	0.0	383025	297.607962592	0.2
2039.1319074811436	200	3.8806481635792864	0.0	383025	294.229689426	0.2
2039.4011155307162	200	4.111440114006564	0.0	383025	269.208049573	0.2
2039.650298752155	200	4.362256892567557	0.0	383025	249.183221439	0.2
2039.8995781518072	200	4.612977492915582	0.0	383025	249.279399652	0.2
2040.148895724997	200	4.863659919725802	0.0	383025	249.31757319	0.2
2040.4734229922565	200	5.039132652466218	0.0	383025	324.52726726	0.2
2040.8127556926117	200	5.199799952111096	0.0	383025	339.332700355	0.2
2041.1520883929668	200	5.360467251755974	0.0	383025	339.332700355	0.2
2041.491421093322	200	5.521134551400852	0.0	383025	339.332700355	0.2
2041.8307537936773	200	5.68180185104573	0.0	383025	339.332700355	0.2
2042.1700864940326	200	5.842469150690607	0.0	383025	339.332700355	0.2
2042.5094191943876	200	6.003136450335485	0.0	383025	339.332700355	0.2
2042.8469655776735	200	6.165590067049755	0.0	383025	337.546383286	0.2
2043.1842009310333	200	6.328354713689726	0.0	383025	337.23535336	0.2
2043.5214362843933	200	6.491119360329697	0.0	383025	337.23535336	0.2
2043.8586716377533	200	6.653884006969668	0.0	383025	337.23535336	0.2
2044.1959069911131	200	6.816648653609639	0.0	383025	337.23535336	0.2
2044.5370494178208	200	6.975506226902078	0.0	383025	341.142426708	0.2
2044.88159551135	200	7.130960133372775	0.0	383025	344.546093529	0.2
2045.2261416048793	200	7.286414039843472	0.0	383025	344.546093529	0.2
2045.5706876984086	200	7.441867946314169	0.0	383025	344.546093529	0.2
2045.9152337919381	200	7.597321852784866	0.0	383025	344.546093529	0.2
2046.2597798854674	200	7.752775759255563	0.0	383025	344.546093529	0.2
2046.6043259789967	200	7.908229665726259	0.0	383025	344.546093529	0.2
2046.948872072526	200	8.063683572196956	0.0	383025	344.546093529	0.2
2047.2934181660553	200	8.219137478667653	0.0	383025	344.546093529	0.2
2047.6270875069386	200	8.385468137784589	0.0	383025	333.669340883	0.2
2047.9488494023929	200	8.563706242330404	0.0	383025	321.761895454	0.2
2048.270611297847	200	8.741944346876222	0.0	383025	321.761895454	0.2
2048.5923731933012	200	8.920182451422038	0.0	383025	321.761895454	0.2
2048.92722748235	200	9.0853281623729	0.0	383025	334.854289049	0.2
2049.2735962370366	200	9.238959407686583	0.0	383025	346.368754686	0.2
2049.619964991723	200	9.392590653000267	0.0	383025	346.368754686	0.2
2049.9663337464094	200	9.54622189831395	0.0	383025	346.368754686	0.2
2050.3127025010954	200	9.699853143627633	0.0	383025	346.368754686	0.2
2050.659071255782	200	9.853484388941316	0.0	383025	346.368754686	0.2
2051.505440010468	200	9.507115634255	0.0	383025	346.368754686	0.2
2051.8518087651546	200	9.660746879568684	0.0	383025	346.368754686	0.2
2052.1955196899944	200	9.817035954728775	0.0	383025	343.71092483990765	0.2
2052.5329411192142	200	9.979614525508849	0.0	383025	337.42142922	0.2
2053.370362548434	200	9.642193096288922	0.0	383025	337.42142922	0.2
2053.707783977654	200	9.804771667068994	0.0	383025	337.42142922	0.2
2054.0410819681547	200	9.971473676568534	0.0	383025	333.2979905004604	0.2
2054.8686448411013	200	9.64391080362174	0.0	383025	327.562872947	0.2
2055.196207714048	200	9.816347930674947	0.0	383025	327.562872947	0.2
2055.5218825406323	200	9.990673104090314	0.0	383025	325.6748265846327	0.2
2056.338644713883	200	9.673910930840258	0.0	383025	316.76217325	0.2
2056.6576330157804	200	9.854922628942308	0.0	383025	318.988301897949	0.2
2057.4793743949012	200	9.533181249821423	0.0	383025	321.741379121	0.2
2057.8014785001374	200	9.711077144585206	0.0	383025	322.10410523621675	0.2
2058.1320143712614	200	9.880541273461462	0.0	383025	330.535871124	0.2
2058.962550242385	200	9.550005402337717	0.0	383025	330.535871124	0.2
2059.3012487376345	200	9.71130690708805	0.0	383025	338.69849524966844	0.2
2059.641304796403	200	9.871250848319756	0.0	383025	340.056058768	0.2
2060.481360855171	200	9.531194789551462	0.0	383025	340.056058768	0.2
2060.821416913939	200	9.691138730783168	0.0	383025	340.056058768	0.2
2061.1614729727075	200	9.851082672014874	0.0	383025	340.056058768	0.2
2061.944799908944	200	9.51102661324658	0.0	383025	340.056058768	0.2
2062.2881135829775	200	9.667712939212628	0.0	383025	343.313674034	0.2
2062.6314272570116	200	9.824399265178675	0.0	383025	343.313674034	0.2
2062.9747409310453	200	9.981085591144723	0.0	383025	343.313674034	0.2
2063.816707911027	200	9.639118611162957	0.0	383025	341.9669799817671	0.2
2064.152080546327	200	9.803745975862931	0.0	383025	335.3726353	0.2
2064.487453181627	200	9.968373340562904	0.0	383025	335.3726353	0.2
2065.2741226500793	200	9.633000705262878	0.0	383025	335.3726353	0.2
2065.6201315845656	200	9.786991770776789	0.0	383025	346.008934486	0.2
2065.966140519052	200	9.940982836290699	0.0	383025	346.008934486	0.2
2066.8121494535376	200	9.59497390180461	0.0	383025	346.008934486	0.2
2067.158158388024	200	9.74896496731852	0.0	383025	346.008934486	0.2
2067.50416732251	200	9.90295603283243	0.0	383025	346.008934486	0.2
2068.247526763765	200	9.55694709834634	0.0	383025	346.008934486	0.2
2068.5905295145185	200	9.713944347592827	0.0	383025	343.002750754	0.2
2068.933532265272	200	9.870941596839314	0.0	383025	343.002750754	0.2
2069.7765350160253	200	9.527938846085803	0.0	383025	343.002750754	0.2
2070.1195377667786	200	9.68493609533229	0.0	383025	343.002750754	0.2
2070.462540517532	200	9.841933344578777	0.0	383025	343.002750754	0.2
2071.3036186015825	200	9.500855260528512	0.0	383025	341.0780840502671	0.2
2071.6213553708767	200	9.683118491234243	0.0	383025	317.736769294	0.2
2071.937997349492	200	9.866476512619132	0.0	383025	316.64197861511025	0.2
2072.395717193977	200	9.58652706512455	0.0	383025	279.949447495	0.2
2072.6825224898867	200	9.799721769214635	0.0	383025	286.8052959099147	0.2
2073.0089636490216	200	9.508789012247338	0.0	383025	290.932756967	0.2
2073.3206277824156	200	9.697124878853499	0.0	383025	311.664133394	0.2
2073.6322919158097	200	9.88546074545966	0.0	383025	311.664133394	0.2
2074.2944569373526	200	9.573796612065822	0.0	383025	311.664133394	0.2
2074.5851631744617	200	9.783090374956636	0.0	383025	290.70623710918545	0.2
2074.8851351890166	200	9.98311836040174	0.0	383025	299.972014555	0.2
2075.5762584247395	200	9.683146345846843	0.0	383025	299.972014555	0.2
2075.8961536096613	200	9.863251160925195	0.0	383025	319.895184922	0.2
2076.5069903569943	200	9.543355976003545	0.0	383025	319.895184922	0.2
2076.8442870896247	200	9.706059243372865	0.0	383025	337.296732631	0.2
2077.181583822255	200	9.868762510742187	0.0	383025	337.296732631	0.2
2078.018880554886	200	9.531465778111507	0.0	383025	337.296732631	0.2
2078.3544825011127	200	9.695863831884498	0.0	383025	335.601946227008	0.2
2078.68808441061	200	9.862261922387198	0.0	383025	333.601909497	0.2
2079.5216863201076	200	9.528660012889896	0.0	383025	333.601909497	0.2
2079.855288229605	200	9.695058103392594	0.0	383025	333.601909497	0.2

