236.01893110060075	400	0.5	0.15698117031344944	181435	156.981170313	-2.7396234062689886
236.17833772148282	400	0.8405933791179256	0.0	184429	159.406620882	0.4
236.41969038520702	600	1.0992407153937482	0.0	285584	241.352663724	0.39999999999999997
236.74678523785366	800	1.2721458627471147	0.0	391425	327.094852647	0.6000000000000001
237.0738800905003	800	1.4450510101004814	0.0	391425	327.094852647	0.8
237.4809734966213	1000	1.5379576039794718	0.0	490176	407.093406121	0.8
237.90687184063458	1000	1.6120592599661805	0.0	513389	425.898344013	1.0
238.3195379503166	1000	1.6993931502841917	0.0	497055	412.666109682	1.0
238.75080728206203	1000	1.768123818538775	0.0	520019	431.269331745	1.0
239.2073891149655	1000	1.8115419856352908	0.0	551265	456.581832903	1.0
239.6696959509313	1000	1.849235149669524	0.0	558332	462.306835966	1.0
240.11064408064658	1000	1.908287019954238	0.0	536970	440.948129715	1.0
240.54866943557718	1000	1.9702616650236395	0.0	536970	438.025354931	1.0
240.98669479050778	1000	2.032236310093041	0.0	536970	438.025354931	1.0
241.30200870296525	200	2.2169223976355625	0.0	383025	315.313912457	-0.6000000000000001
241.61732261542272	200	2.4016084851780835	0.0	383025	315.313912457	0.2
241.9326365278802	200	2.5862945727206044	0.0	383025	315.313912457	0.2
242.2478799286116	200	2.771051171989197	0.0	383025	315.243400731	0.2
242.5630082539969	200	2.9559228466039027	0.0	383025	315.128325385	0.2
242.87813657938221	200	3.1407945212186084	0.0	383025	315.128325385	0.2
243.19326490476752	200	3.325666195833314	0.0	383025	315.128325385	0.2
243.50839323015282	200	3.5105378704480197	0.0	383025	315.128325385	0.2
243.82352155553812	200	3.695409545062725	0.0	383025	315.128325385	0.2
244.13864988092342	200	3.8802812196774306	0.0	383025	315.128325385	0.2
244.45377820630873	200	4.065152894292137	0.0	383025	315.128325385	0.2
244.76890653169403	200	4.250024568906841	0.0	383025	315.128325385	0.2
245.08403485707933	200	4.434896243521547	0.0	383025	315.128325385	0.2
245.39913483790886	200	4.6197962626920015	0.0	383025	315.09998083	0.2
245.7130641580997	200	4.805866942501181	0.0	383025	313.929320191	0.2
246.02699347829054	200	4.991937622310361	0.0	383025	313.929320191	0.2
246.34092279848136	200	5.17800830211954	0.0	383025	313.929320191	0.2
246.65485211867218	200	5.36407898192872	0.0	383025	313.929320191	0.2
246.96878143886303	200	5.550149661737899	0.0	383025	313.929320191	0.2
247.28271075905386	200	5.73622034154708	0.0	383025	313.929320191	0.2
247.5957586836193	200	5.923172416981624	0.0	383025	313.047924565	0.2
247.90806142188367	200	6.110869678717246	0.0	383025	312.302738264	0.2
248.22036416014805	200	6.298566940452867	0.0	383025	312.302738264	0.2
248.53266689841243	200	6.486264202188488	0.0	383025	312.302738264	0.2
248.8449696366768	200	6.67396146392411	0.0	383025	312.302738264	0.2
249.1572723749412	200	6.861658725659732	0.0	383025	312.302738264	0.2
249.46957511320556	200	7.049355987395352	0.0	383025	312.302738264	0.2
249.78187785146994	200	7.237053249130974	0.0	383025	312.302738264	0.2
250.09380778915943	200	7.425123311441497	0.0	383025	311.929937689	0.2
250.40344188310843	200	7.615489217492479	0.0	383025	309.634093949	0.2
250.71307597705746	200	7.805855123543462	0.0	383025	309.634093949	0.2
251.02271007100646	200	7.9962210295944445	0.0	383025	309.634093949	0.2
251.3323441649555	200	8.186586935645426	0.0	383025	309.634093949	0.2
251.64048044037116	200	8.378450660229728	0.0	383025	308.136275416	0.2
251.94712311879755	200	8.57180798180334	0.0	383025	306.642678426	0.2
252.25376579722393	200	8.765165303376953	0.0	383025	306.642678426	0.2
252.5604084756503	200	8.958522624950565	0.0	383025	306.642678426	0.2
252.86705115407668	200	9.151879946524177	0.0	383025	306.642678426	0.2
253.17694409838376	200	9.341987002217094	0.0	383025	309.892944307	0.2
253.48700891858098	200	9.531922182019882	0.0	383025	310.064820197	0.2
253.79707373877818	200	9.72185736182267	0.0	383025	310.064820197	0.2
254.10713855897538	200	9.911792541625456	0.0	383025	310.064820197	0.2
254.4624570092578	200	9.601727721428244	0.0	383025	310.064820197	0.2
254.77170991808228	200	9.792474812603757	0.0	383025	309.252908824	0.2
255.08096282690676	200	9.98322190377927	0.0	383025	309.252908824	0.2
255.89021573573123	200	9.673968994954784	0.0	383025	309.252908824	0.2
256.19946864455574	200	9.864716086130299	0.0	383025	309.252908824	0.2
257.01033710701046	200	9.553847623675564	0.0	383025	310.86846245473504	0.2
257.3225832360593	200	9.741601494626726	0.0	383025	312.246129049	0.2
257.63482936510815	200	9.929355365577889	0.0	383025	312.246129049	0.2
258.447075494157	200	9.617109236529052	0.0	383025	312.246129049	0.2
258.76182394172	200	9.802360788966	0.0	383025	314.74844756305254	0.2
259.07665914625	200	9.987525584436048	0.0	383025	314.83520453	0.2
259.89149435077996	200	9.672690379906097	0.0	383025	314.83520453	0.2
260.2063295553099	200	9.857855175376146	0.0	383025	314.83520453	0.2
261.02013344439376	200	9.544051286292273	0.0	383025	313.80388908387295	0.2
261.33122428877596	200	9.732960441910109	0.0	383025	311.090844382	0.2
261.6423151331581	200	9.921869597527945	0.0	383025	311.090844382	0.2
262.4534059775402	200	9.61077875314578	0.0	383025	311.090844382	0.2
262.7701869346836	200	9.793997796002435	0.0	383025	316.7809571433451	0.2
263.0884977057903	200	9.975687024895706	0.0	383025	318.310771107	0.2
263.9068084768971	200	9.657376253788977	0.0	383025	318.310771107	0.2
264.2251192480038	200	9.839065482682246	0.0	383025	318.310771107	0.2
265.04343001911053	200	9.520754711575517	0.0	383025	318.310771107	0.2
265.36067324128953	200	9.703511489396577	0.0	383025	317.243222178941	0.2
265.67634113417546	200	9.887843596510582	0.0	383025	315.667892886	0.2
266.49200902706144	200	9.572175703624588	0.0	383025	315.667892886	0.2
266.8076769199474	200	9.756507810738592	0.0	383025	315.667892886	0.2
267.1233448128334	200	9.940839917852598	0.0	383025	315.667892886	0.2
267.6208218605662	200	9.625172024966604	0.0	383025	315.667892886	0.2
267.93693952249123	200	9.809054363041593	0.0	383025	316.117661925	0.2
268.25305718441626	200	9.992936701116582	0.0	383025	316.117661925	0.2
269.0691748463413	200	9.676819039191571	0.0	383025	316.117661925	0.2
269.38529250826633	200	9.86070137726656	0.0	383025	316.117661925	0.2
270.20142145788503	200	9.544572427647921	0.0	383025	316.12894961863736	0.2
270.51756521819794	200	9.72842866733497	0.0	383025	316.143760313	0.2
270.83370897851086	200	9.91228490702202	0.0	383025	316.143760313	0.2
271.6498527388238	200	9.59614114670907	0.0	383025	316.143760313	0.2
271.96599649913674	200	9.779997386396118	0.0	383025	316.143760313	0.2
272.2854361303258	200	9.960557755206993	0.0	383025	319.4396311891255	0.2
273.1068044690836	200	9.639189416449193	0.0	383025	321.368338758	0.2
273.4281728078414	200	9.817821077691393	0.0	383025	321.368338758	0.2
273.74954114659914	200	9.996452738933593	0.0	383025	321.368338758	0.2
274.57090948535694	200	9.675084400175793	0.0	383025	321.368338758	0.2
274.89227782411473	200	9.853716061417993	0.0	383025	321.368338758	0.2
275.71412952233914	200	9.531864363193542	0.0	383025	321.8516982244509	0.2
276.03984344236306	200	9.706150443169623	0.0	383025	325.713920024	0.2
276.365557362387	200	9.880436523145706	0.0	383025	325.713920024	0.2
277.1912712824109	200	9.554722603121787	0.0	383025	325.713920024	0.2
277.51698520243485	200	9.729008683097868	0.0	383025	325.713920024	0.2
277.84269912245884	200	9.903294763073951	0.0	383025	325.713920024	0.2
278.66841304248277	200	9.577580843050033	0.0	383025	325.713920024	0.2
278.9941269625067	200	9.751866923026116	0.0	383025	325.713920024	0.2
279.3198408825306	200	9.926153003002197	0.0	383025	325.713920024	0.2
279.7420970042897	200	9.600439082978278	0.0	383025	325.713920024	0.2
280.07076521552705	200	9.771770871740914	0.0	383025	328.668211237	0.2
280.3994334267644	200	9.943102660503552	0.0	383025	328.668211237	0.2
281.22810163800176	200	9.614434449266188	0.0	383025	328.668211237	0.2
281.5567698492391	200	9.785766238028824	0.0	383025	328.668211237	0.2
281.8854380604764	200	9.95709802679146	0.0	383025	328.668211237	0.2
282.7141062717138	200	9.628429815554096	0.0	383025	328.668211237	0.2
283.04277448295113	200	9.799761604316732	0.0	383025	328.668211237	0.2
283.3714426941885	200	9.97109339307937	0.0	383025	328.668211237	0.2
284.20011090542584	200	9.642425181842006	0.0	383025	328.668211237	0.2
284.5287791166632	200	9.813756970604642	0.0	383025	328.668211237	0.2
284.85736169319034	200	9.98517439407751	0.0	383025	328.58257652713047	0.2

