143.941990643	400	0.5	0.149228100859	181435	149.228100859	-2.58456201717
144.313830231	1000	0.628160412126	0.0	471531	371.839587874	0.4
144.694042612	1000	0.747948030643	0.0	482442	380.212381483	1.0
145.081681618	1000	0.860309024969	0.0	492120	387.639005674	1.0
145.469320624	1000	0.972670019295	0.0	492120	387.639005674	1.0
145.826845356	1000	1.11514528637	0.0	490176	357.524732925	1.0
146.163080417	1000	1.27891022634	0.0	513389	336.235060033	1.0
146.542844045	1000	1.39914659816	0.0	497055	379.763628177	1.0
146.939690796	1000	1.50229984647	0.0	520019	396.846751689	1.0
147.38431997	1000	1.55767067306	0.0	551265	444.629173411	1.0
147.842864429	1000	1.59912621371	0.0	558332	458.544459354	1.0
148.284247403	1000	1.65774324024	0.0	536970	441.382973462	1.0
148.742184621	1000	1.69980602164	0.0	536970	457.937218599	1.0
149.207951356	1000	1.73403928723	0.0	536970	465.766734418	1.0
149.67371809	1000	1.76827255281	0.0	536970	465.766734418	1.0
150.139484824	1000	1.80250581839	0.0	536970	465.766734418	1.0
150.619217303	1000	1.82277333943	0.0	553424	479.732478962	1.0
151.0730927	1000	1.86889794335	0.0	522960	453.875396076	1.0
151.526968096	1000	1.91502254728	0.0	522960	453.875396076	1.0
151.988771051	1000	1.95321959231	0.0	532300	461.80295497	1.0
152.42494939	1000	2.01704125255	0.0	503004	436.178339762	1.0
152.758044709	200	2.18394593375	0.0	383025	333.095318796	-0.6
153.091140028	200	2.35085061495	0.0	383025	333.095318796	0.2
153.424235347	200	2.51775529616	0.0	383025	333.095318796	0.2
153.757330665	200	2.68465997736	0.0	383025	333.095318796	0.2
154.090425984	200	2.85156465857	0.0	383025	333.095318796	0.2
154.423415285	200	3.01857535822	0.0	383025	332.989300349	0.2
154.753326802	200	3.18866384097	0.0	383025	329.911517251	0.2
155.083238319	200	3.35875232372	0.0	383025	329.911517251	0.2
155.413149836	200	3.52884080647	0.0	383025	329.911517251	0.2
155.743061354	200	3.69892928921	0.0	383025	329.911517251	0.2
156.072972871	200	3.86901777196	0.0	383025	329.911517251	0.2
156.40287994	200	4.03911070239	0.0	383025	329.907069572	0.2
156.721116653	200	4.2208739894	0.0	383025	318.236712993	0.2
157.039353366	200	4.4026372764	0.0	383025	318.236712993	0.2
157.357590079	200	4.58440056341	0.0	383025	318.236712993	0.2
157.675826792	200	4.76616385042	0.0	383025	318.236712993	0.2
157.994063505	200	4.94792713742	0.0	383025	318.236712993	0.2
158.311551857	200	5.13043878559	0.0	383025	317.48835184	0.2
158.628932763	200	5.31305787982	0.0	383025	317.380905763	0.2
158.946313669	200	5.49567697406	0.0	383025	317.380905763	0.2
159.263694575	200	5.6782960683	0.0	383025	317.380905763	0.2
159.58107548	200	5.86091516253	0.0	383025	317.380905763	0.2
159.900085242	200	6.04190540111	0.0	383025	319.009761422	0.2
160.219424266	200	6.22256637692	0.0	383025	319.339024195	0.2
160.53876329	200	6.40322735272	0.0	383025	319.339024195	0.2
160.858102314	200	6.58388832853	0.0	383025	319.339024195	0.2
161.177441339	200	6.76454930433	0.0	383025	319.339024195	0.2
161.493944474	200	6.94804616841	0.0	383025	316.503135916	0.2
161.808762003	200	7.13322864035	0.0	383025	314.81752806	0.2
162.123579531	200	7.31841111229	0.0	383025	314.81752806	0.2
162.438397059	200	7.50359358424	0.0	383025	314.81752806	0.2
162.754755732	200	7.68723491131	0.0	383025	316.358672929	0.2
163.071376922	200	7.8706137204	0.0	383025	316.621190909	0.2
163.387998113	200	8.05399252949	0.0	383025	316.621190909	0.2
163.704619304	200	8.23737133858	0.0	383025	316.621190909	0.2
164.021240495	200	8.42075014767	0.0	383025	316.621190909	0.2
164.34755082	200	8.59443982321	0.0	383025	326.310324464	0.2
164.67497136	200	8.76701928313	0.0	383025	327.420540076	0.2
165.0023919	200	8.93959874306	0.0	383025	327.420540076	0.2
165.32981244	200	9.11217820298	0.0	383025	327.420540076	0.2
165.65723298	200	9.2847576629	0.0	383025	327.420540076	0.2
165.98465352	200	9.45733712283	0.0	383025	327.420540076	0.2
166.307044074	200	9.63494656933	0.0	383025	322.390553496	0.2
166.625034532	200	9.81695611076	0.0	383025	317.990458568	0.2
166.943024991	200	9.9989656522	0.0	383025	317.990458568	0.2
167.299268366	200	9.68097519363	0.0	383025	317.990458568	0.2
167.619585906	200	9.86065765399	0.0	383025	320.317539637	0.2
168.439903445	200	9.54034011435	0.0	383025	320.317539637	0.2
168.759235423	200	9.72100813633	0.0	383025	319.331978021	0.2
169.076470104	200	9.90377345594	0.0	383025	317.23468039	0.2
169.893704784	200	9.58653877555	0.0	383025	317.23468039	0.2
170.211080316	200	9.76916324391	0.0	383025	317.375531638	0.2
170.5291818	200	9.95106175997	0.0	383025	318.101483939	0.2
171.347283284	200	9.63296027604	0.0	383025	318.101483939	0.2
171.666235826	200	9.81400773322	0.0	383025	318.952542817	0.2
171.986629993	200	9.9936135661	0.0	383025	320.394167119	0.2
172.807024161	200	9.67321939898	0.0	383025	320.394167119	0.2
173.127418328	200	9.85282523186	0.0	383025	320.394167119	0.2
173.945443626	200	9.53479993388	0.0	383025	318.025297985	0.2
174.263181395	200	9.71706216464	0.0	383025	317.737769236	0.2
174.576856693	200	9.90338686642	0.0	383025	313.675298224	0.2
175.390425874	200	9.58981768606	0.0	383025	313.569180362	0.2
175.703995054	200	9.77624850569	0.0	383025	313.569180362	0.2
176.029103136	200	9.95114042335	0.0	383025	325.108082345	0.2
176.854896603	200	9.62534695612	0.0	383025	325.793467231	0.2
177.18231956	200	9.79792399972	0.0	383025	327.422956395	0.2
177.511145784	200	9.96909777554	0.0	383025	328.826224185	0.2
178.339972008	200	9.64027155135	0.0	383025	328.826224185	0.2
178.668798232	200	9.81144532717	0.0	383025	328.826224185	0.2
178.995351206	200	9.98489235383	0.0	383025	326.552973339	0.2
179.818871986	200	9.66137157356	0.0	383025	323.520780268	0.2
180.142392766	200	9.83785079329	0.0	383025	323.520780268	0.2
180.760811778	200	9.51433001303	0.0	383025	323.520780268	0.2
181.075394834	200	9.69974695657	0.0	383025	314.583056455	0.2
181.38997789	200	9.88516390011	0.0	383025	314.583056455	0.2
181.943208318	200	9.57058084366	0.0	383025	314.583056455	0.2
182.264627232	200	9.74916192986	0.0	383025	321.418913801	0.2
182.586046146	200	9.92774301606	0.0	383025	321.418913801	0.2
182.970369039	200	9.60632410226	0.0	383025	321.418913801	0.2
183.300243059	200	9.77645008274	0.0	383025	329.874019518	0.2
183.630117078	200	9.94657606322	0.0	383025	329.874019518	0.2
184.459991098	200	9.6167020437	0.0	383025	329.874019518	0.2
184.789865117	200	9.78682802419	0.0	383025	329.874019518	0.2
185.119739137	200	9.95695400467	0.0	383025	329.874019518	0.2
185.949311468	200	9.62738167377	0.0	383025	329.572330896	0.2
186.278786961	200	9.79790618043	0.0	383025	329.475493338	0.2
186.608262455	200	9.9684306871	0.0	383025	329.475493338	0.2
187.439063327	200	9.63762981427	0.0	383025	330.800872829	0.2
187.769948958	200	9.80674418336	0.0	383025	330.885630901	0.2
188.100834589	200	9.97585855246	0.0	383025	330.885630901	0.2
188.93172022	200	9.64497292156	0.0	383025	330.885630901	0.2
189.262605851	200	9.81408729066	0.0	383025	330.885630901	0.2
189.588577492	200	9.98811564984	0.0	383025	325.971640823	0.2
190.412163885	200	9.66452925685	0.0	383025	323.586392989	0.2
190.735750278	200	9.84094286386	0.0	383025	323.586392989	0.2
191.281208291	200	9.51735647087	0.0	383025	323.586392989	0.2
191.601162336	200	9.69740242618	0.0	383025	319.954044688	0.2
191.921116381	200	9.8774483815	0.0	383025	319.954044688	0.2
192.482804332	200	9.55749433681	0.0	383025	319.954044688	0.2

