1726.95651558	400	0.5	0.171097408309	181435	171.097408309	-3.02194816617
1727.38519126	1000	0.571324319799	0.0	471531	428.675680201	0.4
1727.8235549	1000	0.632960686216	0.0	482442	438.363633584	1.0
1728.27051169	1000	0.686003888592	0.0	492120	446.956797624	1.0
1728.71746849	1000	0.739047090968	0.0	492120	446.956797624	1.0
1729.17442895	1000	0.782086628226	0.0	490176	456.960462743	1.0
1729.65444287	1000	0.802072708148	0.0	513389	480.013920078	1.0
1730.11950282	1000	0.837012765211	0.0	497055	465.059942937	1.0
1730.62640621	1000	0.830109368231	0.0	520019	506.90339698	1.0
1731.17026982	1000	0.786245764349	0.0	551265	543.863603882	1.0
1731.72097734	1000	0.735538239505	0.0	558332	550.707524843	1.0
1732.25099719	1000	0.705518395371	0.0	536970	530.019844134	1.0
1732.78101703	1000	0.675498551237	0.0	536970	530.019844134	1.0
1733.31103687	1000	0.645478707103	0.0	536970	530.019844134	1.0
1733.84105672	1000	0.615458862969	0.0	536970	530.019844134	1.0
1734.37107656	1000	0.585439018835	0.0	536970	530.019844134	1.0
1734.91703102	1000	0.539484566594	0.0	553424	545.954452241	1.0
1735.4334831	1000	0.523032478603	0.0	522960	516.452087991	1.0
1735.94602019	1000	0.510495396419	0.0	522960	512.537082185	1.0
1736.46057984	1000	0.5	0.00406425685573	532300	514.559653274	0.918714862885
1736.94737023	1000	0.51320961143	0.0	503004	486.79038857	1.0
1737.41404458	1000	0.54653525698	0.0	481782	466.67435445	1.0
1737.88071894	1000	0.57986090253	0.0	481782	466.67435445	1.0
1738.37466397	1000	0.585915871348	0.0	510552	493.945031183	1.0
1738.87928485	1000	0.58129499133	0.0	536970	504.620880018	1.0
1739.3613861	1000	0.599193735111	0.0	536970	482.101256219	1.0
1739.84348736	1000	0.617092478893	0.0	536970	482.101256219	1.0
1740.32558862	1000	0.634991222674	0.0	536970	482.101256219	1.0
1740.76558597	1000	0.694993865811	0.0	536970	439.997356863	1.0
1741.22840782	1000	0.732172019065	0.0	573990	462.821846745	1.0
1741.70202882	1000	0.758551022474	0.0	586715	473.620996591	1.0
1742.15079279	1000	0.809787044408	0.0	551265	448.763978066	1.0
1742.60298156	1000	0.857598274798	0.0	551265	452.18876961	1.0
1743.05990611	1000	0.900673732992	0.0	551265	456.924541805	1.0
1743.5112093	1000	0.949370542345	0.0	551265	451.303190648	1.0
1743.95625034	1000	1.0043295032	0.0	551265	445.041039144	1.0
1744.41423984	1000	1.04634000134	0.0	551265	457.989501863	1.0
1744.85801924	1000	1.10256059607	0.0	527825	443.779405267	1.0
1745.2827524	1000	1.17782743477	0.0	498375	424.7331613	1.0
1745.65440971	1000	1.30617013207	0.0	434595	371.657302705	1.0
1746.03585894	1000	1.42472089929	0.0	442995	381.449232778	1.0
1746.44358247	1000	1.51699736415	0.0	469589	407.723535139	1.0
1746.87389446	1000	1.58668538106	0.0	496259	430.311983085	1.0
1747.30404862	1000	1.65653121739	0.0	508563	430.154163673	1.0
1747.75676556	1000	1.70381427523	0.0	536941	452.716942163	1.0
1748.18036029	1000	1.78021954724	0.0	525223	423.594727991	1.0
1748.60596631	1000	1.85461352833	0.0	536970	425.606018909	1.0
1749.02167816	1000	1.938901675	0.0	527946	415.711853331	1.0
1749.42922207	1000	2.03135776489	0.0	519390	407.543910105	1.0
1749.73179952	200	2.22878031438	0.0	383025	302.577450514	-0.6
1750.02831586	200	2.43226397827	0.0	383025	296.51633611	0.2
1750.32404533	200	2.63653451099	0.0	383025	295.729467276	0.2
1750.62615008	200	2.83442976263	0.0	383025	302.104748358	0.2
1750.9322357	200	3.02834413716	0.0	383025	306.085625475	0.2
1751.25479001	200	3.20578982651	0.0	383025	322.554310654	0.2
1751.57734432	200	3.38323551585	0.0	383025	322.554310654	0.2
1751.89924542	200	3.56133441429	0.0	383025	321.901101565	0.2
1752.21905857	200	3.74152127085	0.0	383025	319.813143438	0.2
1752.53776286	200	3.92281697876	0.0	383025	318.704292086	0.2
1752.85518124	200	4.10539859451	0.0	383025	317.418384253	0.2
1753.16892727	200	4.29165256844	0.0	383025	313.746026071	0.2
1753.47581257	200	4.48476726776	0.0	383025	306.885300678	0.2
1753.78224486	200	4.67833497797	0.0	383025	306.432289788	0.2
1754.08134684	200	4.87923299546	0.0	383025	299.101982514	0.2
1754.38044883	200	5.08013101294	0.0	383025	299.101982514	0.2
1754.67747564	200	5.28310420245	0.0	383025	297.026810491	0.2
1754.97363867	200	5.48694117315	0.0	383025	296.163029305	0.2
1755.27514832	200	5.68543151573	0.0	383025	301.509657413	0.2
1755.57918243	200	5.88139740592	0.0	383025	304.034109818	0.2
1755.8829757	200	6.07760413597	0.0	383025	303.793269949	0.2
1756.18650753	200	6.27407230376	0.0	383025	303.53183221	0.2
1756.48945112	200	6.47112872282	0.0	383025	302.943580936	0.2
1756.7923947	200	6.66818514188	0.0	383025	302.943580936	0.2
1757.0952264	200	6.86535343792	0.0	383025	302.83170396	0.2
1757.39798782	200	7.06259201374	0.0	383025	302.761424188	0.2
1757.7004707	200	7.26010913936	0.0	383025	302.482874373	0.2
1758.00214959	200	7.4584302506	0.0	383025	301.678888763	0.2
1758.30351503	200	7.65706480788	0.0	383025	301.365442715	0.2
1758.60402793	200	7.85655190996	0.0	383025	300.512897928	0.2
1758.90448364	200	8.05609620207	0.0	383025	300.455707883	0.2
1759.20486786	200	8.25571197601	0.0	383025	300.38422606	0.2
1759.50484559	200	8.45573424623	0.0	383025	299.97772978	0.2
1759.80375125	200	8.65682858988	0.0	383025	298.905656351	0.2
1760.10305445	200	8.85752538579	0.0	383025	299.303204096	0.2
1760.40366826	200	9.05691157796	0.0	383025	300.613807827	0.2
1760.70428207	200	9.25629777013	0.0	383025	300.613807827	0.2
1761.00621768	200	9.45436215609	0.0	383025	301.935614044	0.2
1761.30850545	200	9.65207439327	0.0	383025	302.287762816	0.2
1761.61278554	200	9.84779430028	0.0	383025	304.28009299	0.2
1762.29039923	200	9.54267107217	0.0	383025	305.123228112	0.2
1762.59593086	200	9.73713943379	0.0	383025	305.531638381	0.2
1762.89804148	200	9.93502881798	0.0	383025	302.110615813	0.2
1763.67239545	200	9.63291820216	0.0	383025	302.110615813	0.2
1763.97350891	200	9.83180474203	0.0	383025	301.113460132	0.2
1764.63819252	200	9.53114143732	0.0	383025	300.66330471	0.2
1764.93903714	200	9.73029682413	0.0	383025	300.844613193	0.2
1765.23967439	200	9.92965957292	0.0	383025	300.637251209	0.2
1765.9663747	200	9.62906041267	0.0	383025	300.599160249	0.2
1766.27119066	200	9.82424444981	0.0	383025	304.815962865	0.2
1766.7949512	200	9.5178227598	0.0	383025	306.421690003	0.2
1767.10231988	200	9.71045408068	0.0	383025	307.36867912	0.2
1767.41982709	200	9.89294687072	0.0	383025	317.507209957	0.2
1767.81398253	200	9.56697655127	0.0	383025	325.97031945	0.2
1768.14397277	200	9.73698630546	0.0	383025	329.990245818	0.2
1768.47396302	200	9.90699605964	0.0	383025	329.990245818	0.2
1769.30277224	200	9.57818683541	0.0	383025	328.809224228	0.2
1769.63742459	200	9.74353448626	0.0	383025	334.652349156	0.2
1769.98821408	200	9.89274500436	0.0	383025	350.789481893	0.2
1770.83900356	200	9.54195552247	0.0	383025	350.789481893	0.2
1771.18239505	200	9.69856402693	0.0	383025	343.391495538	0.2
1771.52018859	200	9.86077049114	0.0	383025	337.793535796	0.2
1772.08016689	200	9.52297695534	0.0	383025	337.793535796	0.2
1772.39279118	200	9.71035266693	0.0	383025	312.624288407	0.2
1772.70361148	200	9.89953236483	0.0	383025	310.820302107	0.2
1773.30755387	200	9.59037576834	0.0	383025	309.156596485	0.2
1773.61667688	200	9.78125276041	0.0	383025	309.123007932	0.2
1773.92004514	200	9.97788450244	0.0	383025	303.36825797	0.2
1774.65013205	200	9.67647957241	0.0	383025	301.404930028	0.2
1774.94945375	200	9.87715787244	0.0	383025	299.321699975	0.2
1775.4294756	200	9.56614884318	0.0	383025	311.009029259	0.2

