3467.86861393	400	0.5	0.152467349834	181435	152.467349834	-2.64934699668
3468.248872	1000	0.619741935489	0.0	471531	380.258064511	0.4
3468.63775471	1000	0.73085922156	0.0	482442	388.882713929	1.0
3469.04839542	1000	0.820218512226	0.0	492120	410.640709334	1.0
3469.45801387	1000	0.91060006133	0.0	492120	409.618450896	1.0
3469.86506129	1000	1.00355263852	0.0	490176	407.047422814	1.0
3470.29946907	1000	1.06914486333	0.0	513389	434.407775187	1.0
3470.73180336	1000	1.13681057346	0.0	497055	432.334289873	1.0
3471.1795983	1000	1.18901562871	0.0	520019	447.794944746	1.0
3471.64666473	1000	1.22194919883	0.0	551265	467.066429883	1.0
3472.11959057	1000	1.24902335748	0.0	558332	472.925841346	1.0
3472.56766654	1000	1.30094738814	0.0	536970	448.075969336	1.0
3473.01835745	1000	1.35025648342	0.0	536970	450.690904728	1.0
3473.47427611	1000	1.39433782167	0.0	536970	455.918661748	1.0
3473.94306645	1000	1.4255474848	0.0	536970	468.790336869	1.0
3474.41432998	1000	1.45428395259	0.0	536970	471.263532214	1.0
3474.89757535	1000	1.47103857941	0.0	553424	483.245373171	1.0
3475.35299118	1000	1.51562275209	0.0	522960	455.415827328	1.0
3475.80656298	1000	1.56205095244	0.0	522960	453.57179965	1.0
3476.26309578	1000	1.60551814839	0.0	532300	456.532804051	1.0
3476.695076	1000	1.67353792764	0.0	503004	431.980220747	1.0
3477.1093889	1000	1.75922503265	0.0	481782	414.312894989	1.0
3477.52009667	1000	1.84851726351	0.0	481782	410.707769138	1.0
3477.94271993	1000	1.9258940027	0.0	510552	422.623260816	1.0
3478.38496472	1000	1.98364921264	0.0	536970	442.244790055	1.0
3478.82359929	1000	2.04501464196	0.0	536970	438.63457068	1.0
3479.13922407	200	2.22938985787	0.0	383025	315.624784097	-0.6
3479.45474082	200	2.41387310746	0.0	383025	315.516750409	0.2
3479.77144184	200	2.59717208975	0.0	383025	316.701017707	0.2
3480.09756555	200	2.77104838629	0.0	383025	326.123703461	0.2
3480.42368925	200	2.94492468283	0.0	383025	326.123703461	0.2
3480.74311853	200	3.12549540515	0.0	383025	319.429277681	0.2
3481.06121592	200	3.307398008	0.0	383025	318.097397151	0.2
3481.37999676	200	3.48861717604	0.0	383025	318.780831951	0.2
3481.69980374	200	3.66881018939	0.0	383025	319.806986657	0.2
3482.02010801	200	3.84850592592	0.0	383025	320.30426347	0.2
3482.34345953	200	4.02515440475	0.0	383025	323.351521163	0.2
3482.66681105	200	4.20180288359	0.0	383025	323.351521163	0.2
3482.98704817	200	4.38156575731	0.0	383025	320.237126281	0.2
3483.30561624	200	4.5629976882	0.0	383025	318.568069112	0.2
3483.63318479	200	4.73542913869	0.0	383025	327.56854951	0.2
3483.96251587	200	4.90609806623	0.0	383025	329.331072459	0.2
3484.29184694	200	5.07676699377	0.0	383025	329.331072459	0.2
3484.62466307	200	5.24395086128	0.0	383025	332.816132488	0.2
3484.95789858	200	5.41071534845	0.0	383025	333.235512834	0.2
3485.28692305	200	5.58169088115	0.0	383025	329.0244673	0.2
3485.61583725	200	5.7527766801	0.0	383025	328.914201051	0.2
3485.93685905	200	5.9317548854	0.0	383025	321.021794697	0.2
3486.25476298	200	6.11385094956	0.0	383025	317.903935838	0.2
3486.57868214	200	6.28993179561	0.0	383025	323.919153948	0.2
3486.9179927	200	6.45062122863	0.0	383025	339.310566987	0.2
3487.25730327	200	6.61131066164	0.0	383025	339.310566987	0.2
3487.59661384	200	6.77200009465	0.0	383025	339.310566987	0.2
3487.92658715	200	6.9420267766	0.0	383025	329.973318051	0.2
3488.25564061	200	7.11297332568	0.0	383025	329.053450926	0.2
3488.58358464	200	7.28502929484	0.0	383025	327.944030837	0.2
3488.90813171	200	7.46048221912	0.0	383025	324.547075723	0.2
3489.23267879	200	7.63593514339	0.0	383025	324.547075723	0.2
3489.55647399	200	7.81213993929	0.0	383025	323.7952041	0.2
3489.87783053	200	7.99078340472	0.0	383025	321.356534567	0.2
3490.1812829	200	8.18733103079	0.0	383025	303.452373937	0.2
3490.48473527	200	8.38387865685	0.0	383025	303.452373937	0.2
3490.79674067	200	8.57187326363	0.0	383025	312.005393221	0.2
3491.11100968	200	8.75760425168	0.0	383025	314.269011952	0.2
3491.4288277	200	8.9397862268	0.0	383025	317.81802488	0.2
3491.75521194	200	9.11340199619	0.0	383025	326.384230611	0.2
3492.08159617	200	9.28701776558	0.0	383025	326.384230611	0.2
3492.40788682	200	9.46072711408	0.0	383025	326.290651492	0.2
3492.73417296	200	9.63444097375	0.0	383025	326.286140338	0.2
3493.06458883	200	9.8040251	0.0	383025	330.41587375	0.2
3493.396698	200	9.97191593245	0.0	383025	332.109167544	0.2
3494.19146759	200	9.63980676491	0.0	383025	332.109167544	0.2
3494.53621598	200	9.79505837278	0.0	383025	344.748392129	0.2
3494.88260611	200	9.94866824536	0.0	383025	346.39012742	0.2
3495.73619608	200	9.59507827741	0.0	383025	353.589967948	0.2
3496.08978604	200	9.74148830946	0.0	383025	353.589967948	0.2
3496.44246666	200	9.88880769145	0.0	383025	352.680618011	0.2
3497.29033097	200	9.54094338818	0.0	383025	347.864303276	0.2
3497.63596124	200	9.69531311465	0.0	383025	345.630273527	0.2
3497.97538148	200	9.85589287586	0.0	383025	339.420238788	0.2
3498.60079647	200	9.51647263707	0.0	383025	339.420238788	0.2
3498.92402548	200	9.69324362697	0.0	383025	323.229010097	0.2
3499.23975885	200	9.87751025691	0.0	383025	315.733370063	0.2
3499.85282677	200	9.5734548084	0.0	383025	304.055448516	0.2
3500.17559784	200	9.75068374094	0.0	383025	322.771067458	0.2
3500.49781664	200	9.92846493576	0.0	383025	322.218805175	0.2
3501.08479365	200	9.60697759692	0.0	383025	321.487338843	0.2
3501.39956039	200	9.79221085502	0.0	383025	314.766741896	0.2
3501.71442834	200	9.97734290946	0.0	383025	314.867945561	0.2
3502.22981169	200	9.66221340169	0.0	383025	315.12950777	0.2
3502.55546517	200	9.83655991615	0.0	383025	325.653485545	0.2
3503.38350041	200	9.50852467824	0.0	383025	328.035237906	0.2
3503.74402301	200	9.64800208116	0.0	383025	360.522597085	0.2
3504.10454561	200	9.78747948407	0.0	383025	360.522597085	0.2
3504.43931477	200	9.95271032353	0.0	383025	334.769160542	0.2
3504.77101976	200	9.7117362873	0.0	383025	240.974036225	0.2
3505.0406721	200	9.94208395174	0.0	383025	269.65233556	0.2
3505.46695921	200	9.64413204734	0.0	383025	297.951904404	0.2
3505.77133336	200	9.83975789285	0.0	383025	304.374154495	0.2
3506.57515889	200	9.53593236594	0.0	383025	303.825526903	0.2
3506.86595461	200	9.74513664878	0.0	383025	290.795717165	0.2
3507.1551503	200	9.95594095961	0.0	383025	289.19568917	0.2
3507.76921421	200	9.66717214039	0.0	383025	288.768819223	0.2
3508.08279056	200	9.85359578906	0.0	383025	313.576351322	0.2
3508.56546464	200	9.54669447386	0.0	383025	306.901315201	0.2
3508.86142927	200	9.75072984067	0.0	383025	295.964633196	0.2
3509.16295552	200	9.94920358694	0.0	383025	301.526253729	0.2
3509.76305683	200	9.6407847635	0.0	383025	308.418823441	0.2
3510.07264185	200	9.83119974251	0.0	383025	309.585020983	0.2
3510.88213871	200	9.52170288533	0.0	383025	309.496857188	0.2
3511.19265876	200	9.71118283259	0.0	383025	310.520052741	0.2
3511.50399464	200	9.89984694874	0.0	383025	311.335883844	0.2
3512.31532686	200	9.58851473694	0.0	383025	311.332211797	0.2
3512.62589535	200	9.77794624186	0.0	383025	310.568495081	0.2
3512.93630849	200	9.96753310658	0.0	383025	310.413135288	0.2
3513.61381503	200	9.65624694141	0.0	383025	311.286165164	0.2
3513.93039294	200	9.83966903251	0.0	383025	316.5779089	0.2
3514.74697085	200	9.52309112361	0.0	383025	316.5779089	0.2
3515.06466778	200	9.70539418858	0.0	383025	317.696935034	0.2
3515.40274914	200	9.86731283284	0.0	383025	338.081355734	0.2

