5023.54869802	400	0.5	0.157089884385	181435	157.089884385	-2.74179768769
5023.94096958	1000	0.607728441184	0.0	471531	392.271558816	0.4
5024.34208672	1000	0.706611302802	0.0	482442	401.117138382	1.0
5024.75104984	1000	0.797648181555	0.0	492120	408.963121247	1.0
5025.16001296	1000	0.888685060308	0.0	492120	408.963121247	1.0
5025.56740008	1000	0.981297945539	0.0	490176	407.387114769	1.0
5025.99360604	1000	1.05509198388	0.0	513389	426.205961663	1.0
5026.40699092	1000	1.14170710447	0.0	497055	413.384879405	1.0
5026.83903282	1000	1.20966520186	0.0	520019	432.041902608	1.0
5027.29643365	1000	1.2522643772	0.0	551265	457.400824665	1.0
5027.75956997	1000	1.28912805032	0.0	558332	463.136326879	1.0
5028.20536913	1000	1.34332889597	0.0	536970	445.799154345	1.0
5028.65116828	1000	1.39752974163	0.0	536970	445.799154345	1.0
5029.09696744	1000	1.45173058728	0.0	536970	445.799154345	1.0
5029.54276659	1000	1.50593143294	0.0	536970	445.799154345	1.0
5029.98856574	1000	1.56013227859	0.0	536970	445.799154345	1.0
5030.44716395	1000	1.60153407464	0.0	553424	458.59820395	1.0
5030.88099823	1000	1.66769979579	0.0	522960	433.834278854	1.0
5031.31483251	1000	1.73386551693	0.0	522960	433.834278854	1.0
5031.75623641	1000	1.79246161103	0.0	532300	441.403905908	1.0
5032.1738973	1000	1.87480072377	0.0	503004	417.660887258	1.0
5032.57435876	1000	1.97433926107	0.0	481782	400.461462702	1.0
5032.97482022	1000	2.07387779836	0.0	481782	400.461462702	1.0
5033.29518382	200	2.25351420709	0.0	383025	320.363591276	-0.6
5033.61535445	200	2.43334357629	0.0	383025	320.170630802	0.2
5033.93552508	200	2.61317294548	0.0	383025	320.170630802	0.2
5034.25569571	200	2.79300231468	0.0	383025	320.170630802	0.2
5034.57586634	200	2.97283168388	0.0	383025	320.170630802	0.2
5034.89603697	200	3.15266105308	0.0	383025	320.170630802	0.2
5035.2162076	200	3.33249042228	0.0	383025	320.170630802	0.2
5035.53637823	200	3.51231979147	0.0	383025	320.170630802	0.2
5035.85654886	200	3.69214916067	0.0	383025	320.170630802	0.2
5036.17671949	200	3.87197852987	0.0	383025	320.170630802	0.2
5036.49689012	200	4.05180789907	0.0	383025	320.170630802	0.2
5036.81706075	200	4.23163726826	0.0	383025	320.170630802	0.2
5037.13723139	200	4.41146663746	0.0	383025	320.170630802	0.2
5037.45740202	200	4.59129600666	0.0	383025	320.170630802	0.2
5037.77614152	200	4.77255650177	0.0	383025	318.739504894	0.2
5038.09415696	200	4.95454106326	0.0	383025	318.015438502	0.2
5038.4121724	200	5.13652562476	0.0	383025	318.015438502	0.2
5038.73018784	200	5.31851018626	0.0	383025	318.015438502	0.2
5039.04820327	200	5.50049474776	0.0	383025	318.015438502	0.2
5039.36621871	200	5.68247930926	0.0	383025	318.015438502	0.2
5039.68423415	200	5.86446387075	0.0	383025	318.015438502	0.2
5040.00083358	200	6.04786444055	0.0	383025	316.599430208	0.2
5040.31629306	200	6.23240496037	0.0	383025	315.459480178	0.2
5040.63175254	200	6.41694548019	0.0	383025	315.459480178	0.2
5040.94721202	200	6.60148600001	0.0	383025	315.459480178	0.2
5041.2626715	200	6.78602651983	0.0	383025	315.459480178	0.2
5041.57813098	200	6.97056703965	0.0	383025	315.459480178	0.2
5041.89359046	200	7.15510755948	0.0	383025	315.459480178	0.2
5042.2103775	200	7.33832052743	0.0	383025	316.787032046	0.2
5042.5274758	200	7.52122222464	0.0	383025	317.09830279	0.2
5042.8445741	200	7.70412392185	0.0	383025	317.09830279	0.2
5043.1616724	200	7.88702561906	0.0	383025	317.09830279	0.2
5043.47877071	200	8.06992731627	0.0	383025	317.09830279	0.2
5043.79586901	200	8.25282901348	0.0	383025	317.09830279	0.2
5044.11296731	200	8.43573071069	0.0	383025	317.09830279	0.2
5044.43006561	200	8.6186324079	0.0	383025	317.09830279	0.2
5044.74716392	200	8.80153410511	0.0	383025	317.09830279	0.2
5045.06386281	200	8.98483521037	0.0	383025	316.69889474	0.2
5045.37996109	200	9.16873693619	0.0	383025	316.098274176	0.2
5045.69605936	200	9.35263866202	0.0	383025	316.098274176	0.2
5046.01215763	200	9.53654038784	0.0	383025	316.098274176	0.2
5046.32825591	200	9.72044211366	0.0	383025	316.098274176	0.2
5046.64435418	200	9.90434383949	0.0	383025	316.098274176	0.2
5047.46045246	200	9.58824556531	0.0	383025	316.098274176	0.2
5047.77652223	200	9.77217579174	0.0	383025	316.069773572	0.2
5048.09242639	200	9.95627163192	0.0	383025	315.904159821	0.2
5048.90833055	200	9.6403674721	0.0	383025	315.904159821	0.2
5049.22423471	200	9.82446331228	0.0	383025	315.904159821	0.2
5050.04013887	200	9.50855915245	0.0	383025	315.904159821	0.2
5050.35604303	200	9.69265499263	0.0	383025	315.904159821	0.2
5050.67208978	200	9.87660824716	0.0	383025	316.046745475	0.2
5051.4881833	200	9.56051472503	0.0	383025	316.093522126	0.2
5051.80427682	200	9.74442120291	0.0	383025	316.093522126	0.2
5052.12037034	200	9.92832768078	0.0	383025	316.093522126	0.2
5052.70131959	200	9.61223415865	0.0	383025	316.093522126	0.2
5053.01647264	200	9.79708110835	0.0	383025	315.153050302	0.2
5053.33162569	200	9.98192805805	0.0	383025	315.153050302	0.2
5054.14677874	200	9.66677500775	0.0	383025	315.153050302	0.2
5054.46193179	200	9.85162195744	0.0	383025	315.153050302	0.2
5054.94770593	200	9.53646890714	0.0	383025	315.153050302	0.2
5055.26187033	200	9.72230451312	0.0	383025	314.164394026	0.2
5055.57603472	200	9.90814011909	0.0	383025	314.164394026	0.2
5056.39019911	200	9.59397572506	0.0	383025	314.164394026	0.2
5056.70436351	200	9.77981133104	0.0	383025	314.164394026	0.2
5057.0185279	200	9.96564693701	0.0	383025	314.164394026	0.2
5057.83424906	200	9.64992578297	0.0	383025	315.721154044	0.2
5058.15034137	200	9.83383347122	0.0	383025	316.092311751	0.2
5058.96643368	200	9.51774115947	0.0	383025	316.092311751	0.2
5059.28252599	200	9.70164884772	0.0	383025	316.092311751	0.2
5059.5986183	200	9.88555653597	0.0	383025	316.092311751	0.2
5060.41514622	200	9.56902862241	0.0	383025	316.527913552	0.2
5060.73276016	200	9.75141467562	0.0	383025	317.613946795	0.2
5061.05037411	200	9.93380072882	0.0	383025	317.613946795	0.2
5061.86798806	200	9.61618678203	0.0	383025	317.613946795	0.2
5062.185602	200	9.79857283523	0.0	383025	317.613946795	0.2
5062.50160161	200	9.98257322906	0.0	383025	315.999606168	0.2
5063.31701951	200	9.66715532697	0.0	383025	315.417902094	0.2
5063.63243742	200	9.85173742488	0.0	383025	315.417902094	0.2
5064.44785532	200	9.53631952278	0.0	383025	315.417902094	0.2
5064.76327322	200	9.72090162069	0.0	383025	315.417902094	0.2
5065.08233586	200	9.90183898447	0.0	383025	319.062636216	0.2
5065.90277694	200	9.58139790492	0.0	383025	320.441079553	0.2
5066.22321801	200	9.76095682537	0.0	383025	320.441079553	0.2
5066.54365909	200	9.94051574581	0.0	383025	320.441079553	0.2
5067.36410017	200	9.62007466626	0.0	383025	320.441079553	0.2
5067.68454125	200	9.79963358671	0.0	383025	320.441079553	0.2
5068.00498233	200	9.97919250715	0.0	383025	320.441079553	0.2
5068.81957837	200	9.66459646584	0.0	383025	314.596041312	0.2
5069.13413456	200	9.85004028158	0.0	383025	314.556184262	0.2
5069.94869074	200	9.53548409732	0.0	383025	314.556184262	0.2
5070.26324693	200	9.72092791306	0.0	383025	314.556184262	0.2
5070.57813296	200	9.90604188481	0.0	383025	314.886028245	0.2
5071.39321586	200	9.59095897529	0.0	383025	315.082909522	0.2
5071.70829877	200	9.77587606577	0.0	383025	315.082909522	0.2
5072.02338168	200	9.96079315624	0.0	383025	315.082909522	0.2
5072.83883017	200	9.64534467096	0.0	383025	315.448485286	0.2
5073.15483194	200	9.82934290088	0.0	383025	316.001770079	0.2

