1823.77292904	400	0.5	0.151081439035	181435	151.081439035	-2.6216287807
1824.14958527	1000	0.623343775845	0.0	471531	376.656224155	0.4
1824.53472574	1000	0.73820330344	0.0	482442	385.140472405	1.0
1824.94227892	1000	0.830650120059	0.0	492120	407.553183381	1.0
1825.35347391	1000	0.919455130249	0.0	492120	411.19498981	1.0
1825.76106976	1000	1.01185928144	0.0	490176	407.59584881	1.0
1826.18749434	1000	1.08543470083	0.0	513389	426.424580609	1.0
1826.60998005	1000	1.16294899334	0.0	497055	422.48570749	1.0
1827.05894429	1000	1.2139847512	0.0	520019	448.964242136	1.0
1827.53285891	1000	1.24007013049	0.0	551265	473.914620719	1.0
1828.00489043	1000	1.2680386194	0.0	558332	472.031511088	1.0
1828.45924443	1000	1.31368461406	0.0	536970	454.354005339	1.0
1828.91120352	1000	1.36172552572	0.0	536970	451.959088338	1.0
1829.33204071	1000	1.44088833855	0.0	536970	420.837187167	1.0
1829.75383889	1000	1.51909015533	0.0	536970	421.798183226	1.0
1830.17637583	1000	1.59655321549	0.0	536970	422.53693984	1.0
1830.61239871	1000	1.66053033096	0.0	553424	436.022884531	1.0
1831.02271349	1000	1.75021555006	0.0	522960	410.314780899	1.0
1831.43003686	1000	1.84289218907	0.0	522960	407.323360986	1.0
1831.8434097	1000	1.92951934415	0.0	532300	413.372844919	1.0
1832.23404816	1000	2.03888088085	0.0	503004	390.638463305	1.0
1832.53295937	200	2.23996967165	0.0	383025	298.911209194	-0.6
1832.83173029	200	2.44119875631	0.0	383025	298.770915346	0.2
1833.13333037	200	2.63959867575	0.0	383025	301.600080561	0.2
1833.43525987	200	2.83766917067	0.0	383025	301.929505076	0.2
1833.73756033	200	3.03536871565	0.0	383025	302.300455019	0.2
1834.0403538	200	3.23257524283	0.0	383025	302.793472825	0.2
1834.34150101	200	3.43142803105	0.0	383025	301.14721178	0.2
1834.63262338	200	3.6403056643	0.0	383025	291.122366748	0.2
1834.92374575	200	3.84918329755	0.0	383025	291.122366748	0.2
1835.21642754	200	4.05650150777	0.0	383025	292.681789783	0.2
1835.50955005	200	4.26337899325	0.0	383025	293.122514518	0.2
1835.80776732	200	4.46516172676	0.0	383025	298.217266486	0.2
1836.10598458	200	4.66694446028	0.0	383025	298.217266486	0.2
1836.40431582	200	4.86861322484	0.0	383025	298.331235433	0.2
1836.70268081	200	5.07024823107	0.0	383025	298.364993771	0.2
1837.00136777	200	5.27156127898	0.0	383025	298.686952093	0.2
1837.30019884	200	5.4727302093	0.0	383025	298.83106968	0.2
1837.60178846	200	5.67114058617	0.0	383025	301.589623132	0.2
1837.90642753	200	5.86650151618	0.0	383025	304.639069985	0.2
1838.21401687	200	6.0589121724	0.0	383025	307.589343781	0.2
1838.52324991	200	6.24967913456	0.0	383025	309.233037842	0.2
1838.83248295	200	6.44044609672	0.0	383025	309.233037842	0.2
1839.15080122	200	6.62212782535	0.0	383025	318.318271369	0.2
1839.47063864	200	6.80229040314	0.0	383025	319.837422212	0.2
1839.82440872	200	6.94852032604	0.0	383025	353.770077098	0.2
1840.1781788	200	7.09475024894	0.0	383025	353.770077098	0.2
1840.53194887	200	7.24098017184	0.0	383025	353.770077098	0.2
1840.88571895	200	7.38721009475	0.0	383025	353.770077098	0.2
1841.24399389	200	7.52893515666	0.0	383025	358.274938084	0.2
1841.60825314	200	7.66467590455	0.0	383025	364.259252115	0.2
1841.97251239	200	7.80041665243	0.0	383025	364.259252115	0.2
1842.33677164	200	7.93615740032	0.0	383025	364.259252115	0.2
1842.7010309	200	8.0718981482	0.0	383025	364.259252115	0.2
1843.06529015	200	8.20763889609	0.0	383025	364.259252115	0.2
1843.4295494	200	8.34337964397	0.0	383025	364.259252115	0.2
1843.79380865	200	8.47912039186	0.0	383025	364.259252115	0.2
1844.15750418	200	8.61542486849	0.0	383025	363.695523372	0.2
1844.51988332	200	8.75304572728	0.0	383025	362.379141206	0.2
1844.88226246	200	8.89066658607	0.0	383025	362.379141206	0.2
1845.2446416	200	9.02828744487	0.0	383025	362.379141206	0.2
1845.60702074	200	9.16590830366	0.0	383025	362.379141206	0.2
1845.96939988	200	9.30352916246	0.0	383025	362.379141206	0.2
1846.33177902	200	9.44115002125	0.0	383025	362.379141206	0.2
1846.69415816	200	9.57877088004	0.0	383025	362.379141206	0.2
1847.05626201	200	9.71666703198	0.0	383025	362.103848063	0.2
1847.41471208	200	9.85821696081	0.0	383025	358.450071171	0.2
1847.77316216	200	9.99976688964	0.0	383025	358.450071171	0.2
1848.63161223	200	9.64131681847	0.0	383025	358.450071171	0.2
1848.9900623	200	9.7828667473	0.0	383025	358.450071171	0.2
1849.34848205	200	9.92444699482	0.0	383025	358.419752478	0.2
1850.20677365	200	9.56615539598	0.0	383025	358.291598836	0.2
1850.56506525	200	9.70786379715	0.0	383025	358.291598836	0.2
1850.92335685	200	9.84957219831	0.0	383025	358.291598836	0.2
1851.28164845	200	9.99128059947	0.0	383025	358.291598836	0.2
1852.13690244	200	9.63602660291	0.0	383025	355.25399656	0.2
1852.48753272	200	9.78539632492	0.0	383025	350.630277989	0.2
1852.82443738	200	9.94849166426	0.0	383025	336.904660664	0.2
1853.65440907	200	9.61851997544	0.0	383025	329.971688824	0.2
1853.96957458	200	9.80335446323	0.0	383025	315.16551221	0.2
1854.27359178	200	9.99933726023	0.0	383025	304.017202994	0.2
1855.0733705	200	9.69532005724	0.0	383025	304.017202994	0.2
1855.38534657	200	9.88334399315	0.0	383025	311.976064085	0.2
1855.91833711	200	9.5707174521	0.0	383025	312.626541055	0.2
1856.22836931	200	9.7606852599	0.0	383025	310.032192194	0.2
1856.53806562	200	9.95098894988	0.0	383025	309.69631002	0.2
1856.98488712	200	9.64262444151	0.0	383025	308.364508372	0.2
1857.29750712	200	9.83000444849	0.0	383025	312.619993017	0.2
1857.95382423	200	9.51738445548	0.0	383025	312.619993017	0.2
1858.26893093	200	9.70227776393	0.0	383025	315.106691551	0.2
1858.58141599	200	9.88979270117	0.0	383025	312.485062755	0.2
1859.13371955	200	9.57928536568	0.0	383025	310.507335491	0.2
1859.4343438	200	9.77866111839	0.0	383025	300.624247288	0.2
1859.73479899	200	9.97820592872	0.0	383025	300.455189675	0.2
1860.33832028	200	9.67788302371	0.0	383025	300.32290501	0.2
1860.64603396	200	9.87016934542	0.0	383025	307.713678284	0.2
1860.97138744	200	9.56294869703	0.0	383025	307.220648391	0.2
1861.2772384	200	9.75709774077	0.0	383025	305.85095626	0.2
1861.58308936	200	9.95124678451	0.0	383025	305.85095626	0.2
1862.38781979	200	9.64651635506	0.0	383025	304.730429454	0.2
1862.68920163	200	9.84513450552	0.0	383025	301.381849539	0.2
1863.34714506	200	9.54413625039	0.0	383025	300.998255126	0.2
1863.64911973	200	9.74216158153	0.0	383025	301.97466886	0.2
1863.9623899	200	9.92889140566	0.0	383025	313.270175872	0.2
1864.61120431	200	9.61557929242	0.0	383025	313.312113242	0.2
1864.9245809	200	9.80220269995	0.0	383025	313.376592466	0.2
1865.23713847	200	9.98964512786	0.0	383025	312.557572095	0.2
1865.72090104	200	9.67848198617	0.0	383025	311.163141684	0.2
1866.02825679	200	9.87112623181	0.0	383025	307.355754366	0.2
1866.83947352	200	9.55990950431	0.0	383025	311.216727495	0.2
1867.15806037	200	9.74132265782	0.0	383025	318.586846495	0.2
1867.47888421	200	9.92049881158	0.0	383025	320.823846242	0.2
1868.06111468	200	9.59967496533	0.0	383025	320.823846242	0.2
1868.38570738	200	9.77508226766	0.0	383025	324.592697678	0.2
1868.71044078	200	9.95034887209	0.0	383025	324.733395569	0.2
1869.53921238	200	9.62157727362	0.0	383025	328.77159847	0.2
1869.87159549	200	9.7891941572	0.0	383025	332.383116415	0.2
1870.20764078	200	9.95314886684	0.0	383025	336.04529036	0.2
1870.70766411	200	9.61710357648	0.0	383025	336.04529036	0.2
1871.06907202	200	9.7556956689	0.0	383025	361.407907581	0.2

