2696.24858519	400	0.5	0.155844238139	181435	155.844238139	-2.71688476278
2696.63761944	1000	0.610965748318	0.0	471531	389.034251682	0.4
2697.03542436	1000	0.713160826796	0.0	482442	397.804921522	1.0
2697.44100882	1000	0.807576366945	0.0	492120	405.584459851	1.0
2697.84659328	1000	0.901991907094	0.0	492120	405.584459851	1.0
2698.25250172	1000	0.996083472145	0.0	490176	405.908434949	1.0
2698.67724342	1000	1.0713417758	0.0	513389	424.741696346	1.0
2699.08887058	1000	1.159714607	0.0	497055	411.6271688	1.0
2699.52458758	1000	1.22399761451	0.0	520019	435.716992484	1.0
2699.98588431	1000	1.26270087755	0.0	551265	461.296736969	1.0
2700.4529665	1000	1.2956186943	0.0	558332	467.082183243	1.0
2700.90256054	1000	1.3460246536	0.0	536970	449.594040707	1.0
2701.35244696	1000	1.39613822613	0.0	536970	449.886427467	1.0
2701.80296295	1000	1.44562224192	0.0	536970	450.515984211	1.0
2702.25347893	1000	1.49510625771	0.0	536970	450.515984211	1.0
2702.70399492	1000	1.5445902735	0.0	536970	450.515984211	1.0
2703.16327339	1000	1.5853117969	0.0	553424	459.278476596	1.0
2703.59740315	1000	1.65118203988	0.0	522960	434.129757022	1.0
2704.03153291	1000	1.71705228286	0.0	522960	434.129757022	1.0
2704.47323757	1000	1.77534762158	0.0	532300	441.70466128	1.0
2704.89963471	1000	1.84895048257	0.0	503004	426.397139003	1.0
2705.31366124	1000	1.93492395507	0.0	481782	414.026527503	1.0
2705.72768776	1000	2.02089742757	0.0	481782	414.026527503	1.0
2706.05889582	200	2.18968936937	0.0	383025	331.208058202	-0.6
2706.38962771	200	2.35895748204	0.0	383025	330.731887325	0.2
2706.71885872	200	2.52972646873	0.0	383025	329.231013315	0.2
2707.04808974	200	2.70049545541	0.0	383025	329.231013315	0.2
2707.37732075	200	2.8712644421	0.0	383025	329.231013315	0.2
2707.70655176	200	3.04203342878	0.0	383025	329.231013315	0.2
2708.03526095	200	3.21332423683	0.0	383025	328.709191948	0.2
2708.35726247	200	3.3913227183	0.0	383025	322.001518536	0.2
2708.67926399	200	3.56932119976	0.0	383025	322.001518536	0.2
2709.00126551	200	3.74731968122	0.0	383025	322.001518536	0.2
2709.32326703	200	3.92531816269	0.0	383025	322.001518536	0.2
2709.64526855	200	4.10331664415	0.0	383025	322.001518536	0.2
2709.97654017	200	4.27204501729	0.0	383025	331.271626861	0.2
2710.30990498	200	4.43868021014	0.0	383025	333.364807151	0.2
2710.64326979	200	4.60531540299	0.0	383025	333.364807151	0.2
2710.9766346	200	4.77195059584	0.0	383025	333.364807151	0.2
2711.3099994	200	4.93858578869	0.0	383025	333.364807151	0.2
2711.64336421	200	5.10522098153	0.0	383025	333.364807151	0.2
2711.97672902	200	5.27185617438	0.0	383025	333.364807151	0.2
2712.30930162	200	5.43928356957	0.0	383025	332.572604819	0.2
2712.63330104	200	5.61528415102	0.0	383025	323.999418548	0.2
2712.95730046	200	5.79128473247	0.0	383025	323.999418548	0.2
2713.28129988	200	5.96728531392	0.0	383025	323.999418548	0.2
2713.6052993	200	6.14328589537	0.0	383025	323.999418548	0.2
2713.92929871	200	6.31928647682	0.0	383025	323.999418548	0.2
2714.25360516	200	6.49498002924	0.0	383025	324.306447585	0.2
2714.57808528	200	6.6704999151	0.0	383025	324.480114143	0.2
2714.90256539	200	6.84601980095	0.0	383025	324.480114143	0.2
2715.2270455	200	7.02153968681	0.0	383025	324.480114143	0.2
2715.55163467	200	7.19695052553	0.0	383025	324.589161277	0.2
2715.87730615	200	7.37127903854	0.0	383025	325.671486992	0.2
2716.20297764	200	7.54560755155	0.0	383025	325.671486992	0.2
2716.52864913	200	7.71993606456	0.0	383025	325.671486992	0.2
2716.85432061	200	7.89426457756	0.0	383025	325.671486992	0.2
2717.1799921	200	8.06859309057	0.0	383025	325.671486992	0.2
2717.5062039	200	8.24238129313	0.0	383025	326.211797447	0.2
2717.83421431	200	8.4143708807	0.0	383025	328.010412427	0.2
2718.16222472	200	8.58636046827	0.0	383025	328.010412427	0.2
2718.49023514	200	8.75835005584	0.0	383025	328.010412427	0.2
2718.81824555	200	8.93033964342	0.0	383025	328.010412427	0.2
2719.14625596	200	9.10232923099	0.0	383025	328.010412427	0.2
2719.47843901	200	9.27014617689	0.0	383025	332.183054105	0.2
2719.81582543	200	9.4327597619	0.0	383025	337.386414988	0.2
2720.15321184	200	9.59537334691	0.0	383025	337.386414988	0.2
2720.49059826	200	9.75798693192	0.0	383025	337.386414988	0.2
2720.82798467	200	9.92060051693	0.0	383025	337.386414988	0.2
2721.66537109	200	9.58321410194	0.0	383025	337.386414988	0.2
2722.0027575	200	9.74582768696	0.0	383025	337.386414988	0.2
2722.34014392	200	9.90844127197	0.0	383025	337.386414988	0.2
2723.15478083	200	9.59380435928	0.0	383025	314.636912693	0.2
2723.4638804	200	9.78470479075	0.0	383025	309.099568525	0.2
2723.77859614	200	9.96998905291	0.0	383025	314.715737836	0.2
2724.59331188	200	9.65527331508	0.0	383025	314.715737836	0.2
2724.91238946	200	9.83619573074	0.0	383025	319.077584341	0.2
2725.73193334	200	9.51665185056	0.0	383025	319.543880179	0.2
2726.05020959	200	9.69837560111	0.0	383025	318.276249451	0.2
2726.36577938	200	9.8828058135	0.0	383025	315.569787603	0.2
2727.18134917	200	9.5672360259	0.0	383025	315.569787603	0.2
2727.49713238	200	9.7514528069	0.0	383025	315.783219004	0.2
2727.81296926	200	9.93561592658	0.0	383025	315.836880319	0.2
2728.51487139	200	9.61977904626	0.0	383025	315.836880319	0.2
2728.83566637	200	9.79898407063	0.0	383025	320.794975627	0.2
2729.15646135	200	9.97818909501	0.0	383025	320.794975627	0.2
2729.68570636	200	9.65739411938	0.0	383025	320.794975627	0.2
2730.01073551	200	9.83236496906	0.0	383025	325.029150315	0.2
2730.56427311	200	9.50733581875	0.0	383025	325.029150315	0.2
2730.88647893	200	9.68512999798	0.0	383025	322.205820768	0.2
2731.20868475	200	9.86292417721	0.0	383025	322.205820768	0.2
2731.90601652	200	9.54071835644	0.0	383025	322.205820768	0.2
2732.2266228	200	9.72011208241	0.0	383025	320.606274032	0.2
2732.54722907	200	9.89950580838	0.0	383025	320.606274032	0.2
2733.1947801	200	9.57889953435	0.0	383025	320.606274032	0.2
2733.52368318	200	9.74999644727	0.0	383025	328.903087078	0.2
2733.85258627	200	9.92109336019	0.0	383025	328.903087078	0.2
2734.68148936	200	9.59219027312	0.0	383025	328.903087078	0.2
2735.01039244	200	9.76328718604	0.0	383025	328.903087078	0.2
2735.33794723	200	9.93573240413	0.0	383025	327.554781912	0.2
2736.16532264	200	9.60835698903	0.0	383025	327.375415102	0.2
2736.49269806	200	9.78098157392	0.0	383025	327.375415102	0.2
2736.82007347	200	9.95360615882	0.0	383025	327.375415102	0.2
2737.64625983	200	9.62741980226	0.0	383025	326.186356566	0.2
2737.97199171	200	9.80168792266	0.0	383025	325.731879596	0.2
2738.29772359	200	9.97595604306	0.0	383025	325.731879596	0.2
2739.10907549	200	9.65022416347	0.0	383025	325.731879596	0.2
2739.43447932	200	9.82482034143	0.0	383025	325.403822038	0.2
2739.76018001	200	9.99911964541	0.0	383025	325.700696015	0.2
2740.58815427	200	9.67114538755	0.0	383025	327.974257868	0.2
2740.91612853	200	9.84317112968	0.0	383025	327.974257868	0.2
2741.74410279	200	9.51519687181	0.0	383025	327.974257868	0.2
2742.06537371	200	9.69392594503	0.0	383025	321.270926778	0.2
2742.38359831	200	9.87570134309	0.0	383025	318.224601946	0.2
2743.20182292	200	9.55747674114	0.0	383025	318.224601946	0.2
2743.51849536	200	9.74080429416	0.0	383025	316.672446984	0.2
2743.83345641	200	9.92584325148	0.0	383025	314.961042678	0.2
2744.27337947	200	9.6108822088	0.0	383025	314.961042678	0.2
2744.58882865	200	9.79543302979	0.0	383025	315.449179009	0.2
2744.90427783	200	9.97998385078	0.0	383025	315.449179009	0.2

