3717.639057947434	400	0.5	0.16908611947576274	181435	169.086119476	-2.9817223895152547
3717.8107692706562	400	0.8282886767779346	0.0	184429	171.711323222	0.4
3718.0711754786334	600	1.067882468800608	0.0	285584	260.406207977	0.39999999999999997
3718.4243853571893	800	1.2146725902446491	0.0	391425	353.209878556	0.6000000000000001
3718.7775952357456	800	1.3614627116886902	0.0	391425	353.209878556	0.8
3719.1294583163876	800	1.509599631046666	0.0	389889	351.863080642	0.8
3719.5896088595105	1000	1.5494490879235512	0.0	513389	460.150543123	0.8
3720.028918500171	1000	1.6101394472633068	0.0	497055	439.30964066	1.0
3720.485151705294	1000	1.6539062421404178	0.0	520019	456.233205123	1.0
3720.9679298424967	1000	1.6711281049374502	0.0	551265	482.778137203	1.0
3721.4555868344296	1000	1.6834711130046005	0.0	558332	487.656991933	1.0
3721.9249684836245	1000	1.714089463809888	0.0	536970	469.381649195	1.0
3722.3933276542302	1000	1.7457302932038543	0.0	536970	468.359170606	1.0
3722.8434418631505	1000	1.7956160842839903	0.0	536970	450.11420892	1.0
3723.2935560720703	1000	1.8455018753641266	0.0	536970	450.11420892	1.0
3723.7468671568217	1000	1.892190790612655	0.0	536970	453.311084751	1.0
3724.213811057699	1000	1.9252468897357045	0.0	553424	466.943900877	1.0
3724.655636884918	1000	1.9834210625167137	0.0	522960	441.825827219	1.0
3725.0977592853023	1000	2.041298662132517	0.0	522960	442.122400384	1.0
3725.424253247378	200	2.2148047000567237	0.0	383025	326.493962076	-0.6000000000000001
3725.7445089700445	200	2.394548977389986	0.0	383025	320.255722667	0.2
3726.0646499030067	200	2.5744080444275186	0.0	383025	320.140932962	0.2
3726.3843578784113	200	2.7547000690229715	0.0	383025	319.707975405	0.2
3726.70357160004	200	2.9354863473942787	0.0	383025	319.213721629	0.2
3727.022785321669	200	3.116272625765586	0.0	383025	319.213721629	0.2
3727.343928817876	200	3.2951291295582283	0.0	383025	321.143496207	0.2
3727.668032537399	200	3.471025410035485	0.0	383025	324.103719523	0.2
3727.9921362569216	200	3.6469216905127415	0.0	383025	324.103719523	0.2
3728.3164998833104	200	3.822558064123889	0.0	383025	324.363626389	0.2
3728.645621845828	200	3.993436101606221	0.0	383025	329.121962518	0.2
3728.9747438083455	200	4.164314139088553	0.0	383025	329.121962518	0.2
3729.303865770863	200	4.335192176570885	0.0	383025	329.121962518	0.2
3729.63370069365	200	4.505357253783607	0.0	383025	329.834922787	0.2
3729.9641376878276	200	4.674920259606222	0.0	383025	330.436994177	0.2
3730.2945746820046	200	4.844483265428838	0.0	383025	330.436994177	0.2
3730.6254449477447	200	5.013612999688946	0.0	383025	330.87026574	0.2
3730.9566751107222	200	5.182382836711299	0.0	383025	331.230162978	0.2
3731.2879052737003	200	5.351152673733653	0.0	383025	331.230162978	0.2
3731.619135436678	200	5.519922510756006	0.0	383025	331.230162978	0.2
3731.9478913547227	200	5.691166592710962	0.0	383025	328.755918045	0.2
3732.275815268068	200	5.863242679365567	0.0	383025	327.923913345	0.2
3732.6037391814134	200	6.035318766020172	0.0	383025	327.923913345	0.2
3732.929172789318	200	6.209885158115471	0.0	383025	325.433607905	0.2
3733.2522001667735	200	6.386857780659929	0.0	383025	323.027377456	0.2
3733.575227544229	200	6.563830403204387	0.0	383025	323.027377456	0.2
3733.902986705896	200	6.7360712415375446	0.0	383025	327.759161667	0.2
3734.24493489903	200	6.894123048403595	0.0	383025	341.948193134	0.2
3734.5868830921636	200	7.052174855269645	0.0	383025	341.948193134	0.2
3734.9288312852973	200	7.210226662135696	0.0	383025	341.948193134	0.2
3735.2673920986235	200	7.371665848809874	0.0	383025	338.560813326	0.2
3735.602757241427	200	7.5363007060062035	0.0	383025	335.365142804	0.2
3735.9381223842306	200	7.700935563202534	0.0	383025	335.365142804	0.2
3736.2734875270344	200	7.865570420398863	0.0	383025	335.365142804	0.2
3736.6053769627692	200	8.033680984663627	0.0	383025	331.889435735	0.2
3736.9353281361327	200	8.203729811300185	0.0	383025	329.951173363	0.2
3737.265279309496	200	8.373778637936743	0.0	383025	329.951173363	0.2
3737.5979322313715	200	8.541125716061256	0.0	383025	332.652921875	0.2
3737.93345106947	200	8.705606877962731	0.0	383025	335.518838099	0.2
3738.2689699075686	200	8.870088039864207	0.0	383025	335.518838099	0.2
3738.6044887456674	200	9.034569201765684	0.0	383025	335.518838099	0.2
3738.935414815524	200	9.203643131909248	0.0	383025	330.926069856	0.2
3739.2644345190856	200	9.374623428347729	0.0	383025	329.019703562	0.2
3739.5936650187596	200	9.545392928673776	0.0	383025	329.230499674	0.2
3739.9237440425372	200	9.71531390489614	0.0	383025	330.079023778	0.2
3740.253823066315	200	9.885234881118503	0.0	383025	330.079023778	0.2
3740.9078322378273	200	9.555155857340868	0.0	383025	330.079023778	0.2
3741.238366052176	200	9.724622042992015	0.0	383025	330.533814349	0.2
3741.563318002563	200	9.899670092605001	0.0	383025	324.9519503870149	0.2
3742.1171579106594	200	9.577458113842319	0.0	383025	322.211978763	0.2
3742.4452473052484	200	9.74936871925342	0.0	383025	328.089394589	0.2
3742.7733366998373	200	9.921279324664521	0.0	383025	328.089394589	0.2
3743.5996734904857	200	9.594942534016228	0.0	383025	326.336790648293	0.2
3743.9229526771205	200	9.771663347381567	0.0	383025	323.279186635	0.2
3744.2398629648246	200	9.954753059677165	0.0	383025	316.91028770440323	0.2
3744.737377566135	200	9.643162331821229	0.0	383025	311.590727856	0.2
3745.064742929544	200	9.815796968411943	0.0	383025	327.365363409	0.2
3745.3921082929537	200	9.98843160500266	0.0	383025	327.365363409	0.2
3746.224530522908	200	9.656009375047972	0.0	383025	332.4222299546872	0.2
3746.563307340878	200	9.817232557078007	0.0	383025	338.7768179699652	0.2
3746.892969182536	200	9.987570715420027	0.0	383025	329.661841658	0.2
3747.722631024194	200	9.657908873762047	0.0	383025	329.661841658	0.2
3748.047007501901	200	9.833532396054748	0.0	383025	324.37647770729745	0.2
3748.420652824086	200	9.509486610972687	0.0	383025	324.045785082	0.2
3748.7351457702644	200	9.694993664794282	0.0	383025	314.492946178	0.2
3749.0496387164426	200	9.880500718615876	0.0	383025	314.492946178	0.2
3749.8650281203045	200	9.565111314753768	0.0	383025	315.38940386210936	0.2
3750.1881328122513	200	9.742006622807002	0.0	383025	323.10469194676404	0.2
3750.5116429439486	200	9.918496491109812	0.0	383025	323.510131697	0.2
3751.279252826209	200	9.594986359412621	0.0	383025	323.510131697	0.2
3751.6015637153732	200	9.772675470248089	0.0	383025	322.310889165	0.2
3751.9173566793525	200	9.956882506268665	0.0	383025	315.79296397942323	0.2
3752.296807178459	200	9.648259077618997	0.0	383025	308.62342865	0.2
3752.592223389387	200	9.852842866691203	0.0	383025	295.416210928	0.2
3753.3891703164904	200	9.555895939588122	0.0	383025	296.9469271030799	0.2
3753.700662507058	200	9.744403749020117	0.0	383025	311.49219056800496	0.2
3754.0172490307036	200	9.92781722537435	0.0	383025	316.586523646	0.2
3754.6916909529964	200	9.61123070172858	0.0	383025	316.586523646	0.2
3755.0189085060065	200	9.78401314871818	0.0	383025	327.21755301	0.2
3755.3461260590166	200	9.956795595707781	0.0	383025	327.21755301	0.2
3756.169362615509	200	9.633559039215493	0.0	383025	323.23655649228664	0.2
3756.4877657070138	200	9.815155947710947	0.0	383025	318.40309150454596	0.2
3757.033873505845	200	9.504067091277822	0.0	383025	311.088856433	0.2
3757.3346414699877	200	9.703299127135143	0.0	383025	300.767964143	0.2
3757.6373801164773	200	9.900560480645396	0.0	383025	302.7386464897465	0.2
3758.0120582440522	200	9.587484221972831	0.0	383025	313.076258673	0.2
3758.3270505214296	200	9.772491944595433	0.0	383025	314.992277377	0.2
3758.642042798807	200	9.957499667218036	0.0	383025	314.992277377	0.2
3759.4558890043113	200	9.643653461713516	0.0	383025	313.84620550451893	0.2
3759.7652270798194	200	9.834315386205622	0.0	383025	309.33807550789373	0.2
3760.3137120049882	200	9.527458314106115	0.0	383025	306.8570721	0.2
3760.621679701191	200	9.719490617903341	0.0	383025	307.967696203	0.2
3760.9302338744474	200	9.910936444647543	0.0	383025	308.5541732557979	0.2
3761.3403906493327	200	9.599932937518915	0.0	383025	311.003507129	0.2
3761.65044901097	200	9.789874575881283	0.0	383025	310.058361638	0.2
3761.9605073726075	200	9.979816214243652	0.0	383025	310.058361638	0.2
3762.312822718669	200	9.673293512878985	0.0	383025	306.52270136466643	0.2
3762.610967343095	200	9.875148888452532	0.0	383025	298.144624426	0.2
3763.361193784872	200	9.577004264026078	0.0	383025	298.144624426	0.2
3763.668067099876	200	9.770130949021238	0.0	383025	306.87331500483975	0.2
3763.980843495499	200	9.957354553398641	0.0	383025	312.776395623	0.2

