2663.4454997781813	400	0.5	0.15584423813915232	181435	155.844238139	-2.7168847627830464
2663.603750705487	400	0.8417490726939911	0.0	184429	158.250927306	0.4
2663.843313804695	600	1.102185973486387	0.0	285584	239.563099208	0.39999999999999997
2664.1679558578467	800	1.2775439203344718	0.0	391425	324.642053152	0.6000000000000001
2664.492597910999	800	1.4529018671825566	0.0	391425	324.642053152	0.8
2664.89661971095	1000	1.5488800672316256	0.0	490176	404.021799951	0.8
2665.3204974806517	1000	1.6250022975297211	0.0	513389	423.877769702	1.0
2665.7320437426038	1000	1.7134560355781452	0.0	497055	411.546261952	1.0
2666.1621414895208	1000	1.7833582886612116	0.0	520019	430.097746917	1.0
2666.6217325919065	1000	1.823767186275365	0.0	551265	459.591102386	1.0
2667.0888147751493	1000	1.8566850030323954	0.0	558332	467.082183243	1.0
2667.538408815856	1000	1.9070909623254728	0.0	536970	449.594040707	1.0
2667.988002856563	1000	1.9574969216185505	0.0	536970	449.594040707	1.0
2668.4376345249616	1000	2.0078652532201122	0.0	536970	449.631668398	1.0
2668.7618581032852	200	2.1836416748964855	0.0	383025	324.223578324	-0.6000000000000001
2669.086081681609	200	2.3594180965728593	0.0	383025	324.223578324	0.2
2669.410305259932	200	2.5351945182492326	0.0	383025	324.223578324	0.2
2669.7345288382558	200	2.7109709399256063	0.0	383025	324.223578324	0.2
2670.057736310094	200	2.8877634680878974	0.0	383025	323.207471838	0.2
2670.3783763211522	200	3.067123457029022	0.0	383025	320.640011059	0.2
2670.699016332211	200	3.246483445970146	0.0	383025	320.640011059	0.2
2671.0196563432696	200	3.4258434349112705	0.0	383025	320.640011059	0.2
2671.340296354328	200	3.605203423852395	0.0	383025	320.640011059	0.2
2671.660936365387	200	3.7845634127935193	0.0	383025	320.640011059	0.2
2671.985043750489	200	3.960456027691701	0.0	383025	324.107385102	0.2
2672.316251808691	200	4.129247969489702	0.0	383025	331.208058202	0.2
2672.647459866893	200	4.298039911287703	0.0	383025	331.208058202	0.2
2672.978667925095	200	4.466831853085704	0.0	383025	331.208058202	0.2
2673.3098759832974	200	4.635623794883705	0.0	383025	331.208058202	0.2
2673.640582846894	200	4.80491693128682	0.0	383025	330.706863597	0.2
2673.96981386021	200	4.975685917971706	0.0	383025	329.231013315	0.2
2674.299044873525	200	5.146454904656592	0.0	383025	329.231013315	0.2
2674.62827588684	200	5.317223891341477	0.0	383025	329.231013315	0.2
2674.9575069001553	200	5.487992878026364	0.0	383025	329.231013315	0.2
2675.2861245873955	200	5.659375190786028	0.0	383025	328.61768724	0.2
2675.608126105932	200	5.83737367224954	0.0	383025	322.001518536	0.2
2675.9301276244682	200	6.015372153713051	0.0	383025	322.001518536	0.2
2676.252129143005	200	6.193370635176563	0.0	383025	322.001518536	0.2
2676.574130661541	200	6.371369116640075	0.0	383025	322.001518536	0.2
2676.8961321800775	200	6.549367598103586	0.0	383025	322.001518536	0.2
2677.227547633642	200	6.717952144538591	0.0	383025	331.415453565	0.2
2677.5609124407933	200	6.884587337387803	0.0	383025	333.364807151	0.2
2677.894277247944	200	7.051222530237015	0.0	383025	333.364807151	0.2
2678.2276420550947	200	7.217857723086228	0.0	383025	333.364807151	0.2
2678.5610068622454	200	7.384492915935439	0.0	383025	333.364807151	0.2
2678.894371669396	200	7.551128108784652	0.0	383025	333.364807151	0.2
2679.2277364765473	200	7.717763301633864	0.0	383025	333.364807151	0.2
2679.5601905423564	200	7.885309235824392	0.0	383025	332.454065809	0.2
2679.8841899609047	200	8.06130981727591	0.0	383025	323.999418548	0.2
2680.2081893794534	200	8.23731039872743	0.0	383025	323.999418548	0.2
2680.5321887980017	200	8.413310980178949	0.0	383025	323.999418548	0.2
2680.85618821655	200	8.589311561630467	0.0	383025	323.999418548	0.2
2681.1801876350983	200	8.765312143081987	0.0	383025	323.999418548	0.2
2681.5045001669137	200	8.9409996112667	0.0	383025	324.312531815	0.2
2681.8289802810564	200	9.116519497124022	0.0	383025	324.480114143	0.2
2682.153460395199	200	9.292039382981343	0.0	383025	324.480114143	0.2
2682.4779405093423	200	9.467559268838666	0.0	383025	324.480114143	0.2
2682.8025447499886	200	9.64295502819194	0.0	383025	324.604240647	0.2
2683.1282162369807	200	9.817283541199988	0.0	383025	325.671486992	0.2
2683.4538877239725	200	9.991612054208035	0.0	383025	325.671486992	0.2
2684.2795592109646	200	9.665940567216083	0.0	383025	325.671486992	0.2
2684.6052306979564	200	9.84026908022413	0.0	383025	325.671486992	0.2
2685.432837856835	200	9.512661921345996	0.0	383025	327.60715887813404	0.2
2685.7608482692617	200	9.684651508918822	0.0	383025	328.010412427	0.2
2686.088858681689	200	9.856641096491646	0.0	383025	328.010412427	0.2
2686.7940827339908	200	9.528630684064472	0.0	383025	328.010412427	0.2
2687.131469148979	200	9.691244269076428	0.0	383025	337.386414988	0.2
2687.4688555639664	200	9.853857854088382	0.0	383025	337.386414988	0.2
2688.3062419789544	200	9.516471439100338	0.0	383025	337.386414988	0.2
2688.6436283939424	200	9.679085024112293	0.0	383025	337.386414988	0.2
2688.9810148089305	200	9.841698609124249	0.0	383025	337.386414988	0.2
2689.619933391921	200	9.504312194136205	0.0	383025	337.386414988	0.2
2689.9241871302133	200	9.700058455843946	0.0	383025	304.253738292	0.2
2690.2295089037093	200	9.894736682348086	0.0	383025	305.3217734958594	0.2
2691.044224641545	200	9.580020944512224	0.0	383025	314.715737836	0.2
2691.3589403793812	200	9.765305206676361	0.0	383025	314.715737836	0.2
2691.6762745367546	200	9.947971049303098	0.0	383025	317.3341573732629	0.2
2692.4958184169336	200	9.628427169123922	0.0	383025	319.543880179	0.2
2692.8153622971126	200	9.808883288944747	0.0	383025	319.543880179	0.2
2693.1310994862793	200	9.99314609977803	0.0	383025	315.737189166718	0.2
2693.9466692738824	200	9.677576312174882	0.0	383025	315.569787603	0.2
2694.26235604655	200	9.861889539507432	0.0	383025	315.68677266744993	0.2
2695.0781929268683	200	9.54605265918892	0.0	383025	315.836880319	0.2
2695.3984981775584	200	9.725747408499181	0.0	383025	320.30525068973805	0.2
2695.7192931531854	200	9.904952432871983	0.0	383025	320.794975627	0.2
2696.5400881288124	200	9.584157457244785	0.0	383025	320.794975627	0.2
2696.862279283176	200	9.761966302881099	0.0	383025	322.1911543636868	0.2
2697.187308433491	200	9.936937152565894	0.0	383025	325.029150315	0.2
2697.636273848295	200	9.611908002250692	0.0	383025	325.029150315	0.2
2697.9584796690624	200	9.789702181482928	0.0	383025	322.205820768	0.2
2698.28068548983	200	9.967496360715163	0.0	383025	322.205820768	0.2
2698.8734450755896	200	9.6452905399474	0.0	383025	322.205820768	0.2
2699.194051349621	200	9.824684265915831	0.0	383025	320.606274032	0.2
2700.014657623653	200	9.504077991884264	0.0	383025	320.606274032	0.2
2700.3412038408774	200	9.677531774659624	0.0	383025	326.54621722464043	0.2
2700.670106927955	200	9.84862868758198	0.0	383025	328.903087078	0.2
2701.4990100150326	200	9.519725600504339	0.0	383025	328.903087078	0.2
2701.8279131021104	200	9.690822513426696	0.0	383025	328.903087078	0.2
2702.1568161891882	200	9.861919426349054	0.0	383025	328.903087078	0.2
2702.9848434585597	200	9.533892156977439	0.0	383025	328.0272693716141	0.2
2703.3122188736615	200	9.706516741875914	0.0	383025	327.375415102	0.2
2703.639594288763	200	9.879141326774388	0.0	383025	327.375415102	0.2
2704.281048039831	200	9.551765911672863	0.0	383025	327.375415102	0.2
2704.6067799194275	200	9.72603403207661	0.0	383025	325.731879596	0.2
2704.9325117990234	200	9.900302152480357	0.0	383025	325.731879596	0.2
2705.3295175961744	200	9.574570272884104	0.0	383025	325.731879596	0.2
2705.654921418213	200	9.749166450845774	0.0	383025	325.403822038	0.2
2705.980325240251	200	9.923762628807445	0.0	383025	325.403822038	0.2
2706.743214522259	200	9.598358806769115	0.0	383025	325.403822038	0.2
2707.071188780127	200	9.77038454890134	0.0	383025	327.974257868	0.2
2707.399163037995	200	9.942410291033566	0.0	383025	327.974257868	0.2
2708.2271372958626	200	9.614436033165791	0.0	383025	327.974257868	0.2
2708.551451071719	200	9.790122257309925	0.0	383025	324.3137758558677	0.2
2708.8696756736645	200	9.971897655364078	0.0	383025	318.224601946	0.2
2709.6879002756104	200	9.653673053418233	0.0	383025	318.224601946	0.2
2710.0055912732364	200	9.835982055791872	0.0	383025	317.6909976263618	0.2
2710.820552315915	200	9.521021013113582	0.0	383025	314.961042678	0.2
2711.1355610328087	200	9.706012296219674	0.0	383025	315.00871689390766	0.2
2711.4510102118174	200	9.890563117210966	0.0	383025	315.449179009	0.2
2711.8271897575632	200	9.575113938202257	0.0	383025	315.449179009	0.2

