1871.22081397	400	0.5	0.151741955176	181435	151.741955176	-2.63483910352
1871.59918681	1000	0.62162716198	0.0	471531	378.37283802	0.4
1871.98558553	1000	0.735228439983	0.0	482442	386.398721997	1.0
1872.36878637	1000	0.852027602083	0.0	492120	383.2008379	1.0
1872.75198721	1000	0.968826764182	0.0	492120	383.2008379	1.0
1873.12918387	1000	1.09163010123	0.0	490176	377.196662954	1.0
1873.51841549	1000	1.2023984764	0.0	513389	389.231624829	1.0
1873.89621813	1000	1.32459584462	0.0	497055	377.802631774	1.0
1874.29142689	1000	1.42938707841	0.0	520019	395.208766219	1.0
1874.71069661	1000	1.51011735636	0.0	551265	419.269722045	1.0
1875.13897596	1000	1.58183801449	0.0	558332	428.279341874	1.0
1875.55234789	1000	1.66846607812	0.0	536970	413.371936361	1.0
1875.96624375	1000	1.75457021663	0.0	536970	413.8958615	1.0
1876.37483933	1000	1.84597463759	0.0	536970	408.595579032	1.0
1876.78311739	1000	1.93769658059	0.0	536970	408.278057	1.0
1877.21324939	1000	2.00756457573	0.0	536970	430.132004863	1.0
1877.52496619	200	2.19584777802	0.0	383025	311.716797706	-0.6
1877.83668299	200	2.38413098032	0.0	383025	311.716797706	0.2
1878.14929405	200	2.5715199161	0.0	383025	312.611064222	0.2
1878.46281772	200	2.75799625258	0.0	383025	313.523663516	0.2
1878.77634138	200	2.94447258906	0.0	383025	313.523663516	0.2
1879.08986505	200	3.13094892555	0.0	383025	313.523663516	0.2
1879.39856557	200	3.32224839625	0.0	383025	308.700529303	0.2
1879.7049242	200	3.51588976671	0.0	383025	306.358629535	0.2
1880.01128283	200	3.70953113718	0.0	383025	306.358629535	0.2
1880.35359967	200	3.8672142963	0.0	383025	342.316840881	0.2
1880.70117171	200	4.01964226308	0.0	383025	347.572033216	0.2
1881.04874374	200	4.17207022986	0.0	383025	347.572033216	0.2
1881.39631577	200	4.32449819665	0.0	383025	347.572033216	0.2
1881.74388781	200	4.47692616343	0.0	383025	347.572033216	0.2
1882.09145984	200	4.62935413021	0.0	383025	347.572033216	0.2
1882.43903187	200	4.781782097	0.0	383025	347.572033216	0.2
1882.78660391	200	4.93421006378	0.0	383025	347.572033216	0.2
1883.13417594	200	5.08663803057	0.0	383025	347.572033216	0.2
1883.48174797	200	5.23906599735	0.0	383025	347.572033216	0.2
1883.82932001	200	5.39149396413	0.0	383025	347.572033216	0.2
1884.17689204	200	5.54392193092	0.0	383025	347.572033216	0.2
1884.52446407	200	5.6963498977	0.0	383025	347.572033216	0.2
1884.87288882	200	5.84792515234	0.0	383025	348.424745363	0.2
1885.22355723	200	5.99725673747	0.0	383025	350.668414868	0.2
1885.57422565	200	6.1465883226	0.0	383025	350.668414868	0.2
1885.92489406	200	6.29591990773	0.0	383025	350.668414868	0.2
1886.27556248	200	6.44525149286	0.0	383025	350.668414868	0.2
1886.62623089	200	6.594583078	0.0	383025	350.668414868	0.2
1886.97689931	200	6.74391466313	0.0	383025	350.668414868	0.2
1887.32756772	200	6.89324624826	0.0	383025	350.668414868	0.2
1887.67823614	200	7.04257783339	0.0	383025	350.668414868	0.2
1888.02890455	200	7.19190941852	0.0	383025	350.668414868	0.2
1888.37957297	200	7.34124100366	0.0	383025	350.668414868	0.2
1888.73024138	200	7.49057258879	0.0	383025	350.668414868	0.2
1889.0809098	200	7.63990417392	0.0	383025	350.668414868	0.2
1889.43157821	200	7.78923575905	0.0	383025	350.668414868	0.2
1889.78224663	200	7.93856734418	0.0	383025	350.668414868	0.2
1890.13291504	200	8.08789892932	0.0	383025	350.668414868	0.2
1890.48354877	200	8.23726519642	0.0	383025	350.633732894	0.2
1890.8315982	200	8.38921576817	0.0	383025	348.049428249	0.2
1891.17964763	200	8.54116633992	0.0	383025	348.049428249	0.2
1891.52769706	200	8.69311691168	0.0	383025	348.049428249	0.2
1891.87574649	200	8.84506748343	0.0	383025	348.049428249	0.2
1892.22379592	200	8.99701805518	0.0	383025	348.049428249	0.2
1892.57184534	200	9.14896862693	0.0	383025	348.049428249	0.2
1892.91989477	200	9.30091919868	0.0	383025	348.049428249	0.2
1893.2679442	200	9.45286977043	0.0	383025	348.049428249	0.2
1893.61599363	200	9.60482034218	0.0	383025	348.049428249	0.2
1893.96404306	200	9.75677091393	0.0	383025	348.049428249	0.2
1894.31209248	200	9.90872148568	0.0	383025	348.049428249	0.2
1895.16014191	200	9.56067205743	0.0	383025	348.049428249	0.2
1895.50696265	200	9.71385131618	0.0	383025	346.820741254	0.2
1895.84976233	200	9.87105164558	0.0	383025	342.799670598	0.2
1896.692562	200	9.52825197498	0.0	383025	342.799670598	0.2
1897.03536167	200	9.68545230439	0.0	383025	342.799670598	0.2
1897.37816134	200	9.84265263379	0.0	383025	342.799670598	0.2
1897.72096101	200	9.99985296319	0.0	383025	342.799670598	0.2
1898.44844922	200	9.65705329259	0.0	383025	342.799670598	0.2
1898.78205145	200	9.82345106135	0.0	383025	333.602231245	0.2
1899.11565368	200	9.9898488301	0.0	383025	333.602231245	0.2
1899.94925591	200	9.65624659886	0.0	383025	333.602231245	0.2
1900.28063594	200	9.82486657368	0.0	383025	331.380025172	0.2
1900.60866787	200	9.99683463451	0.0	383025	328.031939172	0.2
1901.43669981	200	9.66880269534	0.0	383025	328.031939172	0.2
1901.76448589	200	9.84101661482	0.0	383025	327.786080521	0.2
1902.59141611	200	9.51408640393	0.0	383025	326.930210893	0.2
1902.91834632	200	9.68715619303	0.0	383025	326.930210893	0.2
1903.24527653	200	9.86022598214	0.0	383025	326.930210893	0.2
1904.07989836	200	9.5256041521	0.0	383025	334.621830038	0.2
1904.41590937	200	9.68959313983	0.0	383025	336.011012275	0.2
1904.75192038	200	9.85358212755	0.0	383025	336.011012275	0.2
1905.58942785	200	9.51607465588	0.0	383025	337.507471677	0.2
1905.92936783	200	9.67613468013	0.0	383025	339.939975744	0.2
1906.2693078	200	9.83619470439	0.0	383025	339.939975744	0.2
1906.60924778	200	9.99625472864	0.0	383025	339.939975744	0.2
1907.44918776	200	9.6563147529	0.0	383025	339.939975744	0.2
1907.78912773	200	9.81637477716	0.0	383025	339.939975744	0.2
1908.13022017	200	9.9752823352	0.0	383025	341.092441952	0.2
1908.97201223	200	9.63349028049	0.0	383025	341.79205471	0.2
1909.31380428	200	9.79169822578	0.0	383025	341.79205471	0.2
1909.65559634	200	9.94990617107	0.0	383025	341.79205471	0.2
1910.49583669	200	9.60966581892	0.0	383025	340.240352156	0.2
1910.83377593	200	9.77172657542	0.0	383025	337.939243494	0.2
1911.17171518	200	9.93378733193	0.0	383025	337.939243494	0.2
1911.63554821	200	9.59584808843	0.0	383025	337.939243494	0.2
1911.94698217	200	9.78441413333	0.0	383025	311.4339551	0.2
1912.25841612	200	9.97298017823	0.0	383025	311.4339551	0.2
1913.0300458	200	9.66154622313	0.0	383025	311.4339551	0.2
1913.341466	200	9.85012601758	0.0	383025	311.42020555	0.2
1914.04592227	200	9.53870581203	0.0	383025	311.42020555	0.2
1914.34867188	200	9.73595619748	0.0	383025	302.749614556	0.2
1914.65347914	200	9.93114893817	0.0	383025	304.807259308	0.2
1915.4617788	200	9.62284928163	0.0	383025	308.299656536	0.2
1915.76586846	200	9.81875961634	0.0	383025	304.089665298	0.2
1916.51439466	200	9.5159876063	0.0	383025	302.772010037	0.2
1916.81572324	200	9.71465903028	0.0	383025	301.328576016	0.2
1917.11730629	200	9.91307597678	0.0	383025	301.583053503	0.2
1917.91990408	200	9.61047818486	0.0	383025	302.59779192	0.2
1918.22476014	200	9.80562212375	0.0	383025	304.856061105	0.2
1918.53095175	200	9.99943051628	0.0	383025	306.191607478	0.2
1919.26564627	200	9.6932389088	0.0	383025	306.191607478	0.2
1919.5732544	200	9.88563078395	0.0	383025	307.608124853	0.2
1920.38488271	200	9.5740024652	0.0	383025	311.628318742	0.2
1920.69900318	200	9.75988199951	0.0	383025	314.120465695	0.2

