2855.788420016228	400	0.5	0.15589587571284366	181435	155.895875713	-2.7179175142568734
2855.946723433219	400	0.8416965830085482	0.0	184429	158.303416991	0.4
2856.186367811479	600	1.1020522047486934	0.0	285584	239.64437826	0.39999999999999997
2856.511121266716	800	1.2772987495118326	0.0	391425	324.753455237	0.6000000000000001
2856.835874721953	800	1.4525452942749721	0.0	391425	324.753455237	0.8
2857.241862015702	1000	1.5465580005265132	0.0	490176	405.987293748	0.8
2857.6717008733267	1000	1.6167191429018632	0.0	513389	429.838857625	1.0
2858.088182125119	1000	1.7002378911091285	0.0	497055	416.481251793	1.0
2858.52694216337	1000	1.7614778528582509	0.0	520019	438.760038251	1.0
2858.9922506619987	1000	1.7961693542296768	0.0	551265	465.308498629	1.0
2859.463396036104	1000	1.8250239801241397	0.0	558332	471.145374106	1.0
2859.916897808407	1000	1.8715222078211902	0.0	536970	453.501772303	1.0
2860.3557967413785	1000	1.932623274849751	0.0	536970	438.898932971	1.0
2860.793420171318	1000	1.994999844910758	0.0	536970	437.623429939	1.0
2861.236022073403	1000	2.05239794282558	0.0	536970	442.601902085	1.0
2861.55650157863	200	2.231918437598468	0.0	383025	320.479505227	-0.6000000000000001
2861.876981083857	200	2.4114389323713556	0.0	383025	320.479505227	0.2
2862.1974605890837	200	2.5909594271442438	0.0	383025	320.479505227	0.2
2862.5179363056586	200	2.770483710569744	0.0	383025	320.475716574	0.2
2862.838369529267	200	2.9500504869614437	0.0	383025	320.433223608	0.2
2863.158802752875	200	3.129617263353144	0.0	383025	320.433223608	0.2
2863.4799871929813	200	3.308432823246936	0.0	383025	321.184440106	0.2
2863.809150693563	200	3.4792693226653117	0.0	383025	329.163500582	0.2
2864.138314194144	200	3.6501058220836877	0.0	383025	329.163500582	0.2
2864.4674776947254	200	3.8209423215020633	0.0	383025	329.163500582	0.2
2864.797550205031	200	3.990869811196825	0.0	383025	330.072510305	0.2
2865.1320747182413	200	4.156345297986468	0.0	383025	334.52451321	0.2
2865.4665992314513	200	4.321820784776113	0.0	383025	334.52451321	0.2
2865.8011237446613	200	4.487296271565758	0.0	383025	334.52451321	0.2
2866.1356482578717	200	4.652771758355402	0.0	383025	334.52451321	0.2
2866.4701727710817	200	4.818247245145047	0.0	383025	334.52451321	0.2
2866.804582357973	200	4.983837658253798	0.0	383025	334.409586891	0.2
2867.1388015961247	200	5.149618420101781	0.0	383025	334.219238152	0.2
2867.4730208342767	200	5.315399181949764	0.0	383025	334.219238152	0.2
2867.807240072428	200	5.481179943797747	0.0	383025	334.219238152	0.2
2868.14145931058	200	5.64696070564573	0.0	383025	334.219238152	0.2
2868.475678548732	200	5.812741467493713	0.0	383025	334.219238152	0.2
2868.8120113519826	200	5.976408664242841	0.0	383025	336.332803251	0.2
2869.149383034035	200	6.139036982190455	0.0	383025	337.371682052	0.2
2869.4867547160875	200	6.301665300138069	0.0	383025	337.371682052	0.2
2869.82412639814	200	6.464293618085684	0.0	383025	337.371682052	0.2
2870.161498080193	200	6.626921936033297	0.0	383025	337.371682052	0.2
2870.4988697622452	200	6.789550253980911	0.0	383025	337.371682052	0.2
2870.839929637316	200	6.9484903789103685	0.0	383025	341.059875071	0.2
2871.185156057243	200	7.103263958982667	0.0	383025	345.226419928	0.2
2871.530382477171	200	7.258037539054965	0.0	383025	345.226419928	0.2
2871.875608897098	200	7.412811119127264	0.0	383025	345.226419928	0.2
2872.220835317026	200	7.567584699199562	0.0	383025	345.226419928	0.2
2872.5660617369535	200	7.722358279271861	0.0	383025	345.226419928	0.2
2872.911288156881	200	7.877131859344159	0.0	383025	345.226419928	0.2
2873.2465936189187	200	8.04182639730669	0.0	383025	335.305462037	0.2
2873.573744294481	200	8.21467572174449	0.0	383025	327.150675562	0.2
2873.9008949700433	200	8.38752504618229	0.0	383025	327.150675562	0.2
2874.228045645605	200	8.56037437062009	0.0	383025	327.150675562	0.2
2874.5551963211674	200	8.733223695057891	0.0	383025	327.150675562	0.2
2874.8730543359156	200	8.915365680309783	0.0	383025	317.858014748	0.2
2875.1879160483336	200	9.100503967891592	0.0	383025	314.861712418	0.2
2875.5027777607515	200	9.285642255473402	0.0	383025	314.861712418	0.2
2875.8192791592473	200	9.469140856977598	0.0	383025	316.501398496	0.2
2876.138483278336	200	9.649936737889082	0.0	383025	319.204119089	0.2
2876.4576873974247	200	9.830732618800566	0.0	383025	319.204119089	0.2
2877.101258844814	200	9.511528499712051	0.0	383025	319.204119089	0.2
2877.4266790902097	200	9.686108254316004	0.0	383025	325.420245396	0.2
2877.7520993356056	200	9.860688008919958	0.0	383025	325.420245396	0.2
2878.5751673812683	200	9.537619963257418	0.0	383025	323.06804566253913	0.2
2878.8938810970226	200	9.718906247503506	0.0	383025	318.713715754	0.2
2879.2121267565385	200	9.900660587987163	0.0	383025	318.24565951634287	0.2
2880.028246457359	200	9.584540887166874	0.0	383025	316.11970082	0.2
2880.3538513610197	200	9.75893598350631	0.0	383025	325.60490366056325	0.2
2880.6873086486166	200	9.925478695909076	0.0	383025	333.457287597	0.2
2881.5207659362136	200	9.592021408311842	0.0	383025	333.457287597	0.2
2881.8542232238105	200	9.75856412071461	0.0	383025	333.457287597	0.2
2882.17985986065	200	9.932927483874733	0.0	383025	325.63663683987534	0.2
2882.6117246499625	200	9.608479261287648	0.0	383025	324.448222587	0.2
2882.9242562463005	200	9.795947664949686	0.0	383025	312.531596338	0.2
2883.2367878426385	200	9.983416068611724	0.0	383025	312.531596338	0.2
2883.9743308805155	200	9.670884472273762	0.0	383025	312.531596338	0.2
2884.3133102355523	200	9.831905117236685	0.0	383025	338.979355037	0.2
2884.6522895905896	200	9.992925762199608	0.0	383025	338.979355037	0.2
2885.490284130441	200	9.654931222348237	0.0	383025	337.99453985137086	0.2
2885.8240336881286	200	9.821181664660969	0.0	383025	333.749557687	0.2
2886.157783245816	200	9.987432106973701	0.0	383025	333.749557687	0.2
2886.991700507312	200	9.65351484547743	0.0	383025	333.91726149627095	0.2
2887.325981248167	200	9.819234104622543	0.0	383025	334.280740855	0.2
2887.660261989022	200	9.984953363767655	0.0	383025	334.280740855	0.2
2888.3097660589765	200	9.650672622912769	0.0	383025	334.280740855	0.2
2888.638253884159	200	9.82218479772997	0.0	383025	328.487825183	0.2
2888.966741709342	200	9.99369697254717	0.0	383025	328.487825183	0.2
2889.465916434573	200	9.66520914736437	0.0	383025	328.487825183	0.2
2889.7786273700235	200	9.852498211913822	0.0	383025	312.710935451	0.2
2890.367447076424	200	9.539787276463274	0.0	383025	312.710935451	0.2
2890.6730681255635	200	9.734166227323488	0.0	383025	305.62104914	0.2
2890.978713385645	200	9.928520967242333	0.0	383025	305.6452600811545	0.2
2891.5092778666917	200	9.621926238154142	0.0	383025	306.594729088	0.2
2891.8138255484664	200	9.817378556379586	0.0	383025	304.547681775	0.2
2892.4714383076484	200	9.512830874605031	0.0	383025	304.547681775	0.2
2892.773077131551	200	9.711192050702971	0.0	383025	301.638823902	0.2
2893.074159504159	200	9.910109678094882	0.0	383025	301.08237260809096	0.2
2893.5074629408236	200	9.611351139621442	0.0	383025	298.758538473	0.2
2893.8085434568575	200	9.81027062358784	0.0	383025	301.080516034	0.2
2894.6101933702284	200	9.508620710216732	0.0	383025	301.6499133711086	0.2
2894.9174800294004	200	9.70133405104502	0.0	383025	307.286659172	0.2
2895.222432722797	200	9.896381357648927	0.0	383025	304.9526933960926	0.2
2895.7099701442603	200	9.59236994884919	0.0	383025	304.0114088	0.2
2896.010185603754	200	9.792154489355186	0.0	383025	300.215459494	0.2
2896.3104010632483	200	9.991939029861182	0.0	383025	300.215459494	0.2
2897.107054305992	200	9.695285787117806	0.0	383025	296.6532427433751	0.2
2897.4094124891562	200	9.892927603953172	0.0	383025	302.3581831646341	0.2
2897.931269921238	200	9.588483028542434	0.0	383025	304.444575411	0.2
2898.2411088072927	200	9.778644142487273	0.0	383025	309.838886055	0.2
2898.550947693348	200	9.968805256432113	0.0	383025	309.838886055	0.2
2899.3598293159716	200	9.659923633808237	0.0	383025	308.8816226238758	0.2
2899.6654697708955	200	9.85428317888462	0.0	383025	305.64045492361726	0.2
2900.0348377328232	200	9.555405613084774	0.0	383025	298.8775658	0.2
2900.3314202569472	200	9.758823088960773	0.0	383025	296.582524124	0.2
2900.6280027810712	200	9.96224056483677	0.0	383025	296.582524124	0.2
2901.423010878819	200	9.667232467089384	0.0	383025	295.00809774738656	0.2
2901.7199484006974	200	9.870294945210626	0.0	383025	296.93752187875833	0.2
2902.2903144625016	200	9.572912436759728	0.0	383025	297.382508451	0.2
2902.590911832637	200	9.772315066624127	0.0	383025	300.597370136	0.2

