6495.55108333	400	0.5	0.152016521757	181435	152.016521757	-2.64033043513
6495.93016973	1000	0.620913591532	0.0	471531	379.086408468	0.4
6496.31779662	1000	0.73328670152	0.0	482442	387.626890012	1.0
6496.71299888	1000	0.838084448995	0.0	492120	395.202252525	1.0
6497.10820113	1000	0.942882196469	0.0	492120	395.202252525	1.0
6497.50193281	1000	1.04915052072	0.0	490176	393.731675746	1.0
6497.91395027	1000	1.13713305706	0.0	513389	412.017463658	1.0
6498.31317713	1000	1.23790619323	0.0	497055	399.226863837	1.0
6498.73038632	1000	1.32069700208	0.0	520019	417.209191148	1.0
6499.16736565	1000	1.3837176779	0.0	551265	436.979324184	1.0
6499.60960348	1000	1.44147984832	0.0	558332	442.237829575	1.0
6500.03530372	1000	1.51577960662	0.0	536970	425.700241696	1.0
6500.46100396	1000	1.59007936493	0.0	536970	425.700241696	1.0
6500.88455666	1000	1.66652666533	0.0	536970	423.552699595	1.0
6501.30761284	1000	1.74347048424	0.0	536970	423.056181089	1.0
6501.73066902	1000	1.82041430316	0.0	536970	423.056181089	1.0
6502.17285328	1000	1.87823004141	0.0	553424	442.184261742	1.0
6502.59168441	1000	1.95939891192	0.0	522960	418.831129489	1.0
6503.01051554	1000	2.04056778244	0.0	522960	418.831129489	1.0
6503.31995057	200	2.23113275227	0.0	383025	309.43503016	-0.6
6503.6293856	200	2.42169772211	0.0	383025	309.43503016	0.2
6503.94817175	200	2.60291157514	0.0	383025	318.786146973	0.2
6504.26928565	200	2.78179767486	0.0	383025	321.113900277	0.2
6504.59039955	200	2.96068377459	0.0	383025	321.113900277	0.2
6504.91151345	200	3.13956987431	0.0	383025	321.113900277	0.2
6505.23262735	200	3.31845597403	0.0	383025	321.113900277	0.2
6505.55374125	200	3.49734207376	0.0	383025	321.113900277	0.2
6505.87780038	200	3.67328294235	0.0	383025	324.059131405	0.2
6506.20236177	200	3.84872155245	0.0	383025	324.561389904	0.2
6506.52692316	200	4.02416016254	0.0	383025	324.561389904	0.2
6506.85148455	200	4.19959877264	0.0	383025	324.561389904	0.2
6507.17604594	200	4.37503738274	0.0	383025	324.561389904	0.2
6507.50060733	200	4.55047599283	0.0	383025	324.561389904	0.2
6507.82516872	200	4.72591460293	0.0	383025	324.561389904	0.2
6508.14964887	200	4.90143445585	0.0	383025	324.480147074	0.2
6508.47358178	200	5.07750154263	0.0	383025	323.93291322	0.2
6508.7975147	200	5.25356862941	0.0	383025	323.93291322	0.2
6509.12144761	200	5.42963571619	0.0	383025	323.93291322	0.2
6509.44538052	200	5.60570280297	0.0	383025	323.93291322	0.2
6509.76931344	200	5.78176988975	0.0	383025	323.93291322	0.2
6510.09324635	200	5.95783697653	0.0	383025	323.93291322	0.2
6510.41717926	200	6.13390406331	0.0	383025	323.93291322	0.2
6510.74111218	200	6.30997115009	0.0	383025	323.93291322	0.2
6511.06504509	200	6.48603823687	0.0	383025	323.93291322	0.2
6511.38568973	200	6.66539359416	0.0	383025	320.644642705	0.2
6511.70354714	200	6.84753619043	0.0	383025	317.857403736	0.2
6512.02140454	200	7.02967878669	0.0	383025	317.857403736	0.2
6512.33926194	200	7.21182138296	0.0	383025	317.857403736	0.2
6512.65711935	200	7.39396397922	0.0	383025	317.857403736	0.2
6512.97497675	200	7.57610657549	0.0	383025	317.857403736	0.2
6513.29283415	200	7.75824917175	0.0	383025	317.857403736	0.2
6513.6002835	200	7.95079982501	0.0	383025	307.449346743	0.2
6513.89379745	200	8.15728588041	0.0	383025	293.513944593	0.2
6514.18731139	200	8.36377193582	0.0	383025	293.513944593	0.2
6514.48082533	200	8.57025799123	0.0	383025	293.513944593	0.2
6514.78823254	200	8.76285078357	0.0	383025	307.407207653	0.2
6515.09780592	200	8.95327740725	0.0	383025	309.573376329	0.2
6515.4073793	200	9.14370403092	0.0	383025	309.573376329	0.2
6515.71695267	200	9.33413065459	0.0	383025	309.573376329	0.2
6516.02690127	200	9.52418205561	0.0	383025	309.948598976	0.2
6516.3371459	200	9.71393743055	0.0	383025	310.244625062	0.2
6516.64739052	200	9.90369280549	0.0	383025	310.244625062	0.2
6517.45763515	200	9.59344818043	0.0	383025	310.244625062	0.2
6517.76581755	200	9.78526577288	0.0	383025	308.182407546	0.2
6518.07309699	200	9.97798633904	0.0	383025	307.279433839	0.2
6518.88037642	200	9.6707069052	0.0	383025	307.279433839	0.2
6519.20061578	200	9.85046754983	0.0	383025	320.239355368	0.2
6520.02474956	200	9.52633376581	0.0	383025	324.13378402	0.2
6520.34888334	200	9.70219998179	0.0	383025	324.13378402	0.2
6520.67301713	200	9.87806619777	0.0	383025	324.13378402	0.2
6521.49715091	200	9.55393241375	0.0	383025	324.13378402	0.2
6521.8212847	200	9.72979862973	0.0	383025	324.13378402	0.2
6522.14497813	200	9.90610519952	0.0	383025	323.693430214	0.2
6522.9680974	200	9.58298592539	0.0	383025	323.119274134	0.2
6523.29121667	200	9.75986665125	0.0	383025	323.119274134	0.2
6523.61433595	200	9.93674737712	0.0	383025	323.119274134	0.2
6524.00584359	200	9.61362810299	0.0	383025	323.119274134	0.2
6524.31666776	200	9.80280394161	0.0	383025	310.824161381	0.2
6524.62749192	200	9.99197978022	0.0	383025	310.824161381	0.2
6525.43831608	200	9.68115561884	0.0	383025	310.824161381	0.2
6525.74858598	200	9.87088571605	0.0	383025	310.269902796	0.2
6526.55843898	200	9.56103271986	0.0	383025	309.852996185	0.2
6526.86829197	200	9.75117972368	0.0	383025	309.852996185	0.2
6527.17611019	200	9.94336150257	0.0	383025	307.818221109	0.2
6527.9825865	200	9.63688519735	0.0	383025	306.476305218	0.2
6528.28906281	200	9.83040889213	0.0	383025	306.476305218	0.2
6529.10315766	200	9.51631403311	0.0	383025	314.094859021	0.2
6529.42048883	200	9.69898286418	0.0	383025	317.331168927	0.2
6529.73782	200	9.88165169526	0.0	383025	317.331168927	0.2
6530.55359039	200	9.5658813067	0.0	383025	315.770388553	0.2
6530.86767383	200	9.75179787043	0.0	383025	314.083436271	0.2
6531.18175726	200	9.93771443416	0.0	383025	314.083436271	0.2
6531.62422619	200	9.62363099789	0.0	383025	314.083436271	0.2
6531.95333943	200	9.79451775885	0.0	383025	329.113239037	0.2
6532.28245267	200	9.96540451982	0.0	383025	329.113239037	0.2
6533.11156591	200	9.63629128078	0.0	383025	329.113239037	0.2
6533.44067915	200	9.80717804174	0.0	383025	329.113239037	0.2
6533.76979239	200	9.97806480271	0.0	383025	329.113239037	0.2
6534.54197042	200	9.64895156367	0.0	383025	329.113239037	0.2
6534.8734466	200	9.81747537891	0.0	383025	331.476184754	0.2
6535.20492278	200	9.98599919416	0.0	383025	331.476184754	0.2
6536.03639897	200	9.65452300941	0.0	383025	331.476184754	0.2
6536.36787515	200	9.82304682465	0.0	383025	331.476184754	0.2
6536.69935134	200	9.9915706399	0.0	383025	331.476184754	0.2
6537.53082752	200	9.66009445514	0.0	383025	331.476184754	0.2
6537.86230371	200	9.82861827039	0.0	383025	331.476184754	0.2
6538.19377989	200	9.99714208563	0.0	383025	331.476184754	0.2
6539.02279346	200	9.66812851617	0.0	383025	329.013569459	0.2
6539.35023772	200	9.84068426328	0.0	383025	327.444252898	0.2
6540.17768197	200	9.51324001038	0.0	383025	327.444252898	0.2
6540.50512622	200	9.68579575748	0.0	383025	327.444252898	0.2
6540.83257047	200	9.85835150458	0.0	383025	327.444252898	0.2
6541.66001473	200	9.53090725168	0.0	383025	327.444252898	0.2
6541.98786163	200	9.70306034439	0.0	383025	327.846907288	0.2
6542.31978244	200	9.87113954193	0.0	383025	331.920802468	0.2
6543.15170324	200	9.53921873946	0.0	383025	331.920802468	0.2
6543.48362404	200	9.70729793699	0.0	383025	331.920802468	0.2
6543.81554484	200	9.87537713452	0.0	383025	331.920802468	0.2
6544.64746565	200	9.54345633205	0.0	383025	331.920802468	0.2
6544.97938645	200	9.71153552959	0.0	383025	331.920802468	0.2

