1920.84946032	400	0.5	0.150457142021	181435	150.457142021	-2.60914284042
1921.22449406	1000	0.624966259904	0.0	471531	375.033740096	0.4
1921.60807089	1000	0.741389434624	0.0	482442	383.576825281	1.0
1921.99957589	1000	0.849884436624	0.0	492120	391.504997999	1.0
1922.39237423	1000	0.957086095557	0.0	492120	392.798341067	1.0
1922.78496209	1000	1.06449823456	0.0	490176	392.587860996	1.0
1923.20312644	1000	1.14633387703	0.0	513389	418.164357532	1.0
1923.61552053	1000	1.23393979533	0.0	497055	412.3940817	1.0
1924.05142272	1000	1.29803760349	0.0	520019	435.902191837	1.0
1924.51042256	1000	1.33903776461	0.0	551265	458.99983888	1.0
1924.97194692	1000	1.37751340139	0.0	558332	461.524363226	1.0
1925.41548981	1000	1.43397051641	0.0	536970	443.542884979	1.0
1925.8713882	1000	1.47807212483	0.0	536970	455.898391576	1.0
1926.33821784	1000	1.51124248481	0.0	536970	466.82964002	1.0
1926.81556949	1000	1.53389083419	0.0	536970	477.351650618	1.0
1927.33826291	1000	1.5111974115	0.0	536970	522.693422695	1.0
1927.87666644	1000	1.47279387916	0.0	553424	538.403532342	1.0
1928.38598326	1000	1.46347706009	0.0	522960	509.316819064	1.0
1928.89530008	1000	1.45416024103	0.0	522960	509.316819064	1.0
1929.33926976	1000	1.51019056237	0.0	532300	443.969678661	1.0
1929.75404001	1000	1.59542030765	0.0	503004	414.770254715	1.0
1930.14400493	1000	1.7054553873	0.0	481782	389.964920355	1.0
1930.53194434	1000	1.81751598601	0.0	481782	387.939401284	1.0
1930.9415211	1000	1.90793922002	0.0	510552	409.576765994	1.0
1931.3738422	1000	1.97561811679	0.0	536970	432.321103227	1.0
1931.80714473	1000	2.04231559667	0.0	536970	433.30252012	1.0
1932.11972579	200	2.22973452853	0.0	383025	312.581068139	-0.6
1932.43255831	200	2.41690201226	0.0	383025	312.832516274	0.2
1932.74571013	200	2.60375019164	0.0	383025	313.151820622	0.2
1933.05560023	200	2.79386009289	0.0	383025	309.89009875	0.2
1933.36293077	200	2.98652955627	0.0	383025	307.330536618	0.2
1933.66981139	200	3.17964893494	0.0	383025	306.880621332	0.2
1933.97619491	200	3.3732654132	0.0	383025	306.383521734	0.2
1934.2817561	200	3.56770422095	0.0	383025	305.561192253	0.2
1934.58664964	200	3.76281068497	0.0	383025	304.893535975	0.2
1934.89193804	200	3.9575222782	0.0	383025	305.288406773	0.2
1935.19753614	200	4.15192417764	0.0	383025	305.598100558	0.2
1935.50413618	200	4.34532414592	0.0	383025	306.600031724	0.2
1935.81073621	200	4.5387241142	0.0	383025	306.600031724	0.2
1936.12186597	200	4.72759435356	0.0	383025	311.129760633	0.2
1936.43534818	200	4.91411214374	0.0	383025	313.482209819	0.2
1936.7515422	200	5.09791812279	0.0	383025	316.194020956	0.2
1937.06362706	200	5.28583326626	0.0	383025	312.084856532	0.2
1937.37075185	200	5.47870847022	0.0	383025	307.124796039	0.2
1937.67680289	200	5.67265743139	0.0	383025	306.051038828	0.2
1937.98124383	200	5.86821649314	0.0	383025	304.440938248	0.2
1938.28652414	200	6.06293618139	0.0	383025	305.280311749	0.2
1938.59532532	200	6.254134997	0.0	383025	308.801184394	0.2
1938.90441747	200	6.44504285574	0.0	383025	309.092141258	0.2
1939.21514532	200	6.6343149974	0.0	383025	310.727858342	0.2
1939.5258847	200	6.8235756266	0.0	383025	310.7393708	0.2
1939.8367414	200	7.01271892152	0.0	383025	310.856705076	0.2
1940.14871962	200	7.20074070292	0.0	383025	311.978218597	0.2
1940.46119388	200	7.38826643914	0.0	383025	312.474263786	0.2
1940.77417743	200	7.57528289049	0.0	383025	312.983548648	0.2
1941.08827896	200	7.76118135856	0.0	383025	314.101531927	0.2
1941.4023805	200	7.94707982664	0.0	383025	314.101531927	0.2
1941.72154674	200	8.12791358481	0.0	383025	319.166241823	0.2
1942.04082573	200	8.30863459116	0.0	383025	319.278993656	0.2
1942.360771	200	8.48868932291	0.0	383025	319.945268248	0.2
1942.68078305	200	8.66867726777	0.0	383025	320.012055137	0.2
1943.00041272	200	8.84904759771	0.0	383025	319.629670065	0.2
1943.32001852	200	9.02944180442	0.0	383025	319.605793291	0.2
1943.62698609	200	9.22247423105	0.0	383025	306.967573362	0.2
1943.92708813	200	9.42237218709	0.0	383025	300.102043966	0.2
1944.23252723	200	9.61693309073	0.0	383025	305.439096357	0.2
1944.53972543	200	9.80973489163	0.0	383025	307.198199098	0.2
1944.85035278	200	9.99910754148	0.0	383025	310.627350155	0.2
1945.45338393	200	9.68326676428	0.0	383025	315.840777197	0.2
1945.78823827	200	9.84841241699	0.0	383025	334.854347292	0.2
1946.62595732	200	9.51069337377	0.0	383025	337.719043215	0.2
1946.96951715	200	9.66713354081	0.0	383025	343.559832967	0.2
1947.31769143	200	9.81895925688	0.0	383025	348.174283931	0.2
1947.66661649	200	9.97003419538	0.0	383025	348.925061497	0.2
1948.42488968	200	9.62110913388	0.0	383025	348.925061497	0.2
1948.76876942	200	9.77722939044	0.0	383025	343.87974344	0.2
1949.112049	200	9.93394981145	0.0	383025	343.279578998	0.2
1949.5192983	200	9.59357892934	0.0	383025	340.370882101	0.2
1949.85286998	200	9.76000724515	0.0	383025	333.571684197	0.2
1950.18644166	200	9.92643556095	0.0	383025	333.571684197	0.2
1951.01938171	200	9.59349551113	0.0	383025	332.940049815	0.2
1951.34934172	200	9.7635355051	0.0	383025	329.96000603	0.2
1951.67795671	200	9.93492052015	0.0	383025	328.614984958	0.2
1952.45072331	200	9.60630553519	0.0	383025	328.614984958	0.2
1952.7690494	200	9.78797944501	0.0	383025	318.326090183	0.2
1953.08461165	200	9.97241719247	0.0	383025	315.562252537	0.2
1953.90014848	200	9.65688036505	0.0	383025	315.53682742	0.2
1954.21705329	200	9.83997555244	0.0	383025	316.904812609	0.2
1954.81465109	200	9.52141754916	0.0	383025	318.558003277	0.2
1955.13900284	200	9.69706579412	0.0	383025	324.351755041	0.2
1955.46463544	200	9.87143319745	0.0	383025	325.632596668	0.2
1956.05589892	200	9.54531350928	0.0	383025	326.119688173	0.2
1956.38115656	200	9.72005587443	0.0	383025	325.257634849	0.2
1956.70397241	200	9.8972400153	0.0	383025	322.815859134	0.2
1957.30439356	200	9.57863804768	0.0	383025	318.601967614	0.2
1957.61851673	200	9.76451487561	0.0	383025	314.123172078	0.2
1957.92867571	200	9.95435590225	0.0	383025	310.158973353	0.2
1958.68375182	200	9.64486850504	0.0	383025	309.487397211	0.2
1958.99461117	200	9.83400915439	0.0	383025	310.859350654	0.2
1959.57174637	200	9.52366559952	0.0	383025	310.343554866	0.2
1959.87837104	200	9.71704093058	0.0	383025	306.624668946	0.2
1960.18689632	200	9.9085156463	0.0	383025	308.525284278	0.2
1960.80680974	200	9.59952978419	0.0	383025	308.98586211	0.2
1961.11830371	200	9.78803581383	0.0	383025	311.493970359	0.2
1961.43040874	200	9.97593078944	0.0	383025	312.105024386	0.2
1962.03115766	200	9.66281957283	0.0	383025	313.11121661	0.2
1962.3536308	200	9.8403464363	0.0	383025	322.473136537	0.2
1962.7978197	200	9.51830742378	0.0	383025	322.039012513	0.2
1963.1127553	200	9.70337181734	0.0	383025	314.935606442	0.2
1963.4192725	200	9.89685462484	0.0	383025	306.517192507	0.2
1964.07590949	200	9.59033743233	0.0	383025	306.517192507	0.2
1964.3834547	200	9.78279223129	0.0	383025	307.545201041	0.2
1964.69147701	200	9.97476992064	0.0	383025	308.022310652	0.2
1965.50132437	200	9.66492255213	0.0	383025	309.847368508	0.2
1965.82398747	200	9.84225945866	0.0	383025	322.663093466	0.2
1966.31958992	200	9.51855709965	0.0	383025	323.702359007	0.2
1966.63945666	200	9.69869035765	0.0	383025	319.866742003	0.2
1966.95888199	200	9.87926502163	0.0	383025	319.425336026	0.2
1967.58857342	200	9.56001541081	0.0	383025	319.249610815	0.2
1967.92443366	200	9.72415517119	0.0	383025	335.86023962	0.2

