2080.0026614551493	400	0.5	0.1473732255445764	181435	147.373225545	-2.5474645108915284
2080.152301583096	400	0.8503598720535691	0.0	184429	149.640127946	0.4
2080.3785310605613	600	1.1241303945882382	0.0	285584	226.229477465	0.39999999999999997
2080.684897885092	800	1.317763570057217	0.0	391425	306.366824531	0.6000000000000001
2080.991264709623	800	1.5113967455261959	0.0	391425	306.366824531	0.8
2081.3667852868157	1000	1.6358761683333554	0.0	490176	375.520577193	0.8
2081.756663832597	1000	1.745997622552324	0.0	513389	389.878545781	1.0
2082.1521616415052	1000	1.8504998136443032	0.0	497055	395.497808908	1.0
2082.567032809962	1000	1.9356286451876308	0.0	520019	414.871168457	1.0
2083.006231175174	1000	1.9964302799754607	0.0	551265	439.198365212	1.0
2083.448360019919	1000	2.0543014352305793	0.0	558332	442.128844745	1.0
2083.754216735189	200	2.2484447199603896	0.0	383025	305.85671527	-0.6000000000000001
2084.060073450459	200	2.4425880046902	0.0	383025	305.85671527	0.2
2084.3658097036746	200	2.6368517514749863	0.0	383025	305.736253215	0.2
2084.671224470275	200	2.831436984874704	0.0	383025	305.4147666	0.2
2084.976639236875	200	3.026022218274422	0.0	383025	305.4147666	0.2
2085.2820540034754	200	3.2206074516741396	0.0	383025	305.4147666	0.2
2085.5874687700757	200	3.4151926850738574	0.0	383025	305.4147666	0.2
2085.8867956739787	200	3.6158657811712045	0.0	383025	299.326903903	0.2
2086.178115526099	200	3.8245459290505717	0.0	383025	291.319852121	0.2
2086.47079072929	200	4.031870725859693	0.0	383025	292.675203191	0.2
2086.7707473411497	200	4.231914114000052	0.0	383025	299.95661186	0.2
2087.0707039530093	200	4.431957502140411	0.0	383025	299.95661186	0.2
2087.371123342846	200	4.631538112303618	0.0	383025	300.419389837	0.2
2087.6723533974086	200	4.830308057740886	0.0	383025	301.230054563	0.2
2087.9735834519715	200	5.029078003178155	0.0	383025	301.230054563	0.2
2088.274813506534	200	5.227847948615424	0.0	383025	301.230054563	0.2
2088.5682045183667	200	5.434456936782689	0.0	383025	293.391011833	0.2
2088.8595411277615	200	5.643120327388273	0.0	383025	291.336609394	0.2
2089.150877737156	200	5.8517837179938565	0.0	383025	291.336609394	0.2
2089.447913945505	200	6.054747509644375	0.0	383025	297.036208349	0.2
2089.7469997322332	200	6.255661722916413	0.0	383025	299.085786728	0.2
2090.0460855189613	200	6.456575936188451	0.0	383025	299.085786728	0.2
2090.3435382207285	200	6.659123234421266	0.0	383025	297.452701767	0.2
2090.6383275996013	200	6.864333855548587	0.0	383025	294.789378873	0.2
2090.9331169784737	200	7.069544476675908	0.0	383025	294.789378873	0.2
2091.2341707763744	200	7.2684906787750245	0.0	383025	301.053797901	0.2
2091.5369740654505	200	7.465687389698987	0.0	383025	302.803289076	0.2
2091.8397773545266	200	7.662884100622948	0.0	383025	302.803289076	0.2
2092.141601713482	200	7.861059741667791	0.0	383025	301.824358955	0.2
2092.433902620421	200	8.068758834728483	0.0	383025	292.300906939	0.2
2092.7262035273607	200	8.276457927789176	0.0	383025	292.300906939	0.2
2093.0215912839953	200	8.481070171154474	0.0	383025	295.387756635	0.2
2093.3276769716654	200	8.674984483483998	0.0	383025	306.08568767	0.2
2093.633762659336	200	8.868898795813521	0.0	383025	306.08568767	0.2
2093.9398483470063	200	9.062813108143045	0.0	383025	306.08568767	0.2
2094.2495803496467	200	9.25308110550271	0.0	383025	309.73200264	0.2
2094.564614739522	200	9.438046715627566	0.0	383025	315.034389875	0.2
2094.879649129397	200	9.623012325752423	0.0	383025	315.034389875	0.2
2095.194683519272	200	9.807977935877279	0.0	383025	315.034389875	0.2
2095.5151812616236	200	9.987480193525673	0.0	383025	320.497742352	0.2
2096.3403507474713	200	9.6623107076779	0.0	383025	325.169485848	0.2
2096.665520233319	200	9.837141221830127	0.0	383025	325.169485848	0.2
2097.1560911419288	200	9.511971735982353	0.0	383025	325.169485848	0.2
2097.4759840798674	200	9.692078798043779	0.0	383025	319.892937939	0.2
2097.795877017806	200	9.872185860105207	0.0	383025	319.892937939	0.2
2098.270850135123	200	9.552292922166632	0.0	383025	319.892937939	0.2
2098.595923046259	200	9.727220011030443	0.0	383025	325.072911136	0.2
2098.9209959573955	200	9.902147099894256	0.0	383025	325.072911136	0.2
2099.746068868532	200	9.577074188758067	0.0	383025	325.072911136	0.2
2100.071560446009	200	9.751582611281162	0.0	383025	325.491577476906	0.2
2100.399540670064	200	9.92360238722535	0.0	383025	327.980224056	0.2
2101.22752089412	200	9.595622163169539	0.0	383025	327.980224056	0.2
2101.5555011181755	200	9.767641939113728	0.0	383025	327.980224056	0.2
2101.887426357278	200	9.935716700011278	0.0	383025	331.9252391024492	0.2
2102.720915471327	200	9.602227585962407	0.0	383025	333.489114049	0.2
2103.054404585376	200	9.768738471913533	0.0	383025	333.489114049	0.2
2103.3878936994247	200	9.935249357864661	0.0	383025	333.489114049	0.2
2104.2213828134736	200	9.601760243815788	0.0	383025	333.489114049	0.2
2104.5548719275225	200	9.768271129766916	0.0	383025	333.489114049	0.2
2104.889083645047	200	9.93405941224276	0.0	383025	334.2117175241545	0.2
2105.724479539985	200	9.598663517304017	0.0	383025	335.395894939	0.2
2106.059875434924	200	9.763267622365271	0.0	383025	335.395894939	0.2
2106.3952713298627	200	9.927871727426526	0.0	383025	335.395894939	0.2
2107.1355645224576	200	9.59247583248778	0.0	383025	335.395894939	0.2
2107.472702639749	200	9.755337715196141	0.0	383025	337.138117292	0.2
2107.8098407570405	200	9.918199597904502	0.0	383025	337.138117292	0.2
2108.6469788743325	200	9.581061480612863	0.0	383025	337.138117292	0.2
2108.984116991624	200	9.743923363321224	0.0	383025	337.138117292	0.2
2109.3212551089155	200	9.906785246029585	0.0	383025	337.138117292	0.2
2110.1561191037135	200	9.569647128737946	0.0	383025	337.138117292	0.2
2110.4886339311074	200	9.73713230134408	0.0	383025	332.514827394	0.2
2110.8211487585013	200	9.904617473950212	0.0	383025	332.514827394	0.2
2111.653663585895	200	9.572102646556347	0.0	383025	332.514827394	0.2
2111.986178413289	200	9.73958781916248	0.0	383025	332.514827394	0.2
2112.318693240683	200	9.907072991768613	0.0	383025	332.514827394	0.2
2113.1590088946627	200	9.566757337788765	0.0	383025	340.3156539798474	0.2
2113.501096547816	200	9.724669684635698	0.0	383025	342.087653153	0.2
2113.843184200969	200	9.88258203148263	0.0	383025	342.087653153	0.2
2114.685271854122	200	9.54049437832956	0.0	383025	342.087653153	0.2
2115.0273595072754	200	9.698406725176492	0.0	383025	342.087653153	0.2
2115.3694471604285	200	9.856319072023423	0.0	383025	342.087653153	0.2
2116.2115348135817	200	9.514231418870354	0.0	383025	342.087653153	0.2
2116.5536224667344	200	9.672143765717287	0.0	383025	342.087653153	0.2
2116.8957101198876	200	9.830056112564218	0.0	383025	342.087653153	0.2
2117.2377977730407	200	9.98796845941115	0.0	383025	342.087653153	0.2
2118.079885426194	200	9.64588080625808	0.0	383025	342.087653153	0.2
2118.420529221809	200	9.80523701064297	0.0	383025	340.64379561511174	0.2
2118.756879999522	200	9.968886232930046	0.0	383025	336.350777713	0.2
2119.593230777235	200	9.632535455217123	0.0	383025	336.350777713	0.2
2119.9295815549485	200	9.796184677504199	0.0	383025	336.350777713	0.2
2120.2659323326616	200	9.959833899791276	0.0	383025	336.350777713	0.2
2121.1022831103746	200	9.623483122078353	0.0	383025	336.350777713	0.2
2121.4386338880877	200	9.787132344365428	0.0	383025	336.350777713	0.2
2121.7749846658007	200	9.950781566652505	0.0	383025	336.350777713	0.2
2122.6097867328726	200	9.615979499580758	0.0	383025	334.8020670717469	0.2
2122.94446913076	200	9.781297101693262	0.0	383025	334.682397887	0.2
2123.2791515286476	200	9.946614703805766	0.0	383025	334.682397887	0.2
2124.1138339265353	200	9.61193230591827	0.0	383025	334.682397887	0.2
2124.4485163244226	200	9.777249908030774	0.0	383025	334.682397887	0.2
2124.7831811044903	200	9.942585127963428	0.0	383025	334.66478006734604	0.2
2125.6166731743497	200	9.609093058103747	0.0	383025	333.49206986	0.2
2125.950165244209	200	9.775600988244065	0.0	383025	333.49206986	0.2
2126.2836573140685	200	9.942108918384383	0.0	383025	333.49206986	0.2
2127.1171593935182	200	9.608606838934813	0.0	383025	333.50207944956964	0.2
2127.4506985576427	200	9.775067674810169	0.0	383025	333.539164125	0.2
2127.784237721767	200	9.941528510685524	0.0	383025	333.539164125	0.2
2128.617776885892	200	9.60798934656088	0.0	383025	333.539164125	0.2
2128.9513160500164	200	9.774450182436237	0.0	383025	333.539164125	0.2
2129.284855214141	200	9.940911018311592	0.0	383025	333.539164125	0.2

