6151.9949374	400	0.5	0.160999158484	181435	160.999158484	-2.81998316967
6152.39736876	1000	0.59756863781	0.0	471531	402.43136219	0.4
6152.8088808	1000	0.686056603102	0.0	482442	411.512034708	1.0
6153.22844734	1000	0.76649005931	0.0	492120	419.566543792	1.0
6153.64801389	1000	0.846923515517	0.0	492120	419.566543792	1.0
6154.06596254	1000	0.928974864436	0.0	490176	417.948651081	1.0
6154.50323019	1000	0.991707209492	0.0	513389	437.267654944	1.0
6154.92690389	1000	1.06803351522	0.0	497055	423.673694271	1.0
6155.36968936	1000	1.12524804717	0.0	520019	442.785468049	1.0
6155.83847929	1000	1.15645811633	0.0	551265	468.789930837	1.0
6156.3133727	1000	1.18156470202	0.0	558332	474.893414315	1.0
6156.77117395	1000	1.22376345319	0.0	536970	457.801248832	1.0
6157.2289752	1000	1.26596220436	0.0	536970	457.801248832	1.0
6157.68677645	1000	1.30816095552	0.0	536970	457.801248832	1.0
6158.1445777	1000	1.35035970669	0.0	536970	457.801248832	1.0
6158.5934116	1000	1.4015258005	0.0	536970	448.833906194	1.0
6159.05193795	1000	1.44299944774	0.0	553424	458.526352754	1.0
6159.48577455	1000	1.50916285693	0.0	522960	433.836590817	1.0
6159.91961114	1000	1.57532626611	0.0	522960	433.836590817	1.0
6160.36109377	1000	1.63384363254	0.0	532300	441.482633574	1.0
6160.78315512	1000	1.71178228474	0.0	503004	422.061347794	1.0
6161.18783138	1000	1.80710601922	0.0	481782	404.676265523	1.0
6161.59250765	1000	1.9024297537	0.0	481782	404.676265523	1.0
6162.02075233	1000	1.97418507723	0.0	510552	428.244676462	1.0
6162.47184472	1000	2.02309268158	0.0	536970	451.092395657	1.0
6162.79754307	200	2.19739433391	0.0	383025	325.698347669	-0.6
6163.12324142	200	2.37169598624	0.0	383025	325.698347669	0.2
6163.44893976	200	2.54599763857	0.0	383025	325.698347669	0.2
6163.77463811	200	2.7202992909	0.0	383025	325.698347669	0.2
6164.10033646	200	2.89460094323	0.0	383025	325.698347669	0.2
6164.42603481	200	3.06890259556	0.0	383025	325.698347669	0.2
6164.75173315	200	3.24320424789	0.0	383025	325.698347669	0.2
6165.0774315	200	3.41750590022	0.0	383025	325.698347669	0.2
6165.40074235	200	3.59419505633	0.0	383025	323.310843898	0.2
6165.72283763	200	3.77209977353	0.0	383025	322.095282797	0.2
6166.04493291	200	3.95000449073	0.0	383025	322.095282797	0.2
6166.36702819	200	4.12790920794	0.0	383025	322.095282797	0.2
6166.68912348	200	4.30581392514	0.0	383025	322.095282797	0.2
6167.02284115	200	4.4720962544	0.0	383025	333.717670739	0.2
6167.35756274	200	4.637374663	0.0	383025	334.721591397	0.2
6167.69228433	200	4.80265307161	0.0	383025	334.721591397	0.2
6168.02700592	200	4.96793148021	0.0	383025	334.721591397	0.2
6168.36172751	200	5.13320988881	0.0	383025	334.721591397	0.2
6168.69644911	200	5.29848829742	0.0	383025	334.721591397	0.2
6169.0311707	200	5.46376670602	0.0	383025	334.721591397	0.2
6169.36589229	200	5.62904511462	0.0	383025	334.721591397	0.2
6169.70061388	200	5.79432352323	0.0	383025	334.721591397	0.2
6170.03259815	200	5.96233925299	0.0	383025	331.984270235	0.2
6170.3528424	200	6.14209500161	0.0	383025	320.244251386	0.2
6170.67308665	200	6.32185075022	0.0	383025	320.244251386	0.2
6170.9933309	200	6.50160649883	0.0	383025	320.244251386	0.2
6171.31357516	200	6.68136224745	0.0	383025	320.244251386	0.2
6171.63381941	200	6.86111799606	0.0	383025	320.244251386	0.2
6171.95408709	200	7.04085030964	0.0	383025	320.267686426	0.2
6172.27504941	200	7.21988799282	0.0	383025	320.962316812	0.2
6172.59601173	200	7.39892567601	0.0	383025	320.962316812	0.2
6172.91697404	200	7.5779633592	0.0	383025	320.962316812	0.2
6173.23793636	200	7.75700104239	0.0	383025	320.962316812	0.2
6173.55889868	200	7.93603872557	0.0	383025	320.962316812	0.2
6173.87986099	200	8.11507640876	0.0	383025	320.962316812	0.2
6174.2043973	200	8.29054010345	0.0	383025	324.536305311	0.2
6174.53005124	200	8.46488616268	0.0	383025	325.653940773	0.2
6174.85570518	200	8.6392322219	0.0	383025	325.653940773	0.2
6175.18135912	200	8.81357828113	0.0	383025	325.653940773	0.2
6175.50701306	200	8.98792434036	0.0	383025	325.653940773	0.2
6175.832667	200	9.16227039958	0.0	383025	325.653940773	0.2
6176.15832094	200	9.33661645881	0.0	383025	325.653940773	0.2
6176.48115191	200	9.51378548769	0.0	383025	322.830971119	0.2
6176.79938243	200	9.69555496826	0.0	383025	318.230519433	0.2
6177.11761295	200	9.87732444883	0.0	383025	318.230519433	0.2
6177.54774873	200	9.55909392939	0.0	383025	318.230519433	0.2
6177.85876828	200	9.74807438523	0.0	383025	311.019544158	0.2
6178.16978782	200	9.93705484108	0.0	383025	311.019544158	0.2
6178.56577119	200	9.62603529692	0.0	383025	311.019544158	0.2
6178.87407236	200	9.81773412238	0.0	383025	308.301174538	0.2
6179.68237354	200	9.50943294784	0.0	383025	308.301174538	0.2
6179.98579535	200	9.70601113616	0.0	383025	303.421811687	0.2
6180.28870306	200	9.90310342582	0.0	383025	302.907710337	0.2
6180.81241426	200	9.60019571548	0.0	383025	302.907710337	0.2
6181.12772419	200	9.78488578793	0.0	383025	315.309927552	0.2
6181.44303411	200	9.96957586038	0.0	383025	315.309927552	0.2
6182.08507713	200	9.65426593283	0.0	383025	315.309927552	0.2
6182.40117844	200	9.83816462738	0.0	383025	316.101305442	0.2
6183.21727974	200	9.52206332194	0.0	383025	316.101305442	0.2
6183.53263713	200	9.70670593858	0.0	383025	315.357383359	0.2
6183.84726965	200	9.89207341403	0.0	383025	314.632524556	0.2
6184.66190218	200	9.57744088947	0.0	383025	314.632524556	0.2
6184.97906723	200	9.76027583443	0.0	383025	317.165055044	0.2
6185.29723561	200	9.94210745497	0.0	383025	318.16837946	0.2
6186.11540399	200	9.62393907551	0.0	383025	318.16837946	0.2
6186.43357237	200	9.80577069605	0.0	383025	318.16837946	0.2
6186.74490334	200	9.99443972662	0.0	383025	311.330969426	0.2
6187.1539096	200	9.68321629059	0.0	383025	311.223436039	0.2
6187.46732448	200	9.86980141169	0.0	383025	313.414878896	0.2
6188.28073935	200	9.55638653279	0.0	383025	313.414878896	0.2
6188.59415423	200	9.7429716539	0.0	383025	313.414878896	0.2
6188.90987823	200	9.92724765973	0.0	383025	315.723994173	0.2
6189.27581915	200	9.61115295546	0.0	383025	316.094704267	0.2
6189.59016942	200	9.79680269216	0.0	383025	314.350263304	0.2
6189.90451968	200	9.98245242885	0.0	383025	314.350263304	0.2
6190.46176693	200	9.66810216555	0.0	383025	314.350263304	0.2
6190.77495998	200	9.85490910884	0.0	383025	313.193056709	0.2
6191.58815304	200	9.54171605213	0.0	383025	313.193056709	0.2
6191.90088759	200	9.72898150037	0.0	383025	312.734551763	0.2
6192.21348267	200	9.91638642138	0.0	383025	312.595078983	0.2
6193.02607775	200	9.6037913424	0.0	383025	312.595078983	0.2
6193.34173512	200	9.78813397251	0.0	383025	315.657369889	0.2
6193.66276927	200	9.96709982058	0.0	383025	321.03415193	0.2
6194.48380342	200	9.64606566865	0.0	383025	321.03415193	0.2
6194.80483758	200	9.82503151672	0.0	383025	321.03415193	0.2
6195.62563899	200	9.50423009968	0.0	383025	320.801417039	0.2
6195.94513302	200	9.68473606981	0.0	383025	319.494029872	0.2
6196.26462705	200	9.86524203994	0.0	383025	319.494029872	0.2
6196.84937219	200	9.54574801007	0.0	383025	319.494029872	0.2
6197.16428772	200	9.73083248489	0.0	383025	314.915525174	0.2
6197.47920324	200	9.91591695972	0.0	383025	314.915525174	0.2
6198.29707134	200	9.59804886012	0.0	383025	317.8680996	0.2
6198.61558805	200	9.77953215752	0.0	383025	318.516702598	0.2
6198.93410475	200	9.96101545492	0.0	383025	318.516702598	0.2
6199.55112188	200	9.64249875233	0.0	383025	318.516702598	0.2

