3226.70885341	400	0.5	0.150053243255	181435	150.053243255	-2.6010648651
3227.08283746	1000	0.626015951468	0.0	471531	373.984048532	0.4
3227.46524392	1000	0.743609487542	0.0	482442	382.406463926	1.0
3227.84742581	1000	0.861427606926	0.0	492120	382.181880616	1.0
3228.22790357	1000	0.980949846532	0.0	492120	380.477760394	1.0
3228.60626112	1000	1.10259229015	0.0	490176	378.357556384	1.0
3229.02356015	1000	1.18529326511	0.0	513389	417.299025033	1.0
3229.43543485	1000	1.2734185613	0.0	497055	411.874703812	1.0
3229.86952432	1000	1.33932909008	0.0	520019	434.089471224	1.0
3230.32978203	1000	1.37907138671	0.0	551265	460.257703369	1.0
3230.79464445	1000	1.41420896487	0.0	558332	464.862421843	1.0
3231.23734207	1000	1.47151134077	0.0	536970	442.697624097	1.0
3231.67065395	1000	1.53819946025	0.0	536970	433.31188052	1.0
3232.09394692	1000	1.61490649553	0.0	536970	423.292964722	1.0
3232.5144946	1000	1.69435881382	0.0	536970	420.547681703	1.0
3232.93135763	1000	1.77749578209	0.0	536970	416.863031732	1.0
3233.35382449	1000	1.85502892108	0.0	553424	422.466861015	1.0
3233.76606829	1000	1.94278512087	0.0	522960	412.243800204	1.0
3234.18179206	1000	2.02706135441	0.0	522960	415.723766465	1.0
3234.50023339	200	2.2086200174	0.0	383025	318.441337005	-0.6
3234.81935968	200	2.38949373067	0.0	383025	319.126286732	0.2
3235.13802618	200	2.57082722758	0.0	383025	318.666503092	0.2
3235.45640317	200	2.75245023925	0.0	383025	318.376988329	0.2
3235.77478016	200	2.93407325092	0.0	383025	318.376988329	0.2
3236.09161996	200	3.11723344944	0.0	383025	316.839801479	0.2
3236.4078841	200	3.30096931463	0.0	383025	316.264134819	0.2
3236.72369019	200	3.48516322393	0.0	383025	315.806090694	0.2
3237.03741976	200	3.67143364707	0.0	383025	313.729576864	0.2
3237.35114934	200	3.8577040702	0.0	383025	313.729576864	0.2
3237.66275313	200	4.04610027769	0.0	383025	311.603792514	0.2
3237.97234593	200	4.23650748419	0.0	383025	309.592793502	0.2
3238.27822196	200	4.43063145327	0.0	383025	305.876030922	0.2
3238.57877195	200	4.63008145877	0.0	383025	300.549994491	0.2
3238.88159832	200	4.82725508699	0.0	383025	302.826371787	0.2
3239.19847046	200	5.01038294768	0.0	383025	316.872139305	0.2
3239.5153426	200	5.19351080838	0.0	383025	316.872139305	0.2
3239.83598757	200	5.37286584505	0.0	383025	320.644963324	0.2
3240.15804189	200	5.55081152402	0.0	383025	322.054321033	0.2
3240.48009621	200	5.72875720299	0.0	383025	322.054321033	0.2
3240.80194281	200	5.90691059774	0.0	383025	321.846605251	0.2
3241.12377618	200	6.08507723654	0.0	383025	321.833361192	0.2
3241.43899799	200	6.26985542361	0.0	383025	315.221812939	0.2
3241.75280321	200	6.45605020265	0.0	383025	313.805220952	0.2
3242.06680663	200	6.64204678404	0.0	383025	314.003418616	0.2
3242.3839931	200	6.82486031616	0.0	383025	317.186467879	0.2
3242.70130915	200	7.00754426384	0.0	383025	317.316052322	0.2
3243.01897883	200	7.18987458464	0.0	383025	317.669679201	0.2
3243.33651918	200	7.37233423312	0.0	383025	317.540351518	0.2
3243.64911884	200	7.55973457299	0.0	383025	312.599660123	0.2
3243.9617185	200	7.74713491287	0.0	383025	312.599660123	0.2
3244.27020185	200	7.93865156452	0.0	383025	308.483348357	0.2
3244.57479217	200	8.13406124186	0.0	383025	304.590322652	0.2
3244.87938223	200	8.32947117785	0.0	383025	304.590064014	0.2
3245.18384167	200	8.52501174196	0.0	383025	304.459435886	0.2
3245.48830111	200	8.72055230608	0.0	383025	304.459435886	0.2
3245.79405712	200	8.91479628994	0.0	383025	305.75601614	0.2
3246.10030096	200	9.10855245654	0.0	383025	306.243833402	0.2
3246.41085076	200	9.29800264908	0.0	383025	310.54980746	0.2
3246.7270803	200	9.4817731168	0.0	383025	316.229532274	0.2
3247.04250928	200	9.66634413089	0.0	383025	315.428985908	0.2
3247.35764687	200	9.85120653842	0.0	383025	315.137592469	0.2
3248.13676855	200	9.53606894596	0.0	383025	315.137592469	0.2
3248.44930671	200	9.72353079225	0.0	383025	312.538153702	0.2
3248.74923711	200	9.92360038746	0.0	383025	299.930404795	0.2
3249.51013648	200	9.62637708965	0.0	383025	297.223297814	0.2
3249.84811541	200	9.78839815673	0.0	383025	337.978932919	0.2
3250.18137175	200	9.95514182072	0.0	383025	333.256336007	0.2
3251.00740232	200	9.62911124397	0.0	383025	326.030576753	0.2
3251.3161887	200	9.820324867	0.0	383025	308.786376963	0.2
3252.03247194	200	9.51204733196	0.0	383025	308.277535045	0.2
3252.33679555	200	9.7077237159	0.0	383025	304.32361606	0.2
3252.64553719	200	9.89898207797	0.0	383025	308.741637929	0.2
3253.28672977	200	9.58892137286	0.0	383025	310.060705106	0.2
3253.59166982	200	9.78398131705	0.0	383025	304.940055811	0.2
3253.8928203	200	9.98283083814	0.0	383025	301.150478912	0.2
3254.61167429	200	9.68201494838	0.0	383025	300.81588976	0.2
3254.94109385	200	9.8525953887	0.0	383025	329.41955968	0.2
3255.76628039	200	9.52740884483	0.0	383025	325.186543876	0.2
3256.08367739	200	9.71001184186	0.0	383025	317.397002964	0.2
3256.40584633	200	9.88784290807	0.0	383025	322.168933796	0.2
3257.18239436	200	9.56567397427	0.0	383025	322.168933796	0.2
3257.5071373	200	9.74093102704	0.0	383025	324.742947227	0.2
3257.83094188	200	9.9171264505	0.0	383025	323.804576544	0.2
3258.20238835	200	9.59786657099	0.0	383025	319.259879507	0.2
3258.51620137	200	9.78405354695	0.0	383025	313.813024044	0.2
3258.83001439	200	9.9702405229	0.0	383025	313.813024044	0.2
3259.65025198	200	9.65000293987	0.0	383025	320.237583031	0.2
3259.97377913	200	9.82647579097	0.0	383025	323.527148902	0.2
3260.40364922	200	9.50332942441	0.0	383025	323.146366562	0.2
3260.72491898	200	9.68205966589	0.0	383025	321.269758521	0.2
3261.04618873	200	9.86078990737	0.0	383025	321.269758521	0.2
3261.86264681	200	9.54433183301	0.0	383025	316.458074361	0.2
3262.16860344	200	9.7383751966	0.0	383025	305.956636402	0.2
3262.47280533	200	9.93417331137	0.0	383025	304.201885231	0.2
3263.28726101	200	9.6197176314	0.0	383025	314.455679971	0.2
3263.60882461	200	9.79815403122	0.0	383025	321.563600185	0.2
3263.93203736	200	9.97494128331	0.0	383025	323.212747911	0.2
3264.65357469	200	9.6517285354	0.0	383025	323.212747911	0.2
3264.97750676	200	9.82779646959	0.0	383025	323.932065808	0.2
3265.8014099	200	9.50389332374	0.0	383025	323.90314585	0.2
3266.1255503	200	9.67975292462	0.0	383025	324.140399119	0.2
3266.44996872	200	9.85533450779	0.0	383025	324.418416831	0.2
3267.18352422	200	9.53091609096	0.0	383025	324.418416831	0.2
3267.5073827	200	9.70705760988	0.0	383025	323.858481082	0.2
3267.79860288	200	9.91583742932	0.0	383025	291.220180554	0.2
3268.48605897	200	9.63921719158	0.0	383025	276.620237739	0.2
3268.79397933	200	9.83129683335	0.0	383025	307.920358232	0.2
3269.35777894	200	9.50377515286	0.0	383025	327.521680487	0.2
3269.68940718	200	9.6721469057	0.0	383025	331.628247167	0.2
3270.02099751	200	9.84055657884	0.0	383025	331.590326859	0.2
3270.35367462	200	9.50896625198	0.0	383025	331.590326859	0.2
3270.67804653	200	9.68459433816	0.0	383025	324.371913816	0.2
3271.00241845	200	9.86022242435	0.0	383025	324.371913816	0.2
3271.82494892	200	9.53769194876	0.0	383025	322.530475581	0.2
3272.14037763	200	9.72226324405	0.0	383025	315.428704719	0.2
3272.45209545	200	9.91054541776	0.0	383025	311.71782629	0.2
3272.96662424	200	9.59803490573	0.0	383025	312.510512024	0.2
3273.27130763	200	9.79335150778	0.0	383025	304.683397952	0.2
3273.57599103	200	9.98866810983	0.0	383025	304.683397952	0.2
3274.38067443	200	9.68398471188	0.0	383025	304.683397952	0.2

