3706.92693932	400	0.5	0.153414761725	181435	153.414761725	-2.66829523449
3707.30965961	1000	0.617279708927	0.0	471531	382.720291073	0.4
3707.70100447	1000	0.72593485002	0.0	482442	391.344858908	1.0
3708.09999928	1000	0.826940044498	0.0	492120	398.994805522	1.0
3708.49889285	1000	0.928046470965	0.0	492120	398.893573532	1.0
3708.88918002	1000	1.03775930403	0.0	490176	390.287166936	1.0
3709.29750552	1000	1.12943379549	0.0	513389	408.325508539	1.0
3709.69598744	1000	1.23095188102	0.0	497055	398.481914472	1.0
3710.11241726	1000	1.31452205598	0.0	520019	416.429825033	1.0
3710.55348295	1000	1.37345636908	0.0	551265	441.065686901	1.0
3711.00301144	1000	1.42392787854	0.0	558332	449.528490548	1.0
3711.4357234	1000	1.4912159194	0.0	536970	432.711959138	1.0
3711.86967032	1000	1.55726899991	0.0	536970	433.946919485	1.0
3712.30421454	1000	1.62272477541	0.0	536970	434.544224501	1.0
3712.73875877	1000	1.68818055091	0.0	536970	434.544224501	1.0
3713.17563033	1000	1.75130899293	0.0	536970	436.871557977	1.0
3713.63245981	1000	1.7944795133	0.0	553424	456.829479636	1.0
3714.06469293	1000	1.86224638884	0.0	522960	432.233124459	1.0
3714.52437908	1000	1.90256024097	0.0	522960	459.686147867	1.0
3714.99753904	1000	1.9294002788	0.0	532300	473.159962169	1.0
3715.44520824	1000	1.98173108171	0.0	503004	447.669197089	1.0
3715.87441194	1000	2.05252737536	0.0	481782	429.203706357	1.0
3716.21768612	200	2.20925319818	0.0	383025	343.274177174	-0.6
3716.5609603	200	2.36597902101	0.0	383025	343.274177174	0.2
3716.90423448	200	2.52270484383	0.0	383025	343.274177174	0.2
3717.24750865	200	2.67943066666	0.0	383025	343.274177174	0.2
3717.58802954	200	2.83890978153	0.0	383025	340.520885133	0.2
3717.92546873	200	3.00147059381	0.0	383025	337.439187717	0.2
3718.26290791	200	3.16403140609	0.0	383025	337.439187717	0.2
3718.6003471	200	3.32659221838	0.0	383025	337.439187717	0.2
3718.93778629	200	3.48915303066	0.0	383025	337.439187717	0.2
3719.27522548	200	3.65171384294	0.0	383025	337.439187717	0.2
3719.61266466	200	3.81427465522	0.0	383025	337.439187717	0.2
3719.95010385	200	3.97683546751	0.0	383025	337.439187717	0.2
3720.28754304	200	4.13939627979	0.0	383025	337.439187717	0.2
3720.62030557	200	4.30663375377	0.0	383025	332.762526019	0.2
3720.95083001	200	4.47610930591	0.0	383025	330.524447858	0.2
3721.28135446	200	4.64558485806	0.0	383025	330.524447858	0.2
3721.61187891	200	4.8150604102	0.0	383025	330.524447858	0.2
3721.94240336	200	4.98453596234	0.0	383025	330.524447858	0.2
3722.27292781	200	5.15401151448	0.0	383025	330.524447858	0.2
3722.603623	200	5.32331632142	0.0	383025	330.695193063	0.2
3722.93597611	200	5.49096320664	0.0	383025	332.353114776	0.2
3723.26832923	200	5.65861009187	0.0	383025	332.353114776	0.2
3723.60068234	200	5.82625697709	0.0	383025	332.353114776	0.2
3723.93303546	200	5.99390386232	0.0	383025	332.353114776	0.2
3724.26538857	200	6.16155074754	0.0	383025	332.353114776	0.2
3724.59774169	200	6.32919763277	0.0	383025	332.353114776	0.2
3724.93040267	200	6.49653664835	0.0	383025	332.660984412	0.2
3725.26424658	200	6.66269273847	0.0	383025	333.843909886	0.2
3725.59809049	200	6.82884882858	0.0	383025	333.843909886	0.2
3725.9319344	200	6.9950049187	0.0	383025	333.843909886	0.2
3726.26577831	200	7.16116100881	0.0	383025	333.843909886	0.2
3726.59962222	200	7.32731709892	0.0	383025	333.843909886	0.2
3726.93511388	200	7.49182543932	0.0	383025	335.491659608	0.2
3727.27563283	200	7.65130648535	0.0	383025	340.518953968	0.2
3727.61615179	200	7.81078753138	0.0	383025	340.518953968	0.2
3727.95667074	200	7.97026857741	0.0	383025	340.518953968	0.2
3728.2971897	200	8.12974962344	0.0	383025	340.518953968	0.2
3728.63770865	200	8.28923066947	0.0	383025	340.518953968	0.2
3728.9782276	200	8.44871171551	0.0	383025	340.518953968	0.2
3729.31874656	200	8.60819276154	0.0	383025	340.518953968	0.2
3729.65926551	200	8.76767380757	0.0	383025	340.518953968	0.2
3729.99978447	200	8.9271548536	0.0	383025	340.518953968	0.2
3730.34030342	200	9.08663589963	0.0	383025	340.518953968	0.2
3730.66326888	200	9.26367044198	0.0	383025	322.965457651	0.2
3730.98286535	200	9.44407397105	0.0	383025	319.596470935	0.2
3731.30246182	200	9.62447750011	0.0	383025	319.596470935	0.2
3731.62205829	200	9.80488102918	0.0	383025	319.596470935	0.2
3731.94375913	200	9.98318018624	0.0	383025	321.700842939	0.2
3732.76807221	200	9.65886710902	0.0	383025	324.313077223	0.2
3733.09238529	200	9.83455403179	0.0	383025	324.313077223	0.2
3733.82987217	200	9.51024095457	0.0	383025	324.313077223	0.2
3734.1497179	200	9.69039523065	0.0	383025	319.845723923	0.2
3734.46956362	200	9.87054950673	0.0	383025	319.845723923	0.2
3735.28813286	200	9.55198027117	0.0	383025	318.569235553	0.2
3735.60499831	200	9.7351148121	0.0	383025	316.86545907	0.2
3735.92186377	200	9.91824935303	0.0	383025	316.86545907	0.2
3736.73540702	200	9.60470610953	0.0	383025	313.543243505	0.2
3737.04806031	200	9.79205281204	0.0	383025	312.653297484	0.2
3737.36172344	200	9.97838969167	0.0	383025	313.663120378	0.2
3738.17545282	200	9.66466030355	0.0	383025	313.729388115	0.2
3738.49075048	200	9.84936264866	0.0	383025	315.297654892	0.2
3738.89654347	200	9.53349230192	0.0	383025	315.870346735	0.2
3739.21696068	200	9.71307508496	0.0	383025	320.417216966	0.2
3739.5373779	200	9.89265786799	0.0	383025	320.417216966	0.2
3740.35779512	200	9.57224065103	0.0	383025	320.417216966	0.2
3740.66732773	200	9.76270803381	0.0	383025	309.532617213	0.2
3740.97615762	200	9.95387814576	0.0	383025	308.829888053	0.2
3741.7988417	200	9.63119407267	0.0	383025	322.684073093	0.2
3742.13226104	200	9.79777473238	0.0	383025	333.419340291	0.2
3742.46568038	200	9.96435539208	0.0	383025	333.419340291	0.2
3743.13157844	200	9.63093605179	0.0	383025	333.419340291	0.2
3743.45122438	200	9.81129010696	0.0	383025	319.64594483	0.2
3743.77087033	200	9.99164416213	0.0	383025	319.64594483	0.2
3744.46193296	200	9.6719982173	0.0	383025	319.64594483	0.2
3744.782711	200	9.85122017923	0.0	383025	320.778038072	0.2
3745.60348903	200	9.53044214116	0.0	383025	320.778038072	0.2
3745.92244085	200	9.71149031997	0.0	383025	318.951821187	0.2
3746.24079089	200	9.89314028614	0.0	383025	318.350033828	0.2
3746.59776546	200	9.57479025231	0.0	383025	318.350033828	0.2
3746.9081467	200	9.76440900998	0.0	383025	310.381242338	0.2
3747.21852795	200	9.95402776764	0.0	383025	310.381242338	0.2
3747.89867752	200	9.6436465253	0.0	383025	310.381242338	0.2
3748.209743	200	9.83258104295	0.0	383025	311.065482349	0.2
3749.03193673	200	9.51038731158	0.0	383025	322.193731375	0.2
3749.35579466	200	9.68652938498	0.0	383025	323.857926597	0.2
3749.67965259	200	9.86267145838	0.0	383025	323.857926597	0.2
3750.4681118	200	9.53881353179	0.0	383025	323.857926597	0.2
3750.79522605	200	9.71169928003	0.0	383025	327.114251757	0.2
3751.1223403	200	9.88458502827	0.0	383025	327.114251757	0.2
3751.47539873	200	9.55747077651	0.0	383025	327.114251757	0.2
3751.81339584	200	9.71947366829	0.0	383025	337.997108226	0.2
3752.15139295	200	9.88147656006	0.0	383025	337.997108226	0.2
3752.98939006	200	9.54347945183	0.0	383025	337.997108226	0.2
3753.32738716	200	9.70548234361	0.0	383025	337.997108226	0.2
3753.66538427	200	9.86748523538	0.0	383025	337.997108226	0.2
3754.50274333	200	9.53012617976	0.0	383025	337.359055618	0.2
3754.82571334	200	9.70715616436	0.0	383025	322.970015409	0.2
3755.14868336	200	9.88418614895	0.0	383025	322.970015409	0.2

