2404.60487655	400	0.5	0.146208588342	181435	146.208588342	-2.52417176685
2404.96886874	1000	0.636007816189	0.0	471531	363.992183811	0.4
2405.34105213	1000	0.763824423916	0.0	482442	372.183392273	1.0
2405.72145352	1000	0.883423033015	0.0	492120	380.4013909	1.0
2406.10931395	1000	0.995562603454	0.0	492120	387.860429561	1.0
2406.49568173	1000	1.10919481933	0.0	490176	386.367784119	1.0
2406.90695771	1000	1.19791883888	0.0	513389	411.275980455	1.0
2407.30551904	1000	1.29935750664	0.0	497055	398.561332242	1.0
2407.72203196	1000	1.38284459472	0.0	520019	416.512911913	1.0
2408.16711517	1000	1.43776137735	0.0	551265	445.083217371	1.0
2408.62243243	1000	1.48244412013	0.0	558332	455.317257226	1.0
2409.06071168	1000	1.54416487478	0.0	536970	438.279245346	1.0
2409.49845672	1000	1.60641982954	0.0	536970	437.745045239	1.0
2409.92547849	1000	1.67939806481	0.0	536970	427.021764737	1.0
2410.35250025	1000	1.75237630007	0.0	536970	427.021764737	1.0
2410.77952202	1000	1.82535453533	0.0	536970	427.021764737	1.0
2411.22220829	1000	1.8826682658	0.0	553424	442.686269532	1.0
2411.64252599	1000	1.96235056098	0.0	522960	420.317704817	1.0
2412.0603335	1000	2.0445430542	0.0	522960	417.807506787	1.0
2412.36596437	200	2.23891218116	0.0	383025	305.63087304	-0.6
2412.67159524	200	2.43328130812	0.0	383025	305.63087304	0.2
2412.97780704	200	2.6270695122	0.0	383025	306.211795913	0.2
2413.2847738	200	2.82010275471	0.0	383025	306.966757491	0.2
2413.59174055	200	3.01313599722	0.0	383025	306.966757491	0.2
2413.89870731	200	3.20616923973	0.0	383025	306.966757491	0.2
2414.20438376	200	3.40049278643	0.0	383025	305.676453294	0.2
2414.50833352	200	3.5965430267	0.0	383025	303.949759736	0.2
2414.81228328	200	3.79259326696	0.0	383025	303.949759736	0.2
2415.11623304	200	3.98864350723	0.0	383025	303.949759736	0.2
2415.41997053	200	4.18490602025	0.0	383025	303.737486978	0.2
2415.72359448	200	4.38128207096	0.0	383025	303.62394929	0.2
2416.02721843	200	4.57765812167	0.0	383025	303.62394929	0.2
2416.33095918	200	4.77391737307	0.0	383025	303.740748596	0.2
2416.65035494	200	4.95452161518	0.0	383025	319.395757897	0.2
2416.96975069	200	5.13512585728	0.0	383025	319.395757897	0.2
2417.28914645	200	5.31573009938	0.0	383025	319.395757897	0.2
2417.60854221	200	5.49633434149	0.0	383025	319.395757897	0.2
2417.92674329	200	5.67813326559	0.0	383025	318.201075891	0.2
2418.24418612	200	5.86069042816	0.0	383025	317.442837434	0.2
2418.56162896	200	6.04324759073	0.0	383025	317.442837434	0.2
2418.8790718	200	6.22580475329	0.0	383025	317.442837434	0.2
2419.19651464	200	6.40836191586	0.0	383025	317.442837434	0.2
2419.51806058	200	6.58681597213	0.0	383025	321.545943728	0.2
2419.84557186	200	6.75930468888	0.0	383025	327.511283246	0.2
2420.17308315	200	6.93179340564	0.0	383025	327.511283246	0.2
2420.50059443	200	7.10428212239	0.0	383025	327.511283246	0.2
2420.82810571	200	7.27677083915	0.0	383025	327.511283246	0.2
2421.155617	200	7.4492595559	0.0	383025	327.511283246	0.2
2421.48312828	200	7.62174827265	0.0	383025	327.511283246	0.2
2421.80067068	200	7.8042058698	0.0	383025	317.542402852	0.2
2422.11609962	200	7.98877693053	0.0	383025	315.428939272	0.2
2422.43152856	200	8.17334799126	0.0	383025	315.428939272	0.2
2422.7469575	200	8.35791905199	0.0	383025	315.428939272	0.2
2423.06238644	200	8.54249011271	0.0	383025	315.428939272	0.2
2423.37173516	200	8.73314139326	0.0	383025	309.348719451	0.2
2423.68095621	200	8.92392034543	0.0	383025	309.221047834	0.2
2423.99017725	200	9.11469929759	0.0	383025	309.221047834	0.2
2424.30256181	200	9.302314742	0.0	383025	312.384555594	0.2
2424.61767215	200	9.48720440436	0.0	383025	315.110337643	0.2
2424.93278248	200	9.67209406671	0.0	383025	315.110337643	0.2
2425.24789282	200	9.85698372907	0.0	383025	315.110337643	0.2
2426.02733838	200	9.54187339143	0.0	383025	315.110337643	0.2
2426.33742235	200	9.73178941845	0.0	383025	310.083972983	0.2
2426.64750632	200	9.92170544546	0.0	383025	310.083972983	0.2
2427.47663116	200	9.59258060985	0.0	383025	329.124835612	0.2
2427.8083105	200	9.76090127227	0.0	383025	331.679337586	0.2
2428.13998983	200	9.92922193468	0.0	383025	331.679337586	0.2
2428.97166917	200	9.59754259709	0.0	383025	331.679337586	0.2
2429.30334851	200	9.76586325951	0.0	383025	331.679337586	0.2
2429.6374025	200	9.93180927162	0.0	383025	334.053987891	0.2
2430.47152996	200	9.59768180689	0.0	383025	334.127464725	0.2
2430.80565743	200	9.76355434217	0.0	383025	334.127464725	0.2
2431.13978489	200	9.92942687744	0.0	383025	334.127464725	0.2
2431.88482167	200	9.59529941272	0.0	383025	334.127464725	0.2
2432.21089029	200	9.7692307991	0.0	383025	326.068613622	0.2
2432.5369589	200	9.94316218547	0.0	383025	326.068613622	0.2
2433.36302751	200	9.61709357185	0.0	383025	326.068613622	0.2
2433.68909613	200	9.79102495823	0.0	383025	326.068613622	0.2
2434.02950862	200	9.95061247023	0.0	383025	340.412487995	0.2
2434.872291	200	9.60783009044	0.0	383025	342.782379793	0.2
2435.21507338	200	9.76504771065	0.0	383025	342.782379793	0.2
2435.55785576	200	9.92226533086	0.0	383025	342.782379793	0.2
2436.40063814	200	9.57948295106	0.0	383025	342.782379793	0.2
2436.74342051	200	9.73670057127	0.0	383025	342.782379793	0.2
2437.08620289	200	9.89391819148	0.0	383025	342.782379793	0.2
2437.64405807	200	9.55113581169	0.0	383025	342.782379793	0.2
2437.98458864	200	9.71060523984	0.0	383025	340.530571849	0.2
2438.32511921	200	9.87007466799	0.0	383025	340.530571849	0.2
2439.16564979	200	9.52954409614	0.0	383025	340.530571849	0.2
2439.50618036	200	9.68901352429	0.0	383025	340.530571849	0.2
2439.84671093	200	9.84848295244	0.0	383025	340.530571849	0.2
2440.6872415	200	9.50795238059	0.0	383025	340.530571849	0.2
2441.02777207	200	9.66742180875	0.0	383025	340.530571849	0.2
2441.36830264	200	9.8268912369	0.0	383025	340.530571849	0.2
2441.70515877	200	9.99003510865	0.0	383025	336.856128242	0.2
2442.5410154	200	9.65417848668	0.0	383025	335.85662197	0.2
2442.87687202	200	9.81832186472	0.0	383025	335.85662197	0.2
2443.21272864	200	9.98246524275	0.0	383025	335.85662197	0.2
2444.04858526	200	9.64660862078	0.0	383025	335.85662197	0.2
2444.38444188	200	9.81075199881	0.0	383025	335.85662197	0.2
2444.72029851	200	9.97489537684	0.0	383025	335.85662197	0.2
2445.55782997	200	9.63736390838	0.0	383025	337.531468457	0.2
2445.89632095	200	9.79887292727	0.0	383025	338.490981105	0.2
2446.23481194	200	9.96038194617	0.0	383025	338.490981105	0.2
2447.07330292	200	9.62189096506	0.0	383025	338.490981105	0.2
2447.4117939	200	9.78339998396	0.0	383025	338.490981105	0.2
2447.75028488	200	9.94490900285	0.0	383025	338.490981105	0.2
2448.58877586	200	9.60641802175	0.0	383025	338.490981105	0.2
2448.92726684	200	9.76792704064	0.0	383025	338.490981105	0.2
2449.26575782	200	9.92943605954	0.0	383025	338.490981105	0.2
2450.10478487	200	9.59040901255	0.0	383025	339.027046985	0.2
2450.44405757	200	9.75113631216	0.0	383025	339.272700387	0.2
2450.78333027	200	9.91186361178	0.0	383025	339.272700387	0.2
2451.62260297	200	9.57259091139	0.0	383025	339.272700387	0.2
2451.96187567	200	9.733318211	0.0	383025	339.272700387	0.2
2452.30114837	200	9.89404551062	0.0	383025	339.272700387	0.2
2453.14042107	200	9.55477281023	0.0	383025	339.272700387	0.2
2453.47969377	200	9.71550010984	0.0	383025	339.272700387	0.2
2453.81702642	200	9.87816746378	0.0	383025	337.33264606	0.2
2454.65254101	200	9.54265286917	0.0	383025	335.514594615	0.2

