3049.318226881413	400	0.5	0.15337625217014353	181435	153.37625217	-2.6675250434028706
3049.4739690965944	400	0.8442577848183239	0.0	184429	155.742215182	0.4
3049.7096475136573	600	1.1085793677556939	0.0	285584	235.678417063	0.39999999999999997
3050.0289651729054	800	1.2892617085074871	0.0	391425	319.317659248	0.6000000000000001
3050.3482828321535	800	1.4699440492592803	0.0	391425	319.317659248	0.8
3050.7456369688075	1000	1.572589912605645	0.0	490176	397.354136654	0.8
3051.1626249090946	1000	1.655601972318355	0.0	513389	416.987940287	1.0
3051.5679940671216	1000	1.7502328142913421	0.0	497055	405.369158027	1.0
3051.9916293271795	1000	1.8265975542335027	0.0	520019	423.635260058	1.0
3052.4373746218243	1000	1.8808522595884605	0.0	551265	445.745294645	1.0
3052.887358058281	1000	1.9308688231319748	0.0	558332	449.983436456	1.0
3053.3205075569194	1000	1.9977193244931017	0.0	536970	433.149498639	1.0
3053.753657055558	1000	2.0645698258542287	0.0	536970	433.149498639	1.0
3054.0589129189484	200	2.2593139624639154	0.0	383025	305.25586339	-0.6000000000000001
3054.356627203245	200	2.4615996781678113	0.0	383025	297.714284296	0.2
3054.654341487541	200	2.663885393871707	0.0	383025	297.714284296	0.2
3054.952127239626	200	2.866099641786689	0.0	383025	297.785752085	0.2
3055.250394200028	200	3.067832681384448	0.0	383025	298.266960402	0.2
3055.54866116043	200	3.2695657209822073	0.0	383025	298.266960402	0.2
3055.8469281208318	200	3.4712987605799666	0.0	383025	298.266960402	0.2
3056.145195081234	200	3.673031800177726	0.0	383025	298.266960402	0.2
3056.4497485371485	200	3.868478344263282	0.0	383025	304.553455914	0.2
3056.7547620042587	200	4.063464877153264	0.0	383025	305.01346711	0.2
3057.0598305269973	200	4.2583963544144225	0.0	383025	305.068522739	0.2
3057.3681420625653	200	4.450084818846252	0.0	383025	308.311535568	0.2
3057.6764535981333	200	4.641773283278079	0.0	383025	308.311535568	0.2
3057.9847651337013	200	4.833461747709907	0.0	383025	308.311535568	0.2
3058.2913166662606	200	5.026910215150532	0.0	383025	306.551532559	0.2
3058.596682339233	200	5.221544542178056	0.0	383025	305.365672972	0.2
3058.902048012206	200	5.41617886920558	0.0	383025	305.365672972	0.2
3059.2074136851784	200	5.610813196233104	0.0	383025	305.365672972	0.2
3059.5110787082504	200	5.807148173160782	0.0	383025	303.665023072	0.2
3059.813048732558	200	6.005178148853385	0.0	383025	301.970024307	0.2
3060.115018756865	200	6.203208124545986	0.0	383025	301.970024307	0.2
3060.416988781172	200	6.401238100238587	0.0	383025	301.970024307	0.2
3060.722485439792	200	6.5957414416193245	0.0	383025	305.496658619	0.2
3061.029500198576	200	6.788726682835057	0.0	383025	307.014758784	0.2
3061.3365149573606	200	6.981711924050791	0.0	383025	307.014758784	0.2
3061.6435297161447	200	7.174697165266524	0.0	383025	307.014758784	0.2
3061.954959534326	200	7.36326734708536	0.0	383025	311.429818181	0.2
3062.2698885160116	200	7.548338365399871	0.0	383025	314.928981685	0.2
3062.5848174976973	200	7.733409383714382	0.0	383025	314.928981685	0.2
3062.899746479383	200	7.918480402028893	0.0	383025	314.928981685	0.2
3063.2176663972114	200	8.100560484200265	0.0	383025	317.919917829	0.2
3063.539117992134	200	8.279108889277593	0.0	383025	321.451594923	0.2
3063.8605695870565	200	8.457657294354922	0.0	383025	321.451594923	0.2
3064.182021181979	200	8.636205699432248	0.0	383025	321.451594923	0.2
3064.503472776902	200	8.814754104509575	0.0	383025	321.451594923	0.2
3064.8249243718246	200	8.993302509586902	0.0	383025	321.451594923	0.2
3065.145375020475	200	9.172851860936316	0.0	383025	320.450648651	0.2
3065.4593192292805	200	9.358907652130657	0.0	383025	313.944208806	0.2
3065.773263438086	200	9.544963443324999	0.0	383025	313.944208806	0.2
3066.0872076468913	200	9.73101923451934	0.0	383025	313.944208806	0.2
3066.4011518556968	200	9.917075025713682	0.0	383025	313.944208806	0.2
3067.2182218564803	200	9.600005024930068	0.0	383025	317.070000784	0.2
3067.5377466394307	200	9.780480241979914	0.0	383025	319.52478295	0.2
3067.8572714223806	200	9.960955459029762	0.0	383025	319.52478295	0.2
3068.478741667021	200	9.641430676079608	0.0	383025	319.52478295	0.2
3068.8060215894934	200	9.814150753607278	0.0	383025	327.279922472	0.2
3069.133301511966	200	9.986870831134945	0.0	383025	327.279922472	0.2
3069.960581434438	200	9.659590908662615	0.0	383025	327.279922472	0.2
3070.2881956977494	200	9.831976645350947	0.0	383025	327.6142633116674	0.2
3071.118058821735	200	9.502113521365336	0.0	383025	329.863123986	0.2
3071.4479219457203	200	9.672250397379726	0.0	383025	329.863123986	0.2
3071.7777850697057	200	9.842387273394113	0.0	383025	329.863123986	0.2
3072.6076481936916	200	9.512524149408502	0.0	383025	329.863123986	0.2
3072.937511317677	200	9.68266102542289	0.0	383025	329.863123986	0.2
3073.2691802951776	200	9.850992047921816	0.0	383025	331.66897750107495	0.2
3074.1016621085987	200	9.518510234500816	0.0	383025	332.481813421	0.2
3074.4341439220198	200	9.686028421079817	0.0	383025	332.481813421	0.2
3074.766625735441	200	9.853546607658817	0.0	383025	332.481813421	0.2
3075.599107548862	200	9.521064794237816	0.0	383025	332.481813421	0.2
3075.931589362283	200	9.688582980816816	0.0	383025	332.481813421	0.2
3076.261957585047	200	9.858214758052513	0.0	383025	330.36822276430166	0.2
3077.0921465910283	200	9.528025752071255	0.0	383025	330.189005981	0.2
3077.4223355970094	200	9.697836746089996	0.0	383025	330.189005981	0.2
3077.7525246029904	200	9.867647740108735	0.0	383025	330.189005981	0.2
3078.582713608972	200	9.537458734127476	0.0	383025	330.189005981	0.2
3078.9115967880266	200	9.708575555072828	0.0	383025	328.8831790546492	0.2
3079.2396537307886	200	9.880518612310413	0.0	383025	328.056942762	0.2
3080.067710673551	200	9.552461669547997	0.0	383025	328.056942762	0.2
3080.3957676163136	200	9.72440472678558	0.0	383025	328.056942762	0.2
3080.7231043964653	200	9.897067946633863	0.0	383025	327.33678015171796	0.2
3081.549789999912	200	9.570382343187218	0.0	383025	326.685603447	0.2
3081.876475603359	200	9.743696739740571	0.0	383025	326.685603447	0.2
3082.203161206806	200	9.917011136293926	0.0	383025	326.685603447	0.2
3083.0298468102524	200	9.590325532847281	0.0	383025	326.685603447	0.2
3083.361974808165	200	9.758197534935027	0.0	383025	332.12799791225416	0.2
3083.6952960948965	200	9.924876248203278	0.0	383025	333.321286732	0.2
3084.5286173816285	200	9.591554961471529	0.0	383025	333.321286732	0.2
3084.8619386683604	200	9.758233674739781	0.0	383025	333.321286732	0.2
3085.1952599550923	200	9.924912388008032	0.0	383025	333.321286732	0.2
3086.0310214561173	200	9.5891508869833	0.0	383025	335.7615010247323	0.2
3086.3674762619653	200	9.752696081135026	0.0	383025	336.454805848	0.2
3086.7039310678138	200	9.916241275286751	0.0	383025	336.454805848	0.2
3087.5403858736618	200	9.579786469438478	0.0	383025	336.454805848	0.2
3087.87684067951	200	9.743331663590203	0.0	383025	336.454805848	0.2
3088.2132954853582	200	9.90687685774193	0.0	383025	336.454805848	0.2
3088.872704510583	200	9.570422051893654	0.0	383025	336.454805848	0.2
3089.201322725931	200	9.741803836545905	0.0	383025	328.618215348	0.2
3089.5299409412783	200	9.913185621198156	0.0	383025	328.618215348	0.2
3090.358559156626	200	9.584567405850406	0.0	383025	328.618215348	0.2
3090.6871773719736	200	9.755949190502657	0.0	383025	328.618215348	0.2
3091.0157955873215	200	9.927330975154907	0.0	383025	328.618215348	0.2
3091.8469126097775	200	9.59621395269869	0.0	383025	331.11702245621734	0.2
3092.179239724628	200	9.763886837848164	0.0	383025	332.327114851	0.2
3092.5115668394787	200	9.931559722997637	0.0	383025	332.327114851	0.2
3093.34389395433	200	9.59923260814711	0.0	383025	332.327114851	0.2
3093.6762210691804	200	9.766905493296585	0.0	383025	332.327114851	0.2
3094.008548184031	200	9.934578378446059	0.0	383025	332.327114851	0.2
3094.5720002493563	200	9.602251263595532	0.0	383025	332.327114851	0.2
3094.8788303516735	200	9.795421161278686	0.0	383025	306.830102317	0.2
3095.1856604539907	200	9.98859105896184	0.0	383025	306.830102317	0.2
3095.964105718333	200	9.681760956644993	0.0	383025	306.830102317	0.2
3096.2691917106476	200	9.876674964330167	0.0	383025	305.085992315	0.2
3097.0360649450176	200	9.57158897201534	0.0	383025	305.085992315	0.2
3097.340814652757	200	9.766839264275417	0.0	383025	304.7497077399217	0.2
3097.648595013934	200	9.959058903098288	0.0	383025	307.780361177	0.2
3098.4563753751113	200	9.651278541921162	0.0	383025	307.780361177	0.2
3098.763734192668	200	9.84391972436415	0.0	383025	307.35881755701166	0.2

