2454.82805674	400	0.5	0.175515722898	181435	175.515722898	-3.11031445796
2455.18039928	800	0.647657454096	0.0	375269	352.342545904	0.4
2455.63051137	1000	0.697545367749	0.0	482442	450.112086347	0.8
2456.0894523	1000	0.738604438201	0.0	492120	458.940929548	1.0
2456.54839323	1000	0.779663508654	0.0	492120	458.940929548	1.0
2457.00541269	1000	0.822644043855	0.0	490176	457.019464799	1.0
2457.48074468	1000	0.847312057573	0.0	513389	475.331986282	1.0
2457.94127165	1000	0.886785087884	0.0	497055	460.526969688	1.0
2458.42038661	1000	0.907670122571	0.0	520019	479.114965314	1.0
2458.91769846	1000	0.910358279168	0.0	551265	497.311843403	1.0
2459.42125745	1000	0.906799290023	0.0	558332	503.558989145	1.0
2459.90593268	1000	0.922124060229	0.0	536970	484.675229793	1.0
2460.40139587	1000	0.926660870229	0.0	536970	495.463190001	1.0
2460.90325105	1000	0.924805683061	0.0	536970	501.855187168	1.0
2461.40510624	1000	0.922950495893	0.0	536970	501.855187168	1.0
2461.90696143	1000	0.921095308724	0.0	536970	501.855187168	1.0
2462.4251802	1000	0.902876534029	0.0	553424	518.218774696	1.0
2462.91640225	1000	0.911654485909	0.0	522960	491.22204812	1.0
2463.4076243	1000	0.920432437789	0.0	522960	491.22204812	1.0
2463.90744091	1000	0.920615824253	0.0	532300	499.816613535	1.0
2464.38029967	1000	0.947757068148	0.0	503004	472.858756105	1.0
2464.8296188	1000	0.998437940518	0.0	481782	449.31912763	1.0
2465.26694086	1000	1.06111587744	0.0	481782	437.322063073	1.0
2465.7297808	1000	1.09827593335	0.0	510552	462.839944096	1.0
2466.2222535	1000	1.10580323284	0.0	536970	492.472700508	1.0
2466.71622605	1000	1.11183068835	0.0	536970	493.972544495	1.0
2467.21019859	1000	1.11785814385	0.0	536970	493.972544495	1.0
2467.6910162	1000	1.13704053196	0.0	536970	480.817611888	1.0
2468.17176984	1000	1.1562868984	0.0	536970	480.753633568	1.0
2468.68546139	1000	1.14259534936	0.0	573990	513.691549041	1.0
2469.21325564	1000	1.1148010959	0.0	586715	527.794253457	1.0
2469.70976416	1000	1.11829257109	0.0	551265	496.508524807	1.0
2470.20551458	1000	1.12254215322	0.0	551265	495.750417868	1.0
2470.69904226	1000	1.12901447547	0.0	551265	493.527677749	1.0
2471.19256994	1000	1.13548679773	0.0	551265	493.527677749	1.0
2471.67724947	1000	1.15080726249	0.0	551265	484.679535234	1.0
2472.15245901	1000	1.17559772603	0.0	551265	475.209536464	1.0
2472.58659245	1000	1.2414642846	0.0	527825	434.133441423	1.0
2472.98341539	1000	1.34464134865	0.0	498375	396.82293595	1.0
2473.35152259	1000	1.47653414718	0.0	434595	368.107201475	1.0
2473.73416072	1000	1.59389601962	0.0	442995	382.638127558	1.0
2474.13671599	1000	1.69134074505	0.0	469589	402.555274573	1.0
2474.54878894	1000	1.77926780046	0.0	496259	412.072944584	1.0
2474.97121531	1000	1.85684142727	0.0	508563	422.426373192	1.0
2475.4221639	1000	1.90589283319	0.0	536941	450.948594084	1.0
2475.86286666	1000	1.96519007185	0.0	525223	440.702761337	1.0
2476.31174199	1000	2.01631474271	0.0	536970	448.875329144	1.0
2476.63405534	200	2.19400139333	0.0	383025	322.313349372	-0.6
2476.94669985	200	2.38135688783	0.0	383025	312.644505507	0.2
2477.25934435	200	2.56871238232	0.0	383025	312.644505507	0.2
2477.565065	200	2.76299173218	0.0	383025	305.72065014	0.2
2477.86930909	200	2.95874765	0.0	383025	304.244082183	0.2
2478.17600081	200	3.15205592676	0.0	383025	306.691723241	0.2
2478.48422365	200	3.34383308597	0.0	383025	308.222840785	0.2
2478.80011596	200	3.52794077848	0.0	383025	315.892307488	0.2
2479.11713896	200	3.7109177789	0.0	383025	317.022999582	0.2
2479.43573578	200	3.89232095299	0.0	383025	318.596825916	0.2
2479.76436836	200	4.06368837116	0.0	383025	328.632581827	0.2
2480.09246065	200	4.23559608886	0.0	383025	328.092282301	0.2
2480.41824577	200	4.40981096177	0.0	383025	325.785127084	0.2
2480.7440309	200	4.58402583469	0.0	383025	325.785127084	0.2
2481.0706246	200	4.75743213369	0.0	383025	326.593700998	0.2
2481.39740219	200	4.93065454499	0.0	383025	326.777588704	0.2
2481.72417978	200	5.10387695628	0.0	383025	326.777588704	0.2
2482.06162856	200	5.26642817525	0.0	383025	337.448781037	0.2
2482.39973393	200	5.42832280556	0.0	383025	338.105369691	0.2
2482.7378393	200	5.59021743586	0.0	383025	338.105369691	0.2
2483.07563188	200	5.75242485898	0.0	383025	337.792576884	0.2
2483.41263848	200	5.91541825895	0.0	383025	337.006600027	0.2
2483.74964508	200	6.07841165893	0.0	383025	337.006600027	0.2
2484.08621345	200	6.24184328752	0.0	383025	336.568371408	0.2
2484.41306432	200	6.41499241354	0.0	383025	326.850873978	0.2
2484.7399152	200	6.58814153956	0.0	383025	326.850873978	0.2
2485.06487871	200	6.7631780242	0.0	383025	324.963515365	0.2
2485.38367287	200	6.94438386959	0.0	383025	318.794154604	0.2
2485.70119245	200	7.12686428111	0.0	383025	317.519588483	0.2
2486.01779916	200	7.31025757202	0.0	383025	316.606709092	0.2
2486.33440587	200	7.49365086293	0.0	383025	316.606709092	0.2
2486.66083834	200	7.66721839882	0.0	383025	326.432464105	0.2
2486.98956974	200	7.83848699119	0.0	383025	328.731407633	0.2
2487.31830115	200	8.00975558356	0.0	383025	328.731407633	0.2
2487.63922224	200	8.18883449307	0.0	383025	320.921090488	0.2
2487.95578007	200	8.37227666309	0.0	383025	316.557829983	0.2
2488.27107145	200	8.5569852885	0.0	383025	315.291374582	0.2
2488.58409327	200	8.74396346113	0.0	383025	313.02182737	0.2
2488.89888849	200	8.92916824939	0.0	383025	314.795211748	0.2
2489.2182642	200	9.10979253896	0.0	383025	319.375710425	0.2
2489.53763991	200	9.29041682853	0.0	383025	319.375710425	0.2
2489.86032026	200	9.46773647378	0.0	383025	322.680354752	0.2
2490.18469599	200	9.64336074801	0.0	383025	324.375725771	0.2
2490.50881613	200	9.8192406098	0.0	383025	324.120138214	0.2
2491.32088824	200	9.50716849916	0.0	383025	312.072110639	0.2
2491.63601413	200	9.69204260633	0.0	383025	315.125892825	0.2
2491.95137582	200	9.87668091379	0.0	383025	315.361692542	0.2
2492.77335731	200	9.55469942915	0.0	383025	321.981484638	0.2
2493.10166994	200	9.72638679733	0.0	383025	328.31263182	0.2
2493.43173383	200	9.8963229037	0.0	383025	330.063893637	0.2
2494.10105448	200	9.56625901006	0.0	383025	330.063893637	0.2
2494.42501814	200	9.74229534657	0.0	383025	323.963663492	0.2
2494.74745286	200	9.91986063073	0.0	383025	322.434715841	0.2
2495.17403684	200	9.59939616758	0.0	383025	320.464463144	0.2
2495.48265111	200	9.79078189188	0.0	383025	308.614275702	0.2
2495.79017141	200	9.98326159379	0.0	383025	307.52029809	0.2
2496.24333227	200	9.67780825796	0.0	383025	305.453335828	0.2
2496.57041091	200	9.85072961888	0.0	383025	327.078639081	0.2
2497.29935423	200	9.5236509798	0.0	383025	327.078639081	0.2
2497.62050305	200	9.70250215771	0.0	383025	321.148822088	0.2
2497.93841415	200	9.88459106134	0.0	383025	317.911096377	0.2
2498.5322285	200	9.56814621437	0.0	383025	316.444846969	0.2
2498.84246898	200	9.75790573357	0.0	383025	310.240480795	0.2
2499.14689063	200	9.95348408376	0.0	383025	304.421649812	0.2
2499.77080288	200	9.65254381516	0.0	383025	300.940268598	0.2
2500.08457364	200	9.83877305185	0.0	383025	313.770763309	0.2
2500.48115964	200	9.52885135059	0.0	383025	309.92170126	0.2
2500.77749026	200	9.73252073395	0.0	383025	296.330616646	0.2
2501.07619323	200	9.93381775858	0.0	383025	298.702975367	0.2
2501.56014915	200	9.62768875883	0.0	383025	306.128999748	0.2
2501.86878429	200	9.81905362217	0.0	383025	308.635136666	0.2
2502.67668191	200	9.51115600007	0.0	383025	307.897622099	0.2
2502.99058127	200	9.69725663367	0.0	383025	313.899366395	0.2

