5809.78481948	400	0.5	0.159244352903	181435	159.244352903	-2.78488705806
5810.18269028	1000	0.602129197957	0.0	471531	397.870802043	0.4
5810.58953622	1000	0.69528325256	0.0	482442	406.845945397	1.0
5811.00434307	1000	0.780476401894	0.0	492120	414.806850666	1.0
5811.41914992	1000	0.865669551229	0.0	492120	414.806850666	1.0
5811.83235768	1000	0.952461791268	0.0	490176	413.207759961	1.0
5812.26465994	1000	1.02015953926	0.0	513389	432.302252004	1.0
5812.68352621	1000	1.10129326852	0.0	497055	418.866270742	1.0
5813.12128215	1000	1.16353732754	0.0	520019	437.755940983	1.0
5813.58474035	1000	1.20007912927	0.0	551265	463.458198269	1.0
5814.0540117	1000	1.23080777564	0.0	558332	469.271353625	1.0
5814.50571115	1000	1.27910832307	0.0	536970	451.699452577	1.0
5814.96107867	1000	1.32374080929	0.0	536970	455.367513783	1.0
5815.41725579	1000	1.36756368277	0.0	536970	456.177126516	1.0
5815.87343292	1000	1.41138655625	0.0	536970	456.177126516	1.0
5816.32961005	1000	1.45520942974	0.0	536970	456.177126516	1.0
5816.79945907	1000	1.48536040639	0.0	553424	469.849023344	1.0
5817.24399506	1000	1.54082441726	0.0	522960	444.53598913	1.0
5817.68853105	1000	1.59628842813	0.0	522960	444.53598913	1.0
5818.14082779	1000	1.64399168074	0.0	532300	452.296747388	1.0
5818.56878202	1000	1.71603745733	0.0	503004	427.954223413	1.0
5818.98018835	1000	1.80463112377	0.0	481782	411.406333559	1.0
5819.3917384	1000	1.89308107106	0.0	481782	411.550052715	1.0
5819.82726734	1000	1.95755213367	0.0	510552	435.528937391	1.0
5820.28481485	1000	2.00000462918	0.0	536970	457.547504487	1.0
5820.61405406	200	2.17076541115	0.0	383025	329.239218031	-0.6
5820.94329328	200	2.34152619312	0.0	383025	329.239218031	0.2
5821.2725325	200	2.51228697509	0.0	383025	329.239218031	0.2
5821.60177172	200	2.68304775706	0.0	383025	329.239218031	0.2
5821.93101094	200	2.85380853903	0.0	383025	329.239218031	0.2
5822.26025015	200	3.024569321	0.0	383025	329.239218031	0.2
5822.58948937	200	3.19533010296	0.0	383025	329.239218031	0.2
5822.91872859	200	3.36609088493	0.0	383025	329.239218031	0.2
5823.24796781	200	3.5368516669	0.0	383025	329.239218031	0.2
5823.57720703	200	3.70761244887	0.0	383025	329.239218031	0.2
5823.90644624	200	3.87837323084	0.0	383025	329.239218031	0.2
5824.23568546	200	4.04913401281	0.0	383025	329.239218031	0.2
5824.56492468	200	4.21989479478	0.0	383025	329.239218031	0.2
5824.8941639	200	4.39065557675	0.0	383025	329.239218031	0.2
5825.22340312	200	4.56141635872	0.0	383025	329.239218031	0.2
5825.55225879	200	4.73256068109	0.0	383025	328.855677628	0.2
5825.87697441	200	4.90784506085	0.0	383025	324.715620241	0.2
5826.20169003	200	5.08312944061	0.0	383025	324.715620241	0.2
5826.52640565	200	5.25841382037	0.0	383025	324.715620241	0.2
5826.85112128	200	5.43369820013	0.0	383025	324.715620241	0.2
5827.1758369	200	5.60898257989	0.0	383025	324.715620241	0.2
5827.50055252	200	5.78426695964	0.0	383025	324.715620241	0.2
5827.82526814	200	5.9595513394	0.0	383025	324.715620241	0.2
5828.14998376	200	6.13483571916	0.0	383025	324.715620241	0.2
5828.47469938	200	6.31012009892	0.0	383025	324.715620241	0.2
5828.799415	200	6.48540447868	0.0	383025	324.715620241	0.2
5829.12413062	200	6.66068885844	0.0	383025	324.715620241	0.2
5829.44848956	200	6.83632991415	0.0	383025	324.35894429	0.2
5829.77267885	200	7.01214062668	0.0	383025	324.189287463	0.2
5830.09686814	200	7.18795133922	0.0	383025	324.189287463	0.2
5830.42105742	200	7.36376205176	0.0	383025	324.189287463	0.2
5830.74524671	200	7.5395727643	0.0	383025	324.189287463	0.2
5831.069436	200	7.71538347683	0.0	383025	324.189287463	0.2
5831.39362529	200	7.89119418937	0.0	383025	324.189287463	0.2
5831.71781457	200	8.06700490191	0.0	383025	324.189287463	0.2
5832.04200386	200	8.24281561445	0.0	383025	324.189287463	0.2
5832.36619315	200	8.41862632698	0.0	383025	324.189287463	0.2
5832.69038244	200	8.59443703952	0.0	383025	324.189287463	0.2
5833.01457172	200	8.77024775206	0.0	383025	324.189287463	0.2
5833.33876101	200	8.9460584646	0.0	383025	324.189287463	0.2
5833.6629503	200	9.12186917713	0.0	383025	324.189287463	0.2
5833.98713766	200	9.29768181554	0.0	383025	324.187361589	0.2
5834.31094016	200	9.47387931316	0.0	383025	323.802502387	0.2
5834.63474266	200	9.65007681077	0.0	383025	323.802502387	0.2
5834.95854517	200	9.82627430838	0.0	383025	323.802502387	0.2
5835.78234767	200	9.502471806	0.0	383025	323.802502387	0.2
5836.10615017	200	9.67866930361	0.0	383025	323.802502387	0.2
5836.42995267	200	9.85486680122	0.0	383025	323.802502387	0.2
5837.25367081	200	9.53114866978	0.0	383025	323.718131446	0.2
5837.57423663	200	9.71058284315	0.0	383025	320.56582663	0.2
5837.89480246	200	9.89001701651	0.0	383025	320.56582663	0.2
5838.71536829	200	9.56945118988	0.0	383025	320.56582663	0.2
5839.03593411	200	9.74888536325	0.0	383025	320.56582663	0.2
5839.35480315	200	9.93001632267	0.0	383025	318.869040582	0.2
5840.17228596	200	9.61253351063	0.0	383025	317.482812038	0.2
5840.48976878	200	9.79505069859	0.0	383025	317.482812038	0.2
5840.80725159	200	9.97756788656	0.0	383025	317.482812038	0.2
5841.6247344	200	9.66008507452	0.0	383025	317.482812038	0.2
5841.94055801	200	9.84426146455	0.0	383025	315.823609968	0.2
5842.75497931	200	9.52984016399	0.0	383025	314.421300558	0.2
5843.06940061	200	9.71541886343	0.0	383025	314.421300558	0.2
5843.38382191	200	9.90099756288	0.0	383025	314.421300558	0.2
5843.8909113	200	9.58657626232	0.0	383025	314.421300558	0.2
5844.20571667	200	9.77177089107	0.0	383025	314.805371246	0.2
5844.52052205	200	9.95696551983	0.0	383025	314.805371246	0.2
5845.33532742	200	9.64216014858	0.0	383025	314.805371246	0.2
5845.65013279	200	9.82735477733	0.0	383025	314.805371246	0.2
5846.46443342	200	9.51305414217	0.0	383025	314.300635159	0.2
5846.77504621	200	9.7024413523	0.0	383025	310.612789877	0.2
5847.085659	200	9.89182856242	0.0	383025	310.612789877	0.2
5847.83430031	200	9.58121577254	0.0	383025	310.612789877	0.2
5848.14545894	200	9.77005714282	0.0	383025	311.158629721	0.2
5848.45661757	200	9.9588985131	0.0	383025	311.158629721	0.2
5849.2677762	200	9.64773988338	0.0	383025	311.158629721	0.2
5849.58000799	200	9.83550809151	0.0	383025	312.231791875	0.2
5850.39268636	200	9.52282972353	0.0	383025	312.678367972	0.2
5850.70536472	200	9.71015135556	0.0	383025	312.678367972	0.2
5851.01804309	200	9.89747298759	0.0	383025	312.678367972	0.2
5851.8305047	200	9.58501138268	0.0	383025	312.46160491	0.2
5852.14197811	200	9.77353797034	0.0	383025	311.473412338	0.2
5852.45345152	200	9.962064558	0.0	383025	311.473412338	0.2
5852.81357804	200	9.65059114567	0.0	383025	311.473412338	0.2
5853.12305739	200	9.84111179317	0.0	383025	309.479352494	0.2
5853.93253674	200	9.53163244068	0.0	383025	309.479352494	0.2
5854.24201609	200	9.72215308818	0.0	383025	309.479352494	0.2
5854.55730762	200	9.90686156188	0.0	383025	315.291526309	0.2
5855.37265615	200	9.59151302732	0.0	383025	315.348534555	0.2
5855.68800469	200	9.77616449277	0.0	383025	315.348534555	0.2
5856.00335322	200	9.96081595821	0.0	383025	315.348534555	0.2
5856.63247873	200	9.64546742366	0.0	383025	315.348534555	0.2
5856.94849285	200	9.82945330397	0.0	383025	316.01411969	0.2
5857.76450697	200	9.51343918428	0.0	383025	316.01411969	0.2
5858.08052109	200	9.69742506458	0.0	383025	316.01411969	0.2
5858.39645223	200	9.88149392799	0.0	383025	315.931136597	0.2
5859.21104238	200	9.56690377857	0.0	383025	314.590149417	0.2

