292.251290312	400	0.5	0.157313418789	181435	157.313418789	-2.74626837578
292.644142814	1000	0.60714749814	0.0	471531	392.85250186	0.4
293.043533824	1000	0.707756488235	0.0	482442	399.391009905	1.0
293.439792206	1000	0.811498105843	0.0	492120	396.258382392	1.0
293.835571382	1000	0.915718929893	0.0	492120	395.779175951	1.0
294.215171701	1000	1.03611861111	0.0	490176	379.600318782	1.0
294.607835025	1000	1.1434552873	0.0	513389	392.663323812	1.0
294.991750304	1000	1.25954000876	0.0	497055	383.915278536	1.0
295.411727339	1000	1.33956297362	0.0	520019	419.97703514	1.0
295.855330066	1000	1.39596024579	0.0	551265	443.602727838	1.0
296.297560407	1000	1.45372990538	0.0	558332	442.230340407	1.0
296.716132523	1000	1.53515778956	0.0	536970	418.572115818	1.0
297.142582917	1000	1.60870739577	0.0	536970	426.450393789	1.0
297.579727483	1000	1.67156282964	0.0	536970	437.144566131	1.0
298.015331806	1000	1.73595850637	0.0	536970	435.604323271	1.0
298.434707252	1000	1.81658306034	0.0	536970	419.375446027	1.0
298.858836342	1000	1.8924539699	0.0	553424	424.129090439	1.0
299.267300253	1000	1.98399005936	0.0	522960	408.463910545	1.0
299.680778025	1000	2.07051228705	0.0	522960	413.477772313	1.0
299.98603432	200	2.26525599275	0.0	383025	305.256294297	-0.6
300.290560457	200	2.46072985557	0.0	383025	304.526137184	0.2
300.596531059	200	2.65475925335	0.0	383025	305.970602217	0.2
300.90140018	200	2.84989013273	0.0	383025	304.86912062	0.2
301.20337187	200	3.04791844269	0.0	383025	301.971690039	0.2
301.503049896	200	3.24824041583	0.0	383025	299.678026862	0.2
301.801385855	200	3.44990445777	0.0	383025	298.335958061	0.2
302.100340259	200	3.65095005302	0.0	383025	298.954404744	0.2
302.412670588	200	3.83861972412	0.0	383025	312.330328903	0.2
302.73067338	200	4.02061693178	0.0	383025	318.002792337	0.2
303.047309719	200	4.20398059375	0.0	383025	316.636338032	0.2
303.361180253	200	4.39011005884	0.0	383025	313.870534904	0.2
303.664485262	200	4.58680504996	0.0	383025	303.305008885	0.2
303.966725114	200	4.78456519875	0.0	383025	302.239851209	0.2
304.290874444	200	4.96041586799	0.0	383025	324.14933076	0.2
304.632563384	200	5.11872692847	0.0	383025	341.688939522	0.2
304.990698632	200	5.2605916799	0.0	383025	358.135248573	0.2
305.342013346	200	5.40927696622	0.0	383025	351.314713672	0.2
305.690720122	200	5.56057019069	0.0	383025	348.706775535	0.2
306.034113649	200	5.7171766634	0.0	383025	343.393527286	0.2
306.371592936	200	5.87969737677	0.0	383025	337.479286637	0.2
306.703529204	200	6.04776110859	0.0	383025	331.936268171	0.2
307.030709006	200	6.22058130639	0.0	383025	327.179802201	0.2
307.359838681	200	6.39145163125	0.0	383025	329.129675146	0.2
307.696837109	200	6.5544532031	0.0	383025	336.998428149	0.2
308.036823837	200	6.71446647568	0.0	383025	339.986727423	0.2
308.375906863	200	6.87538344908	0.0	383025	339.083026599	0.2
308.711174491	200	7.04011582111	0.0	383025	335.267627971	0.2
309.046227508	200	7.20506280431	0.0	383025	335.053016799	0.2
309.381698195	200	7.36959211745	0.0	383025	335.47068686	0.2
309.723420538	200	7.52786977451	0.0	383025	341.722342932	0.2
310.065566669	200	7.68572364301	0.0	383025	342.146131504	0.2
310.406318484	200	7.84497182785	0.0	383025	340.751815165	0.2
310.742994362	200	8.00829595001	0.0	383025	336.675877835	0.2
311.077266992	200	8.17402332012	0.0	383025	334.272629889	0.2
311.411261994	200	8.34002831813	0.0	383025	333.99500199	0.2
311.744881425	200	8.50640888689	0.0	383025	333.619431245	0.2
312.076740887	200	8.67454942532	0.0	383025	331.859461571	0.2
312.412085062	200	8.83920525011	0.0	383025	335.344175204	0.2
312.75707461	200	8.99421570238	0.0	383025	344.989547732	0.2
313.113486399	200	9.13780391373	0.0	383025	356.411788645	0.2
313.46750104	200	9.2837892723	0.0	383025	354.014641438	0.2
313.811143362	200	9.44014695033	0.0	383025	343.642321969	0.2
314.146315311	200	9.60497500105	0.0	383025	335.171949273	0.2
314.481492968	200	9.76979734415	0.0	383025	335.177656903	0.2
314.812837196	200	9.9384531166	0.0	383025	331.344227553	0.2
315.353069337	200	9.60776716339	0.0	383025	330.685953211	0.2
315.687289079	200	9.77354742197	0.0	383025	334.219741415	0.2
316.02146696	200	9.93936954087	0.0	383025	334.1778811	0.2
316.473740612	200	9.60720464911	0.0	383025	332.164891759	0.2
316.80340239	200	9.7775428709	0.0	383025	329.661778213	0.2
317.125176426	200	9.95576883519	0.0	383025	321.77403571	0.2
317.560942255	200	9.63865817892	0.0	383025	317.110656269	0.2
317.864704499	200	9.83489593503	0.0	383025	303.762243893	0.2
318.224646309	200	9.53113369114	0.0	383025	303.762243893	0.2
318.546306595	200	9.70947340447	0.0	383025	321.660286668	0.2
318.86743462	200	9.88834537935	0.0	383025	321.128025116	0.2
319.407533675	200	9.57277979566	0.0	383025	315.565583687	0.2
319.709794563	200	9.77051890673	0.0	383025	302.260888932	0.2
320.013387411	200	9.96692605922	0.0	383025	303.592847517	0.2
320.440383629	200	9.63862156778	0.0	383025	328.304491431	0.2
320.757979998	200	9.8210251989	0.0	383025	317.596368882	0.2
321.435505221	200	9.51540667361	0.0	383025	305.618525297	0.2
321.751841697	200	9.69907019795	0.0	383025	316.336475654	0.2
322.069218363	200	9.88169353136	0.0	383025	317.376666587	0.2
322.589307398	200	9.5644588578	0.0	383025	317.234673566	0.2
322.903447419	200	9.75031883639	0.0	383025	314.140021405	0.2
323.220697524	200	9.93306873171	0.0	383025	317.250104681	0.2
323.955896454	200	9.59259150978	0.0	383025	340.477221933	0.2
324.274399009	200	9.7740889554	0.0	383025	318.502554377	0.2
324.584983201	200	9.96350476314	0.0	383025	310.584192259	0.2
325.132657194	200	9.65657202297	0.0	383025	306.932740173	0.2
325.454677999	200	9.8345512179	0.0	383025	322.02080507	0.2
326.069440084	200	9.51355123781	0.0	383025	320.999980091	0.2
326.367124217	200	9.71586710417	0.0	383025	297.684133641	0.2
326.671474141	200	9.91151718077	0.0	383025	304.3499234	0.2
327.226364351	200	9.59697012765	0.0	383025	314.547053117	0.2
327.57893351	200	9.74440096914	0.0	383025	352.569158513	0.2
327.913674481	200	9.9096599982	0.0	383025	334.740970942	0.2
328.45336775	200	9.57864001681	0.0	383025	331.019981391	0.2
328.834952881	200	9.69705488608	0.0	383025	381.58513073	0.2
329.202192352	200	9.82981541519	0.0	383025	367.239470885	0.2
329.538508394	200	9.99349937227	0.0	383025	336.31604292	0.2
329.987417047	200	9.68595197372	0.0	383025	307.547398546	0.2
330.338567043	200	9.83480197791	0.0	383025	351.149995812	0.2
330.691614039	200	9.98175498244	0.0	383025	353.04699547	0.2
331.3112864	200	9.6546979721	0.0	383025	327.057010346	0.2
331.613703995	200	9.85228037777	0.0	383025	302.417594323	0.2
332.183336303	200	9.53498064368	0.0	383025	317.299734097	0.2
332.511966317	200	9.70635063043	0.0	383025	328.630013251	0.2
332.818936027	200	9.89938092027	0.0	383025	306.969710152	0.2
333.158515883	200	9.59355720325	0.0	383025	305.823717022	0.2
333.473653418	200	9.77841966821	0.0	383025	315.137535046	0.2
333.788969308	200	9.96310377873	0.0	383025	315.315889471	0.2
334.364052584	200	9.65266688888	0.0	383025	310.436889855	0.2
334.66388067	200	9.85283880361	0.0	383025	299.828085273	0.2
335.183663447	200	9.54018472253	0.0	383025	312.65408108	0.2
335.507965076	200	9.71588309384	0.0	383025	324.301628688	0.2
335.824510131	200	9.89933803816	0.0	383025	316.545055676	0.2
336.234166766	200	9.59349730128	0.0	383025	305.840736883	0.2
336.556097757	200	9.77156631096	0.0	383025	321.930990317	0.2

