608.7487805328707	400	0.5	0.1541481618511353	181435	154.148161851	-2.6829632370227063
608.9053073956152	400	0.8434731372555293	0.0	184429	156.526862744	0.4
609.1422008211069	600	1.1065797117637848	0.0	285584	236.893425492	0.39999999999999997
609.4631837860948	800	1.285596746775879	0.0	391425	320.982964988	0.6000000000000001
609.7906369630144	800	1.4581435698561305	0.0	391425	327.45317692	0.8
610.2069272236217	1000	1.5418533092488393	0.0	490176	416.290260607	0.8
610.65355285102	1000	1.5952276818505338	0.0	513389	446.625627398	1.0
611.0919976878373	1000	1.6567828450332236	0.0	497055	438.444836817	1.0
611.5502367269717	1000	1.6985438058989206	0.0	520019	458.239039134	1.0
612.0331454695743	1000	1.715635063296376	0.0	551265	482.908742603	1.0
612.5210133791613	1000	1.7277671537092165	0.0	558332	487.867909587	1.0
612.9902489617843	1000	1.758531571086238	0.0	536970	469.235582623	1.0
613.4585604453608	1000	1.790220087509728	0.0	536970	468.311483577	1.0
613.9268719289374	1000	1.8219086039332182	0.0	536970	468.311483577	1.0
614.3951834125139	1000	1.8535971203567085	0.0	536970	468.311483577	1.0
614.836078840685	1000	1.9127016921856745	0.0	536970	440.895428171	1.0
615.3033484078057	1000	1.9454321250648734	0.0	553424	467.269567121	1.0
615.7581946807899	1000	1.9905858520808415	0.0	522960	454.846272984	1.0
616.1995353811176	1000	2.0492451517530497	0.0	522960	441.340700328	1.0
616.5160835169305	200	2.2326970159402264	0.0	383025	316.548135813	-0.6000000000000001
616.8326316527433	200	2.4161488801274027	0.0	383025	316.548135813	0.2
617.1473700232046	200	2.6014105096661497	0.0	383025	314.738370461	0.2
617.4620965031929	200	2.786684029677801	0.0	383025	314.726479988	0.2
617.7788986021172	200	2.969881930753501	0.0	383025	316.802098924	0.2
618.1004858352641	200	3.1482946976065653	0.0	383025	321.587233147	0.2
618.422073068411	200	3.32670746445963	0.0	383025	321.587233147	0.2
618.7462933251627	200	3.502487207707915	0.0	383025	324.220256752	0.2
619.0733856783354	200	3.6753948545352086	0.0	383025	327.092353173	0.2
619.4004780315082	200	3.848302501362502	0.0	383025	327.092353173	0.2
619.7160555087487	200	4.032725024121864	0.0	383025	315.577477241	0.2
620.0310949617576	200	4.21768557111299	0.0	383025	315.039453009	0.2
620.3465583731364	200	4.402222159734229	0.0	383025	315.463411379	0.2
620.6634065055051	200	4.585374027365572	0.0	383025	316.848132369	0.2
620.9802546378737	200	4.768525894996916	0.0	383025	316.848132369	0.2
621.2948672934693	200	4.953913239401255	0.0	383025	314.612655596	0.2
621.6086320842884	200	5.140148448582205	0.0	383025	313.764790819	0.2
621.9224322177894	200	5.326348315081224	0.0	383025	313.800133501	0.2
622.2364812936621	200	5.5122992392084145	0.0	383025	314.049075873	0.2
622.5505303695348	200	5.698250163335605	0.0	383025	314.049075873	0.2
622.8747447414631	200	5.874035791407413	0.0	383025	324.214371928	0.2
623.1998342990524	200	6.0489462338180395	0.0	383025	325.089557589	0.2
623.5248201733302	200	6.223960359540279	0.0	383025	324.985874278	0.2
623.8467353079078	200	6.402045224962734	0.0	383025	321.915134578	0.2
624.1686504424854	200	6.580130090385189	0.0	383025	321.915134578	0.2
624.4917172106892	200	6.757063322181361	0.0	383025	323.066768204	0.2
624.8159359753149	200	6.932844557555686	0.0	383025	324.218764626	0.2
625.1401547399406	200	7.1086257929300105	0.0	383025	324.218764626	0.2
625.4686102733417	200	7.28017025952896	0.0	383025	328.455533401	0.2
625.7986237022805	200	7.450156830590312	0.0	383025	330.013428939	0.2
626.133689392872	200	7.615091139998738	0.0	383025	335.065690592	0.2
626.47576801057	200	7.7730125223006725	0.0	383025	342.078617698	0.2
626.8178466282682	200	7.9309339046026075	0.0	383025	342.078617698	0.2
627.1599252459662	200	8.088855286904542	0.0	383025	342.078617698	0.2
627.4969998468872	200	8.251780685983565	0.0	383025	337.074600921	0.2
627.8260321614941	200	8.422748371376644	0.0	383025	329.032314607	0.2
628.1526690076386	200	8.59611152523225	0.0	383025	326.636846144	0.2
628.4747809382362	200	8.773999594634605	0.0	383025	322.111930598	0.2
628.7969714056951	200	8.95180912717576	0.0	383025	322.190467459	0.2
629.1201844998494	200	9.128596033021337	0.0	383025	323.213094154	0.2
629.4433975940038	200	9.305382938866913	0.0	383025	323.213094154	0.2
629.765585052773	200	9.48319548009775	0.0	383025	322.187458769	0.2
630.0848795191908	200	9.663901013679913	0.0	383025	319.294466418	0.2
630.4041739856087	200	9.844606547262076	0.0	383025	319.294466418	0.2
631.2225667657018	200	9.526213767169013	0.0	383025	318.392780093	0.2
631.5404622905022	200	9.708318242368595	0.0	383025	317.8955248004184	0.2
631.8594181169151	200	9.889362415955707	0.0	383025	318.955826413	0.2
632.6521154584364	200	9.570406589542822	0.0	383025	318.955826413	0.2
632.9643500138976	200	9.758172034081532	0.0	383025	312.2345554612901	0.2
633.2750640230116	200	9.947458024967624	0.0	383025	310.714009114	0.2
634.0850335431243	200	9.637488504855021	0.0	383025	309.9695201126041	0.2
634.38934463341	200	9.833177414569267	0.0	383025	304.3110902857535	0.2
635.0075630382263	200	9.529553509502035	0.0	383025	303.623905067	0.2
635.3123162322914	200	9.724800315436946	0.0	383025	304.7531940650889	0.2
635.6207846102947	200	9.916331937433672	0.0	383025	308.468378003	0.2
636.3555374667186	200	9.607863559430397	0.0	383025	308.468378003	0.2
636.6648848596495	200	9.79851616649944	0.0	383025	309.3473929309578	0.2
636.9680365378019	200	9.995364488347066	0.0	383025	303.151678152	0.2
637.6431233864107	200	9.692212810194693	0.0	383025	303.151678152	0.2
637.9448051308709	200	9.890531065734505	0.0	383025	301.6817444601883	0.2
638.4716897227787	200	9.588897217688887	0.0	383025	301.633848046	0.2
638.7713723715498	200	9.789214568917965	0.0	383025	299.682648771	0.2
639.0719660894914	200	9.988620850976329	0.0	383025	300.59371794163667	0.2
639.7297176195777	200	9.687508636470525	0.0	383025	301.112214506	0.2
640.0318949338015	200	9.885331322246792	0.0	383025	302.177314224	0.2
640.4858489708935	200	9.572762647202984	0.0	383025	312.5686750438073	0.2
640.8068444477525	200	9.751767170343937	0.0	383025	320.995476859	0.2
641.1278399246115	200	9.93077169348489	0.0	383025	320.995476859	0.2
641.94864022863	200	9.609971389466427	0.0	383025	320.8003040184636	0.2
642.2677209475484	200	9.790890670547991	0.0	383025	319.08071891843616	0.2
642.584675345865	200	9.973936272231462	0.0	383025	316.954398317	0.2
643.3487959272177	200	9.656981873914932	0.0	383025	316.954398317	0.2
643.6730663472514	200	9.832711453881268	0.0	383025	324.270420034	0.2
644.4969890941526	200	9.508788706980077	0.0	383025	323.92274690119206	0.2
644.822940070846	200	9.682837730286641	0.0	383025	325.95097669343596	0.2
645.1501371560039	200	9.855640645128837	0.0	383025	327.197085158	0.2
645.8430386523418	200	9.528443559971032	0.0	383025	327.197085158	0.2
646.1511711039404	200	9.720311108372385	0.0	383025	308.132451599	0.2
646.4581235118867	200	9.91335870042617	0.0	383025	306.9524079462156	0.2
647.2227678287071	200	9.606431201178493	0.0	383025	306.927499248	0.2
647.5452053022852	200	9.783993727600308	0.0	383025	322.437473578	0.2
647.8645134374029	200	9.964685592482649	0.0	383025	319.3081351176596	0.2
648.3800658631125	200	9.646640564162091	0.0	383025	318.045028321	0.2
648.7048503881019	200	9.821856039172648	0.0	383025	324.784524989	0.2
649.0291987035707	200	9.997507723703718	0.0	383025	324.3483154689302	0.2
649.4093260776999	200	9.680764188962854	0.0	383025	316.743534741	0.2
649.7192374947762	200	9.87085277188661	0.0	383025	309.911417076	0.2
650.5123555185933	200	9.56094135481037	0.0	383025	309.911417076	0.2
650.8365087161878	200	9.736788157215798	0.0	383025	324.153197595	0.2
651.1634807951204	200	9.909816078283113	0.0	383025	326.97207893268603	0.2
651.5919932608602	200	9.582725825197267	0.0	383025	327.090253086	0.2
651.9089511883776	200	9.76576789767995	0.0	383025	316.957927517	0.2
652.225909115895	200	9.948809970162634	0.0	383025	316.957927517	0.2
652.6156197814861	200	9.62662365216133	0.0	383025	322.1863180013037	0.2
652.9460254317675	200	9.796218001879975	0.0	383025	330.40565028135404	0.2
653.2675398589445	200	9.97470357470298	0.0	383025	321.514427177	0.2
653.6500130906467	200	9.653189147525985	0.0	383025	321.514427177	0.2
653.9746297431756	200	9.82857249499715	0.0	383025	324.616652529	0.2
654.6394386006873	200	9.503955842468315	0.0	383025	324.616652529	0.2
654.9582891139756	200	9.685105329179974	0.0	383025	318.850513288	0.2
655.2745622660774	200	9.868832177078225	0.0	383025	316.273152101748	0.2

