4731.53999755	400	0.5	0.161629070641	181435	161.629070641	-2.83258141282
4731.94406599	1000	0.595931560568	0.0	471531	404.068439432	0.4
4732.35725298	1000	0.68274456744	0.0	482442	413.186993128	1.0
4732.77852808	1000	0.76146946482	0.0	492120	421.27510262	1.0
4733.19980318	1000	0.840194362201	0.0	492120	421.27510262	1.0
4733.61945365	1000	0.920543901537	0.0	490176	419.650460663	1.0
4734.0585037	1000	0.981493845334	0.0	513389	439.050056203	1.0
4734.48390309	1000	1.05609445874	0.0	497055	425.399386598	1.0
4734.92849398	1000	1.11150357117	0.0	520019	444.590887566	1.0
4735.38706924	1000	1.1529283087	0.0	551265	458.575262467	1.0
4735.83549941	1000	1.20449813822	0.0	558332	448.430170487	1.0
4736.26715507	1000	1.27284247699	0.0	536970	431.655661231	1.0
4736.70141444	1000	1.33858310647	0.0	536970	434.259370517	1.0
4737.13649621	1000	1.40350134162	0.0	536970	435.081764848	1.0
4737.57157797	1000	1.46841957677	0.0	536970	435.081764848	1.0
4738.00665973	1000	1.53333781192	0.0	536970	435.081764848	1.0
4738.45392548	1000	1.58607207134	0.0	553424	447.265740579	1.0
4738.87622861	1000	1.66376893766	0.0	522960	422.303133687	1.0
4739.29853174	1000	1.74146580397	0.0	522960	422.303133687	1.0
4739.72819856	1000	1.81179898803	0.0	532300	429.666815935	1.0
4740.13130109	1000	1.90869645742	0.0	503004	403.10253061	1.0
4740.51710448	1000	2.02289307024	0.0	481782	385.80338719	1.0
4740.82587465	200	2.21412289539	0.0	383025	308.770174847	-0.6
4741.13464483	200	2.40535272054	0.0	383025	308.770174847	0.2
4741.443415	200	2.59658254569	0.0	383025	308.770174847	0.2
4741.75151997	200	2.78847757581	0.0	383025	308.104969885	0.2
4742.05575436	200	2.98424318528	0.0	383025	304.234390525	0.2
4742.35998875	200	3.18000879476	0.0	383025	304.234390525	0.2
4742.66489718	200	3.37510036973	0.0	383025	304.90842503	0.2
4742.97345663	200	3.56654091583	0.0	383025	308.559453895	0.2
4743.28201608	200	3.75798146194	0.0	383025	308.559453895	0.2
4743.59057554	200	3.94942200804	0.0	383025	308.559453895	0.2
4743.90548522	200	4.13451233098	0.0	383025	314.909677061	0.2
4744.22453289	200	4.31546465671	0.0	383025	319.047674267	0.2
4744.54358056	200	4.49641698245	0.0	383025	319.047674267	0.2
4744.86262824	200	4.67736930818	0.0	383025	319.047674267	0.2
4745.18167591	200	4.85832163391	0.0	383025	319.047674267	0.2
4745.50072359	200	5.03927395965	0.0	383025	319.047674267	0.2
4745.81399442	200	5.22600313185	0.0	383025	313.270827802	0.2
4746.12262616	200	5.41737138909	0.0	383025	308.631742751	0.2
4746.4312579	200	5.60873964634	0.0	383025	308.631742751	0.2
4746.73988964	200	5.80010790359	0.0	383025	308.631742751	0.2
4747.04844194	200	5.99155560663	0.0	383025	308.552296965	0.2
4747.35473691	200	6.1852606401	0.0	383025	306.294966528	0.2
4747.66103187	200	6.37896567357	0.0	383025	306.294966528	0.2
4747.96732684	200	6.57267070704	0.0	383025	306.294966528	0.2
4748.27362181	200	6.76637574051	0.0	383025	306.294966528	0.2
4748.57797792	200	6.96201962431	0.0	383025	304.356116206	0.2
4748.88198915	200	7.15800840076	0.0	383025	304.011223548	0.2
4749.18600037	200	7.35399717721	0.0	383025	304.011223548	0.2
4749.49549982	200	7.54449773007	0.0	383025	309.499447138	0.2
4749.80891194	200	7.73108560546	0.0	383025	313.41212461	0.2
4750.12232407	200	7.91767348085	0.0	383025	313.41212461	0.2
4750.43573619	200	8.10426135624	0.0	383025	313.41212461	0.2
4750.74914832	200	8.29084923163	0.0	383025	313.41212461	0.2
4751.06224367	200	8.47775387865	0.0	383025	313.095352978	0.2
4751.37488189	200	8.6651156556	0.0	383025	312.638223054	0.2
4751.68752011	200	8.85247743255	0.0	383025	312.638223054	0.2
4752.00015834	200	9.03983920949	0.0	383025	312.638223054	0.2
4752.31279656	200	9.22720098644	0.0	383025	312.638223054	0.2
4752.62853539	200	9.41146215739	0.0	383025	315.738829049	0.2
4752.94497163	200	9.59502591998	0.0	383025	316.436237409	0.2
4753.26140786	200	9.77858968257	0.0	383025	316.436237409	0.2
4753.5778441	200	9.96215344516	0.0	383025	316.436237409	0.2
4754.19019227	200	9.64571720775	0.0	383025	316.436237409	0.2
4754.50491524	200	9.83099423589	0.0	383025	314.722971859	0.2
4754.92499613	200	9.51627126404	0.0	383025	314.722971859	0.2
4755.23307236	200	9.70819503869	0.0	383025	308.076225346	0.2
4755.54114858	200	9.90011881334	0.0	383025	308.076225346	0.2
4756.0688112	200	9.592042588	0.0	383025	308.076225346	0.2
4756.38046446	200	9.78038932754	0.0	383025	311.653260455	0.2
4756.69211772	200	9.96873606709	0.0	383025	311.653260455	0.2
4757.36831716	200	9.65708280663	0.0	383025	311.653260455	0.2
4757.67496375	200	9.85043621188	0.0	383025	306.646594756	0.2
4758.24944989	200	9.54378961712	0.0	383025	306.646594756	0.2
4758.56353944	200	9.72970006695	0.0	383025	314.08955017	0.2
4758.877629	200	9.91561051678	0.0	383025	314.08955017	0.2
4759.69479684	200	9.59844266963	0.0	383025	317.167847153	0.2
4760.02223832	200	9.77100119008	0.0	383025	327.441479543	0.2
4760.3496798	200	9.94355971054	0.0	383025	327.441479543	0.2
4761.17712128	200	9.616118231	0.0	383025	327.441479543	0.2
4761.50456276	200	9.78867675146	0.0	383025	327.441479543	0.2
4761.83200424	200	9.96123527191	0.0	383025	327.441479543	0.2
4762.65662134	200	9.6366181765	0.0	383025	324.61709541	0.2
4762.98012762	200	9.81311189451	0.0	383025	323.506281997	0.2
4763.3036339	200	9.98960561251	0.0	383025	323.506281997	0.2
4764.1300912	200	9.66314831537	0.0	383025	326.457297137	0.2
4764.45662554	200	9.836613976	0.0	383025	326.534339371	0.2
4765.28315988	200	9.51007963663	0.0	383025	326.534339371	0.2
4765.61158044	200	9.68165907012	0.0	383025	328.42056651	0.2
4765.9403419	200	9.85289760777	0.0	383025	328.761462357	0.2
4766.76910337	200	9.52413614541	0.0	383025	328.761462357	0.2
4767.09786483	200	9.69537468305	0.0	383025	328.761462357	0.2
4767.42662629	200	9.86661322069	0.0	383025	328.761462357	0.2
4767.8891651	200	9.53785175834	0.0	383025	328.761462357	0.2
4768.21639451	200	9.71062235636	0.0	383025	327.229401973	0.2
4768.54362391	200	9.88339295439	0.0	383025	327.229401973	0.2
4769.37085331	200	9.55616355242	0.0	383025	327.229401973	0.2
4769.69808271	200	9.72893415044	0.0	383025	327.229401973	0.2
4770.02531211	200	9.90170474847	0.0	383025	327.229401973	0.2
4770.62969529	200	9.5744753465	0.0	383025	327.229401973	0.2
4770.96151221	200	9.74265842244	0.0	383025	331.816924059	0.2
4771.29332914	200	9.91084149838	0.0	383025	331.816924059	0.2
4772.12514606	200	9.57902457432	0.0	383025	331.816924059	0.2
4772.45696298	200	9.74720765026	0.0	383025	331.816924059	0.2
4772.78877991	200	9.91539072621	0.0	383025	331.816924059	0.2
4773.13865209	200	9.58357380215	0.0	383025	331.816924059	0.2
4773.45698939	200	9.76523650674	0.0	383025	318.337295412	0.2
4773.77532668	200	9.94689921132	0.0	383025	318.337295412	0.2
4774.59366398	200	9.62856191591	0.0	383025	318.337295412	0.2
4774.91149555	200	9.81073034052	0.0	383025	317.831575394	0.2
4775.22764906	200	9.99457683769	0.0	383025	316.153502824	0.2
4775.72700822	200	9.67842333487	0.0	383025	316.153502824	0.2
4776.03980714	200	9.8656244108	0.0	383025	312.798924066	0.2
4776.85260607	200	9.55282548674	0.0	383025	312.798924066	0.2
4777.16542957	200	9.74000198171	0.0	383025	312.823505028	0.2
4777.48287312	200	9.92255843494	0.0	383025	317.443546767	0.2
4778.30031666	200	9.60511488818	0.0	383025	317.443546767	0.2
4778.61776021	200	9.78767134141	0.0	383025	317.443546767	0.2
4778.93520376	200	9.97022779464	0.0	383025	317.443546767	0.2

