1775.58612139	400	0.5	0.156645793492	181435	156.645793492	-2.73291586983
1775.9772388	1000	0.608882587974	0.0	471531	391.117412026	0.4
1776.37717509	1000	0.708946302782	0.0	482442	399.936285192	1.0
1776.78493367	1000	0.801187723164	0.0	492120	407.758579619	1.0
1777.19269225	1000	0.893429143545	0.0	492120	407.758579619	1.0
1777.59887958	1000	0.987241812156	0.0	490176	406.187331389	1.0
1778.02156498	1000	1.06455640724	0.0	513389	422.685404921	1.0
1778.42654255	1000	1.15957884068	0.0	497055	404.977566555	1.0
1778.84976813	1000	1.23635326367	0.0	520019	423.225577013	1.0
1779.29996837	1000	1.28615301896	0.0	551265	450.200244704	1.0
1779.76441322	1000	1.32170816723	0.0	558332	464.444851738	1.0
1780.21147084	1000	1.37465055269	0.0	536970	447.057614533	1.0
1780.65852845	1000	1.42759293816	0.0	536970	447.057614533	1.0
1781.10558607	1000	1.48053532363	0.0	536970	447.057614533	1.0
1781.54839512	1000	1.53772626528	0.0	536970	442.809058348	1.0
1781.98748911	1000	1.59863227884	0.0	536970	439.093986439	1.0
1782.43973153	1000	1.64638986241	0.0	553424	452.242416431	1.0
1782.86427107	1000	1.7218503186	0.0	522960	424.539543807	1.0
1783.28200905	1000	1.8041123403	0.0	522960	417.737978303	1.0
1783.70702918	1000	1.87909221285	0.0	532300	425.020127449	1.0
1784.10920799	1000	1.97691339604	0.0	503004	402.178816809	1.0
1784.49042047	1000	2.09570091862	0.0	481782	381.212477417	1.0
1784.79193378	200	2.29418760591	0.0	383025	301.513312707	-0.6
1785.0934471	200	2.49267429321	0.0	383025	301.513312707	0.2
1785.39833495	200	2.68778644131	0.0	383025	304.887851896	0.2
1785.70369868	200	2.88242271091	0.0	383025	305.363730402	0.2
1786.00906241	200	3.07705898051	0.0	383025	305.363730402	0.2
1786.32051394	200	3.26560744807	0.0	383025	311.451532434	0.2
1786.63510112	200	3.45102026706	0.0	383025	314.587181018	0.2
1786.9496883	200	3.63643308604	0.0	383025	314.587181018	0.2
1787.26427548	200	3.82184590502	0.0	383025	314.587181018	0.2
1787.57886267	200	4.007258724	0.0	383025	314.587181018	0.2
1787.89916235	200	4.18695903585	0.0	383025	320.299688154	0.2
1788.22320715	200	4.36291424383	0.0	383025	324.044792023	0.2
1788.54725194	200	4.5388694518	0.0	383025	324.044792023	0.2
1788.87129673	200	4.71482465978	0.0	383025	324.044792023	0.2
1789.19534152	200	4.89077986776	0.0	383025	324.044792023	0.2
1789.51938631	200	5.06673507574	0.0	383025	324.044792023	0.2
1789.84343111	200	5.24269028371	0.0	383025	324.044792023	0.2
1790.16767107	200	5.41845031698	0.0	383025	324.239966731	0.2
1790.49196302	200	5.59415837373	0.0	383025	324.291943253	0.2
1790.81625496	200	5.76986643048	0.0	383025	324.291943253	0.2
1791.1405469	200	5.94557448723	0.0	383025	324.291943253	0.2
1791.46483885	200	6.12128254397	0.0	383025	324.291943253	0.2
1791.78913079	200	6.29699060072	0.0	383025	324.291943253	0.2
1792.11305436	200	6.47306703227	0.0	383025	323.92356845	0.2
1792.42904513	200	6.65707625913	0.0	383025	315.990773136	0.2
1792.7450359	200	6.841085486	0.0	383025	315.990773136	0.2
1793.06102668	200	7.02509471286	0.0	383025	315.990773136	0.2
1793.37701745	200	7.20910393973	0.0	383025	315.990773136	0.2
1793.70100878	200	7.38511261037	0.0	383025	323.991329353	0.2
1794.02665549	200	7.55946589507	0.0	383025	325.646715301	0.2
1794.35230221	200	7.73381917977	0.0	383025	325.646715301	0.2
1794.67794892	200	7.90817246447	0.0	383025	325.646715301	0.2
1795.00359564	200	8.08252574917	0.0	383025	325.646715301	0.2
1795.32924236	200	8.25687903387	0.0	383025	325.646715301	0.2
1795.65488907	200	8.43123231857	0.0	383025	325.646715301	0.2
1795.98166387	200	8.60445751611	0.0	383025	326.774802459	0.2
1796.30983488	200	8.77628651091	0.0	383025	328.171005199	0.2
1796.63800588	200	8.94811550571	0.0	383025	328.171005199	0.2
1796.96617689	200	9.11994450051	0.0	383025	328.171005199	0.2
1797.29434789	200	9.29177349531	0.0	383025	328.171005199	0.2
1797.6225189	200	9.46360249011	0.0	383025	328.171005199	0.2
1797.9506899	200	9.63543148491	0.0	383025	328.171005199	0.2
1798.27886091	200	9.80726047971	0.0	383025	328.171005199	0.2
1798.60633662	200	9.97978477161	0.0	383025	327.475708101	0.2
1799.43381098	200	9.65231040948	0.0	383025	327.474362127	0.2
1799.76128534	200	9.82483604736	0.0	383025	327.474362127	0.2
1800.0887597	200	9.99736168523	0.0	383025	327.474362127	0.2
1800.54299245	200	9.6698873231	0.0	383025	327.474362127	0.2
1800.86939322	200	9.84348655086	0.0	383025	326.400772247	0.2
1801.695794	200	9.51708577861	0.0	383025	326.400772247	0.2
1802.02219477	200	9.69068500636	0.0	383025	326.400772247	0.2
1802.34859554	200	9.86428423411	0.0	383025	326.400772247	0.2
1803.16917756	200	9.54370221199	0.0	383025	320.58202212	0.2
1803.48920265	200	9.72367712087	0.0	383025	320.025091123	0.2
1803.80922774	200	9.90365202975	0.0	383025	320.025091123	0.2
1804.57227179	200	9.58362693863	0.0	383025	320.025091123	0.2
1804.87660527	200	9.77929344998	0.0	383025	304.333488645	0.2
1805.1809659	200	9.97493282247	0.0	383025	304.360627509	0.2
1805.98566773	200	9.67023099022	0.0	383025	304.701832253	0.2
1806.290283	200	9.86561572239	0.0	383025	304.615267828	0.2
1806.59830057	200	9.56212197805	0.0	383025	303.49374434	0.2
1806.91051859	200	9.74990395933	0.0	383025	312.218018722	0.2
1807.22273661	200	9.93768594061	0.0	383025	312.218018722	0.2
1808.03495463	200	9.62546792189	0.0	383025	312.218018722	0.2
1808.35033912	200	9.81008342655	0.0	383025	315.384495339	0.2
1808.66633371	200	9.99408884146	0.0	383025	315.994585091	0.2
1809.3508798	200	9.67809425636	0.0	383025	315.994585091	0.2
1809.66155912	200	9.86741493794	0.0	383025	310.679318429	0.2
1810.37214865	200	9.55673561951	0.0	383025	310.679318429	0.2
1810.68291425	200	9.7459700237	0.0	383025	310.765595806	0.2
1810.99367984	200	9.93520442789	0.0	383025	310.765595806	0.2
1811.80448295	200	9.62440132079	0.0	383025	310.803107104	0.2
1812.1203604	200	9.8085238689	0.0	383025	315.877451891	0.2
1812.43623785	200	9.99264641701	0.0	383025	315.877451891	0.2
1813.01199213	200	9.67676896512	0.0	383025	315.877451891	0.2
1813.34225481	200	9.84650629075	0.0	383025	330.262674365	0.2
1814.17251748	200	9.51624361639	0.0	383025	330.262674365	0.2
1814.50278016	200	9.68598094202	0.0	383025	330.262674365	0.2
1814.83304283	200	9.85571826766	0.0	383025	330.262674365	0.2
1815.35449563	200	9.52545559329	0.0	383025	330.262674365	0.2
1815.67068741	200	9.70926380793	0.0	383025	316.191785359	0.2
1815.9868792	200	9.89307202257	0.0	383025	316.191785359	0.2
1816.43283645	200	9.57688023722	0.0	383025	316.191785359	0.2
1816.74603892	200	9.76367775897	0.0	383025	313.202478244	0.2
1817.0592414	200	9.95047528073	0.0	383025	313.202478244	0.2
1817.86866663	200	9.6410500542	0.0	383025	309.425226527	0.2
1818.174683	200	9.83503368615	0.0	383025	306.016368046	0.2
1818.95832789	200	9.52901731811	0.0	383025	306.016368046	0.2
1819.2643408	200	9.72300440283	0.0	383025	306.012915276	0.2
1819.57035372	200	9.91699148755	0.0	383025	306.012915276	0.2
1820.37783166	200	9.60951354938	0.0	383025	307.47793817	0.2
1820.68729548	200	9.80004972971	0.0	383025	309.463819674	0.2
1820.99886695	200	9.98847825229	0.0	383025	311.571477417	0.2
1821.81428182	200	9.67306338187	0.0	383025	315.414870423	0.2
1822.12969669	200	9.85764851145	0.0	383025	315.414870423	0.2
1822.95934185	200	9.52800335664	0.0	383025	329.645154809	0.2
1823.29059473	200	9.69675047838	0.0	383025	331.252878257	0.2
1823.62184761	200	9.86549760012	0.0	383025	331.252878257	0.2

