2646.59705845	400	0.5	0.149930627426	181435	149.930627426	-2.59861254853
2646.97072384	1000	0.626334617461	0.0	471531	373.665382539	0.4
2647.35280426	1000	0.744254193304	0.0	482442	382.080424157	1.0
2647.74197827	1000	0.855080181538	0.0	492120	389.174011766	1.0
2648.12897621	1000	0.968082241292	0.0	492120	386.997940246	1.0
2648.52052392	1000	1.07653453328	0.0	490176	391.54770801	1.0
2648.94246442	1000	1.15459403001	0.0	513389	421.940503269	1.0
2649.35129862	1000	1.24575983829	0.0	497055	408.834191719	1.0
2649.77855899	1000	1.31849945958	0.0	520019	427.260378717	1.0
2650.25253344	1000	1.34452501613	0.0	551265	473.97444345	1.0
2650.73288887	1000	1.36416958374	0.0	558332	480.35543239	1.0
2651.19524832	1000	1.40181013357	0.0	536970	462.359450167	1.0
2651.65760777	1000	1.4394506834	0.0	536970	462.359450167	1.0
2652.11317406	1000	1.4838843981	0.0	536970	455.566285299	1.0
2652.56630097	1000	1.53075748056	0.0	536970	453.126917549	1.0
2653.01942789	1000	1.57763056301	0.0	536970	453.126917549	1.0
2653.48613324	1000	1.61092521407	0.0	553424	466.705348935	1.0
2653.92303059	1000	1.67402786215	0.0	522960	436.897351923	1.0
2654.35121653	1000	1.74584192074	0.0	522960	428.185941413	1.0
2654.78821234	1000	1.80884611504	0.0	532300	436.995805692	1.0
2655.20720505	1000	1.88985340267	0.0	503004	418.992712377	1.0
2655.60894215	1000	1.98811630524	0.0	481782	401.737097427	1.0
2656.01062514	1000	2.08643331081	0.0	481782	401.682994425	1.0
2656.33195316	200	2.26510529476	0.0	383025	321.328016055	-0.6
2656.65328118	200	2.44377727871	0.0	383025	321.328016055	0.2
2656.97460919	200	2.62244926265	0.0	383025	321.328016055	0.2
2657.29593721	200	2.8011212466	0.0	383025	321.328016055	0.2
2657.61221384	200	2.9848446128	0.0	383025	316.276633791	0.2
2657.92830214	200	3.16875631824	0.0	383025	316.088294563	0.2
2658.24439043	200	3.35266802368	0.0	383025	316.088294563	0.2
2658.56047873	200	3.53657972911	0.0	383025	316.088294563	0.2
2658.87617283	200	3.72088562761	0.0	383025	315.694101506	0.2
2659.19182934	200	3.90522911875	0.0	383025	315.656508862	0.2
2659.50748584	200	4.08957260989	0.0	383025	315.656508862	0.2
2659.8231279	200	4.27393055844	0.0	383025	315.642051447	0.2
2660.13804969	200	4.45900876893	0.0	383025	314.921789505	0.2
2660.45297147	200	4.64408697943	0.0	383025	314.921789505	0.2
2660.76789326	200	4.82916518992	0.0	383025	314.921789505	0.2
2661.08684113	200	5.01021732369	0.0	383025	318.947866234	0.2
2661.40656425	200	5.19049420491	0.0	383025	319.723118773	0.2
2661.72628737	200	5.37077108614	0.0	383025	319.723118773	0.2
2662.04601049	200	5.55104796737	0.0	383025	319.723118773	0.2
2662.36382505	200	5.73323340417	0.0	383025	317.814563196	0.2
2662.67928339	200	5.91777506702	0.0	383025	315.458337146	0.2
2662.99474172	200	6.10231672988	0.0	383025	315.458337146	0.2
2663.31020006	200	6.28685839273	0.0	383025	315.458337146	0.2
2663.62802156	200	6.469036896	0.0	383025	317.821496727	0.2
2663.94650612	200	6.65055233813	0.0	383025	318.484557876	0.2
2664.26499067	200	6.83206778025	0.0	383025	318.484557876	0.2
2664.58347523	200	7.01358322238	0.0	383025	318.484557876	0.2
2664.90196873	200	7.19508972594	0.0	383025	318.493496436	0.2
2665.22046906	200	7.37658939631	0.0	383025	318.500329635	0.2
2665.53896939	200	7.55808906667	0.0	383025	318.500329635	0.2
2665.85839146	200	7.73866699412	0.0	383025	319.422072549	0.2
2666.18626356	200	7.91079489546	0.0	383025	327.872098665	0.2
2666.51413566	200	8.08292279679	0.0	383025	327.872098665	0.2
2666.84200776	200	8.25505069813	0.0	383025	327.872098665	0.2
2667.16987985	200	8.42717859946	0.0	383025	327.872098665	0.2
2667.49775195	200	8.5993065008	0.0	383025	327.872098665	0.2
2667.81944372	200	8.77761473453	0.0	383025	321.691766265	0.2
2668.14094766	200	8.95611079772	0.0	383025	321.503936809	0.2
2668.46245159	200	9.13460686091	0.0	383025	321.503936809	0.2
2668.78406442	200	9.31299402993	0.0	383025	321.612830985	0.2
2669.10758412	200	9.48947433385	0.0	383025	323.519696082	0.2
2669.43110382	200	9.66595463777	0.0	383025	323.519696082	0.2
2669.75462351	200	9.84243494168	0.0	383025	323.519696082	0.2
2670.45915867	200	9.5189152456	0.0	383025	323.519696082	0.2
2670.78481036	200	9.69326355484	0.0	383025	325.651690766	0.2
2671.11046205	200	9.86761186407	0.0	383025	325.651690766	0.2
2671.93684837	200	9.54122554581	0.0	383025	326.386318256	0.2
2672.2635639	200	9.71451001262	0.0	383025	326.71553319	0.2
2672.59027943	200	9.88779447943	0.0	383025	326.71553319	0.2
2673.39584677	200	9.56107894624	0.0	383025	326.71553319	0.2
2673.72220986	200	9.73471585946	0.0	383025	326.363086778	0.2
2674.0484278	200	9.90849791409	0.0	383025	326.217945376	0.2
2674.87433885	200	9.58258686798	0.0	383025	325.911046106	0.2
2675.2002499	200	9.75667582188	0.0	383025	325.911046106	0.2
2675.5226585	200	9.93426722184	0.0	383025	322.408600033	0.2
2676.34487106	200	9.61205466239	0.0	383025	322.212559454	0.2
2676.66536568	200	9.79156003623	0.0	383025	320.494626156	0.2
2676.97865207	200	9.97827364623	0.0	383025	313.286390001	0.2
2677.79193846	200	9.66498725623	0.0	383025	313.286390001	0.2
2678.10680747	200	9.85011825165	0.0	383025	314.869004582	0.2
2678.92188331	200	9.53504240652	0.0	383025	315.07584513	0.2
2679.23816113	200	9.71876458754	0.0	383025	316.277818981	0.2
2679.55464753	200	9.9022781894	0.0	383025	316.486398133	0.2
2680.10527296	200	9.58579179127	0.0	383025	316.486398133	0.2
2680.42499982	200	9.76606493848	0.0	383025	319.726852789	0.2
2680.74480907	200	9.94625568213	0.0	383025	319.809256349	0.2
2681.56512141	200	9.62594334882	0.0	383025	320.31233331	0.2
2681.88543374	200	9.80563101551	0.0	383025	320.31233331	0.2
2682.2055087	200	9.98555605403	0.0	383025	320.074961479	0.2
2683.02416993	200	9.66689482765	0.0	383025	318.66122638	0.2
2683.34283115	200	9.84823360127	0.0	383025	318.66122638	0.2
2684.1607463	200	9.5303184583	0.0	383025	317.915142975	0.2
2684.47764095	200	9.71342380171	0.0	383025	316.894656587	0.2
2684.79454624	200	9.89651851079	0.0	383025	316.905290927	0.2
2685.61145972	200	9.57960503302	0.0	383025	316.913477765	0.2
2685.92814857	200	9.76291618446	0.0	383025	316.68884856	0.2
2686.24481338	200	9.94625137908	0.0	383025	316.664805377	0.2
2686.76182229	200	9.62958657371	0.0	383025	316.664805377	0.2
2687.09733782	200	9.79407104748	0.0	383025	335.515526231	0.2
2687.43285334	200	9.95855552124	0.0	383025	335.515526231	0.2
2688.26836887	200	9.62303999501	0.0	383025	335.515526231	0.2
2688.60304811	200	9.78836075566	0.0	383025	334.679239353	0.2
2688.91662104	200	9.97478782459	0.0	383025	313.572931074	0.2
2689.73019397	200	9.66121489351	0.0	383025	313.572931074	0.2
2690.04720968	200	9.84419918144	0.0	383025	317.015712073	0.2
2690.86764547	200	9.52376339776	0.0	383025	320.435783675	0.2
2691.18942002	200	9.70198884072	0.0	383025	321.774557047	0.2
2691.51877375	200	9.87263512007	0.0	383025	329.353720643	0.2
2692.34812747	200	9.54328139943	0.0	383025	329.353720643	0.2
2692.67748119	200	9.71392767879	0.0	383025	329.353720643	0.2
2693.01929683	200	9.87211203714	0.0	383025	341.815641644	0.2
2693.86487085	200	9.52653801632	0.0	383025	345.574020822	0.2
2694.21044487	200	9.6809639955	0.0	383025	345.574020822	0.2
2694.55601889	200	9.83538997468	0.0	383025	345.574020822	0.2
2694.90159291	200	9.98981595386	0.0	383025	345.574020822	0.2
2695.74716693	200	9.64424193304	0.0	383025	345.574020822	0.2
2696.09274095	200	9.79866791221	0.0	383025	345.574020822	0.2

