4878.9875178621705	400	0.5	0.15994338295932947	181435	159.943382959	-2.7988676591865898
4879.149935577473	400	0.8375822846980672	0.0	184429	162.417715302	0.4
4879.395950850596	600	1.0915670115751464	0.0	285584	246.015273123	0.39999999999999997
4879.729436333963	800	1.258081528207243	0.0	391425	333.485483368	0.6000000000000001
4880.062921817332	800	1.4245960448393398	0.0	391425	333.485483368	0.8
4880.4780181200595	1000	1.5094997421112426	0.0	490176	415.096302728	0.8
4880.912298349532	1000	1.5752195126400423	0.0	513389	434.280229471	1.0
4881.328997113423	1000	1.65852074874893	0.0	497055	416.698763891	1.0
4881.757473894093	1000	1.730043968078105	0.0	520019	428.476780671	1.0
4882.211095381956	1000	1.7764224802161188	0.0	551265	453.621487862	1.0
4882.670403922424	1000	1.8171139397483609	0.0	558332	459.308540468	1.0
4883.117467833691	1000	1.870050028480576	0.0	536970	447.063911268	1.0
4883.584745876391	1000	1.9027719857808998	0.0	536970	467.2780427	1.0
4884.052023919092	1000	1.9354939430812232	0.0	536970	467.2780427	1.0
4884.519301961792	1000	1.968215900381547	0.0	536970	467.2780427	1.0
4884.986580004492	1000	2.0009378576818704	0.0	536970	467.2780427	1.0
4885.322760093333	200	2.164757768840699	0.0	383025	336.180088841	-0.6000000000000001
4885.658940182175	200	2.3285776799995284	0.0	383025	336.180088841	0.2
4885.995120271016	200	2.4923975911583574	0.0	383025	336.180088841	0.2
4886.331300359857	200	2.6562175023171863	0.0	383025	336.180088841	0.2
4886.667480448698	200	2.820037413476015	0.0	383025	336.180088841	0.2
4886.989239853282	200	2.9982780088925542	0.0	383025	321.759404583	0.2
4887.308978255191	200	3.178539606984163	0.0	383025	319.738401908	0.2
4887.628716657099	200	3.358801205075772	0.0	383025	319.738401908	0.2
4887.948455059008	200	3.539062803167381	0.0	383025	319.738401908	0.2
4888.268193460916	200	3.71932440125899	0.0	383025	319.738401908	0.2
4888.587931862825	200	3.899585999350599	0.0	383025	319.738401908	0.2
4888.907670264733	200	4.079847597442208	0.0	383025	319.738401908	0.2
4889.22809036593	200	4.259427496244473	0.0	383025	320.420101198	0.2
4889.548611279437	200	4.4389065827377	0.0	383025	320.520913507	0.2
4889.869132192945	200	4.6183856692309275	0.0	383025	320.520913507	0.2
4890.189653106451	200	4.797864755724155	0.0	383025	320.520913507	0.2
4890.514548692482	200	4.972969169693014	0.0	383025	324.895586031	0.2
4890.842940008358	200	5.144577853817479	0.0	383025	328.391315876	0.2
4891.1713313242335	200	5.316186537941944	0.0	383025	328.391315876	0.2
4891.499722640109	200	5.487795222066409	0.0	383025	328.391315876	0.2
4891.828113955985	200	5.6594039061908745	0.0	383025	328.391315876	0.2
4892.156505271861	200	5.831012590315339	0.0	383025	328.391315876	0.2
4892.484710246206	200	6.002807615969396	0.0	383025	328.204974346	0.2
4892.811511899613	200	6.176005962562701	0.0	383025	326.801653407	0.2
4893.1383135530195	200	6.349204309156005	0.0	383025	326.801653407	0.2
4893.465115206426	200	6.5224026557493096	0.0	383025	326.801653407	0.2
4893.791916859833	200	6.695601002342614	0.0	383025	326.801653407	0.2
4894.118718513239	200	6.8687993489359185	0.0	383025	326.801653407	0.2
4894.445520166646	200	7.041997695529223	0.0	383025	326.801653407	0.2
4894.772321820053	200	7.215196042122527	0.0	383025	326.801653407	0.2
4895.099695691697	200	7.387822170478025	0.0	383025	327.373871645	0.2
4895.427693522706	200	7.559824339468313	0.0	383025	327.99783101	0.2
4895.7556913537155	200	7.731826508458601	0.0	383025	327.99783101	0.2
4896.083689184726	200	7.903828677448889	0.0	383025	327.99783101	0.2
4896.411687015735	200	8.075830846439176	0.0	383025	327.99783101	0.2
4896.739684846744	200	8.247833015429464	0.0	383025	327.99783101	0.2
4897.0676826777535	200	8.419835184419751	0.0	383025	327.99783101	0.2
4897.395680508763	200	8.591837353410039	0.0	383025	327.99783101	0.2
4897.726233732708	200	8.761284129464013	0.0	383025	330.553223946	0.2
4898.059793426857	200	8.927724435315865	0.0	383025	333.559694148	0.2
4898.393353121006	200	9.094164741167715	0.0	383025	333.559694148	0.2
4898.726912815155	200	9.260605047019565	0.0	383025	333.559694148	0.2
4899.0604725093035	200	9.427045352871417	0.0	383025	333.559694148	0.2
4899.394032203451	200	9.593485658723267	0.0	383025	333.559694148	0.2
4899.7275918976	200	9.75992596457512	0.0	383025	333.559694148	0.2
4900.061151591749	200	9.92636627042697	0.0	383025	333.559694148	0.2
4900.894711285898	200	9.592806576278821	0.0	383025	333.559694148	0.2
4901.226975947648	200	9.760541914529446	0.0	383025	332.2646617493751	0.2
4901.557755086223	200	9.929762775954087	0.0	383025	330.779138575	0.2
4902.388534224798	200	9.598983637378728	0.0	383025	330.779138575	0.2
4902.719313363374	200	9.76820449880337	0.0	383025	330.779138575	0.2
4903.050092501949	200	9.93742536022801	0.0	383025	330.779138575	0.2
4903.764168782731	200	9.606646221652651	0.0	383025	330.779138575	0.2
4904.081378474222	200	9.789436530160964	0.0	383025	317.209691492	0.2
4904.3985881657145	200	9.972226838669279	0.0	383025	317.209691492	0.2
4904.840724245589	200	9.655017147177594	0.0	383025	317.209691492	0.2
4905.147266346596	200	9.848475046171007	0.0	383025	306.542101007	0.2
4905.541818923497	200	9.541932945164419	0.0	383025	306.542101007	0.2
4905.848209659936	200	9.735542208723967	0.0	383025	306.39073644	0.2
4906.154600396377	200	9.929151472283513	0.0	383025	306.39073644	0.2
4906.728173779934	200	9.622760735843059	0.0	383025	306.39073644	0.2
4907.044052078409	200	9.806882437368781	0.0	383025	315.878298474	0.2
4907.359930376882	200	9.991004138894501	0.0	383025	315.878298474	0.2
4908.070626255996	200	9.675125840420222	0.0	383025	315.878298474	0.2
4908.381289271795	200	9.864462824621334	0.0	383025	310.663015799	0.2
4908.878095957131	200	9.553799808822447	0.0	383025	310.663015799	0.2
4909.190858511765	200	9.741037254188491	0.0	383025	312.762554634	0.2
4909.5036210664	200	9.928274699554537	0.0	383025	312.762554634	0.2
4910.160814954473	200	9.615512144920581	0.0	383025	312.762554634	0.2
4910.472840408247	200	9.803486691146372	0.0	383025	312.025453774	0.2
4910.784865862021	200	9.991461237372162	0.0	383025	312.025453774	0.2
4911.517398848357	200	9.679435783597954	0.0	383025	312.025453774	0.2
4911.828845690149	200	9.867988941805338	0.0	383025	311.446841793	0.2
4912.639761051961	200	9.557073579993748	0.0	383025	310.9153618115915	0.2
4912.947516472957	200	9.749318158997193	0.0	383025	307.755420997	0.2
4913.255271893954	200	9.94156273800064	0.0	383025	307.755420997	0.2
4914.0653246232405	200	9.631510008713924	0.0	383025	310.05272928671513	0.2
4914.37811489425	200	9.818719737704587	0.0	383025	312.79027100933683	0.2
4915.190969895925	200	9.505864736028572	0.0	383025	312.855001676	0.2
4915.503736052891	200	9.693098579062436	0.0	383025	312.7661569661361	0.2
4915.8127104043815	200	9.884124227572919	0.0	383025	308.97435149	0.2
4916.621684755871	200	9.5751498760834	0.0	383025	308.97435149	0.2
4916.929321446585	200	9.767513185368792	0.0	383025	307.63669071461	0.2
4917.2359943004885	200	9.960840331465834	0.0	383025	306.672853903	0.2
4918.042667154391	200	9.654167477562876	0.0	383025	306.672853903	0.2
4918.359927334566	200	9.836907297387548	0.0	383025	317.2601801753273	0.2
4919.177340436806	200	9.519494195148607	0.0	383025	317.413102239	0.2
4919.494753539046	200	9.702081092909665	0.0	383025	317.413102239	0.2
4919.811723296251	200	9.885111335703446	0.0	383025	316.96975720621987	0.2
4920.62835882194	200	9.568475810014192	0.0	383025	316.635525689	0.2
4920.94499434763	200	9.751840284324937	0.0	383025	316.635525689	0.2
4921.257642627409	200	9.93919200454638	0.0	383025	312.6482797785568	0.2
4921.755854442173	200	9.635461781620652	0.0	383025	303.730222926	0.2
4922.068214028712	200	9.823102195081871	0.0	383025	312.359586539	0.2
4922.88057361525	200	9.510742608543088	0.0	383025	312.359586539	0.2
4923.191604240416	200	9.699711983377032	0.0	383025	311.03062516605684	0.2
4923.499575200622	200	9.891741023171653	0.0	383025	307.970960205	0.2
4924.307546160828	200	9.583770062966273	0.0	383025	307.970960205	0.2
4924.6193204482115	200	9.771995775582115	0.0	383025	311.7742873841594	0.2
4924.933128720893	200	9.958187502900278	0.0	383025	313.808272682	0.2
4925.282501203516	200	9.644379230218442	0.0	383025	313.808272682	0.2
4925.592169325192	200	9.834711108542828	0.0	383025	309.668121676	0.2
4925.9767379573605	200	9.525042986867213	0.0	383025	309.668121676	0.2
4926.294003238677	200	9.70777770555083	0.0	383025	317.265281316	0.2

