717.867983644	400	0.5	0.154203925792	181435	154.203925792	-2.68407851583
718.252754892	1000	0.615228752267	0.0	471531	384.771247733	0.4
718.646198166	1000	0.72178547855	0.0	482442	393.443273717	1.0
719.047333481	1000	0.820650163089	0.0	492120	401.135315461	1.0
719.443550822	1000	0.924432822799	0.0	492120	396.21734029	1.0
719.836165909	1000	1.03181773527	0.0	490176	392.61508753	1.0
720.244879317	1000	1.12310432717	0.0	513389	408.713408101	1.0
720.639883892	1000	1.22809975205	0.0	497055	395.004575118	1.0
721.052675724	1000	1.31530791986	0.0	520019	412.791832188	1.0
721.474467961	1000	1.3935156837	0.0	551265	421.792236158	1.0
721.898967944	1000	1.46901569999	0.0	558332	424.499983718	1.0
722.300538202	1000	1.56744544185	0.0	536970	401.570258136	1.0
722.701212961	1000	1.66677068321	0.0	536970	400.674758643	1.0
723.09652706	1000	1.77145658399	0.0	536970	395.314099219	1.0
723.495117142	1000	1.87286650183	0.0	536970	398.590082162	1.0
723.901645839	1000	1.96633780572	0.0	536970	406.528696107	1.0
724.345499723	1000	2.02248392164	0.0	553424	443.853884078	1.0
724.659504647	200	2.2084789975	0.0	383025	314.004924144	-0.6
724.973509571	200	2.39447407335	0.0	383025	314.004924144	0.2
725.28596229	200	2.58202135456	0.0	383025	312.452718796	0.2
725.596153589	200	2.77183005567	0.0	383025	310.191298887	0.2
725.906344888	200	2.96163875678	0.0	383025	310.191298887	0.2
726.216536186	200	3.1514474579	0.0	383025	310.191298887	0.2
726.511367454	200	3.35661619054	0.0	383025	294.831267355	0.2
726.803329904	200	3.56465374047	0.0	383025	291.962450068	0.2
727.096804037	200	3.771179607	0.0	383025	293.474133477	0.2
727.397040912	200	3.97094273257	0.0	383025	300.236874428	0.2
727.697277786	200	4.17070585814	0.0	383025	300.236874428	0.2
727.99256531	200	4.37541833465	0.0	383025	295.28752349	0.2
728.285387498	200	4.58259614638	0.0	383025	292.822188271	0.2
728.578209686	200	4.78977395811	0.0	383025	292.822188271	0.2
728.879609995	200	4.98837364934	0.0	383025	301.40030877	0.2
729.181862938	200	5.18612070593	0.0	383025	302.252943408	0.2
729.483919325	200	5.38406431966	0.0	383025	302.056386269	0.2
729.780614613	200	5.58736903096	0.0	383025	296.695288699	0.2
730.077309902	200	5.79067374226	0.0	383025	296.695288699	0.2
730.372562224	200	5.99542142013	0.0	383025	295.252322131	0.2
730.66102082	200	6.20696282443	0.0	383025	288.458595706	0.2
730.949479416	200	6.41850422872	0.0	383025	288.458595706	0.2
731.242995586	200	6.62498805832	0.0	383025	293.516170399	0.2
731.536591085	200	6.83139255925	0.0	383025	293.595499071	0.2
731.829603266	200	7.03838037842	0.0	383025	293.012180835	0.2
732.121482847	200	7.24650079721	0.0	383025	291.879581211	0.2
732.413362428	200	7.45462121599	0.0	383025	291.879581211	0.2
732.714681959	200	7.65330168536	0.0	383025	301.319530633	0.2
733.016363744	200	7.85161989998	0.0	383025	301.681785386	0.2
733.319998342	200	8.04798530272	0.0	383025	303.63459726	0.2
733.645153366	200	8.2228302781	0.0	383025	325.155024612	0.2
733.970308391	200	8.39767525349	0.0	383025	325.155024612	0.2
734.295463415	200	8.57252022888	0.0	383025	325.155024612	0.2
734.6243663	200	8.74361734435	0.0	383025	328.902884532	0.2
734.954968494	200	8.91301515033	0.0	383025	330.602194015	0.2
735.285570688	200	9.08241295632	0.0	383025	330.602194015	0.2
735.616172882	200	9.2518107623	0.0	383025	330.602194015	0.2
735.946775076	200	9.42120856829	0.0	383025	330.602194015	0.2
736.27737727	200	9.59060637427	0.0	383025	330.602194015	0.2
736.605899517	200	9.76208412684	0.0	383025	328.522247431	0.2
736.934309614	200	9.93367402998	0.0	383025	328.410096861	0.2
737.671659752	200	9.60526393312	0.0	383025	328.410096861	0.2
737.977539753	200	9.79938393132	0.0	383025	305.880001798	0.2
738.315869619	200	9.96105406574	0.0	383025	338.329865581	0.2
739.16336758	200	9.61355610499	0.0	383025	347.497960747	0.2
739.51086554	200	9.76605814425	0.0	383025	347.497960747	0.2
739.858363501	200	9.9185601835	0.0	383025	347.497960747	0.2
740.705861462	200	9.57106222275	0.0	383025	347.497960747	0.2
741.053359423	200	9.723564262	0.0	383025	347.497960747	0.2
741.400857383	200	9.87606630126	0.0	383025	347.497960747	0.2
742.233990891	200	9.52856834051	0.0	383025	347.497960747	0.2
742.582722858	200	9.67983637416	0.0	383025	348.731966351	0.2
742.931454824	200	9.83110440781	0.0	383025	348.731966351	0.2
743.28018679	200	9.98237244146	0.0	383025	348.731966351	0.2
744.128918757	200	9.63364047511	0.0	383025	348.731966351	0.2
744.477650723	200	9.78490850876	0.0	383025	348.731966351	0.2
744.826382689	200	9.93617654241	0.0	383025	348.731966351	0.2
745.675114656	200	9.58744457605	0.0	383025	348.731966351	0.2
746.023846622	200	9.7387126097	0.0	383025	348.731966351	0.2
746.372920858	200	9.88963837341	0.0	383025	349.07423629	0.2
747.222516592	200	9.54004263979	0.0	383025	349.595733627	0.2
747.572112326	200	9.69044690616	0.0	383025	349.595733627	0.2
747.921708059	200	9.84085117253	0.0	383025	349.595733627	0.2
748.271303793	200	9.99125543891	0.0	383025	349.595733627	0.2
749.120899527	200	9.64165970528	0.0	383025	349.595733627	0.2
749.47049526	200	9.79206397165	0.0	383025	349.595733627	0.2
749.820090994	200	9.94246823803	0.0	383025	349.595733627	0.2
750.381018149	200	9.5928725044	0.0	383025	349.595733627	0.2
750.726895188	200	9.74699546571	0.0	383025	345.877038687	0.2
751.072772226	200	9.90111842703	0.0	383025	345.877038687	0.2
751.918649265	200	9.55524138834	0.0	383025	345.877038687	0.2
752.264526304	200	9.70936434965	0.0	383025	345.877038687	0.2
752.610403342	200	9.86348731097	0.0	383025	345.877038687	0.2
752.982873987	200	9.51761027228	0.0	383025	345.877038687	0.2
753.321826896	200	9.6786573626	0.0	383025	338.952909679	0.2
753.660779806	200	9.83970445292	0.0	383025	338.952909679	0.2
754.083185222	200	9.50075154324	0.0	383025	338.952909679	0.2
754.409920959	200	9.67401580654	0.0	383025	326.735736701	0.2
754.736656696	200	9.84728006984	0.0	383025	326.735736701	0.2
755.563392432	200	9.52054433314	0.0	383025	326.735736701	0.2
755.890142086	200	9.69379467968	0.0	383025	326.749653458	0.2
756.216902257	200	9.86703450813	0.0	383025	326.760171553	0.2
757.043662429	200	9.54027433657	0.0	383025	326.760171553	0.2
757.370533103	200	9.71340366233	0.0	383025	326.870674247	0.2
757.698985078	200	9.88495168787	0.0	383025	328.451974461	0.2
758.527437052	200	9.5564997134	0.0	383025	328.451974461	0.2
758.857399399	200	9.7265373667	0.0	383025	329.962346707	0.2
759.19441642	200	9.8895203454	0.0	383025	337.017021294	0.2
760.031433442	200	9.55250332411	0.0	383025	337.017021294	0.2
760.368450463	200	9.71548630281	0.0	383025	337.017021294	0.2
760.704915887	200	9.87902087823	0.0	383025	336.465424581	0.2
761.539188828	200	9.54474793772	0.0	383025	334.272940514	0.2
761.873461768	200	9.7104749972	0.0	383025	334.272940514	0.2
762.207734709	200	9.87620205669	0.0	383025	334.272940514	0.2
762.984282507	200	9.54192911618	0.0	383025	334.272940514	0.2
763.31708106	200	9.70913056315	0.0	383025	332.798553022	0.2
763.649879613	200	9.87633201013	0.0	383025	332.798553022	0.2
764.163348663	200	9.54353345711	0.0	383025	332.798553022	0.2
764.489860792	200	9.71702132804	0.0	383025	326.512129069	0.2
764.816372921	200	9.89050919897	0.0	383025	326.512129069	0.2
765.64288505	200	9.5639970699	0.0	383025	326.512129069	0.2
765.965218793	200	9.74166332722	0.0	383025	322.333742683	0.2
766.285897666	200	9.92098445456	0.0	383025	320.678872664	0.2

