6005.50062588	400	0.5	0.148060123609	181435	148.060123609	-2.56120247217
6005.86943001	1000	0.631195865487	0.0	471531	368.804134513	0.4
6006.2465367	1000	0.754089176293	0.0	482442	377.106689195	1.0
6006.63452553	1000	0.86610035011	0.0	492120	387.988826183	1.0
6007.03824381	1000	0.962382066767	0.0	492120	403.718283342	1.0
6007.44040681	1000	1.06021907145	0.0	490176	402.162995318	1.0
6007.85270506	1000	1.14792081746	0.0	513389	412.298253994	1.0
6008.24913557	1000	1.25149030411	0.0	497055	396.430513348	1.0
6008.66341922	1000	1.33720665517	0.0	520019	414.283648933	1.0
6009.11110164	1000	1.38952423865	0.0	551265	447.68241652	1.0
6009.57404657	1000	1.42657930521	0.0	558332	462.944933442	1.0
6010.01966166	1000	1.48096422152	0.0	536970	445.615083697	1.0
6010.46463886	1000	1.53598701353	0.0	536970	444.97720799	1.0
6010.90175929	1000	1.59886658928	0.0	536970	437.120424248	1.0
6011.33887971	1000	1.66174616503	0.0	536970	437.120424248	1.0
6011.77600014	1000	1.72462574078	0.0	536970	437.120424248	1.0
6012.22488903	1000	1.77573684438	0.0	553424	448.888896402	1.0
6012.64851632	1000	1.8521095544	0.0	522960	423.627289979	1.0
6013.07348041	1000	1.92714546997	0.0	522960	424.964084434	1.0
6013.50825769	1000	1.99236818971	0.0	532300	434.777280252	1.0
6013.91965666	1000	2.08096922095	0.0	503004	411.398968769	1.0
6014.2377653	200	2.26286058171	0.0	383025	318.108639236	-0.6
6014.55664246	200	2.44398341975	0.0	383025	318.877161961	0.2
6014.87551962	200	2.62510625779	0.0	383025	318.877161961	0.2
6015.19439678	200	2.80622909583	0.0	383025	318.877161961	0.2
6015.5123468	200	2.98827908276	0.0	383025	317.950013072	0.2
6015.82189823	200	3.17872765038	0.0	383025	309.551432376	0.2
6016.13144966	200	3.369176218	0.0	383025	309.551432376	0.2
6016.44100109	200	3.55962478563	0.0	383025	309.551432376	0.2
6016.74716535	200	3.75346052786	0.0	383025	306.164257767	0.2
6017.0451851	200	3.95544077964	0.0	383025	298.019748222	0.2
6017.34320485	200	4.15742103142	0.0	383025	298.019748222	0.2
6017.64068357	200	4.35994230392	0.0	383025	297.478727497	0.2
6017.93550093	200	4.56512495276	0.0	383025	294.817351158	0.2
6018.23031828	200	4.7703076016	0.0	383025	294.817351158	0.2
6018.53772646	200	4.96289941433	0.0	383025	307.408187278	0.2
6018.8502468	200	5.15037908049	0.0	383025	312.520333836	0.2
6019.16276713	200	5.33785874665	0.0	383025	312.520333836	0.2
6019.47528747	200	5.52533841282	0.0	383025	312.520333836	0.2
6019.78775275	200	5.71287313214	0.0	383025	312.465280672	0.2
6020.10018317	200	5.90044270616	0.0	383025	312.430425983	0.2
6020.4126136	200	6.08801228018	0.0	383025	312.430425983	0.2
6020.72504402	200	6.2755818542	0.0	383025	312.430425983	0.2
6021.03235233	200	6.46827354813	0.0	383025	307.30830607	0.2
6021.33914785	200	6.66147802964	0.0	383025	306.795518487	0.2
6021.64594337	200	6.85468251115	0.0	383025	306.795518487	0.2
6021.95449163	200	7.04613424656	0.0	383025	308.548264592	0.2
6022.26705615	200	7.23356973304	0.0	383025	312.564513521	0.2
6022.57962066	200	7.42100521952	0.0	383025	312.564513521	0.2
6022.89218517	200	7.608440706	0.0	383025	312.564513521	0.2
6023.20932153	200	7.79130435218	0.0	383025	317.136353812	0.2
6023.52646364	200	7.97416223738	0.0	383025	317.142114802	0.2
6023.84360576	200	8.15702012258	0.0	383025	317.142114802	0.2
6024.16074787	200	8.33987800778	0.0	383025	317.142114802	0.2
6024.47419885	200	8.52642703049	0.0	383025	313.450977289	0.2
6024.78607586	200	8.71455001976	0.0	383025	311.877010725	0.2
6025.09795287	200	8.90267300904	0.0	383025	311.877010725	0.2
6025.40917523	200	9.09145064914	0.0	383025	311.222359901	0.2
6025.71849446	200	9.2821314138	0.0	383025	309.31923534	0.2
6026.0278137	200	9.47281217846	0.0	383025	309.31923534	0.2
6026.33713294	200	9.66349294311	0.0	383025	309.31923534	0.2
6026.648329	200	9.85229688186	0.0	383025	311.196061253	0.2
6027.1279835	200	9.54035115809	0.0	383025	311.945723774	0.2
6027.43609059	200	9.73224407472	0.0	383025	308.107083371	0.2
6027.74419767	200	9.92413699135	0.0	383025	308.107083371	0.2
6028.48433491	200	9.61602990797	0.0	383025	308.107083371	0.2
6028.79069474	200	9.80967007867	0.0	383025	306.359829309	0.2
6029.1109131	200	9.50375589937	0.0	383025	305.914179293	0.2
6029.41508789	200	9.69958110386	0.0	383025	304.174795517	0.2
6029.71926269	200	9.89540630834	0.0	383025	304.174795517	0.2
6030.46026601	200	9.59123151282	0.0	383025	304.174795517	0.2
6030.77228728	200	9.77921023856	0.0	383025	312.021274258	0.2
6031.08430856	200	9.9671889643	0.0	383025	312.021274258	0.2
6031.89407158	200	9.65742594431	0.0	383025	309.763019992	0.2
6032.19875058	200	9.85274694148	0.0	383025	304.679002828	0.2
6033.01020378	200	9.54129374353	0.0	383025	311.453197956	0.2
6033.32356227	200	9.72793525351	0.0	383025	313.358490022	0.2
6033.63893027	200	9.91256725544	0.0	383025	315.367998069	0.2
6034.14744128	200	9.5960580963	0.0	383025	316.509159142	0.2
6034.46542753	200	9.77807185268	0.0	383025	317.986243619	0.2
6034.78341377	200	9.96008560906	0.0	383025	317.986243619	0.2
6035.24736057	200	9.64209936544	0.0	383025	317.986243619	0.2
6035.56967392	200	9.81978601338	0.0	383025	322.313352054	0.2
6035.89198727	200	9.99747266133	0.0	383025	322.313352054	0.2
6036.71430063	200	9.67515930928	0.0	383025	322.313352054	0.2
6037.03115385	200	9.85830608909	0.0	383025	316.853220186	0.2
6037.84727103	200	9.54218890288	0.0	383025	316.117186208	0.2
6038.16472107	200	9.72473886649	0.0	383025	317.450036392	0.2
6038.48252432	200	9.90693561327	0.0	383025	317.803253217	0.2
6039.04925525	200	9.58913236005	0.0	383025	317.803253217	0.2
6039.38756143	200	9.75082618636	0.0	383025	338.306173691	0.2
6039.7258676	200	9.91252001267	0.0	383025	338.306173691	0.2
6040.56417377	200	9.57421383898	0.0	383025	338.306173691	0.2
6040.90247995	200	9.73590766529	0.0	383025	338.306173691	0.2
6041.24078612	200	9.8976014916	0.0	383025	338.306173691	0.2
6041.93785688	200	9.55929531791	0.0	383025	338.306173691	0.2
6042.25752052	200	9.73963168414	0.0	383025	319.663633772	0.2
6042.57718415	200	9.91996805037	0.0	383025	319.663633772	0.2
6043.35460335	200	9.6003044166	0.0	383025	319.663633772	0.2
6043.67397665	200	9.78093111339	0.0	383025	319.373303203	0.2
6043.99334995	200	9.96155781019	0.0	383025	319.373303203	0.2
6044.60859882	200	9.64218450699	0.0	383025	319.373303203	0.2
6044.92436891	200	9.8264144176	0.0	383025	315.770089392	0.2
6045.45755468	200	9.5106443282	0.0	383025	315.770089392	0.2
6045.77450622	200	9.69369278295	0.0	383025	316.951545253	0.2
6046.09145777	200	9.8767412377	0.0	383025	316.951545253	0.2
6046.8266796	200	9.55978969245	0.0	383025	316.951545253	0.2
6047.14772256	200	9.73874673467	0.0	383025	321.042957771	0.2
6047.46876552	200	9.9177037769	0.0	383025	321.042957771	0.2
6048.22120756	200	9.59666081913	0.0	383025	321.042957771	0.2
6048.54937635	200	9.76849202502	0.0	383025	328.168794111	0.2
6048.87754515	200	9.94032323091	0.0	383025	328.168794111	0.2
6049.33161942	200	9.6121544368	0.0	383025	328.168794111	0.2
6049.66760635	200	9.77616750805	0.0	383025	335.986928746	0.2
6050.00359328	200	9.94018057931	0.0	383025	335.986928746	0.2
6050.8395802	200	9.60419365056	0.0	383025	335.986928746	0.2
6051.17556713	200	9.76820672182	0.0	383025	335.986928746	0.2
6051.51155406	200	9.93221979307	0.0	383025	335.986928746	0.2
6052.34809339	200	9.59568046764	0.0	383025	336.539325429	0.2
6052.68838552	200	9.75538833601	0.0	383025	340.292131634	0.2

