4487.0341709	400	0.5	0.157232845183	181435	157.232845183	-2.74465690367
4487.426814	1000	0.607356900696	0.0	471531	392.643099304	0.4
4487.82831127	1000	0.705859624559	0.0	482442	401.497276137	1.0
4488.23766216	1000	0.796508739826	0.0	492120	409.350884734	1.0
4488.64701304	1000	0.887157855092	0.0	492120	409.350884734	1.0
4489.05478639	1000	0.979384508601	0.0	490176	407.773346491	1.0
4489.48139687	1000	1.05277402465	0.0	513389	426.610483952	1.0
4489.89475247	1000	1.13941843249	0.0	497055	413.355592155	1.0
4490.32674314	1000	1.2074277641	0.0	520019	431.99066839	1.0
4490.78408965	1000	1.25008125213	0.0	551265	457.346511974	1.0
4491.24717096	1000	1.28699993421	0.0	558332	463.08131792	1.0
4491.68465154	1000	1.34951935573	0.0	536970	437.480578477	1.0
4492.11934881	1000	1.41482208424	0.0	536970	434.697271488	1.0
4492.55404609	1000	1.48012481276	0.0	536970	434.697271488	1.0
4492.98876144	1000	1.54540946196	0.0	536970	434.715350795	1.0
4493.42771195	1000	1.60645894837	0.0	536970	438.95051359	1.0
4493.8798065	1000	1.65436440113	0.0	553424	452.094547243	1.0
4494.30756533	1000	1.72660556807	0.0	522960	427.758833058	1.0
4494.73532416	1000	1.79884673501	0.0	522960	427.758833058	1.0
4495.16901142	1000	1.8651594793	0.0	532300	433.687255718	1.0
4495.57780391	1000	1.95636698643	0.0	503004	408.79249287	1.0
4495.96977114	1000	2.06439975595	0.0	481782	391.967230479	1.0
4496.28344168	200	2.25072921937	0.0	383025	313.670536579	-0.6
4496.598825	200	2.43534590389	0.0	383025	315.383315474	0.2
4496.91595898	200	2.61821191502	0.0	383025	317.133988876	0.2
4497.23309297	200	2.80107792614	0.0	383025	317.133988876	0.2
4497.55022696	200	2.98394393727	0.0	383025	317.133988876	0.2
4497.86736095	200	3.16680994839	0.0	383025	317.133988876	0.2
4498.18449494	200	3.34967595951	0.0	383025	317.133988876	0.2
4498.50162893	200	3.53254197064	0.0	383025	317.133988876	0.2
4498.81792796	200	3.71624293494	0.0	383025	316.299035694	0.2
4499.12893059	200	3.90524030947	0.0	383025	311.002625475	0.2
4499.43993322	200	4.09423768399	0.0	383025	311.002625475	0.2
4499.75093584	200	4.28323505852	0.0	383025	311.002625475	0.2
4500.06344365	200	4.47072724423	0.0	383025	312.507814285	0.2
4500.3780708	200	4.65610010334	0.0	383025	314.627140898	0.2
4500.69269794	200	4.84147296244	0.0	383025	314.627140898	0.2
4501.00732508	200	5.02684582154	0.0	383025	314.627140898	0.2
4501.32195222	200	5.21221868064	0.0	383025	314.627140898	0.2
4501.63691102	200	5.39725988047	0.0	383025	314.958800176	0.2
4501.95191285	200	5.58225804744	0.0	383025	315.001833027	0.2
4502.26691468	200	5.76725621441	0.0	383025	315.001833027	0.2
4502.58191652	200	5.95225438139	0.0	383025	315.001833027	0.2
4502.89691835	200	6.13725254836	0.0	383025	315.001833027	0.2
4503.21164795	200	6.32252294908	0.0	383025	314.729599284	0.2
4503.52427622	200	6.50989467451	0.0	383025	312.628274566	0.2
4503.8369045	200	6.69726639994	0.0	383025	312.628274566	0.2
4504.14953277	200	6.88463812538	0.0	383025	312.628274566	0.2
4504.46216105	200	7.07200985081	0.0	383025	312.628274566	0.2
4504.77478932	200	7.25938157624	0.0	383025	312.628274566	0.2
4505.0868082	200	7.44736269831	0.0	383025	312.018877934	0.2
4505.39860002	200	7.63557087625	0.0	383025	311.791822058	0.2
4505.71039184	200	7.82377905419	0.0	383025	311.791822058	0.2
4506.02218367	200	8.01198723214	0.0	383025	311.791822058	0.2
4506.33397549	200	8.20019541008	0.0	383025	311.791822058	0.2
4506.64769662	200	8.38647428347	0.0	383025	313.721126603	0.2
4506.96293718	200	8.57123372147	0.0	383025	315.240562	0.2
4507.27817774	200	8.75599315947	0.0	383025	315.240562	0.2
4507.5934183	200	8.94075259747	0.0	383025	315.240562	0.2
4507.90865886	200	9.12551203547	0.0	383025	315.240562	0.2
4508.22347633	200	9.31069456885	0.0	383025	314.817466623	0.2
4508.53823313	200	9.49593776929	0.0	383025	314.75679956	0.2
4508.85298993	200	9.68118096973	0.0	383025	314.75679956	0.2
4509.16774673	200	9.86642417017	0.0	383025	314.75679956	0.2
4509.69806899	200	9.55166737061	0.0	383025	314.75679956	0.2
4510.00830829	200	9.74142807667	0.0	383025	310.239293936	0.2
4510.31854758	200	9.93118878274	0.0	383025	310.239293936	0.2
4510.85507012	200	9.6209494888	0.0	383025	310.239293936	0.2
4511.1664027	200	9.80961690659	0.0	383025	311.332582207	0.2
4511.47773528	200	9.99828432439	0.0	383025	311.332582207	0.2
4511.87934889	200	9.68695174218	0.0	383025	311.332582207	0.2
4512.19292154	200	9.8733790919	0.0	383025	313.572650285	0.2
4513.00649419	200	9.55980644161	0.0	383025	313.572650285	0.2
4513.32108345	200	9.74521718247	0.0	383025	314.589259139	0.2
4513.63701195	200	9.92928867888	0.0	383025	315.928503593	0.2
4514.45294046	200	9.61336017529	0.0	383025	315.928503593	0.2
4514.76886896	200	9.79743167169	0.0	383025	315.928503593	0.2
4515.08605143	200	9.98024920512	0.0	383025	317.182466576	0.2
4515.90560827	200	9.6606923647	0.0	383025	319.556840418	0.2
4516.22516511	200	9.84113552428	0.0	383025	319.556840418	0.2
4516.77037597	200	9.52157868386	0.0	383025	319.556840418	0.2
4517.09185666	200	9.7000979909	0.0	383025	321.480692959	0.2
4517.41333735	200	9.87861729795	0.0	383025	321.480692959	0.2
4518.23481805	200	9.55713660499	0.0	383025	321.480692959	0.2
4518.55629874	200	9.73565591203	0.0	383025	321.480692959	0.2
4518.88076623	200	9.91118841826	0.0	383025	324.467493768	0.2
4519.70795246	200	9.58400219057	0.0	383025	327.186227689	0.2
4520.03513869	200	9.75681596288	0.0	383025	327.186227689	0.2
4520.36232492	200	9.92962973519	0.0	383025	327.186227689	0.2
4520.99430034	200	9.6024435075	0.0	383025	327.186227689	0.2
4521.30928691	200	9.78745693969	0.0	383025	314.986567811	0.2
4521.62427347	200	9.97247037188	0.0	383025	314.986567811	0.2
4522.43926004	200	9.65748380407	0.0	383025	314.986567811	0.2
4522.75558207	200	9.8411617763	0.0	383025	316.322027765	0.2
4523.57246538	200	9.524278469	0.0	383025	316.883307307	0.2
4523.88555727	200	9.71118657696	0.0	383025	313.091892036	0.2
4524.19516117	200	9.90158267469	0.0	383025	309.603902274	0.2
4524.61001913	200	9.59197877241	0.0	383025	309.603902274	0.2
4524.92436259	200	9.77763531171	0.0	383025	314.343460699	0.2
4525.23870605	200	9.96329185101	0.0	383025	314.343460699	0.2
4526.05304951	200	9.64894839031	0.0	383025	314.343460699	0.2
4526.36592994	200	9.83606796359	0.0	383025	312.880426727	0.2
4527.1778353	200	9.52416260291	0.0	383025	311.905360679	0.2
4527.48974066	200	9.71225724223	0.0	383025	311.905360679	0.2
4527.80164602	200	9.90035188155	0.0	383025	311.905360679	0.2
4528.61862882	200	9.58336908233	0.0	383025	316.982799218	0.2
4528.93669571	200	9.76530218581	0.0	383025	318.066896524	0.2
4529.25476261	200	9.94723528928	0.0	383025	318.066896524	0.2
4529.92089381	200	9.62916839276	0.0	383025	318.066896524	0.2
4530.23846367	200	9.81159852673	0.0	383025	317.569866032	0.2
4530.55603354	200	9.9940286607	0.0	383025	317.569866032	0.2
4531.3736034	200	9.67645879466	0.0	383025	317.569866032	0.2
4531.69219037	200	9.85787183206	0.0	383025	318.586962606	0.2
4532.51080878	200	9.53925341645	0.0	383025	318.618415607	0.2
4532.82365787	200	9.72640432822	0.0	383025	312.849088231	0.2
4533.13441866	200	9.91564353469	0.0	383025	310.760793529	0.2
4533.94517946	200	9.60488274116	0.0	383025	310.760793529	0.2
4534.2559862	200	9.79407600345	0.0	383025	310.806737713	0.2
4534.57118896	200	9.97887324235	0.0	383025	315.202761097	0.2
4535.38639172	200	9.66367048126	0.0	383025	315.202761097	0.2

