3563.80584529	400	0.5	0.14639340616	181435	146.39340616	-2.5278681232
3564.1703178	1000	0.635527493592	0.0	471531	364.472506408	0.4
3564.54091852	1000	0.764926769415	0.0	482442	370.600724177	1.0
3564.91214235	1000	0.893702937739	0.0	492120	371.223831677	1.0
3565.27584993	1000	1.02999536374	0.0	492120	363.707573995	1.0
3565.6359754	1000	1.16986989023	0.0	490176	360.125473514	1.0
3566.01792928	1000	1.28791600913	0.0	513389	381.953881101	1.0
3566.39818699	1000	1.40765829837	0.0	497055	380.257710762	1.0
3566.79368544	1000	1.51215984779	0.0	520019	395.498450573	1.0
3567.22844642	1000	1.57739887419	0.0	551265	434.760973606	1.0
3567.6875802	1000	1.61826509185	0.0	558332	459.133782335	1.0
3568.16291927	1000	1.64292602348	0.0	536970	475.339068377	1.0
3568.63825834	1000	1.6675869551	0.0	536970	475.339068377	1.0
3569.10550588	1000	1.70033941322	0.0	536970	467.247541881	1.0
3569.56602941	1000	1.73981588265	0.0	536970	460.523530563	1.0
3570.0234152	1000	1.78243009106	0.0	536970	457.385791594	1.0
3570.49228916	1000	1.81355612804	0.0	553424	468.873963019	1.0
3570.93409006	1000	1.87175522769	0.0	522960	441.800900347	1.0
3571.37374436	1000	1.93210093098	0.0	522960	439.654296711	1.0
3571.81471994	1000	1.9911253496	0.0	532300	440.975581387	1.0
3572.23036534	1000	2.07547994747	0.0	503004	415.64540213	1.0
3572.54740726	200	2.25843802977	0.0	383025	317.041917694	-0.6
3572.86408204	200	2.44176325448	0.0	383025	316.674775294	0.2
3573.17993731	200	2.62590798366	0.0	383025	315.855270816	0.2
3573.49579258	200	2.81005271285	0.0	383025	315.855270816	0.2
3573.81134222	200	2.99450306911	0.0	383025	315.549643732	0.2
3574.1269224	200	3.17892289287	0.0	383025	315.580176244	0.2
3574.44430191	200	3.36154337852	0.0	383025	317.379514348	0.2
3574.76168143	200	3.54416386417	0.0	383025	317.379514348	0.2
3575.07852958	200	3.7273157163	0.0	383025	316.848147873	0.2
3575.39519774	200	3.91064754691	0.0	383025	316.668169394	0.2
3575.70291654	200	4.10292875202	0.0	383025	307.718794884	0.2
3576.00666424	200	4.29918104776	0.0	383025	303.747704259	0.2
3576.31282528	200	4.49302001245	0.0	383025	306.161035319	0.2
3576.62086665	200	4.68497864541	0.0	383025	308.041367037	0.2
3576.9391706	200	4.86667469347	0.0	383025	318.303951937	0.2
3577.25747455	200	5.04837074153	0.0	383025	318.303951937	0.2
3577.57913463	200	5.2267106658	0.0	383025	321.660075737	0.2
3577.90299177	200	5.40285352428	0.0	383025	323.857141516	0.2
3578.22785119	200	5.57799410519	0.0	383025	324.859419095	0.2
3578.55273167	200	5.75311362223	0.0	383025	324.880482956	0.2
3578.87119731	200	5.93464798262	0.0	383025	318.465639611	0.2
3579.18906812	200	6.11677717149	0.0	383025	317.870811131	0.2
3579.50662319	200	6.29922209817	0.0	383025	317.555073319	0.2
3579.82400179	200	6.48184350401	0.0	383025	317.378594162	0.2
3580.14129782	200	6.6645474763	0.0	383025	317.296027701	0.2
3580.4582666	200	6.84757869636	0.0	383025	316.968779944	0.2
3580.77523538	200	7.03060991642	0.0	383025	316.968779944	0.2
3581.09405272	200	7.21179256686	0.0	383025	318.817349552	0.2
3581.41289582	200	7.39294947115	0.0	383025	318.843095715	0.2
3581.72548989	200	7.5803553992	0.0	383025	312.594071951	0.2
3582.03377834	200	7.77206695006	0.0	383025	308.288449133	0.2
3582.3379789	200	7.9678663896	0.0	383025	304.200560468	0.2
3582.6432766	200	8.16256869598	0.0	383025	305.297693614	0.2
3582.95503148	200	8.35081381277	0.0	383025	311.754883216	0.2
3583.26678636	200	8.53905892955	0.0	383025	311.754883216	0.2
3583.58039694	200	8.72544835197	0.0	383025	313.610577581	0.2
3583.89439987	200	8.91144541946	0.0	383025	314.002932505	0.2
3584.21279865	200	9.09304664634	0.0	383025	318.398773122	0.2
3584.5319622	200	9.27388308846	0.0	383025	319.16355788	0.2
3584.84888143	200	9.45696386144	0.0	383025	316.919227022	0.2
3585.16549095	200	9.6403543407	0.0	383025	316.609520745	0.2
3585.48151243	200	9.8243328581	0.0	383025	316.021482597	0.2
3586.14501251	200	9.50861304553	0.0	383025	315.719812573	0.2
3586.46938473	200	9.68424082775	0.0	383025	324.372217777	0.2
3586.79656275	200	9.85706280611	0.0	383025	327.178021642	0.2
3587.2511984	200	9.52441020051	0.0	383025	332.652605602	0.2
3587.57183132	200	9.70377728008	0.0	383025	320.632920426	0.2
3587.8916365	200	9.88397209585	0.0	383025	319.80518423	0.2
3588.39566626	200	9.56816784441	0.0	383025	315.804251437	0.2
3588.72758105	200	9.73625305466	0.0	383025	331.91478975	0.2
3589.05906348	200	9.90477062065	0.0	383025	331.482434007	0.2
3589.47142501	200	9.58440124506	0.0	383025	320.369375592	0.2
3589.79210924	200	9.76371701464	0.0	383025	320.684230423	0.2
3590.11365719	200	9.94216906779	0.0	383025	321.547946854	0.2
3590.49568808	200	9.6182657698	0.0	383025	323.903297983	0.2
3590.79561866	200	9.81833519791	0.0	383025	299.930571889	0.2
3591.60594111	200	9.50801274724	0.0	383025	310.322450669	0.2
3591.94278973	200	9.67116412204	0.0	383025	336.848625208	0.2
3592.29083001	200	9.82312384102	0.0	383025	348.040281012	0.2
3592.63887029	200	9.97508356001	0.0	383025	348.040281012	0.2
3593.48513815	200	9.62881570155	0.0	383025	346.267858464	0.2
3593.81020441	200	9.80374944964	0.0	383025	325.066251904	0.2
3594.12828716	200	9.98566669388	0.0	383025	318.082755767	0.2
3594.9151793	200	9.66758393811	0.0	383025	318.082755767	0.2
3595.24889944	200	9.83386379772	0.0	383025	333.720140389	0.2
3595.62137049	200	9.50389306589	0.0	383025	329.97073183	0.2
3595.94500543	200	9.680258128	0.0	383025	323.63493789	0.2
3596.26864037	200	9.85662319011	0.0	383025	323.63493789	0.2
3596.61401728	200	9.53881980945	0.0	383025	317.803380659	0.2
3596.94703631	200	9.70580077727	0.0	383025	333.019032184	0.2
3597.28005534	200	9.87278174509	0.0	383025	333.019032184	0.2
3598.1057484	200	9.54708868354	0.0	383025	325.693061547	0.2
3598.42446922	200	9.72836786649	0.0	383025	318.720817047	0.2
3598.7431825	200	9.90965458451	0.0	383025	318.713281982	0.2
3599.07806602	200	9.5805821665	0.0	383025	329.072418012	0.2
3599.40327524	200	9.75537294251	0.0	383025	325.209223992	0.2
3599.72848447	200	9.93016371851	0.0	383025	325.209223992	0.2
3600.55118887	200	9.60745931882	0.0	383025	322.704399694	0.2
3600.86462946	200	9.79401871998	0.0	383025	313.440598842	0.2
3601.17660734	200	9.98204084933	0.0	383025	311.977870641	0.2
3601.98709061	200	9.67155757793	0.0	383025	310.483271403	0.2
3602.2993928	200	9.85925538519	0.0	383025	312.302192746	0.2
3602.80101616	200	9.5370126619	0.0	383025	322.242723288	0.2
3603.12227117	200	9.715757653	0.0	383025	321.255008896	0.2
3603.4427671	200	9.8952617249	0.0	383025	320.495928105	0.2
3604.08964812	200	9.57738701581	0.0	383025	317.874709087	0.2
3604.41846709	200	9.74856804501	0.0	383025	328.818970798	0.2
3604.7457512	200	9.92128393729	0.0	383025	327.284107724	0.2
3605.57303531	200	9.59399982956	0.0	383025	327.284107724	0.2
3605.90031942	200	9.76671572184	0.0	383025	327.284107724	0.2
3606.22062054	200	9.94641459384	0.0	383025	320.301128004	0.2
3606.76081043	200	9.66630898156	0.0	383025	280.10561228	0.2
3607.07341595	200	9.8537034604	0.0	383025	312.605521159	0.2
3607.40878566	200	9.52236356422	0.0	383025	331.33989618	0.2
3607.7356949	200	9.69545432137	0.0	383025	326.909242849	0.2
3608.06260414	200	9.86854507852	0.0	383025	326.909242849	0.2
3608.88131319	200	9.54983603152	0.0	383025	318.709046996	0.2
3609.19647017	200	9.73467904858	0.0	383025	315.156982945	0.2
3609.51122476	200	9.91992446536	0.0	383025	314.754583217	0.2

