1130.9163549429388	400	0.5	0.14472184687480935	181435	144.721846875	-2.4944369374961872
1131.0632999397546	400	0.8530550031842025	0.0	184429	146.944996816	0.4
1131.2853560695967	600	1.1309988733421346	0.0	285584	222.056129842	0.39999999999999997
1131.5860028517113	800	1.3303520912274804	0.0	391425	300.646782115	0.6000000000000001
1131.8882448603297	800	1.5281100826091958	0.0	391425	302.242008618	0.8
1132.2625918901526	1000	1.6537630527862177	0.0	490176	374.347029823	0.8
1132.6523669039248	1000	1.7639880390138083	0.0	513389	389.775013772	1.0
1133.0377902527189	1000	1.8785646902199022	0.0	497055	385.423348794	1.0
1133.4472797778105	1000	1.9690751651283562	0.0	520019	409.489525092	1.0
1133.8946274290918	1000	2.0217275138468986	0.0	551265	447.347651281	1.0
1134.2085013992007	200	2.2078535437380027	0.0	383025	313.873970109	-0.6000000000000001
1134.5286334154732	200	2.387721527465592	0.0	383025	320.132016272	0.2
1134.8515310047733	200	2.5648239381655578	0.0	383025	322.8975893	0.2
1135.1716665814183	200	2.7446883615203967	0.0	383025	320.135576645	0.2
1135.4781948256339	200	2.9381601173047582	0.0	383025	306.528244216	0.2
1135.7842483265365	200	3.1321066164021403	0.0	383025	306.053500903	0.2
1136.0888505234618	200	3.3275044194768144	0.0	383025	304.602196925	0.2
1136.3934527203871	200	3.522902222551488	0.0	383025	304.602196925	0.2
1136.6937015206677	200	3.7226534222710206	0.0	383025	300.24880028	0.2
1136.9930991449671	200	3.923255797971672	0.0	383025	299.397624299	0.2
1137.2962597185344	200	4.120095224404282	0.0	383025	303.160573567	0.2
1137.6020307732256	200	4.3143241697133075	0.0	383025	305.771054691	0.2
1137.9079465085426	200	4.508408434396222	0.0	383025	305.915735317	0.2
1138.2143642778476	200	4.701990665091374	0.0	383025	306.417769305	0.2
1138.5208134017878	200	4.895541541151068	0.0	383025	306.44912394	0.2
1138.8273655777602	200	5.088989365178772	0.0	383025	306.552175972	0.2
1139.1339177537325	200	5.282437189206477	0.0	383025	306.552175972	0.2
1139.4353037820115	200	5.481051160927576	0.0	383025	301.386028279	0.2
1139.7351610877124	200	5.681193855226458	0.0	383025	299.857305701	0.2
1140.0348924234152	200	5.881462519523879	0.0	383025	299.731335703	0.2
1140.334560917861	200	6.081794025078194	0.0	383025	299.668494446	0.2
1140.6348427111302	200	6.281512231808907	0.0	383025	300.281793269	0.2
1140.9359602985246	200	6.480394644414309	0.0	383025	301.117587395	0.2
1141.2370859186526	200	6.6792690242863415	0.0	383025	301.125620128	0.2
1141.5382195841087	200	6.878135358830317	0.0	383025	301.133665456	0.2
1141.839076115813	200	7.077278827126068	0.0	383025	300.856531704	0.2
1142.1391716613912	200	7.277183281547773	0.0	383025	300.095545578	0.2
1142.4364328717986	200	7.479922071140408	0.0	383025	297.261210407	0.2
1142.7259373459817	200	7.690417596957075	0.0	383025	289.504474183	0.2
1143.0151211354853	200	7.9012338074534965	0.0	383025	289.183789504	0.2
1143.3035561172787	200	8.112798825660063	0.0	383025	288.434981793	0.2
1143.6153517700138	200	8.301003172924945	0.0	383025	311.795652735	0.2
1143.9333043090157	200	8.483050633923202	0.0	383025	317.952539002	0.2
1144.2512568480174	200	8.665098094921458	0.0	383025	317.952539002	0.2
1144.567917651614	200	8.848437291325082	0.0	383025	316.660803596	0.2
1144.883891920385	200	9.03246302255407	0.0	383025	315.974268771	0.2
1145.1980187352472	200	9.218336207691824	0.0	383025	314.126814862	0.2
1145.5058097599558	200	9.410545182983142	0.0	383025	307.791024709	0.2
1145.7880937876046	200	9.628261155334577	0.0	383025	282.284027649	0.2
1146.0694388034947	200	9.846916139444449	0.0	383025	281.34501589	0.2
1146.6560504748174	200	9.567513162248254	0.0	383025	279.402977196	0.2
1146.9577059634842	200	9.765857673581445	0.0	383025	301.655488667	0.2
1147.2615523285829	200	9.962011308482925	0.0	383025	303.8463650985217	0.2
1147.9822979719906	200	9.657993770274963	0.0	383025	304.017538208	0.2
1148.2811959996604	200	9.859095742605023	0.0	383025	298.8980276699397	0.2
1148.9527519045116	200	9.561130913864407	0.0	383025	297.964828741	0.2
1149.2448393727486	200	9.769043445627199	0.0	383025	292.08746823720725	0.2
1149.5418033318256	200	9.972079486550328	0.0	383025	296.963959077	0.2
1149.8983661657649	200	9.675119283142935	0.0	383025	296.960203407393	0.2
1150.2020406226945	200	9.871444826213128	0.0	383025	303.67445693	0.2
1150.9926665381158	200	9.56777036928332	0.0	383025	303.67445693	0.2
1151.3022107526633	200	9.758226154735862	0.0	383025	309.54421454745943	0.2
1151.6137154105047	200	9.946721496894371	0.0	383025	311.504657841	0.2
1152.3147250570682	200	9.635216839052882	0.0	383025	311.504657841	0.2
1152.6207131148687	200	9.82922878125238	0.0	383025	305.98805780050105	0.2
1153.139122858932	200	9.527770437282042	0.0	383025	301.45834397	0.2
1153.439028056528	200	9.727865239686162	0.0	383025	299.905197596	0.2
1153.7496893490913	200	9.917203947122811	0.0	383025	310.66129256335125	0.2
1154.3104105108832	200	9.600602368552954	0.0	383025	316.60157857	0.2
1154.659525746508	200	9.751487132928062	0.0	383025	349.115235625	0.2
1155.0086409821329	200	9.902371897303173	0.0	383025	349.115235625	0.2
1155.6892214410543	200	9.553256661678281	0.0	383025	349.115235625	0.2
1156.0261111918396	200	9.716366910892969	0.0	383025	336.889750785	0.2
1156.3599633981487	200	9.882514704583775	0.0	383025	333.8522063091936	0.2
1156.7196044092964	200	9.57379777970552	0.0	383025	308.716924878	0.2
1157.020521233613	200	9.772880955388905	0.0	383025	300.916824317	0.2
1157.3213949778656	200	9.972007211136217	0.0	383025	300.87374425268644	0.2
1157.8039785651329	200	9.672072740121695	0.0	383025	299.934471015	0.2
1158.1018059709136	200	9.874245334341134	0.0	383025	297.827405781	0.2
1158.4711889140956	200	9.574792095166954	0.0	383025	299.4532391741817	0.2
1158.7740832310649	200	9.771897778197554	0.0	383025	302.894316969	0.2
1159.0769775480344	200	9.969003461228155	0.0	383025	302.894316969	0.2
1159.5300775685344	200	9.665312643801576	0.0	383025	303.69081742658	0.2
1159.850595434298	200	9.84479477803782	0.0	383025	320.517865764	0.2
1160.671648829845	200	9.52374138249095	0.0	383025	321.05339554686896	0.2
1161.0003003271686	200	9.695089885167468	0.0	383025	328.651497323	0.2
1161.3345292616484	200	9.86086095068757	0.0	383025	334.22893447989804	0.2
1162.1717136454354	200	9.523676566900573	0.0	383025	337.184383787	0.2
1162.5136970423273	200	9.681693170008586	0.0	383025	341.98339689198735	0.2
1162.8572068656254	200	9.838183346710409	0.0	383025	343.509823298	0.2
1163.2007166889236	200	9.99467352341223	0.0	383025	343.509823298	0.2
1164.0451593871526	200	9.650230825183202	0.0	383025	344.44269822902834	0.2
1164.3911872400718	200	9.804202972264044	0.0	383025	346.027852919	0.2
1164.7370362481574	200	9.958353964178436	0.0	383025	345.8490080856076	0.2
1165.5814197155971	200	9.61397049673882	0.0	383025	344.38346744	0.2
1165.9258031830366	200	9.769587029299206	0.0	383025	344.38346744	0.2
1166.2742267523893	200	9.921163459946602	0.0	383025	348.42356935260455	0.2
1167.1227099728947	200	9.572680239441011	0.0	383025	348.483220506	0.2
1167.4825097635726	200	9.712880448763054	0.0	383025	359.79979067795864	0.2
1167.8462827666115	200	9.849107445724192	0.0	383025	363.773003039	0.2
1168.2100557696506	200	9.98533444268533	0.0	383025	363.773003039	0.2
1169.0738287726895	200	9.62156143964647	0.0	383025	363.773003039	0.2
1169.4376017757284	200	9.757788436607608	0.0	383025	363.773003039	0.2
1169.8051450097907	200	9.890245202545254	0.0	383025	367.54323406235636	0.2
1170.6777683690675	200	9.517621843268511	0.0	383025	372.623359277	0.2
1171.050391728344	200	9.644998483991769	0.0	383025	372.623359277	0.2
1171.4230150876208	200	9.772375124715026	0.0	383025	372.623359277	0.2
1171.7956384468976	200	9.899751765438285	0.0	383025	372.623359277	0.2
1172.668261806174	200	9.527128406161543	0.0	383025	372.623359277	0.2
1173.003635945733	200	9.691754266602606	0.0	383025	335.3741395589365	0.2
1173.3297167452931	200	9.865673467042647	0.0	383025	326.08079956	0.2
1174.0096569435032	200	9.5452276150539	0.0	383025	320.4458519887463	0.2
1174.3527425686423	200	9.702141989914509	0.0	383025	343.085625139	0.2
1174.6958281937816	200	9.85905636477512	0.0	383025	343.085625139	0.2
1175.33766485936	200	9.515970739635728	0.0	383025	343.085625139	0.2
1175.7104203286647	200	9.64321527033129	0.0	383025	372.755469304	0.2
1176.083175797969	200	9.77045980102685	0.0	383025	372.755469304	0.2
1176.4559312672736	200	9.897704331722412	0.0	383025	372.755469304	0.2
1177.3286867365782	200	9.524948862417974	0.0	383025	372.755469304	0.2
1177.7014422058826	200	9.652193393113535	0.0	383025	372.755469304	0.2

