97.1045881692	400	0.5	0.161770496367	181435	161.770496367	-2.83540992734
97.5090241596	1000	0.595564009576	0.0	471531	404.435990424	0.4
97.9225872087	1000	0.682000960504	0.0	482442	413.563049072	1.0
98.3424594343	1000	0.76212873486	0.0	492120	419.872225645	1.0
98.7606679935	1000	0.843920175715	0.0	492120	418.208559144	1.0
99.1750102566	1000	0.929577912601	0.0	490176	414.342263114	1.0
99.6105471497	1000	0.994041019467	0.0	513389	435.536893134	1.0
100.035953406	1000	1.06863476334	0.0	497055	425.406256127	1.0
100.466095182	1000	1.1384929874	0.0	520019	430.141775943	1.0
100.913659598	1000	1.19092857145	0.0	551265	447.564415949	1.0
101.352318558	1000	1.25226961168	0.0	558332	438.658959766	1.0
101.765136857	1000	1.33945131262	0.0	536970	412.818299065	1.0
102.176162184	1000	1.42842598522	0.0	536970	411.025327393	1.0
102.588828867	1000	1.51575930181	0.0	536970	412.666683411	1.0
103.004309922	1000	1.60027824741	0.0	536970	415.481054403	1.0
103.417552024	1000	1.68703614525	0.0	536970	413.242102163	1.0
103.840833858	1000	1.76375431113	0.0	553424	423.281834121	1.0
104.239437085	1000	1.86515108399	0.0	522960	398.603227135	1.0
104.632204847	1000	1.9723833223	0.0	522960	392.767761695	1.0
105.029840079	1000	2.07474809046	0.0	532300	397.635231838	1.0
105.320472549	200	2.28411562017	0.0	383025	290.632470288	-0.6
105.624021924	200	2.48056624543	0.0	383025	303.549374734	0.2
105.928155053	200	2.67643311621	0.0	383025	304.133129225	0.2
106.236635162	200	2.86795300681	0.0	383025	308.480109398	0.2
106.542917288	200	3.06167088103	0.0	383025	306.282125784	0.2
106.844984203	200	3.25960396604	0.0	383025	302.066914991	0.2
107.14668831	200	3.45789985952	0.0	383025	301.704106512	0.2
107.447738619	200	3.65684954986	0.0	383025	301.050309665	0.2
107.754986545	200	3.84960162443	0.0	383025	307.24792543	0.2
108.066287489	200	4.03830067982	0.0	383025	311.300944611	0.2
108.377956093	200	4.22663207605	0.0	383025	311.668603769	0.2
108.689929342	200	4.41465882722	0.0	383025	311.973248826	0.2
109.004130228	200	4.60045794074	0.0	383025	314.200886483	0.2
109.318430431	200	4.78615773858	0.0	383025	314.30020216	0.2
109.635115273	200	4.96947289644	0.0	383025	316.684842139	0.2
109.953172486	200	5.15141568309	0.0	383025	318.057213355	0.2
110.272774845	200	5.33181332403	0.0	383025	319.602359054	0.2
110.59938451	200	5.50520365872	0.0	383025	326.609665314	0.2
110.940777653	200	5.66381051599	0.0	383025	341.39314273	0.2
111.282170796	200	5.82241737326	0.0	383025	341.39314273	0.2
111.639595669	200	5.96499249977	0.0	383025	357.424873493	0.2
112.012104003	200	6.09248416605	0.0	383025	372.508333721	0.2
112.384612337	200	6.21997583233	0.0	383025	372.508333721	0.2
112.757120671	200	6.3474674986	0.0	383025	372.508333721	0.2
113.129629004	200	6.47495916488	0.0	383025	372.508333721	0.2
113.482277964	200	6.62231020491	0.0	383025	352.648959971	0.2
113.806573018	200	6.79801515091	0.0	383025	324.295053999	0.2
114.129009448	200	6.97557872141	0.0	383025	322.436429505	0.2
114.441147318	200	7.16344085102	0.0	383025	312.137870388	0.2
114.753114579	200	7.35147359029	0.0	383025	311.967260726	0.2
115.063560562	200	7.54102760683	0.0	383025	310.445983469	0.2
115.373985807	200	7.73060236243	0.0	383025	310.425244394	0.2
115.684404838	200	7.92018333084	0.0	383025	310.419031594	0.2
115.990581265	200	8.11400690439	0.0	383025	306.176426452	0.2
116.292615385	200	8.31197278389	0.0	383025	302.0341205	0.2
116.594826811	200	8.5097613583	0.0	383025	302.211425586	0.2
116.897285936	200	8.70730223273	0.0	383025	302.459125572	0.2
117.206681821	200	8.89790634841	0.0	383025	309.395884314	0.2
117.519442807	200	9.08514536183	0.0	383025	312.760986582	0.2
117.832630612	200	9.27195755713	0.0	383025	313.187804702	0.2
118.14588979	200	9.45869837943	0.0	383025	313.259177696	0.2
118.45961055	200	9.64497761914	0.0	383025	313.720760297	0.2
118.773488198	200	9.83109997104	0.0	383025	313.8776481	0.2
119.174569137	200	9.53089483101	0.0	383025	300.205140027	0.2
119.464740817	200	9.74072315059	0.0	383025	290.171680415	0.2
119.759077756	200	9.94638621187	0.0	383025	294.336938724	0.2
120.527011276	200	9.65011165141	0.0	383025	296.274560462	0.2
120.822740216	200	9.85438271155	0.0	383025	295.72893986	0.2
121.618384901	200	9.55873802612	0.0	383025	295.644685433	0.2
121.930956615	200	9.74616631289	0.0	383025	312.571713222	0.2
122.246099539	200	9.93102338835	0.0	383025	315.142924542	0.2
122.637714229	200	9.61558959741	0.0	383025	315.433790939	0.2
122.952109121	200	9.80119470534	0.0	383025	314.394892074	0.2
123.268288793	200	9.98501503361	0.0	383025	316.179671724	0.2
123.76055787	200	9.66225826467	0.0	383025	322.756768942	0.2
124.082298509	200	9.84051762571	0.0	383025	321.740638964	0.2
124.902318014	200	9.52049812049	0.0	383025	320.019505222	0.2
125.220823063	200	9.70199307114	0.0	383025	318.505049348	0.2
125.5394843	200	9.88333183418	0.0	383025	318.661236961	0.2
125.922738352	200	9.56592413	0.0	383025	317.407704172	0.2
126.234794655	200	9.7538678266	0.0	383025	312.056303407	0.2
126.547571904	200	9.94109057791	0.0	383025	312.777248691	0.2
127.117205831	200	9.62661354957	0.0	383025	314.477028336	0.2
127.431409015	200	9.81241036539	0.0	383025	314.203184183	0.2
127.919536173	200	9.50802690946	0.0	383025	304.383455928	0.2
128.219699848	200	9.70786323369	0.0	383025	300.163675774	0.2
128.521693215	200	9.90586986696	0.0	383025	301.993366726	0.2
129.312457452	200	9.60343803466	0.0	383025	302.431832305	0.2
129.600170765	200	9.81572472143	0.0	383025	287.713313222	0.2
129.891346239	200	9.52815986247	0.0	383025	287.564858964	0.2
130.198353967	200	9.72115213398	0.0	383025	307.007728492	0.2
130.505266384	200	9.9142397172	0.0	383025	306.912416779	0.2
131.315931794	200	9.60357430753	0.0	383025	310.665409674	0.2
131.632154338	200	9.78735176373	0.0	383025	316.222543799	0.2
131.950029267	200	9.96947683409	0.0	383025	317.874929638	0.2
132.770054371	200	9.64945173036	0.0	383025	320.025103727	0.2
133.093348549	200	9.82615755202	0.0	383025	323.294178338	0.2
133.557549572	200	9.50186353191	0.0	383025	324.29402011	0.2
133.872906176	200	9.68650692783	0.0	383025	315.356604086	0.2
134.18826278	200	9.87115032374	0.0	383025	315.356604086	0.2
135.003619384	200	9.55579371966	0.0	383025	315.356604086	0.2
135.321116563	200	9.73829654137	0.0	383025	317.49717829	0.2
135.639719715	200	9.91969338858	0.0	383025	318.603152781	0.2
136.458565685	200	9.60084741842	0.0	383025	318.845970166	0.2
136.780246352	200	9.77916675224	0.0	383025	321.680666174	0.2
137.101870954	200	9.95754215033	0.0	383025	321.624601915	0.2
137.924342353	200	9.63507075112	0.0	383025	322.471399209	0.2
138.249161061	200	9.81025204324	0.0	383025	324.818707879	0.2
138.574155478	200	9.98525762568	0.0	383025	324.994417564	0.2
139.390657098	200	9.66026320811	0.0	383025	324.994417564	0.2
139.721906923	200	9.82901338347	0.0	383025	331.249824639	0.2
140.055547916	200	9.99537239016	0.0	383025	333.640993312	0.2
140.889638862	200	9.66128144447	0.0	383025	334.090945696	0.2
141.222505288	200	9.8284150188	0.0	383025	332.866425663	0.2
141.553207034	200	9.99771327193	0.0	383025	330.701746869	0.2
142.318667896	200	9.66701152507	0.0	383025	330.701746869	0.2
142.641381299	200	9.84429812132	0.0	383025	322.713403741	0.2
143.105467452	200	9.51099127542	0.0	383025	333.306845902	0.2
143.449114997	200	9.66734373046	0.0	383025	343.647544967	0.2
143.792762542	200	9.82369618549	0.0	383025	343.647544967	0.2

