4827.59661473	400	0.5	0.155489056436	181435	155.489056436	-2.70978112872
4827.9847259	1000	0.611888829221	0.0	471531	388.111170779	0.4
4828.38158639	1000	0.71502834825	0.0	482442	396.860480971	1.0
4828.78620746	1000	0.810407274844	0.0	492120	404.621073405	1.0
4829.19082853	1000	0.905786201439	0.0	492120	404.621073405	1.0
4829.59389075	1000	1.00272398231	0.0	490176	403.062219128	1.0
4830.01556701	1000	1.08104772804	0.0	513389	421.676254276	1.0
4830.42414536	1000	1.17246937796	0.0	497055	408.57835008	1.0
4830.85113807	1000	1.24547666079	0.0	520019	426.992717165	1.0
4831.30318633	1000	1.29342840827	0.0	551265	452.048252521	1.0
4831.76090146	1000	1.3357132714	0.0	558332	457.71513687	1.0
4832.19862655	1000	1.3979881795	0.0	536970	437.725091903	1.0
4832.6354839	1000	1.46113083497	0.0	536970	436.85734453	1.0
4833.07234124	1000	1.52427349044	0.0	536970	436.85734453	1.0
4833.50919859	1000	1.58741614591	0.0	536970	436.85734453	1.0
4833.94605593	1000	1.65055880137	0.0	536970	436.85734453	1.0
4834.39599317	1000	1.70062156272	0.0	553424	449.937238653	1.0
4834.82330915	1000	1.77330558554	0.0	522960	427.315977185	1.0
4835.25097713	1000	1.84563760281	0.0	522960	427.667982731	1.0
4835.68610461	1000	1.9105101223	0.0	532300	435.12748051	1.0
4836.09783451	1000	1.99878022711	0.0	503004	411.729895184	1.0
4836.49261521	1000	2.10399952485	0.0	481782	394.780702264	1.0
4836.8085225	200	2.28809222967	0.0	383025	315.907295176	-0.6
4837.1244298	200	2.4721849345	0.0	383025	315.907295176	0.2
4837.44033709	200	2.65627763932	0.0	383025	315.907295176	0.2
4837.75624439	200	2.84037034414	0.0	383025	315.907295176	0.2
4838.07215168	200	3.02446304897	0.0	383025	315.907295176	0.2
4838.38805898	200	3.20855575379	0.0	383025	315.907295176	0.2
4838.7064295	200	3.3901852348	0.0	383025	318.370518992	0.2
4839.02571822	200	3.57089651747	0.0	383025	319.288717333	0.2
4839.34500693	200	3.75160780013	0.0	383025	319.288717333	0.2
4839.66429565	200	3.9323190828	0.0	383025	319.288717333	0.2
4839.98358437	200	4.11303036547	0.0	383025	319.288717333	0.2
4840.30287309	200	4.29374164813	0.0	383025	319.288717333	0.2
4840.6221618	200	4.4744529308	0.0	383025	319.288717333	0.2
4840.94145052	200	4.65516421347	0.0	383025	319.288717333	0.2
4841.26073924	200	4.83587549614	0.0	383025	319.288717333	0.2
4841.58002795	200	5.0165867788	0.0	383025	319.288717333	0.2
4841.90164942	200	5.19496531741	0.0	383025	321.621461391	0.2
4842.22344165	200	5.37317308207	0.0	383025	321.792235342	0.2
4842.54523389	200	5.55138084673	0.0	383025	321.792235342	0.2
4842.86702612	200	5.72958861139	0.0	383025	321.792235342	0.2
4843.18881836	200	5.90779637604	0.0	383025	321.792235342	0.2
4843.51061059	200	6.0860041407	0.0	383025	321.792235342	0.2
4843.83240283	200	6.26421190536	0.0	383025	321.792235342	0.2
4844.15419506	200	6.44241967002	0.0	383025	321.792235342	0.2
4844.4759873	200	6.62062743468	0.0	383025	321.792235342	0.2
4844.79777953	200	6.79883519933	0.0	383025	321.792235342	0.2
4845.11957177	200	6.97704296399	0.0	383025	321.792235342	0.2
4845.441364	200	7.15525072865	0.0	383025	321.792235342	0.2
4845.76315624	200	7.33345849331	0.0	383025	321.792235342	0.2
4846.08332713	200	7.51328760419	0.0	383025	320.170889119	0.2
4846.39827158	200	7.69834315634	0.0	383025	314.944447843	0.2
4846.71321602	200	7.8833987085	0.0	383025	314.944447843	0.2
4847.02816047	200	8.06845426066	0.0	383025	314.944447843	0.2
4847.34310492	200	8.25350981282	0.0	383025	314.944447843	0.2
4847.65804937	200	8.43856536497	0.0	383025	314.944447843	0.2
4847.97299382	200	8.62362091713	0.0	383025	314.944447843	0.2
4848.28793826	200	8.80867646929	0.0	383025	314.944447843	0.2
4848.60288271	200	8.99373202144	0.0	383025	314.944447843	0.2
4848.91782716	200	9.1787875736	0.0	383025	314.944447843	0.2
4849.23340593	200	9.36320880222	0.0	383025	315.578771382	0.2
4849.55148819	200	9.54512654609	0.0	383025	318.08225613	0.2
4849.86957044	200	9.72704428996	0.0	383025	318.08225613	0.2
4850.1876527	200	9.90896203383	0.0	383025	318.08225613	0.2
4851.00573496	200	9.5908797777	0.0	383025	318.08225613	0.2
4851.32381721	200	9.77279752157	0.0	383025	318.08225613	0.2
4851.64189947	200	9.95471526544	0.0	383025	318.08225613	0.2
4852.45998172	200	9.63663300931	0.0	383025	318.08225613	0.2
4852.77806398	200	9.81855075318	0.0	383025	318.08225613	0.2
4853.59116699	200	9.50046849705	0.0	383025	318.08225613	0.2
4853.90967694	200	9.68195854153	0.0	383025	318.509955513	0.2
4854.2281869	200	9.86344858602	0.0	383025	318.509955513	0.2
4855.04669685	200	9.54493863051	0.0	383025	318.509955513	0.2
4855.36520681	200	9.72642867499	0.0	383025	318.509955513	0.2
4855.68371676	200	9.90791871948	0.0	383025	318.509955513	0.2
4856.50222672	200	9.58940876397	0.0	383025	318.509955513	0.2
4856.82073668	200	9.77089880845	0.0	383025	318.509955513	0.2
4857.13773388	200	9.95390160762	0.0	383025	316.997200833	0.2
4857.95123096	200	9.64040452562	0.0	383025	313.497081999	0.2
4858.26472804	200	9.82690744362	0.0	383025	313.497081999	0.2
4859.07822512	200	9.51341036162	0.0	383025	313.497081999	0.2
4859.39289348	200	9.69874200653	0.0	383025	314.668355093	0.2
4859.71278683	200	9.87884865696	0.0	383025	319.893349571	0.2
4860.53268018	200	9.55895530739	0.0	383025	319.893349571	0.2
4860.85257353	200	9.73906195782	0.0	383025	319.893349571	0.2
4861.17246688	200	9.91916860825	0.0	383025	319.893349571	0.2
4861.99236022	200	9.59927525867	0.0	383025	319.893349571	0.2
4862.31225357	200	9.7793819091	0.0	383025	319.893349571	0.2
4862.63214692	200	9.95948855953	0.0	383025	319.893349571	0.2
4863.45204027	200	9.63959520996	0.0	383025	319.893349571	0.2
4863.77193362	200	9.81970186039	0.0	383025	319.893349571	0.2
4864.0929898	200	9.99864568468	0.0	383025	321.056175712	0.2
4864.91553903	200	9.67609645059	0.0	383025	322.549234084	0.2
4865.23808827	200	9.85354721651	0.0	383025	322.549234084	0.2
4866.0606375	200	9.53099798242	0.0	383025	322.549234084	0.2
4866.38318674	200	9.70844874834	0.0	383025	322.549234084	0.2
4866.70573597	200	9.88589951426	0.0	383025	322.549234084	0.2
4867.5282852	200	9.56335028017	0.0	383025	322.549234084	0.2
4867.85083444	200	9.74080104609	0.0	383025	322.549234084	0.2
4868.17338367	200	9.918251812	0.0	383025	322.549234084	0.2
4868.99593291	200	9.59570257792	0.0	383025	322.549234084	0.2
4869.31848214	200	9.77315334383	0.0	383025	322.549234084	0.2
4869.64030999	200	9.95132549665	0.0	383025	321.827847182	0.2
4870.46105381	200	9.63058167516	0.0	383025	320.743821495	0.2
4870.78179763	200	9.80983785366	0.0	383025	320.743821495	0.2
4871.10254145	200	9.98909403216	0.0	383025	320.743821495	0.2
4871.92328527	200	9.66835021067	0.0	383025	320.743821495	0.2
4872.24402909	200	9.84760638917	0.0	383025	320.743821495	0.2
4873.06477292	200	9.52686256768	0.0	383025	320.743821495	0.2
4873.38551674	200	9.70611874618	0.0	383025	320.743821495	0.2
4873.70626056	200	9.88537492469	0.0	383025	320.743821495	0.2
4874.52700438	200	9.56463110319	0.0	383025	320.743821495	0.2
4874.85008654	200	9.74154894231	0.0	383025	323.082160889	0.2
4875.1733222	200	9.91831328218	0.0	383025	323.235660124	0.2
4875.99655786	200	9.59507762206	0.0	383025	323.235660124	0.2
4876.31979352	200	9.77184196193	0.0	383025	323.235660124	0.2
4876.64302918	200	9.94860630181	0.0	383025	323.235660124	0.2
4877.46626484	200	9.62537064168	0.0	383025	323.235660124	0.2
4877.7895005	200	9.80213498156	0.0	383025	323.235660124	0.2

