1272.455288238414	400	0.5	0.16676496907999908	181435	166.76496908	-2.9352993815999815
1272.6246401081328	400	0.830648130281064	0.0	184429	169.351869719	0.4
1272.8813927574547	600	1.0738954809590344	0.0	285584	256.752649322	0.39999999999999997
1273.2295950228506	800	1.2256932155629496	0.0	391425	348.202265396	0.6000000000000001
1273.5777972882468	800	1.377490950166865	0.0	391425	348.202265396	0.8
1273.924672406221	800	1.53061583219276	0.0	389889	346.875117974	0.8
1274.3782550154804	1000	1.5770332229331816	0.0	513389	453.58260926	0.8
1274.8177245869856	1000	1.6375636514279102	0.0	497055	439.469571505	1.0
1275.277035703672	1000	1.678252534741427	0.0	520019	459.311116686	1.0
1275.7584919372694	1000	1.6967963011439513	0.0	551265	481.456233597	1.0
1276.2437000603945	1000	1.7115881780187139	0.0	558332	485.208123125	1.0
1276.7107265354568	1000	1.7445617029562805	0.0	536970	467.026475062	1.0
1277.1777530105194	1000	1.777535227893847	0.0	536970	467.026475062	1.0
1277.6411382727338	1000	1.814149965679603	0.0	536970	463.385262214	1.0
1278.1044356555365	1000	1.8508525828768485	0.0	536970	463.297382803	1.0
1278.5677330383392	1000	1.8875552000740943	0.0	536970	463.297382803	1.0
1279.0449204990543	1000	1.9103677393589118	0.0	553424	477.187460715	1.0
1279.4977506927846	1000	1.957537545628546	0.0	522960	452.83019373	1.0
1279.951236411955	1000	2.0040518264580176	0.0	522960	453.485719171	1.0
1280.2860530663554	200	2.1692351720575056	0.0	383025	334.816654401	-0.6000000000000001
1280.6208697207558	200	2.334418517656994	0.0	383025	334.816654401	0.2
1280.9540606343269	200	2.501227604085878	0.0	383025	333.190913571	0.2
1281.281014836331	200	2.6742734020818837	0.0	383025	326.954202004	0.2
1281.6079690383349	200	2.84731920007789	0.0	383025	326.954202004	0.2
1281.934923240339	200	3.020364998073896	0.0	383025	326.954202004	0.2
1282.261877442343	200	3.193410796069902	0.0	383025	326.954202004	0.2
1282.588831644347	200	3.366456594065908	0.0	383025	326.954202004	0.2
1282.9189862143678	200	3.5363020240450496	0.0	383025	330.154570021	0.2
1283.2516628341805	200	3.7036254042324654	0.0	383025	332.676619813	0.2
1283.5843394539932	200	3.8709487844198813	0.0	383025	332.676619813	0.2
1283.9170160738058	200	4.038272164607297	0.0	383025	332.676619813	0.2
1284.250969161056	200	4.204319077357126	0.0	383025	333.95308725	0.2
1284.5859192676135	200	4.3693689707997105	0.0	383025	334.950106557	0.2
1284.920869374171	200	4.534418864242296	0.0	383025	334.950106557	0.2
1285.2558194807284	200	4.699468757684881	0.0	383025	334.950106557	0.2
1285.5907695872859	200	4.864518651127466	0.0	383025	334.950106557	0.2
1285.9201215433031	200	5.0351666951100515	0.0	383025	329.351956017	0.2
1286.248737588639	200	5.206550649774263	0.0	383025	328.616045336	0.2
1286.5773536339748	200	5.377934604438474	0.0	383025	328.616045336	0.2
1286.9059696793104	200	5.549318559102685	0.0	383025	328.616045336	0.2
1287.2345857246462	200	5.720702513766896	0.0	383025	328.616045336	0.2
1287.5681188808628	200	5.887169357550383	0.0	383025	333.533156217	0.2
1287.9020514664815	200	6.053236771931751	0.0	383025	333.932585619	0.2
1288.2359840521003	200	6.219304186313118	0.0	383025	333.932585619	0.2
1288.569916637719	200	6.385371600694486	0.0	383025	333.932585619	0.2
1288.9038492233376	200	6.551439015075854	0.0	383025	333.932585619	0.2
1289.2379318006383	200	6.717356437775017	0.0	383025	334.082577301	0.2
1289.5725659207376	200	6.882722317675668	0.0	383025	334.634120099	0.2
1289.9072000408369	200	7.048088197576319	0.0	383025	334.634120099	0.2
1290.2418341609362	200	7.213454077476969	0.0	383025	334.634120099	0.2
1290.5764682810352	200	7.37881995737762	0.0	383025	334.634120099	0.2
1290.9111024011345	200	7.54418583727827	0.0	383025	334.634120099	0.2
1291.2419376012758	200	7.713350637136999	0.0	383025	330.835200141	0.2
1291.5681943587233	200	7.887093879689448	0.0	383025	326.256757448	0.2
1291.8944511161708	200	8.060837122241896	0.0	383025	326.256757448	0.2
1292.2207078736183	200	8.234580364794345	0.0	383025	326.256757448	0.2
1292.5432901895551	200	8.411998048857498	0.0	383025	322.582315937	0.2
1292.864227134397	200	8.591061104015639	0.0	383025	320.936944842	0.2
1293.1851640792388	200	8.770124159173777	0.0	383025	320.936944842	0.2
1293.5061010240809	200	8.949187214331918	0.0	383025	320.936944842	0.2
1293.829348289772	200	9.125939948640685	0.0	383025	323.247265691	0.2
1294.1548170794322	200	9.300471158980596	0.0	383025	325.46878966	0.2
1294.4802858690923	200	9.475002369320507	0.0	383025	325.46878966	0.2
1294.8057546587524	200	9.649533579660416	0.0	383025	325.46878966	0.2
1295.1351011502677	200	9.8201870881451	0.0	383025	329.346491515	0.2
1295.4737661674235	200	9.981522070989493	0.0	383025	338.665017156	0.2
1296.312431184579	200	9.642857053833886	0.0	383025	338.665017156	0.2
1296.6510962017348	200	9.80419203667828	0.0	383025	338.665017156	0.2
1296.9897612188906	200	9.965527019522673	0.0	383025	338.665017156	0.2
1297.8241400165894	200	9.631148221823798	0.0	383025	334.3787976988753	0.2
1298.1392881731285	200	9.816000065284596	0.0	383025	315.148156539	0.2
1298.9506079041107	200	9.5046803343025	0.0	383025	311.31973098209494	0.2
1299.2603457978287	200	9.694942440584605	0.0	383025	309.7378937178968	0.2
1299.5672881475602	200	9.888000090852831	0.0	383025	306.942349732	0.2
1300.1799377538512	200	9.581057741121057	0.0	383025	306.942349732	0.2
1300.4866353290456	200	9.774360165926646	0.0	383025	306.697575194	0.2
1300.793803862234	200	9.967191632738384	0.0	383025	307.16853318826116	0.2
1301.6158527292291	200	9.645142765743278	0.0	383025	322.048866995	0.2
1301.931667609449	200	9.82932788552328	0.0	383025	315.81488021999695	0.2
1302.7441652544876	200	9.516830240484632	0.0	383025	312.497645039	0.2
1303.0675718717794	200	9.693423623192814	0.0	383025	323.40661729182	0.2
1303.3963709568234	200	9.86462453814872	0.0	383025	328.799085044	0.2
1304.096109491043	200	9.535825453104625	0.0	383025	328.799085044	0.2
1304.410851105373	200	9.721083838774609	0.0	383025	314.74161433	0.2
1304.7235859970351	200	9.90834894711275	0.0	383025	312.7348916618606	0.2
1305.532238039134	200	9.59969690501363	0.0	383025	308.652042099	0.2
1305.8426864030332	200	9.789248541114409	0.0	383025	310.4483638992199	0.2
1306.1534363449884	200	9.978498599159423	0.0	383025	310.749941955	0.2
1306.753202665619	200	9.667748657204434	0.0	383025	310.749941955	0.2
1307.063369704672	200	9.857581618151578	0.0	383025	310.167039053	0.2
1307.8128871528058	200	9.547414579098723	0.0	383025	310.167039053	0.2
1308.1276682512007	200	9.732633480703848	0.0	383025	314.781098395	0.2
1308.4427325398676	200	9.917569192037227	0.0	383025	315.06428866662094	0.2
1308.8406179034644	200	9.598224422610176	0.0	383025	319.344769427	0.2
1309.161145406542	200	9.777696919532668	0.0	383025	320.527503078	0.2
1309.4816729096192	200	9.957169416455159	0.0	383025	320.527503078	0.2
1309.972323363499	200	9.63664191337765	0.0	383025	320.527503078	0.2
1310.2801234491167	200	9.82884182776006	0.0	383025	307.800085618	0.2
1310.8536466567718	200	9.521041742142469	0.0	383025	307.800085618	0.2
1311.1948525753119	200	9.679835823602513	0.0	383025	341.20591854	0.2
1311.536058493852	200	9.838629905062557	0.0	383025	341.20591854	0.2
1311.877264412392	200	9.997423986522602	0.0	383025	341.20591854	0.2
1312.2490171843292	200	9.656218067982644	0.0	383025	341.20591854	0.2
1312.5647970353086	200	9.840438217003335	0.0	383025	315.779850979	0.2
1313.1026836037438	200	9.524658366024024	0.0	383025	315.779850979	0.2
1313.4109113437662	200	9.716430626001705	0.0	383025	308.227740022	0.2
1313.7191390837886	200	9.908202885979383	0.0	383025	308.227740022	0.2
1314.5280232465482	200	9.599318723219763	0.0	383025	308.8841627596198	0.2
1314.8388501577124	200	9.788491812055518	0.0	383025	310.8269111642459	0.2
1315.1540012549456	200	9.973340714822285	0.0	383025	315.151097233	0.2
1315.9691523521788	200	9.658189617589052	0.0	383025	315.151097233	0.2
1316.2732484314456	200	9.85409353832222	0.0	383025	304.09607926683316	0.2
1316.8206390871717	200	9.551733921087946	0.0	383025	302.359617234	0.2
1317.1345843982767	200	9.737788609983035	0.0	383025	313.945311105	0.2
1317.4485297093815	200	9.923843298878126	0.0	383025	313.945311105	0.2
1318.2599717523465	200	9.612401255913042	0.0	383025	311.4420429650834	0.2
1318.5688375199882	200	9.803535488271264	0.0	383025	308.86576764177835	0.2
1319.371669473641	200	9.500703534618422	0.0	383025	302.831953653	0.2
1319.68031356107	200	9.692059447189456	0.0	383025	308.6440874289655	0.2
1319.9890368871618	200	9.8833361210977	0.0	383025	308.723326092	0.2

