4094.4964921	400	0.5	0.157599305151	181435	157.599305151	-2.75198610302
4094.89008759	1000	0.606404508738	0.0	471531	393.595491262	0.4
4095.2925593	1000	0.703932802752	0.0	482442	402.471705986	1.0
4095.70290416	1000	0.793587940676	0.0	492120	410.344862076	1.0
4096.11324902	1000	0.8832430786	0.0	492120	410.344862076	1.0
4096.52286694	1000	0.973625158488	0.0	490176	409.617920112	1.0
4096.95723295	1000	1.03925915218	0.0	513389	434.366006306	1.0
4097.37809731	1000	1.11839478761	0.0	497055	420.864364574	1.0
4097.81794366	1000	1.17854844062	0.0	520019	439.846346987	1.0
4098.28361787	1000	1.21287423166	0.0	551265	465.674208965	1.0
4098.75671132	1000	1.23978078381	0.0	558332	473.093447843	1.0
4099.21505126	1000	1.28144083816	0.0	536970	458.339945652	1.0
4099.67339121	1000	1.32310089251	0.0	536970	458.339945652	1.0
4100.13173115	1000	1.36476094686	0.0	536970	458.339945652	1.0
4100.5900711	1000	1.40642100121	0.0	536970	458.339945652	1.0
4101.04841104	1000	1.44808105555	0.0	536970	458.339945652	1.0
4101.52048916	1000	1.4760029393	0.0	553424	472.07811625	1.0
4101.96713154	1000	1.52936056081	0.0	522960	446.642378491	1.0
4102.41326486	1000	1.58322724236	0.0	522960	446.133318453	1.0
4102.86708556	1000	1.62940654255	0.0	532300	453.820699812	1.0
4103.29647986	1000	1.70001223992	0.0	503004	429.394302627	1.0
4103.7081797	1000	1.78831240074	0.0	481782	411.699839183	1.0
4104.12031436	1000	1.87617773816	0.0	481782	412.134662581	1.0
4104.56197551	1000	1.93451658479	0.0	510552	441.661153367	1.0
4105.02597254	1000	1.97051955898	0.0	536970	463.997025814	1.0
4105.48996957	1000	2.00652253316	0.0	536970	463.997025814	1.0
4105.82380928	200	2.17268281993	0.0	383025	333.839713229	-0.6
4106.15764899	200	2.33884310671	0.0	383025	333.839713229	0.2
4106.49148871	200	2.50500339348	0.0	383025	333.839713229	0.2
4106.82532842	200	2.67116368025	0.0	383025	333.839713229	0.2
4107.15677165	200	2.83972044701	0.0	383025	331.443233244	0.2
4107.48544701	200	3.01104508648	0.0	383025	328.675360522	0.2
4107.81412237	200	3.18236972596	0.0	383025	328.675360522	0.2
4108.14279773	200	3.35369436544	0.0	383025	328.675360522	0.2
4108.47147309	200	3.52501900492	0.0	383025	328.675360522	0.2
4108.80014846	200	3.6963436444	0.0	383025	328.675360522	0.2
4109.12882382	200	3.86766828388	0.0	383025	328.675360522	0.2
4109.45749918	200	4.03899292335	0.0	383025	328.675360522	0.2
4109.78411275	200	4.2123793505	0.0	383025	326.613572851	0.2
4110.09516445	200	4.40132764574	0.0	383025	311.051704761	0.2
4110.40621616	200	4.59027594098	0.0	383025	311.051704761	0.2
4110.71726786	200	4.77922423622	0.0	383025	311.051704761	0.2
4111.02831957	200	4.96817253146	0.0	383025	311.051704761	0.2
4111.33622822	200	5.16026387637	0.0	383025	307.90865509	0.2
4111.64099186	200	5.35550024358	0.0	383025	304.763632794	0.2
4111.94575549	200	5.55073661078	0.0	383025	304.763632794	0.2
4112.25051912	200	5.74597297799	0.0	383025	304.763632794	0.2
4112.55816578	200	5.93832631811	0.0	383025	307.646659875	0.2
4112.86803676	200	6.12845533873	0.0	383025	309.870979384	0.2
4113.17790774	200	6.31858435934	0.0	383025	309.870979384	0.2
4113.48777872	200	6.50871337996	0.0	383025	309.870979384	0.2
4113.79958442	200	6.69690767745	0.0	383025	311.805702515	0.2
4114.11153667	200	6.88495543301	0.0	383025	311.952244433	0.2
4114.42348891	200	7.07300318858	0.0	383025	311.952244433	0.2
4114.73544116	200	7.26105094415	0.0	383025	311.952244433	0.2
4115.0466533	200	7.44983879824	0.0	383025	311.212145904	0.2
4115.35399789	200	7.64249420706	0.0	383025	307.344591186	0.2
4115.66134248	200	7.83514961587	0.0	383025	307.344591186	0.2
4115.96868707	200	8.02780502469	0.0	383025	307.344591186	0.2
4116.27692367	200	8.21956842671	0.0	383025	308.236597977	0.2
4116.58821878	200	8.40827331755	0.0	383025	311.295109158	0.2
4116.89951389	200	8.59697820839	0.0	383025	311.295109158	0.2
4117.210809	200	8.78568309924	0.0	383025	311.295109158	0.2
4117.52210411	200	8.97438799008	0.0	383025	311.295109158	0.2
4117.82973638	200	9.16675571587	0.0	383025	307.632274212	0.2
4118.13535768	200	9.36113442158	0.0	383025	305.621294283	0.2
4118.44097897	200	9.5555131273	0.0	383025	305.621294283	0.2
4118.74851528	200	9.74797681512	0.0	383025	307.536312181	0.2
4119.0599306	200	9.93656149773	0.0	383025	311.415317389	0.2
4119.87134592	200	9.62514618034	0.0	383025	311.415317389	0.2
4120.18633023	200	9.8101618676	0.0	383025	314.984312736	0.2
4120.50522287	200	9.9912692333	0.0	383025	318.892634304	0.2
4121.3241155	200	9.672376599	0.0	383025	318.892634304	0.2
4121.6394188	200	9.85707330234	0.0	383025	315.303296652	0.2
4122.43782335	200	9.55866875439	0.0	383025	298.404547957	0.2
4122.74621684	200	9.75027526089	0.0	383025	308.393493497	0.2
4123.06183749	200	9.9346546128	0.0	383025	315.620648091	0.2
4123.56602354	200	9.61903396471	0.0	383025	315.620648091	0.2
4123.88862027	200	9.79643723745	0.0	383025	322.596727261	0.2
4124.211217	200	9.97384051019	0.0	383025	322.596727261	0.2
4125.03381372	200	9.65124378293	0.0	383025	322.596727261	0.2
4125.35641045	200	9.82864705566	0.0	383025	322.596727261	0.2
4126.18389646	200	9.50116104741	0.0	383025	327.486008258	0.2
4126.51595392	200	9.66910358678	0.0	383025	332.057460628	0.2
4126.84801138	200	9.83704612615	0.0	383025	332.057460628	0.2
4127.33267961	200	9.50498866552	0.0	383025	332.057460628	0.2
4127.64974746	200	9.6879208167	0.0	383025	317.067848825	0.2
4127.96681531	200	9.87085296787	0.0	383025	317.067848825	0.2
4128.5476973	200	9.55378511905	0.0	383025	317.067848825	0.2
4128.85894869	200	9.74253372481	0.0	383025	311.25139424	0.2
4129.17020009	200	9.93128233057	0.0	383025	311.25139424	0.2
4129.82901987	200	9.62003093633	0.0	383025	311.25139424	0.2
4130.14433463	200	9.80471618013	0.0	383025	315.314756195	0.2
4130.45964938	200	9.98940142394	0.0	383025	315.314756195	0.2
4130.90847692	200	9.67408666774	0.0	383025	315.314756195	0.2
4131.22520517	200	9.85735842006	0.0	383025	316.728247677	0.2
4132.04193341	200	9.54063017239	0.0	383025	316.728247677	0.2
4132.35935645	200	9.72320713774	0.0	383025	317.423034651	0.2
4132.68507773	200	9.89748585421	0.0	383025	325.721283529	0.2
4133.51079902	200	9.57176457068	0.0	383025	325.721283529	0.2
4133.8365203	200	9.74604328715	0.0	383025	325.721283529	0.2
4134.16224158	200	9.92032200362	0.0	383025	325.721283529	0.2
4134.96096151	200	9.59460072009	0.0	383025	325.721283529	0.2
4135.28883697	200	9.76672525951	0.0	383025	327.875460578	0.2
4135.61671243	200	9.93884979894	0.0	383025	327.875460578	0.2
4136.37121291	200	9.61097433836	0.0	383025	327.875460578	0.2
4136.69410907	200	9.788078181	0.0	383025	322.896157361	0.2
4137.01700523	200	9.96518202364	0.0	383025	322.896157361	0.2
4137.83990139	200	9.64228586627	0.0	383025	322.896157361	0.2
4138.16319112	200	9.81899613788	0.0	383025	323.289728391	0.2
4138.49285003	200	9.98933722451	0.0	383025	329.658913377	0.2
4139.32250894	200	9.65967831113	0.0	383025	329.658913377	0.2
4139.65216786	200	9.83001939775	0.0	383025	329.658913377	0.2
4140.48182677	200	9.50036048438	0.0	383025	329.658913377	0.2
4140.81148568	200	9.670701571	0.0	383025	329.658913377	0.2
4141.14202045	200	9.84016679916	0.0	383025	330.534771842	0.2
4141.97533647	200	9.50685078094	0.0	383025	333.316018218	0.2
4142.30865249	200	9.67353476272	0.0	383025	333.316018218	0.2
4142.64196851	200	9.8402187445	0.0	383025	333.316018218	0.2
4143.47528453	200	9.50690272629	0.0	383025	333.316018218	0.2

