3147.6340950338586	400	0.5	0.15074570920876057	181435	150.745709209	-2.6149141841752113
3147.7871632974443	400	0.8469317364143494	0.0	184429	153.068263586	0.4
3148.0187011628987	600	1.1153938709601938	0.0	285584	231.537865454	0.39999999999999997
3148.332343730358	800	1.3017513035005577	0.0	391425	313.64256746	0.6000000000000001
3148.6513361791594	800	1.482758854698735	0.0	391425	318.992448802	0.8
3149.0566647349574	1000	1.5774302989012685	0.0	490176	405.328555797	0.8
3149.4966938903285	1000	1.637401143529912	0.0	513389	440.029155371	1.0
3149.9230412250454	1000	1.7110538088127492	0.0	497055	426.347334717	1.0
3150.3593148368936	1000	1.774780196964622	0.0	520019	436.273611848	1.0
3150.8238848265482	1000	1.8102102073100446	0.0	551265	464.569989655	1.0
3151.3010366138556	1000	1.8330584200028037	0.0	558332	477.151787307	1.0
3151.7603149916495	1000	1.8737800422090019	0.0	536970	459.278377794	1.0
3152.226327775877	1000	1.9077672579813034	0.0	536970	466.012784228	1.0
3152.692773896338	1000	1.9413211375204842	0.0	536970	466.446120461	1.0
3153.1463199866457	1000	1.9877750472126772	0.0	536970	453.546090308	1.0
3153.6026989532284	1000	2.031396080629559	0.0	536970	456.378966583	1.0
3153.934466447734	200	2.1996285861244913	0.0	383025	331.767494505	-0.6000000000000001
3154.266233942239	200	2.367861091619424	0.0	383025	331.767494505	0.2
3154.6006237003207	200	2.5334713335378485	0.0	383025	334.389758082	0.2
3154.936960648243	200	2.697134385615936	0.0	383025	336.336947922	0.2
3155.273297596165	200	2.860797437694024	0.0	383025	336.336947922	0.2
3155.6091935214013	200	3.0249015124574727	0.0	383025	335.895925237	0.2
3155.9445466242823	200	3.1895484095765934	0.0	383025	335.353102881	0.2
3156.2798997271634	200	3.354195306695714	0.0	383025	335.353102881	0.2
3156.6129939240154	200	3.521101109843701	0.0	383025	333.094196852	0.2
3156.9435088095292	200	3.6905862243296097	0.0	383025	330.514885514	0.2
3157.2729656217643	200	3.8611294120943853	0.0	383025	329.456812235	0.2
3157.5924247517087	200	4.041670282149713	0.0	383025	319.459129945	0.2
3157.911883881653	200	4.22221115220504	0.0	383025	319.459129945	0.2
3158.2236213304577	200	4.410473703400344	0.0	383025	311.737448805	0.2
3158.5288564477987	200	4.605238586059279	0.0	383025	305.235117341	0.2
3158.8325045857737	200	4.8015904480842275	0.0	383025	303.648137975	0.2
3159.1341560753235	200	4.999938958534513	0.0	383025	301.65148955	0.2
3159.4327347013873	200	5.201360332471072	0.0	383025	298.578626063	0.2
3159.7246931119244	200	5.409401921933524	0.0	383025	291.958410538	0.2
3160.0238064868327	200	5.610288547025433	0.0	383025	299.113374908	0.2
3160.3274058483034	200	5.806689185554586	0.0	383025	303.599361471	0.2
3160.6379296961213	200	5.996165337736899	0.0	383025	310.523847818	0.2
3160.955297714311	200	6.1787973195471535	0.0	383025	317.36801819	0.2
3161.2732880650315	200	6.360806968826739	0.0	383025	317.99035072	0.2
3161.592582099752	200	6.541512934106961	0.0	383025	319.29403472	0.2
3161.9118761344716	200	6.722218899387182	0.0	383025	319.29403472	0.2
3162.2256993974765	200	6.908395636382251	0.0	383025	313.823263005	0.2
3162.5370811624593	200	7.097013871399559	0.0	383025	311.381764983	0.2
3162.8394329692487	200	7.294662064609778	0.0	383025	302.35180679	0.2
3163.1417847760385	200	7.492310257819997	0.0	383025	302.35180679	0.2
3163.4378867628875	200	7.6962082709709305	0.0	383025	296.101986849	0.2
3163.7317117209204	200	7.902383312938077	0.0	383025	293.824958033	0.2
3164.0241680463205	200	8.109926987538357	0.0	383025	292.4563254	0.2
3164.321692522059	200	8.312402511799581	0.0	383025	297.524475739	0.2
3164.6193872723975	200	8.51470776146113	0.0	383025	297.694750338	0.2
3164.9226558156	200	8.711439218258548	0.0	383025	303.268543203	0.2
3165.226208653685	200	8.907886380173759	0.0	383025	303.552838085	0.2
3165.533025366446	200	9.101069667412686	0.0	383025	306.816712761	0.2
3165.8414563106553	200	9.29263872320342	0.0	383025	308.430944209	0.2
3166.154273364941	200	9.479821668917975	0.0	383025	312.817054285	0.2
3166.471066189038	200	9.663028844821147	0.0	383025	316.792824097	0.2
3166.7912361668446	200	9.842858867014442	0.0	383025	320.169977807	0.2
3167.450519361848	200	9.512160676309884	0.0	383025	330.698190705	0.2
3167.7589894173834	200	9.70369062077449	0.0	383025	308.470055535	0.2
3168.0671010033952	200	9.895579034762346	0.0	383025	308.11158601214316	0.2
3168.688166752477	200	9.587629559444617	0.0	383025	307.949475318	0.2
3169.00993926505	200	9.765857046871604	0.0	383025	321.772512573	0.2
3169.3307474338344	200	9.945048878087173	0.0	383025	320.80816878443227	0.2
3170.0474484588963	200	9.624546771566745	0.0	383025	320.50210652	0.2
3170.3737839934433	200	9.798211237019672	0.0	383025	326.335534547	0.2
3170.7009474795054	200	9.971047750957723	0.0	383025	327.163486061948	0.2
3171.2459505977804	200	9.64339522339595	0.0	383025	327.652527562	0.2
3171.551321169804	200	9.83802465137218	0.0	383025	305.370572024	0.2
3172.362100422229	200	9.527245398946738	0.0	383025	310.7792524254412	0.2
3172.683134335187	200	9.706211485988911	0.0	383025	321.03391295782654	0.2
3173.0036826649734	200	9.885663156201852	0.0	383025	320.548329787	0.2
3173.8231104974607	200	9.566235323714857	0.0	383025	319.4278324869957	0.2
3174.1401802035057	200	9.749165617669869	0.0	383025	317.06970604498673	0.2
3174.458030320313	200	9.931315500862825	0.0	383025	317.850116807	0.2
3175.2732802473024	200	9.616065573873254	0.0	383025	315.24992698957226	0.2
3175.5770116405783	200	9.81233418059702	0.0	383025	303.7313932762345	0.2
3176.3589291852254	200	9.510581234579202	0.0	383025	301.752946018	0.2
3176.6633135107463	200	9.706196909058571	0.0	383025	304.38432552063017	0.2
3176.9703352040715	200	9.899175215733587	0.0	383025	307.021693325	0.2
3177.779296323724	200	9.590214096081011	0.0	383025	308.96111965257455	0.2
3178.0969591808216	200	9.772551238983281	0.0	383025	317.66285709773035	0.2
3178.4162724566813	200	9.953237963123662	0.0	383025	319.31327586	0.2
3179.236047974046	200	9.633462445759337	0.0	383025	319.77551736432537	0.2
3179.558967381011	200	9.810543038794489	0.0	383025	322.919406964848	0.2
3179.883568523451	200	9.985941896354511	0.0	383025	324.60114244	0.2
3180.6575747832853	200	9.661340753914532	0.0	383025	324.60114244	0.2
3180.980371645329	200	9.838543891870668	0.0	383025	322.796862043865	0.2
3181.362377100815	200	9.508642048946625	0.0	383025	329.901842924	0.2
3181.67995090519	200	9.691068244572058	0.0	383025	317.573804375	0.2
3181.9975247095645	200	9.87349444019749	0.0	383025	317.573804375	0.2
3182.400824274492	200	9.565470325639446	0.0	383025	308.02411455804366	0.2
3182.719408531999	200	9.746886068132891	0.0	383025	318.584257507	0.2
3183.038992923158	200	9.927301676973823	0.0	383025	319.5843911590691	0.2
3183.4086307073194	200	9.599204829610528	0.0	383025	328.096847363	0.2
3183.7356931873423	200	9.772142349587542	0.0	383025	327.062480023	0.2
3184.0627556673658	200	9.945079869564557	0.0	383025	327.062480023	0.2
3184.4542117847145	200	9.62718471641242	0.0	383025	317.8951531521369	0.2
3184.7863283404513	200	9.795068160675395	0.0	383025	332.116555737	0.2
3185.118444896188	200	9.96295160493837	0.0	383025	332.116555737	0.2
3185.9505102716403	200	9.630886229485832	0.0	383025	332.06537545253775	0.2
3186.282244970555	200	9.799151530571397	0.0	383025	331.7346989144358	0.2
3186.6039529590703	200	9.977443542055909	0.0	383025	321.707988515	0.2
3187.159962704448	200	9.656089738643598	0.0	383025	321.35380341231274	0.2
3187.4819353372504	200	9.83411710584093	0.0	383025	321.972632803	0.2
3188.192509387424	200	9.51214447303826	0.0	383025	321.972632803	0.2
3188.513872489583	200	9.690781370879275	0.0	383025	321.363102159	0.2
3188.8266581262337	200	9.877995734228637	0.0	383025	312.7856366506368	0.2
3189.1531478361526	200	9.5661258572092	0.0	383025	311.869877019	0.2
3189.4846452648662	200	9.734628428495238	0.0	383025	331.49742871396126	0.2
3189.8159757984595	200	9.903297894902131	0.0	383025	331.330533593	0.2
3190.629759009471	200	9.589514683890123	0.0	383025	313.78321101200976	0.2
3190.9384248238903	200	9.780848869470697	0.0	383025	308.665814419	0.2
3191.2470906383096	200	9.972183055051273	0.0	383025	308.665814419	0.2
3192.002985054806	200	9.66351724063185	0.0	383025	308.665814419	0.2
3192.2717997709096	200	9.894702524527823	0.0	383025	268.8147161040272	0.2
3192.6747579118537	200	9.636245022546545	0.0	383025	258.4575019812759	0.2
3193.0247426782203	200	9.786260256179807	0.0	383025	349.984766367	0.2
3193.3747274445873	200	9.936275489813069	0.0	383025	349.984766367	0.2
3194.2227228790607	200	9.588280055339746	0.0	383025	347.9954344733219	0.2

