2423.4434986756137	400	0.5	0.17551572289785985	181435	175.515722898	-3.1103144579571973
2423.621745702143	400	0.821752973470778	0.0	184429	178.247026529	0.4
2423.8922722940797	600	1.051226381533928	0.0	285584	270.526591937	0.39999999999999997
2424.2593532973888	800	1.1841453782253337	0.0	391425	367.081003309	0.6000000000000001
2424.6264343006974	800	1.3170643749167392	0.0	391425	367.081003309	0.8
2424.9921140740867	800	1.4513846015272407	0.0	389889	365.679773389	0.8
2425.470457841622	1000	1.473040833991708	0.0	513389	478.343767536	0.8
2425.9318691947974	1000	1.5116294808166808	0.0	497055	461.411353175	1.0
2426.4132105639624	1000	1.5302881116514693	0.0	520019	481.341369165	1.0
2426.922873076049	1000	1.5206255995646796	0.0	551265	509.662512087	1.0
2427.4272999097566	1000	1.5161987658574667	0.0	558332	504.426833707	1.0
2427.91197513955	1000	1.531523536063985	0.0	536970	484.675229793	1.0
2428.396650369343	1000	1.5468483062705032	0.0	536970	484.675229793	1.0
2428.8872374742673	1000	1.556261201346677	0.0	536970	490.587104924	1.0
2429.389092661436	1000	1.554406014178564	0.0	536970	501.855187168	1.0
2429.890947848604	1000	1.552550827010451	0.0	536970	501.855187168	1.0
2430.4078746137925	1000	1.535624061821845	0.0	553424	516.926765189	1.0
2430.8974888863886	1000	1.5460097892259832	0.0	522960	489.614272596	1.0
2431.3887109345087	1000	1.554787741105848	0.0	522960	491.22204812	1.0
2431.8885275480434	1000	1.5549711275706868	0.0	532300	499.816613535	1.0
2432.3613863041483	1000	1.5821123714657828	0.0	503004	472.858756105	1.0
2432.814716808943	1000	1.6287818666711238	0.0	481782	453.330504795	1.0
2433.2680473137375	1000	1.6754513618764646	0.0	481782	453.330504795	1.0
2433.7337736901395	1000	1.7097249854747572	0.0	510552	465.726376402	1.0
2434.220045381918	1000	1.7234532936960008	0.0	536970	486.271691779	1.0
2434.7103323952215	1000	1.7331662803925882	0.0	536970	490.287013303	1.0
2435.204304939716	1000	1.7391937358979468	0.0	536970	493.972544495	1.0
2435.698277484211	1000	1.7452211914033051	0.0	536970	493.972544495	1.0
2436.182846940931	1000	1.7606517346828547	0.0	536970	484.56945672	1.0
2436.696055459343	1000	1.7474432162710476	0.0	573990	513.208518412	1.0
2437.2204197964916	1000	1.7230788791223455	0.0	586715	524.364337149	1.0
2437.7168112049935	1000	1.7266874706201216	0.0	551265	496.391408502	1.0
2438.2133197298003	1000	1.730178945813573	0.0	551265	496.508524807	1.0
2438.7098169478227	1000	1.7336817277915986	0.0	551265	496.497218022	1.0
2439.203344625572	1000	1.7401540500421637	0.0	551265	493.527677749	1.0
2439.696872303321	1000	1.746626372292729	0.0	551265	493.527677749	1.0
2440.186141134979	1000	1.7573575406347555	0.0	551265	489.268831658	1.0
2440.6415697828784	1000	1.801928892735687	0.0	527825	455.428647899	1.0
2441.0637862229314	1000	1.8797124526825497	0.0	498375	422.216440053	1.0
2441.411105137101	1000	2.032393538513021	0.0	434595	347.31891417	1.0
2441.7192693165775	200	2.2242293590366136	0.0	383025	308.164179476	-0.6000000000000001
2442.0514619345704	200	2.3920367410435373	0.0	383025	332.192617993	0.2
2442.3836545525633	200	2.5598441230504614	0.0	383025	332.192617993	0.2
2442.7155576193663	200	2.727941056247261	0.0	383025	331.903066803	0.2
2443.035887486632	200	2.9076111889817775	0.0	383025	320.329867265	0.2
2443.3562173538976	200	3.087281321716295	0.0	383025	320.329867265	0.2
2443.677751353111	200	3.2657473225028912	0.0	383025	321.533999213	0.2
2444.002300503295	200	3.441198172318901	0.0	383025	324.549150184	0.2
2444.326849653479	200	3.616649022134911	0.0	383025	324.549150184	0.2
2444.650146108592	200	3.793352567021918	0.0	383025	323.296455113	0.2
2444.973199394521	200	3.970299281092461	0.0	383025	323.053285929	0.2
2445.295312734432	200	4.148185941181837	0.0	383025	322.113339911	0.2
2445.607957239939	200	4.33554143567501	0.0	383025	312.644505507	0.2
2445.9206017454458	200	4.522896930168183	0.0	383025	312.644505507	0.2
2446.226160977622	200	4.7173376979921295	0.0	383025	305.559232176	0.2
2446.5304050598047	200	4.9130936158095455	0.0	383025	304.244082183	0.2
2446.8371732367063	200	5.106325438907844	0.0	383025	306.768176902	0.2
2447.1453960774916	200	5.298102598122621	0.0	383025	308.222840785	0.2
2447.4614574840425	200	5.4820411915712075	0.0	383025	316.061406551	0.2
2447.7784804836247	200	5.665018191989374	0.0	383025	317.022999582	0.2
2448.097300392956	200	5.8461982826581025	0.0	383025	318.819909331	0.2
2448.4259329747833	200	6.017565700831101	0.0	383025	328.632581827	0.2
2448.753970541943	200	6.189528133671662	0.0	383025	328.037567159	0.2
2449.079755669027	200	6.3637430065877245	0.0	383025	325.785127084	0.2
2449.4055407961105	200	6.537957879503786	0.0	383025	325.785127084	0.2
2449.7321535677115	200	6.711345107903054	0.0	383025	326.612771601	0.2
2450.0589311564154	200	6.884567519199089	0.0	383025	326.777588704	0.2
2450.3857087451197	200	7.057789930495123	0.0	383025	326.777588704	0.2
2450.7233751946324	200	7.220123480982267	0.0	383025	337.666449513	0.2
2451.0614805643236	200	7.38201811129087	0.0	383025	338.105369691	0.2
2451.399585934015	200	7.543912741599473	0.0	383025	338.105369691	0.2
2451.737357397539	200	7.706141278075451	0.0	383025	337.771463524	0.2
2452.0743639975667	200	7.869134678048014	0.0	383025	337.006600027	0.2
2452.4113705975938	200	8.032128078020579	0.0	383025	337.006600027	0.2
2452.7477438220953	200	8.195754853519185	0.0	383025	336.373224501	0.2
2453.074594696073	200	8.368903979541594	0.0	383025	326.850873978	0.2
2453.4014455700503	200	8.542053105564003	0.0	383025	326.850873978	0.2
2453.7262542718795	200	8.717244403734721	0.0	383025	324.808701829	0.2
2454.0450484264834	200	8.898450249130528	0.0	383025	318.794154604	0.2
2454.362525982203	200	9.080972693410692	0.0	383025	317.47755572	0.2
2454.679132691295	200	9.264365984318722	0.0	383025	316.606709092	0.2
2454.995739400387	200	9.447759275226751	0.0	383025	316.606709092	0.2
2455.322404846102	200	9.621093829511507	0.0	383025	326.665445715	0.2
2455.6511362537344	200	9.792362421878744	0.0	383025	328.731407633	0.2
2455.9798676613673	200	9.963631014245982	0.0	383025	328.731407633	0.2
2456.3031266330054	200	9.64294384460292	0.0	383025	320.687169643	0.2
2456.6161484603754	200	9.829922017232963	0.0	383025	313.02182737	0.2
2457.40778586848	200	9.516900189863009	0.0	383025	313.02182737	0.2
2457.7271615789055	200	9.697524479437512	0.0	383025	319.375710425	0.2
2458.0511816090216	200	9.873504449321345	0.0	383025	324.0200301161672	0.2
2458.6519442769404	200	9.549128723550265	0.0	383025	324.375725771	0.2
2458.9640163875792	200	9.737056612911658	0.0	383025	312.072110639	0.2
2459.276638786198	200	9.924434214292516	0.0	383025	312.62239861914094	0.2
2459.7284436703867	200	9.60907252175082	0.0	383025	315.361692542	0.2
2460.0554096776536	200	9.78210651448426	0.0	383025	326.966007267	0.2
2460.38237568492	200	9.9551405072177	0.0	383025	326.966007267	0.2
2461.21156362626	200	9.625952565878082	0.0	383025	329.18794133961796	0.2
2461.5395380918644	200	9.797978100273482	0.0	383025	327.97446560459997	0.2
2461.863501755357	200	9.974014436781337	0.0	383025	323.963663492	0.2
2462.592930244458	200	9.650050773289193	0.0	383025	323.963663492	0.2
2462.913394707602	200	9.829586310145052	0.0	383025	320.464463144	0.2
2463.306024087784	200	9.51623635503068	0.0	383025	313.34995511437165	0.2
2463.611477423612	200	9.710783019202522	0.0	383025	305.453335828	0.2
2463.91693075944	200	9.905329683374363	0.0	383025	305.453335828	0.2
2464.738167528916	200	9.58409291389824	0.0	383025	321.2367694761216	0.2
2465.0620949547397	200	9.76016548807439	0.0	383025	323.9274258238518	0.2
2465.383243776828	200	9.939016665986296	0.0	383025	321.148822088	0.2
2466.182040477916	200	9.6178678438982	0.0	383025	321.148822088	0.2
2466.4975926116895	200	9.802315710124672	0.0	383025	315.5521337735288	0.2
2466.8078330924845	200	9.992075229329853	0.0	383025	310.240480795	0.2
2467.5717544808426	200	9.681834748535032	0.0	383025	310.240480795	0.2
2467.8768675590077	200	9.876721670369596	0.0	383025	305.1130781654348	0.2
2468.3832031762536	200	9.562950907060971	0.0	383025	313.770763309	0.2
2468.6916716217324	200	9.754482461581812	0.0	383025	308.468445479	0.2
2468.9936536076916	200	9.9525004756225	0.0	383025	301.98198595931115	0.2
2469.6393300977593	200	9.656169858976451	0.0	383025	296.330616646	0.2
2469.945459097507	200	9.850040859228669	0.0	383025	306.128999748	0.2
2470.367450687887	200	9.541782538773232	0.0	383025	308.2583204554376	0.2
2470.6744555349346	200	9.734777691725931	0.0	383025	307.004847047	0.2
2470.9828753054717	200	9.926357921189156	0.0	383025	308.4197705367754	0.2

