4051.4714407033757	400	0.5	0.15759930515077708	181435	157.599305151	-2.751986103015542
4051.631475659419	400	0.8399650439570499	0.0	184429	160.034956043	0.4
4051.8738012854674	600	1.0976394179081643	0.0	285584	242.325626049	0.39999999999999997
4052.202229692438	800	1.2692110109379386	0.0	391425	328.42840697	0.6000000000000001
4052.530658099408	800	1.440782603967713	0.0	391425	328.42840697	0.8
4052.9394214967765	1000	1.5320192065990281	0.0	490176	408.763397369	0.8
4053.3670689169107	1000	1.6043717864648077	0.0	513389	427.647420134	1.0
4053.786537396065	1000	1.684903307310834	0.0	497055	419.468479154	1.0
4054.2263837430514	1000	1.7450569603242312	0.0	520019	439.846346987	1.0
4054.692057952016	1000	1.779382751359617	0.0	551265	465.674208965	1.0
4055.16357372472	1000	1.8078669786556891	0.0	558332	471.515772704	1.0
4055.617770910612	1000	1.8536697927639054	0.0	536970	454.197185892	1.0
4056.0761108562638	1000	1.8953298471119289	0.0	536970	458.339945652	1.0
4056.534450801916	1000	1.9369899014599523	0.0	536970	458.339945652	1.0
4056.992790747568	1000	1.9786499558079758	0.0	536970	458.339945652	1.0
4057.45113069322	1000	2.0203100101559994	0.0	536970	458.339945652	1.0
4057.7809351658784	200	2.19050553749766	0.0	383025	329.804472658	-0.6000000000000001
4058.110739638537	200	2.3607010648393207	0.0	383025	329.804472658	0.2
4058.440544111195	200	2.5308965921809814	0.0	383025	329.804472658	0.2
4058.7703485838533	200	2.7010921195226425	0.0	383025	329.804472658	0.2
4059.1000744938747	200	2.8713662095009544	0.0	383025	329.725910022	0.2
4059.4294327947305	200	3.0420079086450595	0.0	383025	329.358300856	0.2
4059.7587910955863	200	3.2126496077891646	0.0	383025	329.358300856	0.2
4060.0881493964425	200	3.3832913069332697	0.0	383025	329.358300856	0.2
4060.4175076972983	200	3.553933006077375	0.0	383025	329.358300856	0.2
4060.746865998154	200	3.72457470522148	0.0	383025	329.358300856	0.2
4061.07622429901	200	3.8952164043655855	0.0	383025	329.358300856	0.2
4061.40967647409	200	4.061764229285666	0.0	383025	333.45217508	0.2
4061.743516187318	200	4.227924516057137	0.0	383025	333.839713229	0.2
4062.0773559005465	200	4.3940848028286075	0.0	383025	333.839713229	0.2
4062.411195613775	200	4.560245089600078	0.0	383025	333.839713229	0.2
4062.7450353270033	200	4.726405376371548	0.0	383025	333.839713229	0.2
4063.0788750402317	200	4.892565663143019	0.0	383025	333.839713229	0.2
4063.41271475346	200	5.05872594991449	0.0	383025	333.839713229	0.2
4063.7465544666884	200	5.224886236685961	0.0	383025	333.839713229	0.2
4064.079651789419	200	5.39178891395518	0.0	383025	333.097322731	0.2
4064.408327149941	200	5.563113553433592	0.0	383025	328.675360522	0.2
4064.737002510463	200	5.734438192912004	0.0	383025	328.675360522	0.2
4065.0656778709845	200	5.905762832390415	0.0	383025	328.675360522	0.2
4065.3943532315066	200	6.077087471868827	0.0	383025	328.675360522	0.2
4065.723028592028	200	6.248412111347239	0.0	383025	328.675360522	0.2
4066.05170395255	200	6.419736750825651	0.0	383025	328.675360522	0.2
4066.380379313072	200	6.591061390304063	0.0	383025	328.675360522	0.2
4066.7090546735935	200	6.7623860297824745	0.0	383025	328.675360522	0.2
4067.0236892678327	200	6.947751435543147	0.0	383025	314.634594239	0.2
4067.334740972594	200	7.136699730781902	0.0	383025	311.051704761	0.2
4067.645792677355	200	7.325648026020657	0.0	383025	311.051704761	0.2
4067.9568443821163	200	7.514596321259412	0.0	383025	311.051704761	0.2
4068.2667670425085	200	7.7046736608670425	0.0	383025	309.922660392	0.2
4068.571530675302	200	7.899910028073533	0.0	383025	304.763632794	0.2
4068.876294308095	200	8.095146395280022	0.0	383025	304.763632794	0.2
4069.181057940889	200	8.290382762486512	0.0	383025	304.763632794	0.2
4069.487068769754	200	8.484371933621297	0.0	383025	306.010828865	0.2
4069.7969397491383	200	8.674500954236972	0.0	383025	309.870979384	0.2
4070.1068107285228	200	8.864629974852647	0.0	383025	309.870979384	0.2
4070.4166817079076	200	9.054758995468323	0.0	383025	309.870979384	0.2
4070.72782080246	200	9.243619900915805	0.0	383025	311.139094553	0.2
4071.0397730468926	200	9.431667656483217	0.0	383025	311.952244433	0.2
4071.3517252913252	200	9.619715412050631	0.0	383025	311.952244433	0.2
4071.663677535758	200	9.807763167618045	0.0	383025	311.952244433	0.2
4071.9756297801905	200	9.995810923185457	0.0	383025	311.952244433	0.2
4072.783710057177	200	9.687730646198718	0.0	383025	308.080276987	0.2
4073.091054648363	200	9.880386055012952	0.0	383025	307.344591186	0.2
4073.900718413952	200	9.570722289424118	0.0	383025	309.66376558883354	0.2
4074.21201352311	200	9.759427180266286	0.0	383025	311.295109158	0.2
4074.523308632268	200	9.948132071108454	0.0	383025	311.295109158	0.2
4075.330823098639	200	9.640617604736956	0.0	383025	307.5144663714979	0.2
4075.6366914074724	200	9.834749295903698	0.0	383025	305.86830883325644	0.2
4076.448106724861	200	9.523333978514891	0.0	383025	311.415317389	0.2
4076.75952204225	200	9.711918661126083	0.0	383025	311.415317389	0.2
4077.0723537592125	200	9.899086944163669	0.0	383025	312.8317169624155	0.2
4077.891246393516	200	9.580194309859731	0.0	383025	318.892634304	0.2
4078.21013902782	200	9.761301675555794	0.0	383025	318.892634304	0.2
4078.5290316621235	200	9.942409041251858	0.0	383025	318.892634304	0.2
4079.3297450533655	200	9.641695650010078	0.0	383025	300.7133912417797	0.2
4079.633182316599	200	9.8382583867765	0.0	383025	303.43726323357777	0.2
4080.4488029646895	200	9.522637738685733	0.0	383025	315.620648091	0.2
4080.766719498095	200	9.704721205280162	0.0	383025	317.9165334055712	0.2
4081.089316225356	200	9.882124478019247	0.0	383025	322.596727261	0.2
4081.9119129526166	200	9.559527750758331	0.0	383025	322.596727261	0.2
4082.2345096798776	200	9.736931023497414	0.0	383025	322.596727261	0.2
4082.5571064071387	200	9.914334296236499	0.0	383025	322.596727261	0.2
4083.381999092866	200	9.589441610509468	0.0	383025	324.89268572703077	0.2
4083.7140565534937	200	9.75738414988135	0.0	383025	332.057460628	0.2
4084.0461140141215	200	9.925326689253234	0.0	383025	332.057460628	0.2
4084.4425016847754	200	9.593269228625116	0.0	383025	332.057460628	0.2
4084.759569533601	200	9.776201379799845	0.0	383025	317.067848825	0.2
4085.0766373824263	200	9.959133530974576	0.0	383025	317.067848825	0.2
4085.569238806553	200	9.642065682149305	0.0	383025	317.067848825	0.2
4085.8804902007932	200	9.830814287909206	0.0	383025	311.25139424	0.2
4086.6917415950334	200	9.519562893669109	0.0	383025	311.25139424	0.2
4087.0064903350217	200	9.70481415368115	0.0	383025	314.7487399879582	0.2
4087.3218050912164	200	9.889499397486412	0.0	383025	315.314756195	0.2
4088.1371198474108	200	9.574184641291673	0.0	383025	315.314756195	0.2
4088.4526602029946	200	9.758644285707975	0.0	383025	315.54035558369895	0.2
4088.769388450671	200	9.941916038031271	0.0	383025	316.728247677	0.2
4089.5861166983477	200	9.625187790354568	0.0	383025	316.728247677	0.2
4089.902844946024	200	9.808459542677864	0.0	383025	316.728247677	0.2
4090.22678185233	200	9.984522636371928	0.0	383025	323.93690630593693	0.2
4091.052503135859	200	9.658801352843048	0.0	383025	325.721283529	0.2
4091.378224419388	200	9.833080069314166	0.0	383025	325.721283529	0.2
4091.7741862794824	200	9.507358785785286	0.0	383025	325.721283529	0.2
4092.1020617400604	200	9.679483325206975	0.0	383025	327.875460578	0.2
4092.4299372006385	200	9.851607864628663	0.0	383025	327.875460578	0.2
4092.781679619517	200	9.523732404050353	0.0	383025	327.875460578	0.2
4093.1045757768784	200	9.700836246689368	0.0	383025	322.896157361	0.2
4093.4274719342393	200	9.877940089328384	0.0	383025	322.896157361	0.2
4094.2503680916006	200	9.555043931967399	0.0	383025	322.896157361	0.2
4094.5732642489616	200	9.732147774606414	0.0	383025	322.896157361	0.2
4094.896160406323	200	9.90925161724543	0.0	383025	322.896157361	0.2
4095.7242706675775	200	9.581141355990717	0.0	383025	328.1102612547138	0.2
4096.053929580954	200	9.751482442613957	0.0	383025	329.658913377	0.2
4096.383588494331	200	9.921823529237198	0.0	383025	329.658913377	0.2
4097.213247407708	200	9.592164615860439	0.0	383025	329.658913377	0.2
4097.542906321085	200	9.76250570248368	0.0	383025	329.658913377	0.2
4097.872565234461	200	9.93284678910692	0.0	383025	329.658913377	0.2
4098.705706812468	200	9.599705211100385	0.0	383025	333.1415780065346	0.2
4099.039022830686	200	9.766389192882682	0.0	383025	333.316018218	0.2
4099.372338848903	200	9.933073174664981	0.0	383025	333.316018218	0.2
4100.205654867121	200	9.59975715644728	0.0	383025	333.316018218	0.2

