3657.01135884	400	0.5	0.158591201137	181435	158.591201137	-2.77182402274
3657.40753216	1000	0.603826672564	0.0	471531	396.173327436	0.4
3657.81264136	1000	0.698717480517	0.0	482442	405.109192047	1.0
3658.22567661	1000	0.785682223243	0.0	492120	413.035257274	1.0
3658.63871187	1000	0.872646965968	0.0	492120	413.035257274	1.0
3659.05015504	1000	0.961203801151	0.0	490176	411.443164817	1.0
3659.48086626	1000	1.03049257546	0.0	513389	430.711225694	1.0
3659.89876195	1000	1.1125968897	0.0	497055	417.895685762	1.0
3660.33550246	1000	1.17585637483	0.0	520019	436.740514861	1.0
3660.79788422	1000	1.21347461585	0.0	551265	462.381758984	1.0
3661.26606534	1000	1.24529350104	0.0	558332	468.181114812	1.0
3661.71671626	1000	1.29464257431	0.0	536970	450.650926726	1.0
3662.16736719	1000	1.34399164759	0.0	536970	450.650926726	1.0
3662.61801812	1000	1.39334072086	0.0	536970	450.650926726	1.0
3663.07029503	1000	1.44106380385	0.0	536970	452.276917007	1.0
3663.52621812	1000	1.48514071335	0.0	536970	455.923090509	1.0
3663.99580533	1000	1.51555351026	0.0	553424	469.587203087	1.0
3664.44009391	1000	1.57126492912	0.0	522960	444.288581136	1.0
3664.88438249	1000	1.62697634799	0.0	522960	444.288581136	1.0
3665.33642741	1000	1.67493142727	0.0	532300	452.044920718	1.0
3665.76196426	1000	1.74939457826	0.0	503004	425.536849011	1.0
3666.15984034	1000	1.85151850004	0.0	481782	397.876078212	1.0
3666.55771642	1000	1.95364242183	0.0	481782	397.876078212	1.0
3666.97875483	1000	2.03260401134	0.0	510552	421.038410492	1.0
3667.297123	200	2.21423583889	0.0	383025	318.368172446	-0.6
3667.62024019	200	2.39111864927	0.0	383025	323.117189624	0.2
3667.94819724	200	2.56316160027	0.0	383025	327.957048996	0.2
3668.27615429	200	2.73520455128	0.0	383025	327.957048996	0.2
3668.60411133	200	2.90724750228	0.0	383025	327.957048996	0.2
3668.93206838	200	3.07929045329	0.0	383025	327.957048996	0.2
3669.26002543	200	3.25133340429	0.0	383025	327.957048996	0.2
3669.58798248	200	3.4233763553	0.0	383025	327.957048996	0.2
3669.91593953	200	3.5954193063	0.0	383025	327.957048996	0.2
3670.24389658	200	3.76746225731	0.0	383025	327.957048996	0.2
3670.57185363	200	3.93950520831	0.0	383025	327.957048996	0.2
3670.89981068	200	4.11154815931	0.0	383025	327.957048996	0.2
3671.22776773	200	4.28359111032	0.0	383025	327.957048996	0.2
3671.55737613	200	4.45398270921	0.0	383025	329.608401105	0.2
3671.8874943	200	4.6238645408	0.0	383025	330.118168419	0.2
3672.21761246	200	4.79374637238	0.0	383025	330.118168419	0.2
3672.54773063	200	4.96362820396	0.0	383025	330.118168419	0.2
3672.8778488	200	5.13351003554	0.0	383025	330.118168419	0.2
3673.20796697	200	5.30339186712	0.0	383025	330.118168419	0.2
3673.53808514	200	5.4732736987	0.0	383025	330.118168419	0.2
3673.86820331	200	5.64315553028	0.0	383025	330.118168419	0.2
3674.19832148	200	5.81303736187	0.0	383025	330.118168419	0.2
3674.52843964	200	5.98291919345	0.0	383025	330.118168419	0.2
3674.85855781	200	6.15280102503	0.0	383025	330.118168419	0.2
3675.18867598	200	6.32268285661	0.0	383025	330.118168419	0.2
3675.51879415	200	6.49256468819	0.0	383025	330.118168419	0.2
3675.84891232	200	6.66244651977	0.0	383025	330.118168419	0.2
3676.17807825	200	6.83328058215	0.0	383025	329.165937619	0.2
3676.50723258	200	7.00412625248	0.0	383025	329.154329673	0.2
3676.83638691	200	7.17497192281	0.0	383025	329.154329673	0.2
3677.16554124	200	7.34581759314	0.0	383025	329.154329673	0.2
3677.49469557	200	7.51666326346	0.0	383025	329.154329673	0.2
3677.8238499	200	7.68750893379	0.0	383025	329.154329673	0.2
3678.15300423	200	7.85835460412	0.0	383025	329.154329673	0.2
3678.48215856	200	8.02920027444	0.0	383025	329.154329673	0.2
3678.81131289	200	8.20004594477	0.0	383025	329.154329673	0.2
3679.14046722	200	8.3708916151	0.0	383025	329.154329673	0.2
3679.46962155	200	8.54173728543	0.0	383025	329.154329673	0.2
3679.79877588	200	8.71258295575	0.0	383025	329.154329673	0.2
3680.12758326	200	8.88377557227	0.0	383025	328.807383482	0.2
3680.45585291	200	9.05550592694	0.0	383025	328.269645329	0.2
3680.78412256	200	9.22723628161	0.0	383025	328.269645329	0.2
3681.1123922	200	9.39896663629	0.0	383025	328.269645329	0.2
3681.44066185	200	9.57069699096	0.0	383025	328.269645329	0.2
3681.76893149	200	9.74242734563	0.0	383025	328.269645329	0.2
3682.09720114	200	9.9141577003	0.0	383025	328.269645329	0.2
3682.92547078	200	9.58588805497	0.0	383025	328.269645329	0.2
3683.25056451	200	9.76079432404	0.0	383025	325.093730933	0.2
3683.57047857	200	9.94088026553	0.0	383025	319.914058507	0.2
3684.39039263	200	9.62096620702	0.0	383025	319.914058507	0.2
3684.71030669	200	9.80105214851	0.0	383025	319.914058507	0.2
3685.03022075	200	9.98113809001	0.0	383025	319.914058507	0.2
3685.64750191	200	9.6612240315	0.0	383025	319.914058507	0.2
3685.96750085	200	9.84122508654	0.0	383025	319.998944964	0.2
3686.7874998	200	9.52122614157	0.0	383025	319.998944964	0.2
3687.10749874	200	9.70122719661	0.0	383025	319.998944964	0.2
3687.42749769	200	9.88122825164	0.0	383025	319.998944964	0.2
3688.24772603	200	9.56099990688	0.0	383025	320.228344764	0.2
3688.56810453	200	9.740621409	0.0	383025	320.378497883	0.2
3688.88848303	200	9.92024291111	0.0	383025	320.378497883	0.2
3689.70886153	200	9.59986441323	0.0	383025	320.378497883	0.2
3690.02816921	200	9.78055672914	0.0	383025	319.307684088	0.2
3690.34292456	200	9.96580137963	0.0	383025	314.755349514	0.2
3691.15767991	200	9.65104603012	0.0	383025	314.755349514	0.2
3691.47243526	200	9.8362906806	0.0	383025	314.755349514	0.2
3692.2832767	200	9.52544923577	0.0	383025	310.841444827	0.2
3692.5930004	200	9.71572554142	0.0	383025	309.723694358	0.2
3692.90272409	200	9.90600184706	0.0	383025	309.723694358	0.2
3693.71025936	200	9.59846658158	0.0	383025	307.53526548	0.2
3694.01462039	200	9.79410555249	0.0	383025	304.361029085	0.2
3694.31940886	200	9.98931708396	0.0	383025	304.788468537	0.2
3695.12634574	200	9.6823802049	0.0	383025	306.936879059	0.2
3695.43328261	200	9.87544332584	0.0	383025	306.936879059	0.2
3696.24041314	200	9.56831279855	0.0	383025	307.130527286	0.2
3696.54798832	200	9.76073761739	0.0	383025	307.575181161	0.2
3696.85505757	200	9.95366836947	0.0	383025	307.069247923	0.2
3697.66159751	200	9.64712842616	0.0	383025	306.539943307	0.2
3697.96813746	200	9.84058848285	0.0	383025	306.539943307	0.2
3698.77352001	200	9.53520592683	0.0	383025	305.382556022	0.2
3699.08144905	200	9.72727689195	0.0	383025	307.929034884	0.2
3699.40661426	200	9.9021116831	0.0	383025	325.165208845	0.2
3700.23177947	200	9.57694647426	0.0	383025	325.165208845	0.2
3700.55694467	200	9.75178126541	0.0	383025	325.165208845	0.2
3700.88210988	200	9.92661605657	0.0	383025	325.165208845	0.2
3701.46441541	200	9.60145084772	0.0	383025	325.165208845	0.2
3701.78445388	200	9.78141237942	0.0	383025	320.0384683	0.2
3702.10449234	200	9.96137391112	0.0	383025	320.0384683	0.2
3702.92453081	200	9.64133544282	0.0	383025	320.0384683	0.2
3703.24456928	200	9.82129697452	0.0	383025	320.0384683	0.2
3704.06174517	200	9.50412108855	0.0	383025	317.175885973	0.2
3704.3703071	200	9.69555915417	0.0	383025	308.561934379	0.2
3704.67886904	200	9.88699721979	0.0	383025	308.561934379	0.2
3705.3775869	200	9.57843528541	0.0	383025	308.561934379	0.2
3705.68355056	200	9.77247163387	0.0	383025	305.963651542	0.2
3705.98951421	200	9.96650798233	0.0	383025	305.963651542	0.2
3706.77352456	200	9.66054433079	0.0	383025	305.963651542	0.2

