2061.72546543	400	0.5	0.154297595615	181435	154.297595615	-2.6859519123
2062.11048011	1000	0.614985313981	0.0	471531	385.014686019	0.4
2062.50417246	1000	0.721292968934	0.0	482442	393.692345047	1.0
2062.90556184	1000	0.819903585662	0.0	492120	401.389383272	1.0
2063.31119431	1000	0.914271119119	0.0	492120	405.632466543	1.0
2063.71644711	1000	1.00901831458	0.0	490176	405.252804537	1.0
2064.13918284	1000	1.08628258939	0.0	513389	422.735725195	1.0
2064.54772514	1000	1.17774028412	0.0	497055	408.542305263	1.0
2064.97468015	1000	1.25078527705	0.0	520019	426.955007073	1.0
2065.43044413	1000	1.29502129661	0.0	551265	455.763980437	1.0
2065.89967271	1000	1.32579271693	0.0	558332	469.228579687	1.0
2066.35133103	1000	1.37413440174	0.0	536970	451.658315186	1.0
2066.80295568	1000	1.42250975025	0.0	536970	451.624651495	1.0
2067.25414676	1000	1.47131866399	0.0	536970	451.19108626	1.0
2067.70533785	1000	1.52012757773	0.0	536970	451.19108626	1.0
2068.15652894	1000	1.56893649147	0.0	536970	451.19108626	1.0
2068.61625959	1000	1.60920584106	0.0	553424	459.730650402	1.0
2069.03455875	1000	1.69090667845	0.0	522960	418.299162617	1.0
2069.44484724	1000	1.78061818958	0.0	522960	410.28848887	1.0
2069.84984878	1000	1.87561665265	0.0	532300	405.001536927	1.0
2070.18684186	1000	2.03862356591	0.0	503004	336.993086742	1.0
2070.43605028	200	2.28941514776	0.0	383025	249.208418152	-0.6
2070.68536785	200	2.54009757457	0.0	383025	249.31757319	0.2
2070.9623378	200	2.76312762384	0.0	383025	276.969950731	0.2
2071.3016705	200	2.92379492348	0.0	383025	339.332700355	0.2
2071.64100321	200	3.08446222313	0.0	383025	339.332700355	0.2
2071.98033591	200	3.24512952277	0.0	383025	339.332700355	0.2
2072.31966861	200	3.40579682242	0.0	383025	339.332700355	0.2
2072.65900131	200	3.56646412206	0.0	383025	339.332700355	0.2
2072.99833401	200	3.72713142171	0.0	383025	339.332700355	0.2
2073.33698847	200	3.88847695583	0.0	383025	338.654465872	0.2
2073.67422383	200	4.05124160247	0.0	383025	337.23535336	0.2
2074.01145918	200	4.21400624911	0.0	383025	337.23535336	0.2
2074.34869453	200	4.37677089575	0.0	383025	337.23535336	0.2
2074.68592989	200	4.53953554239	0.0	383025	337.23535336	0.2
2075.02320986	200	4.70225556853	0.0	383025	337.279973859	0.2
2075.36775595	200	4.85770947501	0.0	383025	344.546093529	0.2
2075.71230205	200	5.01316338148	0.0	383025	344.546093529	0.2
2076.05684814	200	5.16861728795	0.0	383025	344.546093529	0.2
2076.40139423	200	5.32407119442	0.0	383025	344.546093529	0.2
2076.74594033	200	5.47952510089	0.0	383025	344.546093529	0.2
2077.09048642	200	5.63497900736	0.0	383025	344.546093529	0.2
2077.43503251	200	5.79043291383	0.0	383025	344.546093529	0.2
2077.77957861	200	5.9458868203	0.0	383025	344.546093529	0.2
2078.1241247	200	6.10134072677	0.0	383025	344.546093529	0.2
2078.44704732	200	6.27841810367	0.0	383025	322.922623105	0.2
2078.76880922	200	6.45665620821	0.0	383025	321.761895454	0.2
2079.09057112	200	6.63489431276	0.0	383025	321.761895454	0.2
2079.41242497	200	6.81304046297	0.0	383025	321.853849788	0.2
2079.75879372	200	6.96667170828	0.0	383025	346.368754686	0.2
2080.10516247	200	7.1203029536	0.0	383025	346.368754686	0.2
2080.45153123	200	7.27393419891	0.0	383025	346.368754686	0.2
2080.79789998	200	7.42756544422	0.0	383025	346.368754686	0.2
2081.14426874	200	7.58119668954	0.0	383025	346.368754686	0.2
2081.49063749	200	7.73482793485	0.0	383025	346.368754686	0.2
2081.83700625	200	7.88845918016	0.0	383025	346.368754686	0.2
2082.183375	200	8.04209042548	0.0	383025	346.368754686	0.2
2082.52974376	200	8.19572167079	0.0	383025	346.368754686	0.2
2082.87358701	200	8.35187841774	0.0	383025	343.843253053	0.2
2083.21100844	200	8.51445698852	0.0	383025	337.42142922	0.2
2083.54842987	200	8.6770355593	0.0	383025	337.42142922	0.2
2083.8858513	200	8.83961413008	0.0	383025	337.42142922	0.2
2084.22327273	200	9.00219270086	0.0	383025	337.42142922	0.2
2084.56069416	200	9.16477127164	0.0	383025	337.42142922	0.2
2084.88947568	200	9.33598974588	0.0	383025	328.781525763	0.2
2085.21703856	200	9.50842687293	0.0	383025	327.562872947	0.2
2085.54460143	200	9.68086399998	0.0	383025	327.562872947	0.2
2085.8721643	200	9.85330112704	0.0	383025	327.562872947	0.2
2086.69909595	200	9.52636947728	0.0	383025	326.931649755	0.2
2087.01585812	200	9.70960730403	0.0	383025	316.76217325	0.2
2087.33426702	200	9.89119840731	0.0	383025	318.408896722	0.2
2088.1560084	200	9.56945702819	0.0	383025	321.741379121	0.2
2088.47774978	200	9.74771564907	0.0	383025	321.741379121	0.2
2088.80762501	200	9.91784042269	0.0	383025	329.875226381	0.2
2089.63816088	200	9.58730455156	0.0	383025	330.535871124	0.2
2089.97575156	200	9.74971387273	0.0	383025	337.590678835	0.2
2090.31580761	200	9.90965781396	0.0	383025	340.056058768	0.2
2091.15586367	200	9.56960175519	0.0	383025	340.056058768	0.2
2091.49591973	200	9.72954569642	0.0	383025	340.056058768	0.2
2091.83597579	200	9.88948963766	0.0	383025	340.056058768	0.2
2092.58089576	200	9.54943357889	0.0	383025	340.056058768	0.2
2092.92420944	200	9.70611990485	0.0	383025	343.313674034	0.2
2093.26752311	200	9.86280623082	0.0	383025	343.313674034	0.2
2093.79564169	200	9.51949255678	0.0	383025	343.313674034	0.2
2094.13101432	200	9.68411992148	0.0	383025	335.3726353	0.2
2094.46638696	200	9.84874728618	0.0	383025	335.3726353	0.2
2094.88268248	200	9.51337465088	0.0	383025	335.3726353	0.2
2095.22869142	200	9.6673657164	0.0	383025	346.008934486	0.2
2095.57470035	200	9.82135678191	0.0	383025	346.008934486	0.2
2095.92070929	200	9.97534784743	0.0	383025	346.008934486	0.2
2096.76671822	200	9.62933891294	0.0	383025	346.008934486	0.2
2097.11272715	200	9.78332997845	0.0	383025	346.008934486	0.2
2097.45873609	200	9.93732104397	0.0	383025	346.008934486	0.2
2098.16773052	200	9.59131210948	0.0	383025	346.008934486	0.2
2098.51073327	200	9.74830935873	0.0	383025	343.002750754	0.2
2098.85373602	200	9.90530660798	0.0	383025	343.002750754	0.2
2099.69673877	200	9.56230385722	0.0	383025	343.002750754	0.2
2100.03974152	200	9.71930110647	0.0	383025	343.002750754	0.2
2100.38274427	200	9.87629835571	0.0	383025	343.002750754	0.2
2101.2167489	200	9.53329560496	0.0	383025	343.002750754	0.2
2101.53448567	200	9.71555883567	0.0	383025	317.736769294	0.2
2101.85222244	200	9.89782206637	0.0	383025	317.736769294	0.2
2102.28437392	200	9.61498402552	0.0	383025	282.838040852	0.2
2102.57078353	200	9.82857441206	0.0	383025	286.409613458	0.2
2102.86823208	200	9.53771163993	0.0	383025	290.862772129	0.2
2103.17989621	200	9.72604750654	0.0	383025	311.664133394	0.2
2103.49156034	200	9.91438337315	0.0	383025	311.664133394	0.2
2104.12480274	200	9.60271923975	0.0	383025	311.664133394	0.2
2104.41547024	200	9.81205174041	0.0	383025	290.66749934	0.2
2104.78581992	200	9.51299981314	0.0	383025	299.051927273	0.2
2105.1057151	200	9.69310462822	0.0	383025	319.895184922	0.2
2105.42561029	200	9.8732094433	0.0	383025	319.895184922	0.2
2106.02648875	200	9.55331425837	0.0	383025	319.895184922	0.2
2106.36378548	200	9.71601752574	0.0	383025	337.296732631	0.2
2106.70108222	200	9.87872079311	0.0	383025	337.296732631	0.2
2107.53837895	200	9.54142406048	0.0	383025	337.296732631	0.2
2107.87409331	200	9.70570969611	0.0	383025	335.714364374	0.2
2108.20769522	200	9.87210778661	0.0	383025	333.601909497	0.2
2109.04129713	200	9.53850587711	0.0	383025	333.601909497	0.2
2109.37489904	200	9.70490396762	0.0	383025	333.601909497	0.2

