6690.15424115	400	0.5	0.155048715871	181435	155.048715871	-2.70097431742
6690.54120792	1000	0.613033229293	0.0	471531	386.966770707	0.4
6690.93689752	1000	0.717343629258	0.0	482442	395.689600034	1.0
6691.34032422	1000	0.813916925181	0.0	492120	403.426704078	1.0
6691.74375093	1000	0.910490221103	0.0	492120	403.426704078	1.0
6692.14562349	1000	1.00861765324	0.0	490176	401.872567866	1.0
6692.56605376	1000	1.0881873879	0.0	513389	420.430265341	1.0
6692.97342576	1000	1.18081538433	0.0	497055	407.372003567	1.0
6693.3991564	1000	1.25508474703	0.0	520019	425.7306373	1.0
6693.84981839	1000	1.30442275525	0.0	551265	450.661991775	1.0
6694.30547493	1000	1.34876621313	0.0	558332	455.656542121	1.0
6694.74408048	1000	1.41016066406	0.0	536970	438.605549069	1.0
6695.18268603	1000	1.471555115	0.0	536970	438.605549069	1.0
6695.61495908	1000	1.53928206875	0.0	536970	432.273046241	1.0
6696.04606904	1000	1.60817210972	0.0	536970	431.109959032	1.0
6696.477179	1000	1.67706215069	0.0	536970	431.109959032	1.0
6696.92119274	1000	1.73304841069	0.0	553424	444.013739999	1.0
6697.34265171	1000	1.81158943539	0.0	522960	421.458975305	1.0
6697.76433077	1000	1.88991037963	0.0	522960	421.679055755	1.0
6698.19336236	1000	1.96087878758	0.0	532300	429.03159205	1.0
6698.60226716	1000	2.05197398609	0.0	503004	408.904801493	1.0
6698.92010358	200	2.23413756386	0.0	383025	317.836422226	-0.6
6699.23794001	200	2.41630114164	0.0	383025	317.836422226	0.2
6699.55577643	200	2.59846471941	0.0	383025	317.836422226	0.2
6699.87361285	200	2.78062829719	0.0	383025	317.836422226	0.2
6700.19144927	200	2.96279187496	0.0	383025	317.836422226	0.2
6700.50928569	200	3.14495545273	0.0	383025	317.836422226	0.2
6700.82712212	200	3.32711903051	0.0	383025	317.836422226	0.2
6701.14417935	200	3.51006180134	0.0	383025	317.057229169	0.2
6701.45836853	200	3.69587261843	0.0	383025	314.189182909	0.2
6701.77255771	200	3.88168343552	0.0	383025	314.189182909	0.2
6702.0867469	200	4.06749425261	0.0	383025	314.189182909	0.2
6702.40093608	200	4.2533050697	0.0	383025	314.189182909	0.2
6702.7185517	200	4.43568945212	0.0	383025	317.615617577	0.2
6703.03666023	200	4.61758091526	0.0	383025	318.108536863	0.2
6703.35476877	200	4.7994723784	0.0	383025	318.108536863	0.2
6703.67287731	200	4.98136384153	0.0	383025	318.108536863	0.2
6703.99098584	200	5.16325530467	0.0	383025	318.108536863	0.2
6704.3098969	200	5.34434424361	0.0	383025	318.911061062	0.2
6704.63110005	200	5.52314110098	0.0	383025	321.203142627	0.2
6704.95230319	200	5.70193795836	0.0	383025	321.203142627	0.2
6705.27350633	200	5.88073481573	0.0	383025	321.203142627	0.2
6705.59470947	200	6.0595316731	0.0	383025	321.203142627	0.2
6705.91591262	200	6.23832853048	0.0	383025	321.203142627	0.2
6706.23711576	200	6.41712538785	0.0	383025	321.203142627	0.2
6706.5583189	200	6.59592224522	0.0	383025	321.203142627	0.2
6706.87938504	200	6.77485610869	0.0	383025	321.066136529	0.2
6707.19998194	200	6.95425920885	0.0	383025	320.596899839	0.2
6707.52057884	200	7.13366230902	0.0	383025	320.596899839	0.2
6707.84117574	200	7.31306540918	0.0	383025	320.596899839	0.2
6708.16177264	200	7.49246850934	0.0	383025	320.596899839	0.2
6708.48236954	200	7.6718716095	0.0	383025	320.596899839	0.2
6708.80296644	200	7.85127470966	0.0	383025	320.596899839	0.2
6709.12356334	200	8.03067780982	0.0	383025	320.596899839	0.2
6709.44350062	200	8.21074053072	0.0	383025	319.937279096	0.2
6709.76268426	200	8.39155688368	0.0	383025	319.183647038	0.2
6710.08186791	200	8.57237323665	0.0	383025	319.183647038	0.2
6710.40105156	200	8.75318958961	0.0	383025	319.183647038	0.2
6710.72023521	200	8.93400594257	0.0	383025	319.183647038	0.2
6711.03941885	200	9.11482229553	0.0	383025	319.183647038	0.2
6711.3586025	200	9.2956386485	0.0	383025	319.183647038	0.2
6711.67627261	200	9.47796854045	0.0	383025	317.67010805	0.2
6711.99017415	200	9.6640670024	0.0	383025	313.90153805	0.2
6712.30407568	200	9.85016546434	0.0	383025	313.90153805	0.2
6712.64676195	200	9.53626392629	0.0	383025	313.90153805	0.2
6712.95856313	200	9.72446274863	0.0	383025	311.801177668	0.2
6713.27036431	200	9.91266157096	0.0	383025	311.801177668	0.2
6714.08216549	200	9.60086039329	0.0	383025	311.801177668	0.2
6714.3938839	200	9.78914198074	0.0	383025	311.718412544	0.2
6714.70472397	200	9.97830191057	0.0	383025	310.840070171	0.2
6715.51556404	200	9.6674618404	0.0	383025	310.840070171	0.2
6715.82640411	200	9.85662177023	0.0	383025	310.840070171	0.2
6716.64122694	200	9.54179893886	0.0	383025	314.822831373	0.2
6716.95753147	200	9.7254944142	0.0	383025	316.304524658	0.2
6717.27383599	200	9.90918988954	0.0	383025	316.304524658	0.2
6717.75230376	200	9.59288536488	0.0	383025	316.304524658	0.2
6718.06207984	200	9.78310928821	0.0	383025	309.776076674	0.2
6718.37185591	200	9.97333321154	0.0	383025	309.776076674	0.2
6718.95312351	200	9.66355713486	0.0	383025	309.776076674	0.2
6719.26877939	200	9.84790124909	0.0	383025	315.655885776	0.2
6720.08443528	200	9.53224536331	0.0	383025	315.655885776	0.2
6720.40009116	200	9.71658947753	0.0	383025	315.655885776	0.2
6720.71243399	200	9.90424664876	0.0	383025	312.34282877	0.2
6721.51921588	200	9.59746475747	0.0	383025	306.781891294	0.2
6721.82599777	200	9.79068286618	0.0	383025	306.781891294	0.2
6722.14184401	200	9.97483663244	0.0	383025	315.84623374	0.2
6722.9589271	200	9.65775354287	0.0	383025	317.083089568	0.2
6723.27601019	200	9.8406704533	0.0	383025	317.083089568	0.2
6723.85455461	200	9.52358736373	0.0	383025	317.083089568	0.2
6724.17176652	200	9.70637545241	0.0	383025	317.211911317	0.2
6724.48897843	200	9.8891635411	0.0	383025	317.211911317	0.2
6725.03928736	200	9.57195162978	0.0	383025	317.211911317	0.2
6725.35147514	200	9.75976384997	0.0	383025	312.187779812	0.2
6725.66366292	200	9.94757607016	0.0	383025	312.187779812	0.2
6726.4758507	200	9.63538829034	0.0	383025	312.187779812	0.2
6726.7908933	200	9.82034569318	0.0	383025	315.042597158	0.2
6727.6078251	200	9.50341389522	0.0	383025	316.931797964	0.2
6727.92480607	200	9.68643292338	0.0	383025	316.980971841	0.2
6728.24226621	200	9.86897277983	0.0	383025	317.460143547	0.2
6729.05972636	200	9.55151263629	0.0	383025	317.460143547	0.2
6729.3771865	200	9.73405249274	0.0	383025	317.460143547	0.2
6729.69402034	200	9.91721865616	0.0	383025	316.833836575	0.2
6730.50998141	200	9.6012575793	0.0	383025	315.961076858	0.2
6730.82594249	200	9.78529650245	0.0	383025	315.961076858	0.2
6731.14190357	200	9.96933542559	0.0	383025	315.961076858	0.2
6731.93953897	200	9.65337434873	0.0	383025	315.961076858	0.2
6732.25669048	200	9.83622283994	0.0	383025	317.151508788	0.2
6733.07384199	200	9.51907133115	0.0	383025	317.151508788	0.2
6733.3909935	200	9.70191982237	0.0	383025	317.151508788	0.2
6733.70752892	200	9.88538440191	0.0	383025	316.535420456	0.2
6734.52154122	200	9.57137210375	0.0	383025	314.012298158	0.2
6734.83555352	200	9.7573598056	0.0	383025	314.012298158	0.2
6735.14956581	200	9.94334750744	0.0	383025	314.012298158	0.2
6735.96464853	200	9.62826478779	0.0	383025	315.082719651	0.2
6736.28245746	200	9.81045586486	0.0	383025	317.808922926	0.2
6736.60026638	200	9.99264694193	0.0	383025	317.808922926	0.2
6736.95828602	200	9.67483801901	0.0	383025	317.808922926	0.2
6737.27318809	200	9.85993594988	0.0	383025	314.902069129	0.2
6737.62810488	200	9.54503388075	0.0	383025	314.902069129	0.2
6737.94237333	200	9.73076543281	0.0	383025	314.26844794	0.2

