4732.686448841842	400	0.5	0.15803139293484778	181435	158.031392935	-2.7606278586969557
4732.846923015885	400	0.8395258259565077	0.0	184429	160.474174043	0.4
4733.089928760752	600	1.0965200810897204	0.0	285584	243.005744867	0.39999999999999997
4733.4192893470745	800	1.2671594947666693	0.0	391425	329.360586323	0.6000000000000001
4733.748649933398	800	1.437798908443618	0.0	391425	329.360586323	0.8
4734.158580685807	1000	1.5278681560351415	0.0	490176	409.930752408	0.8
4734.5874507427825	1000	1.5989980990592076	0.0	513389	428.870056976	1.0
4735.002994017317	1000	1.6834548245243561	0.0	497055	415.543274535	1.0
4735.437273439274	1000	1.7491754025683577	0.0	520019	434.279421956	1.0
4735.895975497435	1000	1.7904733444067087	0.0	551265	458.702058162	1.0
4736.355310877442	1000	1.831137964399564	0.0	558332	459.335380007	1.0
4736.797454510625	1000	1.8889943312163746	0.0	536970	442.143633183	1.0
4737.240398178571	1000	1.946050663270652	0.0	536970	442.943667946	1.0
4737.685651434502	1000	2.0007974073402215	0.0	536970	445.25325593	1.0
4738.006121066609	200	2.180327775232742	0.0	383025	320.469632107	-0.6000000000000001
4738.326590698717	200	2.3598581431252628	0.0	383025	320.469632107	0.2
4738.647060330825	200	2.5393885110177834	0.0	383025	320.469632107	0.2
4738.9675299629325	200	2.718918878910304	0.0	383025	320.469632107	0.2
4739.287808175034	200	2.89864066680889	0.0	383025	320.278212101	0.2
4739.607079188674	200	3.0793696531687362	0.0	383025	319.27101364	0.2
4739.926350202313	200	3.260098639528582	0.0	383025	319.27101364	0.2
4740.245621215953	200	3.4408276258884274	0.0	383025	319.27101364	0.2
4740.564892229593	200	3.6215566122482734	0.0	383025	319.27101364	0.2
4740.884163243233	200	3.802285598608119	0.0	383025	319.27101364	0.2
4741.199672792348	200	3.986776049493155	0.0	383025	315.509549115	0.2
4741.515129877087	200	4.171318964754435	0.0	383025	315.457084739	0.2
4741.830586961825	200	4.3558618800157145	0.0	383025	315.457084739	0.2
4742.146044046564	200	4.540404795276994	0.0	383025	315.457084739	0.2
4742.461501131303	200	4.724947710538274	0.0	383025	315.457084739	0.2
4742.776958216042	200	4.909490625799553	0.0	383025	315.457084739	0.2
4743.091443825087	200	5.095005016754611	0.0	383025	314.485609045	0.2
4743.405371284405	200	5.281077557436762	0.0	383025	313.927459318	0.2
4743.719298743723	200	5.467150098118915	0.0	383025	313.927459318	0.2
4744.0332262030415	200	5.653222638801067	0.0	383025	313.927459318	0.2
4744.335994731595	200	5.8504541102478305	0.0	383025	302.768528553	0.2
4744.637754750845	200	6.0486940909980405	0.0	383025	301.76001925	0.2
4744.939514770095	200	6.24693407174825	0.0	383025	301.76001925	0.2
4745.24408100009	200	6.442367841754186	0.0	383025	304.566229994	0.2
4745.549078971033	200	6.637369870810767	0.0	383025	304.997970943	0.2
4745.854076941976	200	6.832371899867348	0.0	383025	304.997970943	0.2
4746.15907491292	200	7.027373928923929	0.0	383025	304.997970943	0.2
4746.473242361524	200	7.213206480318993	0.0	383025	314.167448605	0.2
4746.790783381554	200	7.395665460288833	0.0	383025	317.54102003	0.2
4747.1083244015845	200	7.578124440258673	0.0	383025	317.54102003	0.2
4747.425865421615	200	7.760583420228512	0.0	383025	317.54102003	0.2
4747.743406441645	200	7.943042400198352	0.0	383025	317.54102003	0.2
4748.061188160824	200	8.125260681019212	0.0	383025	317.781719179	0.2
4748.382014786476	200	8.304434055366778	0.0	383025	320.826625652	0.2
4748.702841412129	200	8.483607429714345	0.0	383025	320.826625652	0.2
4749.023668037781	200	8.662780804061914	0.0	383025	320.826625652	0.2
4749.3444946634345	200	8.84195417840948	0.0	383025	320.826625652	0.2
4749.665321289087	200	9.021127552757047	0.0	383025	320.826625652	0.2
4749.986147914739	200	9.200300927104614	0.0	383025	320.826625652	0.2
4750.302325412256	200	9.384123429587456	0.0	383025	316.177497517	0.2
4750.6177711598375	200	9.568677682006157	0.0	383025	315.445747581	0.2
4750.93321690742	200	9.753231934424857	0.0	383025	315.445747581	0.2
4751.248662655001	200	9.937786186843557	0.0	383025	315.445747581	0.2
4752.069575996971	200	9.616872844872074	0.0	383025	320.913341971	0.2
4752.394527374463	200	9.791921467380924	0.0	383025	324.951377491	0.2
4752.719478751955	200	9.966970089889774	0.0	383025	324.951377491	0.2
4753.5444301294465	200	9.642018712398624	0.0	383025	324.951377491	0.2
4753.87005514421	200	9.816393697635117	0.0	383025	325.62501476350565	0.2
4754.1979962502755	200	9.988452591569029	0.0	383025	327.941106066	0.2
4755.025937356341	200	9.660511485502939	0.0	383025	327.941106066	0.2
4755.353878462408	200	9.832570379436849	0.0	383025	327.941106066	0.2
4756.181819568474	200	9.50462927337076	0.0	383025	327.941106066	0.2
4756.509783916031	200	9.676664925813915	0.0	383025	327.9643475568453	0.2
4756.837765770407	200	9.84868307143802	0.0	383025	327.981854376	0.2
4757.665747624782	200	9.520701217062124	0.0	383025	327.981854376	0.2
4757.993729479157	200	9.692719362686228	0.0	383025	327.981854376	0.2
4758.321711333533	200	9.864737508310332	0.0	383025	327.981854376	0.2
4758.740968984109	200	9.536755653934437	0.0	383025	327.981854376	0.2
4759.068263581323	200	9.709461056720219	0.0	383025	327.294597214	0.2
4759.395558178537	200	9.882166459506	0.0	383025	327.294597214	0.2
4760.222852775751	200	9.55487186229178	0.0	383025	327.294597214	0.2
4760.550147372965	200	9.727577265077562	0.0	383025	327.294597214	0.2
4760.876970581509	200	9.900754056532985	0.0	383025	326.8232085445765	0.2
4761.701675177803	200	9.576049460239	0.0	383025	324.704596294	0.2
4762.026379774097	200	9.751344863945016	0.0	383025	324.704596294	0.2
4762.351084370392	200	9.926640267651031	0.0	383025	324.704596294	0.2
4762.771884592864	200	9.601935671357047	0.0	383025	324.704596294	0.2
4763.080615708152	200	9.793204556067767	0.0	383025	308.731115289	0.2
4763.389346823442	200	9.984473440778487	0.0	383025	308.731115289	0.2
4764.040367053876	200	9.675742325489207	0.0	383025	308.731115289	0.2
4764.34893561613	200	9.867173763236005	0.0	383025	308.568562253	0.2
4764.856930408436	200	9.558605200982804	0.0	383025	308.568562253	0.2
4765.159287256485	200	9.756248352933852	0.0	383025	302.356848049	0.2
4765.461644104534	200	9.953891504884899	0.0	383025	302.356848049	0.2
4766.266561145908	200	9.648974463510315	0.0	383025	304.9170413745825	0.2
4766.571726622925	200	9.843808986492961	0.0	383025	305.165477017	0.2
4767.379749235365	200	9.535786374053016	0.0	383025	308.0226124399447	0.2
4767.692624239403	200	9.722911370016066	0.0	383025	312.875004037	0.2
4768.018300809603	200	9.897234799815687	0.0	383025	325.676570200378	0.2
4768.844638803121	200	9.570896806298082	0.0	383025	326.337993518	0.2
4769.170976796639	200	9.744558812780477	0.0	383025	326.337993518	0.2
4769.4973147901555	200	9.91822081926287	0.0	383025	326.337993518	0.2
4770.321761646543	200	9.593773962876007	0.0	383025	324.44685638686565	0.2
4770.643357305888	200	9.772178303531224	0.0	383025	321.595659345	0.2
4770.9649529652315	200	9.950582644186442	0.0	383025	321.595659345	0.2
4771.435592918269	200	9.628986984841658	0.0	383025	321.595659345	0.2
4771.757184706849	200	9.807395196261806	0.0	383025	321.59178858	0.2
4772.078776495428	200	9.985803407681955	0.0	383025	321.59178858	0.2
4772.900368284008	200	9.664211619102103	0.0	383025	321.59178858	0.2
4773.221960072588	200	9.842619830522251	0.0	383025	321.59178858	0.2
4774.043200872569	200	9.521379030541135	0.0	383025	321.240799981117	0.2
4774.363770588628	200	9.700809314482921	0.0	383025	320.569716058	0.2
4774.684340304687	200	9.880239598424708	0.0	383025	320.569716058	0.2
4775.243271559913	200	9.559669882366496	0.0	383025	320.569716058	0.2
4775.561442058499	200	9.741499383781557	0.0	383025	318.170498585	0.2
4775.879612557084	200	9.923328885196618	0.0	383025	318.170498585	0.2
4776.220655985692	200	9.605158386611677	0.0	383025	318.170498585	0.2
4776.538125628629	200	9.787688743675037	0.0	383025	317.469642937	0.2
4776.855595271565	200	9.970219100738396	0.0	383025	317.469642937	0.2
4777.588346801935	200	9.652749457801754	0.0	383025	317.469642937	0.2
4777.902508357136	200	9.838587902601281	0.0	383025	314.1615552	0.2
4778.716669912336	200	9.524426347400807	0.0	383025	314.1615552	0.2
4779.034446695371	200	9.706649564365607	0.0	383025	317.7767830352008	0.2
4779.354464525403	200	9.88663173433327	0.0	383025	320.017830032	0.2
4780.174482355435	200	9.56661390430093	0.0	383025	320.017830032	0.2
4780.494500185468	200	9.746596074268592	0.0	383025	320.017830032	0.2

