4044.81911121	400	0.5	0.159505759648	181435	159.505759648	-2.79011519297
4045.21766138	1000	0.601449828573	0.0	471531	398.550171427	0.4
4045.62520241	1000	0.693908793512	0.0	482442	407.541035061	1.0
4046.0407183	1000	0.778392909376	0.0	492120	415.515884136	1.0
4046.45623418	1000	0.86287702524	0.0	492120	415.515884136	1.0
4046.8701622	1000	0.948949007859	0.0	490176	413.928017382	1.0
4047.31413324	1000	1.00497797166	0.0	513389	443.971036203	1.0
4047.74429704	1000	1.07481417111	0.0	497055	430.163800549	1.0
4048.19387245	1000	1.1252387531	0.0	520019	449.575418007	1.0
4048.66986032	1000	1.14925088956	0.0	551265	475.987863536	1.0
4049.1522721	1000	1.16683910602	0.0	558332	482.411783547	1.0
4049.61701985	1000	1.20209135544	0.0	536970	464.747750572	1.0
4050.0817676	1000	1.23734360487	0.0	536970	464.747750572	1.0
4050.54651535	1000	1.2725958543	0.0	536970	464.747750572	1.0
4051.0112631	1000	1.30784810373	0.0	536970	464.747750572	1.0
4051.47601085	1000	1.34310035316	0.0	536970	464.747750572	1.0
4051.96062685	1000	1.35848435751	0.0	553424	484.615995644	1.0
4052.42518505	1000	1.39392615738	0.0	522960	464.558200129	1.0
4052.88974325	1000	1.42936795725	0.0	522960	464.558200129	1.0
4053.3624198	1000	1.45669140469	0.0	532300	472.676552564	1.0
4053.8096322	1000	1.50947901197	0.0	503004	447.212392722	1.0
4054.23839837	1000	1.58071283716	0.0	481782	428.766174803	1.0
4054.66716454	1000	1.65194666236	0.0	481782	428.766174803	1.0
4055.12093768	1000	1.69817352829	0.0	510552	453.773134068	1.0
4055.60021389	1000	1.71889731906	0.0	536970	479.276209235	1.0
4056.08137287	1000	1.73773833776	0.0	536970	481.158981296	1.0
4056.56253185	1000	1.75657935646	0.0	536970	481.158981296	1.0
4057.04369083	1000	1.77542037517	0.0	536970	481.158981296	1.0
4057.52484981	1000	1.79426139387	0.0	536970	481.158981296	1.0
4058.03849163	1000	1.78061958209	0.0	573990	513.641811785	1.0
4058.56329886	1000	1.75581234572	0.0	586715	524.807236366	1.0
4059.05700085	1000	1.76211035897	0.0	551265	493.701986749	1.0
4059.55070284	1000	1.76840837222	0.0	551265	493.701986749	1.0
4060.04440482	1000	1.77470638547	0.0	551265	493.701986749	1.0
4060.53810681	1000	1.78100439873	0.0	551265	493.701986749	1.0
4061.0318088	1000	1.78730241198	0.0	551265	493.701986749	1.0
4061.52551078	1000	1.79360042523	0.0	551265	493.701986749	1.0
4061.99767099	1000	1.82144021481	0.0	527825	472.160210423	1.0
4062.44292643	1000	1.87618477408	0.0	498375	445.255440721	1.0
4062.83247966	1000	1.98663154959	0.0	434595	389.5532245	1.0
4063.22936902	1000	2.08974219125	0.0	442995	396.889358339	1.0
4063.57388362	200	2.24522758842	0.0	383025	344.514602823	-0.6
4063.91839822	200	2.4007129856	0.0	383025	344.514602823	0.2
4064.26291282	200	2.55619838278	0.0	383025	344.514602823	0.2
4064.60742743	200	2.71168377995	0.0	383025	344.514602823	0.2
4064.95194203	200	2.86716917713	0.0	383025	344.514602823	0.2
4065.29645663	200	3.02265457431	0.0	383025	344.514602823	0.2
4065.63998175	200	3.1791294551	0.0	383025	343.525119206	0.2
4065.98331996	200	3.33579124531	0.0	383025	343.33820979	0.2
4066.32665817	200	3.49245303552	0.0	383025	343.33820979	0.2
4066.66999638	200	3.64911482573	0.0	383025	343.33820979	0.2
4067.01333459	200	3.80577661594	0.0	383025	343.33820979	0.2
4067.3566728	200	3.96243840615	0.0	383025	343.33820979	0.2
4067.70001101	200	4.11910019636	0.0	383025	343.33820979	0.2
4068.04334922	200	4.27576198657	0.0	383025	343.33820979	0.2
4068.38668743	200	4.43242377678	0.0	383025	343.33820979	0.2
4068.73002564	200	4.58908556699	0.0	383025	343.33820979	0.2
4069.05826796	200	4.76084324653	0.0	383025	328.242320461	0.2
4069.38447632	200	4.93463488232	0.0	383025	326.208364211	0.2
4069.71068469	200	5.1084265181	0.0	383025	326.208364211	0.2
4070.03689305	200	5.28221815389	0.0	383025	326.208364211	0.2
4070.36310142	200	5.45600978968	0.0	383025	326.208364211	0.2
4070.68928719	200	5.62982401545	0.0	383025	326.185774232	0.2
4071.01531565	200	5.80379555909	0.0	383025	326.028456363	0.2
4071.3413441	200	5.97776710273	0.0	383025	326.028456363	0.2
4071.66737256	200	6.15173864636	0.0	383025	326.028456363	0.2
4071.99340102	200	6.32571019	0.0	383025	326.028456363	0.2
4072.31942947	200	6.49968173364	0.0	383025	326.028456363	0.2
4072.64528425	200	6.67382696104	0.0	383025	325.854772593	0.2
4072.97090867	200	6.84820253817	0.0	383025	325.624422878	0.2
4073.29653309	200	7.02257811529	0.0	383025	325.624422878	0.2
4073.62215751	200	7.19695369241	0.0	383025	325.624422878	0.2
4073.94778194	200	7.37132926953	0.0	383025	325.624422878	0.2
4074.27340636	200	7.54570484665	0.0	383025	325.624422878	0.2
4074.60222116	200	7.7168900496	0.0	383025	328.814797055	0.2
4074.93132475	200	7.88778645822	0.0	383025	329.103591374	0.2
4075.26042834	200	8.05868286685	0.0	383025	329.103591374	0.2
4075.58953193	200	8.22957927548	0.0	383025	329.103591374	0.2
4075.91863552	200	8.4004756841	0.0	383025	329.103591374	0.2
4076.23711472	200	8.58199649183	0.0	383025	318.479192272	0.2
4076.5535743	200	8.76553690636	0.0	383025	316.459585468	0.2
4076.87003389	200	8.94907732089	0.0	383025	316.459585468	0.2
4077.18649347	200	9.13261773542	0.0	383025	316.459585468	0.2
4077.50541064	200	9.31370057135	0.0	383025	318.917164077	0.2
4077.8285148	200	9.49059640258	0.0	383025	323.104168769	0.2
4078.15161897	200	9.66749223381	0.0	383025	323.104168769	0.2
4078.47472314	200	9.84438806504	0.0	383025	323.104168769	0.2
4079.15604932	200	9.52128389627	0.0	383025	323.104168769	0.2
4079.47667337	200	9.70065984327	0.0	383025	320.624053004	0.2
4079.79729742	200	9.88003579026	0.0	383025	320.624053004	0.2
4080.39801565	200	9.55941173726	0.0	383025	320.624053004	0.2
4080.71726102	200	9.74016637032	0.0	383025	319.245366938	0.2
4081.03650639	200	9.92092100338	0.0	383025	319.245366938	0.2
4081.85557731	200	9.60185008068	0.0	383025	319.070922704	0.2
4082.17179713	200	9.78563025551	0.0	383025	316.219825173	0.2
4082.48801696	200	9.96941043034	0.0	383025	316.219825173	0.2
4083.30668438	200	9.65074300527	0.0	383025	318.667425069	0.2
4083.62840252	200	9.8290248712	0.0	383025	321.718134061	0.2
4084.36231967	200	9.50730673714	0.0	383025	321.718134061	0.2
4084.67817808	200	9.69144833449	0.0	383025	315.858402653	0.2
4084.99403648	200	9.87558993184	0.0	383025	315.858402653	0.2
4085.80945588	200	9.56017053489	0.0	383025	315.419396949	0.2
4086.1238186	200	9.74580781309	0.0	383025	314.362721802	0.2
4086.43790401	200	9.93172240581	0.0	383025	314.085407276	0.2
4087.25197372	200	9.61765269229	0.0	383025	314.069713518	0.2
4087.5642986	200	9.8053278134	0.0	383025	312.324878892	0.2
4087.87219358	200	9.99743283169	0.0	383025	307.89498171	0.2
4088.66005662	200	9.68953784998	0.0	383025	307.89498171	0.2
4088.9642439	200	9.88535057672	0.0	383025	304.187273256	0.2
4089.76490259	200	9.58469188393	0.0	383025	300.658692797	0.2
4090.06099545	200	9.78859902531	0.0	383025	296.092858622	0.2
4090.35353275	200	9.99606172539	0.0	383025	292.537299915	0.2
4091.01205158	200	9.70352442548	0.0	383025	292.537299915	0.2
4091.31744095	200	9.89813505427	0.0	383025	305.389371205	0.2
4092.10959057	200	9.59274568306	0.0	383025	305.389371205	0.2
4092.41621214	200	9.78612412033	0.0	383025	306.621562734	0.2
4092.72123684	200	9.9810994126	0.0	383025	305.024707736	0.2
4093.31104528	200	9.68039837049	0.0	383025	300.701042101	0.2
4093.60823027	200	9.88321338557	0.0	383025	297.184984928	0.2
4094.33889279	200	9.58602840064	0.0	383025	297.184984928	0.2

