3098.9345379644797	400	0.5	0.17080377181169698	181435	170.803771812	-3.01607543623394
3099.1079952843543	400	0.8265426801253372	0.0	184429	173.457319875	0.4
3099.3711051273785	600	1.0634328371012698	0.0	285584	263.109843024	0.39999999999999997
3099.7280206419227	800	1.206517322556703	0.0	391425	356.915514545	0.6000000000000001
3100.0849361564674	800	1.3496018080121361	0.0	391425	356.915514545	0.8
3100.4404903317254	800	1.4940476327543815	0.0	389889	355.554175258	0.8
3100.905501148859	1000	1.5290368156207783	0.0	513389	465.010817134	0.8
3101.35603532803	1000	1.578502636449929	0.0	497055	450.534179171	1.0
3101.8259771765292	1000	1.608560787950541	0.0	520019	469.941848499	1.0
3102.322576949153	1000	1.611961015327387	0.0	551265	496.599772623	1.0
3102.8254147390508	1000	1.6091232254291874	0.0	558332	502.837789898	1.0
3103.309396362962	1000	1.6251416015179017	0.0	536970	483.981623911	1.0
3103.7933779868736	1000	1.6411599776066155	0.0	536970	483.981623911	1.0
3104.277359610785	1000	1.6571783536953295	0.0	536970	483.981623911	1.0
3104.761341234696	1000	1.6731967297840433	0.0	536970	483.981623911	1.0
3105.2453228586073	1000	1.6892151058727571	0.0	536970	483.981623911	1.0
3105.7345484683265	1000	1.6999894961535698	0.0	553424	489.225609719	1.0
3106.189693543578	1000	1.7448444209020688	0.0	522960	455.145075252	1.0
3106.6448386188295	1000	1.7896993456505679	0.0	522960	455.145075252	1.0
3107.107933929286	1000	1.8266040351939865	0.0	532300	463.095310457	1.0
3107.542582914498	1000	1.8919550499821065	0.0	503004	434.648985212	1.0
3107.9573928681434	1000	1.977145096336418	0.0	481782	414.809953646	1.0
3108.3722028217894	1000	2.0623351426907304	0.0	481782	414.809953646	1.0
3108.704033717288	200	2.2305042471920613	0.0	383025	331.830895499	-0.6000000000000001
3109.035864612787	200	2.3986733516933927	0.0	383025	331.830895499	0.2
3109.367695508286	200	2.566842456194724	0.0	383025	331.830895499	0.2
3109.7063256579236	200	2.728212306556716	0.0	383025	338.630149638	0.2
3110.04609082024	200	2.8884471442406126	0.0	383025	339.765162316	0.2
3110.385855982556	200	3.048681981924509	0.0	383025	339.765162316	0.2
3110.725621144872	200	3.208916819608405	0.0	383025	339.765162316	0.2
3111.0653863071884	200	3.3691516572923015	0.0	383025	339.765162316	0.2
3111.3999673309854	200	3.5345706334951656	0.0	383025	334.581023797	0.2
3111.7320115621797	200	3.7025264023007547	0.0	383025	332.044231194	0.2
3112.0640557933743	200	3.870482171106344	0.0	383025	332.044231194	0.2
3112.396100024569	200	4.038437939911933	0.0	383025	332.044231194	0.2
3112.7248382351063	200	4.209699729374421	0.0	383025	328.738210538	0.2
3113.0456052280624	200	4.388932736418565	0.0	383025	320.766992956	0.2
3113.366372221018	200	4.568165743462709	0.0	383025	320.766992956	0.2
3113.687139213974	200	4.747398750506853	0.0	383025	320.766992956	0.2
3114.0103509122814	200	4.924187052199559	0.0	383025	323.211698307	0.2
3114.3533504974757	200	5.08118746700525	0.0	383025	342.999585194	0.2
3114.6963500826705	200	5.2381878818109415	0.0	383025	342.999585194	0.2
3115.039349667865	200	5.395188296616633	0.0	383025	342.999585194	0.2
3115.382349253059	200	5.552188711422325	0.0	383025	342.999585194	0.2
3115.725348838254	200	5.709189126228016	0.0	383025	342.999585194	0.2
3116.0683484234482	200	5.866189541033707	0.0	383025	342.999585194	0.2
3116.411348008643	200	6.023189955839399	0.0	383025	342.999585194	0.2
3116.7543475938373	200	6.18019037064509	0.0	383025	342.999585194	0.2
3117.1060171420086	200	6.32852082247393	0.0	383025	351.669548171	0.2
3117.4579381673993	200	6.476599797083392	0.0	383025	351.921025391	0.2
3117.80985919279	200	6.624678771692855	0.0	383025	351.921025391	0.2
3118.161780218181	200	6.772757746302317	0.0	383025	351.921025391	0.2
3118.5137012435716	200	6.92083672091178	0.0	383025	351.921025391	0.2
3118.8656222689624	200	7.068915695521242	0.0	383025	351.921025391	0.2
3119.217543294353	200	7.216994670130704	0.0	383025	351.921025391	0.2
3119.5694643197435	200	7.365073644740167	0.0	383025	351.921025391	0.2
3119.9213853451342	200	7.513152619349629	0.0	383025	351.921025391	0.2
3120.273306370525	200	7.661231593959092	0.0	383025	351.921025391	0.2
3120.6252273959158	200	7.809310568568554	0.0	383025	351.921025391	0.2
3120.9771484213065	200	7.957389543178016	0.0	383025	351.921025391	0.2
3121.3290694466973	200	8.105468517787479	0.0	383025	351.921025391	0.2
3121.6683079439654	200	8.266230020519433	0.0	383025	339.238497268	0.2
3121.9970712915224	200	8.437466672962183	0.0	383025	328.763347557	0.2
3122.32583463908	200	8.608703325404932	0.0	383025	328.763347557	0.2
3122.6545979866373	200	8.77993997784768	0.0	383025	328.763347557	0.2
3122.981925959157	200	8.952612005328085	0.0	383025	327.32797252	0.2
3123.307822973724	200	9.126714990760767	0.0	383025	325.897014567	0.2
3123.633719988291	200	9.30081797619345	0.0	383025	325.897014567	0.2
3123.9596170028585	200	9.474920961626133	0.0	383025	325.897014567	0.2
3124.2855140174256	200	9.649023947058815	0.0	383025	325.897014567	0.2
3124.6110760969627	200	9.823461867521688	0.0	383025	325.562079537	0.2
3124.936508396254	200	9.99802956823025	0.0	383025	325.432299291	0.2
3125.270147207918	200	9.67259726893881	0.0	383025	325.432299291	0.2
3125.5957006733133	200	9.847043803543697	0.0	383025	325.553465395	0.2
3126.4212541387087	200	9.521490338148581	0.0	383025	325.553465395	0.2
3126.7470528503054	200	9.695691626551678	0.0	383025	325.7987115969037	0.2
3127.088507384072	200	9.854237092785514	0.0	383025	341.454533766	0.2
3127.9299619178378	200	9.51278255901935	0.0	383025	341.454533766	0.2
3128.2714164516037	200	9.671328025253185	0.0	383025	341.454533766	0.2
3128.6128709853697	200	9.829873491487023	0.0	383025	341.454533766	0.2
3128.9520276744884	200	9.990716802368452	0.0	383025	339.1566891185701	0.2
3129.7867052164684	200	9.65603926038819	0.0	383025	334.67754198	0.2
3130.1213827584484	200	9.821361718407928	0.0	383025	334.67754198	0.2
3130.4560603004284	200	9.986684176427667	0.0	383025	334.67754198	0.2
3131.2913013395337	200	9.651443137322502	0.0	383025	335.2410391051645	0.2
3131.629728167689	200	9.813016309167063	0.0	383025	338.426828155	0.2
3131.968154995844	200	9.974589481011622	0.0	383025	338.426828155	0.2
3132.4312229715547	200	9.636162652856182	0.0	383025	338.426828155	0.2
3132.7644249779337	200	9.802960646477288	0.0	383025	333.202006379	0.2
3133.0976269843122	200	9.969758640098393	0.0	383025	333.202006379	0.2
3133.9308289906908	200	9.636556633719497	0.0	383025	333.202006379	0.2
3134.2722729935017	200	9.795112630908491	0.0	383025	341.4440028110058	0.2
3134.6189662195593	200	9.94841940485092	0.0	383025	346.693226058	0.2
3135.465659445617	200	9.60172617879335	0.0	383025	346.693226058	0.2
3135.8123526716745	200	9.755032952735778	0.0	383025	346.693226058	0.2
3136.159045897732	200	9.908339726678209	0.0	383025	346.693226058	0.2
3136.998053544439	200	9.5693320799713	0.0	383025	339.0076467069083	0.2
3137.323030243548	200	9.744355380862068	0.0	383025	324.976699109	0.2
3137.6480069426575	200	9.919378681752834	0.0	383025	324.976699109	0.2
3138.008744582844	200	9.599722420988915	0.0	383025	319.65626076391925	0.2
3138.3165217624564	200	9.791945241376512	0.0	383025	307.777179612	0.2
3138.6242989420684	200	9.984168061764109	0.0	383025	307.777179612	0.2
3139.4367277340393	200	9.671739269792996	0.0	383025	312.4287919711131	0.2
3139.7529297008437	200	9.85553730298885	0.0	383025	316.201966804	0.2
3140.5696833190846	200	9.53878368474798	0.0	383025	316.75361824087145	0.2
3140.8868704036686	200	9.721596600164172	0.0	383025	317.187084584	0.2
3141.20614528142	200	9.902321722412259	0.0	383025	319.27487775191327	0.2
3142.0371560840767	200	9.571310919755398	0.0	383025	331.010802657	0.2
3142.368166886734	200	9.740300117098535	0.0	383025	331.010802657	0.2
3142.6991776893906	200	9.909289314441674	0.0	383025	331.010802657	0.2
3143.522595767895	200	9.585871235937702	0.0	383025	323.41807850397095	0.2
3143.8439546780683	200	9.764512325763848	0.0	383025	321.358910174	0.2
3144.161271554687	200	9.947195449144967	0.0	383025	317.31687661888105	0.2
3144.7616317921293	200	9.633819544207212	0.0	383025	313.375904938	0.2
3145.0855205038174	200	9.809930832519193	0.0	383025	323.888711688	0.2
3145.4094092155055	200	9.986042120831172	0.0	383025	323.888711688	0.2
3145.9919483661624	200	9.662153409143153	0.0	383025	323.888711688	0.2
3146.3224155832227	200	9.83168619208282	0.0	383025	330.46721706	0.2
3147.152882800283	200	9.501218975022486	0.0	383025	330.46721706	0.2
3147.4833493246497	200	9.670752450655703	0.0	383025	330.4665243667817	0.2

