944.2949521738971	400	0.5	0.17663139467988567	181435	176.63139468	-3.1326278935977134
944.4743332827758	400	0.8206188911212465	0.0	184429	179.381108879	0.4
944.7466159747496	600	1.048336199147479	0.0	285584	272.282691974	0.39999999999999997
945.1161039107188	800	1.1788482631782657	0.0	391425	369.487935969	0.6000000000000001
945.4772699967855	800	1.3176821771116431	0.0	391425	361.166086067	0.8
945.841369044355	800	1.4535831295420527	0.0	389889	364.09904757	0.8
946.3249390094998	1000	1.4700131643973657	0.0	513389	483.569965145	0.8
946.8051760243588	1000	1.4897761495382087	0.0	497055	480.237014859	1.0
947.3160924756527	1000	1.4788596982443558	0.0	520019	510.916451294	1.0
947.8567500268173	1000	1.43820214707977	0.0	551265	540.657551165	1.0
948.4041709450636	1000	1.3907812288335277	0.0	558332	547.420918246	1.0
948.8286397431377	800	1.466312430759393	0.0	427485	424.468798074	0.6000000000000001
949.3617562055687	1000	1.4331959683284936	0.0	536970	533.116462431	0.8
949.8737820679421	1000	1.4211701059551158	0.0	536970	512.025862373	1.0
950.3856218722459	1000	1.409330301651312	0.0	536970	511.839804304	1.0
950.8998255461838	1000	1.395126627713379	0.0	536970	514.203673938	1.0
951.3220277225789	800	1.472924451318283	0.0	440393	422.202176395	0.6000000000000001
951.8212009088965	1000	1.4737512650007416	0.0	522960	499.173186318	0.8
952.3245796302282	1000	1.470372543669034	0.0	522960	503.378721332	1.0
952.8368809403485	1000	1.4580712335487933	0.0	532300	512.30131012	1.0
953.3214155163831	1000	1.4735366575142042	0.0	503004	484.534576035	1.0
953.7192661630803	1000	1.5756860108169375	0.0	481782	397.850646697	1.0
954.09622709989	1000	1.698725074007223	0.0	481782	376.96093681	1.0
954.4918910008975	1000	1.8030611729996788	0.0	510552	395.663901008	1.0
954.9014062573552	1000	1.8935459165419053	0.0	536970	409.515256458	1.0
955.3090471981353	1000	1.9859049757619027	0.0	536970	407.64094078	1.0
955.7102482200238	1000	2.0847039538734133	0.0	536970	401.201021888	1.0
955.991052483678	200	2.3038996902191973	0.0	383025	280.804263654	-0.6000000000000001
956.2727492186448	200	2.522202955252316	0.0	383025	281.696734967	0.2
956.5592788821184	200	2.7356732917787334	0.0	383025	286.529663474	0.2
956.8527976887108	200	2.942154485186463	0.0	383025	293.518806592	0.2
957.1508235975238	200	3.1441285763735105	0.0	383025	298.025908813	0.2
957.447810751789	200	3.34714142210825	0.0	383025	296.987154265	0.2
957.7554555930824	200	3.539496580814901	0.0	383025	307.644841293	0.2
958.0677965613291	200	3.72715561256815	0.0	383025	312.340968247	0.2
958.3816929069897	200	3.9132592669077026	0.0	383025	313.89634566	0.2
958.6962219109643	200	4.098730262933096	0.0	383025	314.529003975	0.2
959.0109459416523	200	4.284006232244988	0.0	383025	314.724030688	0.2
959.3262965146465	200	4.468655659250746	0.0	383025	315.350572994	0.2
959.6388364349709	200	4.656115738926336	0.0	383025	312.539920324	0.2
959.948589569586	200	4.84636260431128	0.0	383025	309.753134615	0.2
960.2476073883508	200	5.047344785546323	0.0	383025	299.017818765	0.2
960.5455130200559	200	5.249439153841354	0.0	383025	297.905631705	0.2
960.8475109490757	200	5.447441224821531	0.0	383025	301.99792902	0.2
961.1593305854541	200	5.635621588443126	0.0	383025	311.819636378	0.2
961.4721370975491	200	5.822815076348217	0.0	383025	312.806512095	0.2
961.7841819297622	200	6.010770244135049	0.0	383025	312.044832213	0.2
962.0886170993194	200	6.2063350745778205	0.0	383025	304.435169557	0.2
962.3877715578327	200	6.407180616064553	0.0	383025	299.154458513	0.2
962.6853981826208	200	6.6095539912764645	0.0	383025	297.626624788	0.2
962.9826003398688	200	6.81235183402846	0.0	383025	297.202157248	0.2
963.2768350054345	200	7.018117168462808	0.0	383025	294.234665566	0.2
963.5704697406261	200	7.224482433271176	0.0	383025	293.634735192	0.2
963.8634704109808	200	7.431481762916479	0.0	383025	293.000670355	0.2
964.1762569219095	200	7.618695251987754	0.0	383025	312.786510929	0.2
964.496471160785	200	7.798481013112374	0.0	383025	320.214238875	0.2
964.8248973186327	200	7.970054855264625	0.0	383025	328.426157848	0.2
965.1305019160897	200	8.164450257807678	0.0	383025	305.604597457	0.2
965.4153011109291	200	8.379651062968238	0.0	383025	284.799194839	0.2
965.6750876435611	200	8.619864530336189	0.0	383025	259.786532632	0.2
965.9350121803493	200	8.859939993548087	0.0	383025	259.924536788	0.2
966.2062145488928	200	9.088737625004612	0.0	383025	271.202368543	0.2
966.4864843721306	200	9.308467801766856	0.0	383025	280.269823238	0.2
966.7837825852316	200	9.511169588665865	0.0	383025	297.298213101	0.2
967.0810334716684	200	9.713918702228908	0.0	383025	297.250886437	0.2
967.378306838956	200	9.916645334941483	0.0	383025	297.273367287	0.2
968.0837655012986	200	9.618909024089389	0.0	383025	297.736310852	0.2
968.3809876804072	200	9.821686844980768	0.0	383025	297.22217910862156	0.2
968.888887128823	200	9.525209395622475	0.0	383025	296.477449358292	0.2
969.1768651799606	200	9.73723134448486	0.0	383025	287.97805113761575	0.2
969.45469790683	200	9.959398617615536	0.0	383025	277.832726869	0.2
969.7670642971761	200	9.681831806224563	0.0	383025	277.56681139097174	0.2
970.0609340529859	200	9.88796205041494	0.0	383025	293.86975581	0.2
970.6484574505296	200	9.593535047625549	0.0	383025	294.42700278938986	0.2
970.9394809688444	200	9.802511529310719	0.0	383025	291.02351831483116	0.2
971.364189602312	200	9.51221715481153	0.0	383025	290.2943744991887	0.2
971.669024611783	200	9.707382145340516	0.0	383025	304.83500947101436	0.2
971.9738625015075	200	9.90254425561599	0.0	383025	304.83788972452794	0.2
972.6675585268326	200	9.597739884035423	0.0	383025	304.804371581	0.2
972.968287117174	200	9.797011293693975	0.0	383025	300.7285903414481	0.2
973.270334315197	200	9.994964095670941	0.0	383025	302.04719802303345	0.2
973.8235290311684	200	9.689200349039698	0.0	383025	305.76374663124324	0.2
974.1303929211996	200	9.882336459008618	0.0	383025	306.863890031	0.2
974.4884155988331	200	9.575472568977538	0.0	383025	306.863890031	0.2
974.7988978280574	200	9.764990339753156	0.0	383025	310.482229224	0.2
975.1096631655442	200	9.954225002266266	0.0	383025	310.765337486889	0.2
975.4247539708887	200	9.642882752900833	0.0	383025	311.3422493654324	0.2
975.7347702677804	200	9.832866456009093	0.0	383025	310.016296892	0.2
976.1240416297451	200	9.520113215762166	0.0	383025	312.7532402469274	0.2
976.4477159543572	200	9.69643889114993	0.0	383025	323.674324612	0.2
976.7720117279572	200	9.872143117550024	0.0	383025	324.29577359990697	0.2
977.1917961424107	200	9.549495101338202	0.0	383025	322.6480162118219	0.2
977.5138226647015	200	9.72746857904738	0.0	383025	322.026522291	0.2
977.8448620306868	200	9.896429213062081	0.0	383025	331.0393659852996	0.2
978.5901593142806	200	9.558881666824087	0.0	383025	337.547546238	0.2
978.9243398646297	200	9.72470111647508	0.0	383025	334.1805503490074	0.2
979.257481023854	200	9.891559957250719	0.0	383025	333.141159224	0.2
979.7906436842316	200	9.557514317176512	0.0	383025	334.045640074206	0.2
980.1250052740738	200	9.723152727334275	0.0	383025	334.361589842	0.2
980.4568575792803	200	9.891300422127825	0.0	383025	331.85230520644916	0.2
980.8033567550254	200	9.560716363431267	0.0	383025	330.5840586965582	0.2
981.1288370491619	200	9.735236069294867	0.0	383025	325.480294136	0.2
981.4539945123644	200	9.910078606092389	0.0	383025	325.15746320247933	0.2
981.8302094497506	200	9.585247531693032	0.0	383025	324.831074399	0.2
982.144267224883	200	9.771189756560608	0.0	383025	314.057775132	0.2
982.4580830373567	200	9.957373944086903	0.0	383025	313.81581247370394	0.2
982.9962714910391	200	9.64790843299224	0.0	383025	309.4655110946619	0.2
983.3014157517474	200	9.842764172283902	0.0	383025	305.14426070833923	0.2
983.9711774158566	200	9.524816932377298	0.0	383025	317.947239907	0.2
984.2959053614243	200	9.700088986809568	0.0	383025	324.72794556772897	0.2
984.6215293450708	200	9.874465003163065	0.0	383025	325.623983647	0.2
985.3531389581469	200	9.549743440083446	0.0	383025	324.7215630796179	0.2
985.6892227217619	200	9.713659676468447	0.0	383025	336.0837636149988	0.2
986.0125265156148	200	9.890355882615518	0.0	383025	323.303793853	0.2
986.4518261038061	200	9.568843887452124	0.0	383025	321.5119951633948	0.2
986.7657807897027	200	9.754889201555518	0.0	383025	313.95468589660567	0.2
987.0911974336803	200	9.929472557577927	0.0	383025	325.416643978	0.2
987.4748978611404	200	9.601201805298881	0.0	383025	328.2707522790458	0.2
987.839662360183	200	9.736437306256398	0.0	383025	364.764499042	0.2
988.2044268592255	200	9.871672807213917	0.0	383025	364.764499042	0.2

