5513.56705282	400	0.5	0.150787775909	181435	150.787775909	-2.61575551818
5513.94294585	1000	0.62410697626	0.0	471531	375.89302374	0.4
5514.32730546	1000	0.739747364359	0.0	482442	384.359611901	1.0
5514.72001308	1000	0.847039746042	0.0	492120	392.707618318	1.0
5515.12160842	1000	0.945444405019	0.0	492120	401.595341022	1.0
5515.52165686	1000	1.04539596586	0.0	490176	400.048439163	1.0
5515.94017661	1000	1.12687621349	0.0	513389	418.519752361	1.0
5516.34569888	1000	1.22135393797	0.0	497055	405.522275526	1.0
5516.76949434	1000	1.29755848637	0.0	520019	423.795451603	1.0
5517.2180936	1000	1.34895921873	0.0	551265	448.599267634	1.0
5517.67228197	1000	1.39477085684	0.0	558332	454.188361896	1.0
5518.10947551	1000	1.45757731484	0.0	536970	437.193541992	1.0
5518.54432422	1000	1.52272860388	0.0	536970	434.848710968	1.0
5518.97735104	1000	1.58970178381	0.0	536970	433.026820066	1.0
5519.41037786	1000	1.65667496374	0.0	536970	433.026820066	1.0
5519.84350767	1000	1.72354515446	0.0	536970	433.129809285	1.0
5520.28972477	1000	1.77732804794	0.0	553424	446.217106519	1.0
5520.7119297	1000	1.85512312364	0.0	522960	422.204924299	1.0
5521.13413462	1000	1.93291819934	0.0	522960	422.204924299	1.0
5521.56458404	1000	2.00246878489	0.0	532300	430.449414451	1.0
5521.87777459	200	2.18927823498	0.0	383025	313.190549917	-0.6
5522.19096514	200	2.37608768506	0.0	383025	313.190549917	0.2
5522.50415569	200	2.56289713514	0.0	383025	313.190549917	0.2
5522.81734624	200	2.74970658522	0.0	383025	313.190549917	0.2
5523.13053679	200	2.93651603531	0.0	383025	313.190549917	0.2
5523.4386171	200	3.12843572624	0.0	383025	308.080309064	0.2
5523.7464178	200	3.3206350201	0.0	383025	307.800706141	0.2
5524.05421851	200	3.51283431396	0.0	383025	307.800706141	0.2
5524.36201921	200	3.70503360782	0.0	383025	307.800706141	0.2
5524.67004358	200	3.89700923716	0.0	383025	308.02437066	0.2
5524.97937357	200	4.08767925137	0.0	383025	309.329985793	0.2
5525.28870356	200	4.27834926557	0.0	383025	309.329985793	0.2
5525.59803354	200	4.46901927978	0.0	383025	309.329985793	0.2
5525.9073691	200	4.65968372094	0.0	383025	309.335558844	0.2
5526.21821784	200	4.84883497899	0.0	383025	310.848741944	0.2
5526.52906658	200	5.03798623705	0.0	383025	310.848741944	0.2
5526.83991533	200	5.2271374951	0.0	383025	310.848741944	0.2
5527.15076407	200	5.41628875316	0.0	383025	310.848741944	0.2
5527.46161281	200	5.60544001122	0.0	383025	310.848741944	0.2
5527.77160867	200	5.79544414907	0.0	383025	309.995862146	0.2
5528.08107937	200	5.98597345547	0.0	383025	309.470693598	0.2
5528.39055006	200	6.17650276187	0.0	383025	309.470693598	0.2
5528.70002075	200	6.36703206828	0.0	383025	309.470693598	0.2
5529.00949145	200	6.55756137468	0.0	383025	309.470693598	0.2
5529.31994251	200	6.74711031192	0.0	383025	310.451062756	0.2
5529.63053081	200	6.93652201215	0.0	383025	310.588299775	0.2
5529.94111911	200	7.12593371237	0.0	383025	310.588299775	0.2
5530.25170741	200	7.3153454126	0.0	383025	310.588299775	0.2
5530.56229571	200	7.50475711282	0.0	383025	310.588299775	0.2
5530.87640927	200	7.69064354945	0.0	383025	314.113563376	0.2
5531.19267574	200	7.87437708671	0.0	383025	316.266462741	0.2
5531.5089422	200	8.05811062397	0.0	383025	316.266462741	0.2
5531.82520866	200	8.24184416122	0.0	383025	316.266462741	0.2
5532.14147512	200	8.42557769848	0.0	383025	316.266462741	0.2
5532.45954098	200	8.60751184208	0.0	383025	318.065856406	0.2
5532.77999902	200	8.78705379891	0.0	383025	320.458043168	0.2
5533.10045707	200	8.96659575574	0.0	383025	320.458043168	0.2
5533.42091511	200	9.14613771257	0.0	383025	320.458043168	0.2
5533.74137315	200	9.32567966941	0.0	383025	320.458043168	0.2
5534.0618312	200	9.50522162624	0.0	383025	320.458043168	0.2
5534.38228924	200	9.68476358307	0.0	383025	320.458043168	0.2
5534.70291094	200	9.86414188085	0.0	383025	320.62170222	0.2
5535.52446208	200	9.54259074473	0.0	383025	321.551136122	0.2
5535.84601321	200	9.72103960861	0.0	383025	321.551136122	0.2
5536.16756435	200	9.89948847248	0.0	383025	321.551136122	0.2
5536.67196591	200	9.57793733636	0.0	383025	321.551136122	0.2
5537.00212741	200	9.74777582828	0.0	383025	330.16150808	0.2
5537.33228892	200	9.9176143202	0.0	383025	330.16150808	0.2
5538.16245043	200	9.58745281212	0.0	383025	330.16150808	0.2
5538.49261194	200	9.75729130404	0.0	383025	330.16150808	0.2
5538.82277345	200	9.92712979596	0.0	383025	330.16150808	0.2
5539.65293495	200	9.59696828788	0.0	383025	330.16150808	0.2
5539.98309646	200	9.7668067798	0.0	383025	330.16150808	0.2
5540.31325797	200	9.93664527172	0.0	383025	330.16150808	0.2
5541.14225669	200	9.60764654773	0.0	383025	328.998723997	0.2
5541.46964629	200	9.78025695194	0.0	383025	327.389595783	0.2
5541.79703589	200	9.95286735616	0.0	383025	327.389595783	0.2
5542.62442548	200	9.62547776038	0.0	383025	327.389595783	0.2
5542.95172789	200	9.79817534841	0.0	383025	327.302411973	0.2
5543.27693859	200	9.97296464846	0.0	383025	325.210699947	0.2
5544.10214929	200	9.64775394851	0.0	383025	325.210699947	0.2
5544.42735999	200	9.82254324856	0.0	383025	325.210699947	0.2
5544.75257069	200	9.99733254862	0.0	383025	325.210699947	0.2
5545.57778139	200	9.67212184867	0.0	383025	325.210699947	0.2
5545.90299209	200	9.84691114872	0.0	383025	325.210699947	0.2
5546.72323897	200	9.52666427195	0.0	383025	320.246876769	0.2
5547.03720025	200	9.71270298989	0.0	383025	313.961282064	0.2
5547.35684052	200	9.89306272647	0.0	383025	319.640263422	0.2
5548.18387444	200	9.56602880541	0.0	383025	327.033921057	0.2
5548.51090836	200	9.73899488435	0.0	383025	327.033921057	0.2
5548.83794228	200	9.9119609633	0.0	383025	327.033921057	0.2
5549.6649762	200	9.58492704224	0.0	383025	327.033921057	0.2
5549.98863637	200	9.76126687122	0.0	383025	323.660171018	0.2
5550.30818511	200	9.94171813361	0.0	383025	319.548737615	0.2
5551.12773385	200	9.62216939599	0.0	383025	319.548737615	0.2
5551.44728258	200	9.80262065838	0.0	383025	319.548737615	0.2
5551.76683132	200	9.98307192076	0.0	383025	319.548737615	0.2
5552.58672642	200	9.66317681882	0.0	383025	319.89510194	0.2
5552.90814747	200	9.84175577716	0.0	383025	321.421041664	0.2
5553.72956851	200	9.52033473549	0.0	383025	321.421041664	0.2
5554.05098955	200	9.69891369383	0.0	383025	321.421041664	0.2
5554.37241059	200	9.87749265217	0.0	383025	321.421041664	0.2
5555.19277814	200	9.55712510637	0.0	383025	320.367545795	0.2
5555.50980815	200	9.74009509335	0.0	383025	317.030013016	0.2
5555.82683816	200	9.92306508034	0.0	383025	317.030013016	0.2
5556.27862074	200	9.60603506732	0.0	383025	317.030013016	0.2
5556.59871591	200	9.78593989877	0.0	383025	320.095168548	0.2
5556.91881108	200	9.96584473023	0.0	383025	320.095168548	0.2
5557.73890625	200	9.64574956168	0.0	383025	320.095168548	0.2
5558.05900141	200	9.82565439313	0.0	383025	320.095168548	0.2
5558.87800329	200	9.50665251301	0.0	383025	319.00188012	0.2
5559.19195991	200	9.69269590085	0.0	383025	313.956612156	0.2
5559.50655652	200	9.87809928588	0.0	383025	314.596614972	0.2
5560.32241941	200	9.56223639348	0.0	383025	315.862892401	0.2
5560.63828231	200	9.74637350108	0.0	383025	315.862892401	0.2
5560.9541452	200	9.93051060868	0.0	383025	315.862892401	0.2
5561.57614821	200	9.61464771628	0.0	383025	315.862892401	0.2
5561.89012143	200	9.80067449761	0.0	383025	313.973218664	0.2
5562.20409465	200	9.98670127895	0.0	383025	313.973218664	0.2
5563.01806786	200	9.67272806029	0.0	383025	313.973218664	0.2

