5220.30638809	400	0.5	0.158043451003	181435	158.043451003	-2.76086902006
5220.70113787	1000	0.605250219115	0.0	471531	394.749780885	0.4
5221.10479057	1000	0.7015975138	0.0	482442	403.652705315	1.0
5221.51634013	1000	0.790047961026	0.0	492120	411.549552774	1.0
5221.92788968	1000	0.878498408252	0.0	492120	411.549552774	1.0
5222.33796368	1000	0.968424409567	0.0	490176	410.073998684	1.0
5222.76733374	1000	1.03905434377	0.0	513389	429.370065796	1.0
5223.18336112	1000	1.12302696871	0.0	497055	416.027375059	1.0
5223.61814701	1000	1.18824108073	0.0	520019	434.785887982	1.0
5224.07845669	1000	1.22793139486	0.0	551265	460.309685874	1.0
5224.54453917	1000	1.26184891632	0.0	558332	466.082478541	1.0
5224.99317176	1000	1.31321633122	0.0	536970	448.632585097	1.0
5225.44050173	1000	1.36588635736	0.0	536970	447.329973859	1.0
5225.87205809	1000	1.4343300023	0.0	536970	431.556355062	1.0
5226.30361444	1000	1.50277364724	0.0	536970	431.556355062	1.0
5226.7351708	1000	1.57121729217	0.0	536970	431.556355062	1.0
5227.1813613	1000	1.62502678998	0.0	553424	446.190502196	1.0
5227.60451675	1000	1.7018713373	0.0	522960	423.155452679	1.0
5228.0276722	1000	1.77871588462	0.0	522960	423.155452679	1.0
5228.45820656	1000	1.84818152738	0.0	532300	430.534357237	1.0
5228.86559612	1000	1.94079196543	0.0	503004	407.389561953	1.0
5229.26338863	1000	2.04299945598	0.0	481782	397.79250945	1.0
5229.59172514	200	2.21466295162	0.0	383025	328.336504362	-0.6
5229.92006164	200	2.38632644726	0.0	383025	328.336504362	0.2
5230.24839814	200	2.55798994289	0.0	383025	328.336504362	0.2
5230.57673465	200	2.72965343853	0.0	383025	328.336504362	0.2
5230.90507115	200	2.90131693417	0.0	383025	328.336504362	0.2
5231.23340766	200	3.07298042981	0.0	383025	328.336504362	0.2
5231.56174416	200	3.24464392544	0.0	383025	328.336504362	0.2
5231.89008067	200	3.41630742108	0.0	383025	328.336504362	0.2
5232.21841717	200	3.58797091672	0.0	383025	328.336504362	0.2
5232.54251216	200	3.76387592362	0.0	383025	324.094993095	0.2
5232.86581818	200	3.94056990403	0.0	383025	323.306019588	0.2
5233.1891242	200	4.11726388445	0.0	383025	323.306019588	0.2
5233.51243022	200	4.29395786486	0.0	383025	323.306019588	0.2
5233.83573624	200	4.47065184527	0.0	383025	323.306019588	0.2
5234.15904226	200	4.64734582568	0.0	383025	323.306019588	0.2
5234.48234828	200	4.82403980609	0.0	383025	323.306019588	0.2
5234.80314691	200	5.00324117407	0.0	383025	320.798632028	0.2
5235.11837994	200	5.18800814739	0.0	383025	315.233026673	0.2
5235.43361297	200	5.37277512072	0.0	383025	315.233026673	0.2
5235.74884599	200	5.55754209405	0.0	383025	315.233026673	0.2
5236.06407902	200	5.74230906738	0.0	383025	315.233026673	0.2
5236.37931205	200	5.9270760407	0.0	383025	315.233026673	0.2
5236.69454507	200	6.11184301403	0.0	383025	315.233026673	0.2
5237.01006088	200	6.29632720999	0.0	383025	315.515804042	0.2
5237.32570213	200	6.48068595552	0.0	383025	315.641254463	0.2
5237.64134339	200	6.66504470106	0.0	383025	315.641254463	0.2
5237.95698464	200	6.8494034466	0.0	383025	315.641254463	0.2
5238.2726259	200	7.03376219213	0.0	383025	315.641254463	0.2
5238.58826715	200	7.21812093767	0.0	383025	315.641254463	0.2
5238.9039084	200	7.40247968321	0.0	383025	315.641254463	0.2
5239.22678774	200	7.57960034929	0.0	383025	322.879333918	0.2
5239.55002589	200	7.75636219397	0.0	383025	323.238155324	0.2
5239.87326405	200	7.93312403864	0.0	383025	323.238155324	0.2
5240.1965022	200	8.10988588332	0.0	383025	323.238155324	0.2
5240.51974036	200	8.28664772799	0.0	383025	323.238155324	0.2
5240.84297851	200	8.46340957267	0.0	383025	323.238155324	0.2
5241.16621667	200	8.64017141734	0.0	383025	323.238155324	0.2
5241.48945483	200	8.81693326202	0.0	383025	323.238155324	0.2
5241.81269298	200	8.9936951067	0.0	383025	323.238155324	0.2
5242.13345219	200	9.1729359005	0.0	383025	320.759206191	0.2
5242.45255091	200	9.35383717809	0.0	383025	319.098722413	0.2
5242.77164963	200	9.53473845568	0.0	383025	319.098722413	0.2
5243.09074835	200	9.71563973327	0.0	383025	319.098722413	0.2
5243.40984708	200	9.89654101085	0.0	383025	319.098722413	0.2
5244.03954706	200	9.57744228844	0.0	383025	319.098722413	0.2
5244.3557582	200	9.76123114144	0.0	383025	316.211147002	0.2
5244.67196935	200	9.94501999444	0.0	383025	316.211147002	0.2
5245.4881805	200	9.62880884743	0.0	383025	316.211147002	0.2
5245.80439165	200	9.81259770043	0.0	383025	316.211147002	0.2
5246.12367292	200	9.99331642873	0.0	383025	319.281271708	0.2
5246.94412533	200	9.67286401272	0.0	383025	320.452416005	0.2
5247.26457775	200	9.85241159672	0.0	383025	320.452416005	0.2
5248.08503016	200	9.53195918071	0.0	383025	320.452416005	0.2
5248.40167946	200	9.71530988584	0.0	383025	316.649294869	0.2
5248.71104943	200	9.90593991796	0.0	383025	309.369967879	0.2
5249.5204194	200	9.59656995009	0.0	383025	309.369967879	0.2
5249.82978936	200	9.78719998221	0.0	383025	309.369967879	0.2
5250.1335424	200	9.98344694806	0.0	383025	303.753034145	0.2
5250.93407208	200	9.68291726932	0.0	383025	300.529678746	0.2
5251.22984586	200	9.8871434873	0.0	383025	295.773782015	0.2
5252.02475088	200	9.59223846315	0.0	383025	294.905024153	0.2
5252.32931552	200	9.78767382271	0.0	383025	304.56464044	0.2
5252.63477662	200	9.98221272865	0.0	383025	305.461094056	0.2
5253.07152952	200	9.6767516346	0.0	383025	305.461094056	0.2
5253.3782514	200	9.87002975243	0.0	383025	306.72188217	0.2
5254.18497328	200	9.56330787026	0.0	383025	306.72188217	0.2
5254.49142698	200	9.75685417217	0.0	383025	306.45369809	0.2
5254.79754353	200	9.95073762657	0.0	383025	306.116545598	0.2
5255.30708235	200	9.64462108097	0.0	383025	306.116545598	0.2
5255.61484729	200	9.83685613808	0.0	383025	307.764942888	0.2
5256.42261223	200	9.52909119519	0.0	383025	307.764942888	0.2
5256.73029877	200	9.72140465724	0.0	383025	307.686537958	0.2
5257.03666717	200	9.9150362561	0.0	383025	306.368401133	0.2
5257.53241107	200	9.60866785497	0.0	383025	306.368401133	0.2
5257.8597445	200	9.78133442535	0.0	383025	327.333429618	0.2
5258.18707793	200	9.95400099573	0.0	383025	327.333429618	0.2
5259.01441136	200	9.62666756611	0.0	383025	327.333429618	0.2
5259.34174479	200	9.7993341365	0.0	383025	327.333429618	0.2
5259.66907822	200	9.97200070688	0.0	383025	327.333429618	0.2
5260.03978778	200	9.64466727726	0.0	383025	327.333429618	0.2
5260.36388386	200	9.82057119525	0.0	383025	324.096082013	0.2
5260.68797994	200	9.99647511323	0.0	383025	324.096082013	0.2
5261.51207602	200	9.67237903122	0.0	383025	324.096082013	0.2
5261.8361721	200	9.84828294921	0.0	383025	324.096082013	0.2
5262.66026819	200	9.52418686719	0.0	383025	324.096082013	0.2
5262.98436427	200	9.70009078518	0.0	383025	324.096082013	0.2
5263.30588488	200	9.87857017653	0.0	383025	321.520608651	0.2
5264.12649485	200	9.55796019919	0.0	383025	320.609977336	0.2
5264.44710483	200	9.73735022186	0.0	383025	320.609977336	0.2
5264.76771481	200	9.91674024452	0.0	383025	320.609977336	0.2
5265.58832479	200	9.59613026719	0.0	383025	320.609977336	0.2
5265.91005275	200	9.7744023011	0.0	383025	321.727966083	0.2
5266.23404986	200	9.95040519825	0.0	383025	323.997102849	0.2
5267.05804696	200	9.6264080954	0.0	383025	323.997102849	0.2
5267.38204406	200	9.80241099256	0.0	383025	323.997102849	0.2
5267.70604116	200	9.97841388971	0.0	383025	323.997102849	0.2
5268.53003827	200	9.65441678686	0.0	383025	323.997102849	0.2
5268.85515471	200	9.82930034028	0.0	383025	325.116446582	0.2

