3609.6754415	400	0.5	0.164216744504	181435	164.216744504	-2.88433489007
3610.08623504	1000	0.589206460977	0.0	471531	410.793539023	0.4
3610.50630275	1000	0.669138752697	0.0	482442	420.06770828	1.0
3610.9345966	1000	0.740844904734	0.0	492120	428.293847963	1.0
3611.35810571	1000	0.817335789572	0.0	492120	423.509115163	1.0
3611.76689463	1000	0.908546876458	0.0	490176	408.788913114	1.0
3612.19173682	1000	0.98370468715	0.0	513389	424.842189308	1.0
3612.59911125	1000	1.07633025606	0.0	497055	407.374431092	1.0
3613.02484442	1000	1.15059707908	0.0	520019	425.733176977	1.0
3613.44735132	1000	1.22809017994	0.0	551265	422.506899142	1.0
3613.86598923	1000	1.30945226844	0.0	558332	418.637911498	1.0
3614.27362402	1000	1.40181748166	0.0	536970	407.634786786	1.0
3614.68877444	1000	1.48666706451	0.0	536970	415.15041715	1.0
3615.11775031	1000	1.55769119589	0.0	536970	428.975868618	1.0
3615.55432462	1000	1.62111688673	0.0	536970	436.574309159	1.0
3615.99305947	1000	1.6823820302	0.0	536970	438.734856531	1.0
3616.45295426	1000	1.7224872424	0.0	553424	459.894787796	1.0
3616.88808396	1000	1.78735754397	0.0	522960	435.129698434	1.0
3617.32738341	1000	1.84805808841	0.0	522960	439.299455559	1.0
3617.77588925	1000	1.8995522569	0.0	532300	448.505831512	1.0
3618.19928701	1000	1.97615448856	0.0	503004	423.397768338	1.0
3618.59286065	1000	2.08258085297	0.0	481782	393.573635591	1.0
3618.90780831	200	2.26763319662	0.0	383025	314.947656351	-0.6
3619.22434138	200	2.45110012339	0.0	383025	316.533073229	0.2
3619.54362386	200	2.63181763797	0.0	383025	319.282485422	0.2
3619.86290635	200	2.81253515254	0.0	383025	319.282485422	0.2
3620.18979778	200	2.98564372284	0.0	383025	326.891429703	0.2
3620.51973048	200	3.15571102704	0.0	383025	329.9326958	0.2
3620.84966317	200	3.32577833124	0.0	383025	329.9326958	0.2
3621.17959587	200	3.49584563544	0.0	383025	329.9326958	0.2
3621.5107611	200	3.66468040062	0.0	383025	331.165234817	0.2
3621.84228189	200	3.83315961147	0.0	383025	331.52078915	0.2
3622.17380268	200	4.00163882232	0.0	383025	331.52078915	0.2
3622.50370716	200	4.17173434671	0.0	383025	329.904475617	0.2
3622.81998758	200	4.35545391823	0.0	383025	316.280428476	0.2
3623.13626801	200	4.53917348976	0.0	383025	316.280428476	0.2
3623.45258515	200	4.72285635144	0.0	383025	316.317138313	0.2
3623.77735926	200	4.89808224641	0.0	383025	324.774105032	0.2
3624.10213336	200	5.07330814138	0.0	383025	324.774105032	0.2
3624.42815555	200	5.24728595382	0.0	383025	326.022187557	0.2
3624.76822649	200	5.4072150116	0.0	383025	340.070942227	0.2
3625.10829743	200	5.56714406937	0.0	383025	340.070942227	0.2
3625.44836838	200	5.72707312714	0.0	383025	340.070942227	0.2
3625.78843932	200	5.88700218492	0.0	383025	340.070942227	0.2
3626.12405297	200	6.05138853292	0.0	383025	335.613651991	0.2
3626.454135	200	6.22130650189	0.0	383025	330.082031037	0.2
3626.78421703	200	6.39122447085	0.0	383025	330.082031037	0.2
3627.11322487	200	6.56221663431	0.0	383025	329.007836539	0.2
3627.43291123	200	6.74253027048	0.0	383025	319.686363827	0.2
3627.7525976	200	6.92284390666	0.0	383025	319.686363827	0.2
3628.07195887	200	7.10348263441	0.0	383025	319.361272242	0.2
3628.38254185	200	7.29289964776	0.0	383025	310.582986654	0.2
3628.69312484	200	7.48231666111	0.0	383025	310.582986654	0.2
3629.00009525	200	7.6753462525	0.0	383025	306.970408606	0.2
3629.30683418	200	7.86860731849	0.0	383025	306.738934009	0.2
3629.61327036	200	8.06217113986	0.0	383025	306.436178632	0.2
3629.91788786	200	8.2575536412	0.0	383025	304.617498661	0.2
3630.22182759	200	8.45361390832	0.0	383025	303.939732876	0.2
3630.52479865	200	8.65064285305	0.0	383025	302.971055277	0.2
3630.8255537	200	8.84988780617	0.0	383025	300.755046879	0.2
3631.12180016	200	9.05364134468	0.0	383025	296.246461483	0.2
3631.41804662	200	9.2573948832	0.0	383025	296.246461483	0.2
3631.71325908	200	9.46218242353	0.0	383025	295.212459667	0.2
3632.00845993	200	9.66698157294	0.0	383025	295.200850593	0.2
3632.30614555	200	9.86929595437	0.0	383025	297.685618574	0.2
3632.84216988	200	9.56874415862	0.0	383025	300.551795747	0.2
3633.16170875	200	9.74920529069	0.0	383025	319.538867933	0.2
3633.48124762	200	9.92966642275	0.0	383025	319.538867933	0.2
3633.95644677	200	9.61434198366	0.0	383025	315.32443909	0.2
3634.26504702	200	9.8057417303	0.0	383025	308.600253366	0.2
3634.57364728	200	9.99714147693	0.0	383025	308.600253366	0.2
3635.38088711	200	9.68990164242	0.0	383025	307.239834508	0.2
3635.67787076	200	9.89291799103	0.0	383025	296.983651396	0.2
3636.34491003	200	9.60504770679	0.0	383025	287.870284241	0.2
3636.63241313	200	9.81754460673	0.0	383025	287.503100052	0.2
3637.24387554	200	9.53014949495	0.0	383025	287.395111786	0.2
3637.541282	200	9.73274303538	0.0	383025	297.406459568	0.2
3637.84789607	200	9.92612895797	0.0	383025	306.614077409	0.2
3638.3212413	200	9.61850028075	0.0	383025	307.628677217	0.2
3638.61019386	200	9.82954772542	0.0	383025	288.952555333	0.2
3639.40803439	200	9.53170719037	0.0	383025	297.840535056	0.2
3639.72075646	200	9.71898512378	0.0	383025	312.722066585	0.2
3640.0357837	200	9.90395787755	0.0	383025	315.027246226	0.2
3640.81609708	200	9.58893063133	0.0	383025	315.027246226	0.2
3641.12951066	200	9.77551705675	0.0	383025	313.413574577	0.2
3641.43501409	200	9.97001362809	0.0	383025	305.503428659	0.2
3642.01621865	200	9.66651295411	0.0	383025	303.50067398	0.2
3642.33286664	200	9.84986495903	0.0	383025	316.647995079	0.2
3643.14732357	200	9.5354080295	0.0	383025	314.456929529	0.2
3643.45731921	200	9.72541239102	0.0	383025	309.995638487	0.2
3643.77431756	200	9.90841403503	0.0	383025	316.998355992	0.2
3644.30465986	200	9.59114421226	0.0	383025	317.269822768	0.2
3644.63208218	200	9.76372189178	0.0	383025	327.422320481	0.2
3644.9595045	200	9.93629957129	0.0	383025	327.422320481	0.2
3645.78612625	200	9.60967782356	0.0	383025	326.621747738	0.2
3646.11017558	200	9.78562849576	0.0	383025	324.049327793	0.2
3646.43385075	200	9.96195332393	0.0	383025	323.675171832	0.2
3646.7930531	200	9.63848386594	0.0	383025	323.46945799	0.2
3647.12007082	200	9.81146614387	0.0	383025	327.017722072	0.2
3647.44708854	200	9.9844484218	0.0	383025	327.017722072	0.2
3648.11089222	200	9.65743069973	0.0	383025	327.017722072	0.2
3648.43346145	200	9.83486146764	0.0	383025	322.569232085	0.2
3649.25606499	200	9.51225792739	0.0	383025	322.603540254	0.2
3649.58420606	200	9.68411686329	0.0	383025	328.141064102	0.2
3649.91290974	200	9.85541317709	0.0	383025	328.703686196	0.2
3650.74270446	200	9.52561845643	0.0	383025	329.794720664	0.2
3651.0685483	200	9.69977461725	0.0	383025	325.843839176	0.2
3651.3822259	200	9.88609702215	0.0	383025	313.6775951	0.2
3651.99770076	200	9.57241942705	0.0	383025	313.6775951	0.2
3652.30961711	200	9.76050308549	0.0	383025	311.916341563	0.2
3652.62319193	200	9.94692825882	0.0	383025	313.574826665	0.2
3653.03169684	200	9.63132008022	0.0	383025	315.608178605	0.2
3653.35196146	200	9.8110554596	0.0	383025	320.264620614	0.2
3653.67222608	200	9.99079083899	0.0	383025	320.264620614	0.2
3654.49305869	200	9.6699582283	0.0	383025	320.832610694	0.2
3654.81501177	200	9.84800515079	0.0	383025	321.953077511	0.2
3655.62777476	200	9.53524216142	0.0	383025	312.762989367	0.2
3655.94820924	200	9.714807682	0.0	383025	320.434479416	0.2
3656.2744966	200	9.88852032481	0.0	383025	326.287357194	0.2
3656.85276764	200	9.56223296761	0.0	383025	326.287357194	0.2

