4489.948345123255	400	0.5	0.15739656622554057	181435	157.396566226	-2.7479313245108115
4490.10817399482	400	0.8401711284349204	0.0	184429	159.828871565	0.4
4490.350180503868	600	1.0981646193878523	0.0	285584	242.006509047	0.39999999999999997
4490.678171525086	800	1.2701735981690565	0.0	391425	327.991021219	0.6000000000000001
4491.006162546305	800	1.4421825769502608	0.0	391425	327.991021219	0.8
4491.4143782116735	1000	1.533966911581558	0.0	490176	408.215665369	0.8
4491.841451961159	1000	1.606893162095714	0.0	513389	427.073749486	1.0
4492.255256079577	1000	1.6930890436773491	0.0	497055	413.804118418	1.0
4492.687715996198	1000	1.7606291270568548	0.0	520019	432.45991662	1.0
4493.145559951776	1000	1.8027851714786993	0.0	551265	457.843955578	1.0
4493.611490273759	1000	1.836854849495835	0.0	558332	465.930321983	1.0
4494.066376486787	1000	1.8819686364682164	0.0	536970	454.886213028	1.0
4494.5212626998145	1000	1.9270824234405977	0.0	536970	454.886213028	1.0
4494.976148912842	1000	1.972196210412979	0.0	536970	454.886213028	1.0
4495.43103512587	1000	2.0173099973853605	0.0	536970	454.886213028	1.0
4495.752652188625	200	2.1956929346304177	0.0	383025	321.617062755	-0.6000000000000001
4496.064524779485	200	2.3838203437708207	0.0	383025	311.87259086	0.2
4496.376397370344	200	2.571947752911224	0.0	383025	311.87259086	0.2
4496.688269961203	200	2.760075162051627	0.0	383025	311.87259086	0.2
4497.000142552063	200	2.9482025711920294	0.0	383025	311.87259086	0.2
4497.312015142922	200	3.1363299803324325	0.0	383025	311.87259086	0.2
4497.620637273911	200	3.3277078493446153	0.0	383025	308.622130988	0.2
4497.929041895118	200	3.5193032281372565	0.0	383025	308.404621207	0.2
4498.237446516325	200	3.710898606929898	0.0	383025	308.404621207	0.2
4498.545851137532	200	3.9024939857225394	0.0	383025	308.404621207	0.2
4498.857472212312	200	4.090872910942251	0.0	383025	311.62107478	0.2
4499.169522022351	200	4.278823100903128	0.0	383025	312.049810039	0.2
4499.48157183239	200	4.466773290864006	0.0	383025	312.049810039	0.2
4499.793621642429	200	4.654723480824883	0.0	383025	312.049810039	0.2
4500.1056714524675	200	4.842673670785761	0.0	383025	312.049810039	0.2
4500.417721262506	200	5.030623860746639	0.0	383025	312.049810039	0.2
4500.729422670557	200	5.2189224526961455	0.0	383025	311.70140805	0.2
4501.041031840819	200	5.407313282433448	0.0	383025	311.609170263	0.2
4501.352641011083	200	5.595704112170752	0.0	383025	311.609170263	0.2
4501.664328386324	200	5.7840167369288356	0.0	383025	311.687375242	0.2
4501.97694981816	200	5.971395305092792	0.0	383025	312.621431836	0.2
4502.289571249997	200	6.158773873256749	0.0	383025	312.621431836	0.2
4502.602192681832	200	6.346152441420705	0.0	383025	312.621431836	0.2
4502.914814113668	200	6.533531009584662	0.0	383025	312.621431836	0.2
4503.228205381364	200	6.720139741888335	0.0	383025	313.391267696	0.2
4503.541669416404	200	6.906675706848444	0.0	383025	313.46403504	0.2
4503.855133451444	200	7.093211671808553	0.0	383025	313.46403504	0.2
4504.168597486484	200	7.279747636768661	0.0	383025	313.46403504	0.2
4504.482061521524	200	7.46628360172877	0.0	383025	313.46403504	0.2
4504.800328575524	200	7.648016547729005	0.0	383025	318.267054	0.2
4505.123221841102	200	7.825123282150404	0.0	383025	322.893265579	0.2
4505.446115106682	200	8.0022300165718	0.0	383025	322.893265579	0.2
4505.76900837226	200	8.1793367509932	0.0	383025	322.893265579	0.2
4506.091901637839	200	8.356443485414598	0.0	383025	322.893265579	0.2
4506.414794903418	200	8.533550219835996	0.0	383025	322.893265579	0.2
4506.737688168997	200	8.710656954257397	0.0	383025	322.893265579	0.2
4507.060581434575	200	8.887763688678795	0.0	383025	322.893265579	0.2
4507.383026330476	200	9.065318792777646	0.0	383025	322.444895901	0.2
4507.705455861428	200	9.242889261826106	0.0	383025	322.429530952	0.2
4508.027885392379	200	9.420459730874565	0.0	383025	322.429530952	0.2
4508.35031492333	200	9.598030199923025	0.0	383025	322.429530952	0.2
4508.672744454281	200	9.775600668971485	0.0	383025	322.429530952	0.2
4508.995173985232	200	9.953171138019945	0.0	383025	322.429530952	0.2
4509.734258494442	200	9.630741607068405	0.0	383025	322.429530952	0.2
4510.047211092848	200	9.81778900866245	0.0	383025	312.952598406	0.2
4510.582723914023	200	9.504836410256496	0.0	383025	312.952598406	0.2
4510.892219270859	200	9.69534105342018	0.0	383025	309.495356836	0.2
4511.201714627695	200	9.885845696583862	0.0	383025	309.495356836	0.2
4511.662256249109	200	9.576350339747547	0.0	383025	309.495356836	0.2
4511.9759170112275	200	9.762689577629061	0.0	383025	313.660762118	0.2
4512.289577773346	200	9.949028815510573	0.0	383025	313.660762118	0.2
4512.645267105498	200	9.635368053392087	0.0	383025	313.660762118	0.2
4512.966726663733	200	9.813908495155914	0.0	383025	321.459558236	0.2
4513.28818622197	200	9.992448936919741	0.0	383025	321.459558236	0.2
4514.109645780207	200	9.670989378683569	0.0	383025	321.459558236	0.2
4514.431105338443	200	9.849529820447396	0.0	383025	321.459558236	0.2
4515.151891210194	200	9.528070262211225	0.0	383025	321.459558236	0.2
4515.4787103201625	200	9.701251152242529	0.0	383025	326.819109969	0.2
4515.805529430131	200	9.874432042273833	0.0	383025	326.819109969	0.2
4516.6323485401	200	9.547612932305137	0.0	383025	326.819109969	0.2
4516.9591676500695	200	9.720793822336441	0.0	383025	326.819109969	0.2
4517.278149500917	200	9.90181197148859	0.0	383025	318.98185084785297	0.2
4518.087656104172	200	9.59230536823249	0.0	383025	309.506603256	0.2
4518.397162707429	200	9.782798764976391	0.0	383025	309.506603256	0.2
4518.705482130532	200	9.974479341873003	0.0	383025	308.319423103386	0.2
4519.512521298323	200	9.667440174082556	0.0	383025	307.03916779	0.2
4519.819519800152	200	9.860441672252332	0.0	383025	306.9985018302242	0.2
4520.6264020840845	200	9.553559388320416	0.0	383025	306.882283932	0.2
4520.933284368016	200	9.746677104388501	0.0	383025	306.882283932	0.2
4521.251974646469	200	9.927986825936056	0.0	383025	318.69027845244585	0.2
4522.074967012901	200	9.604994459503791	0.0	383025	322.992366432	0.2
4522.397959379333	200	9.782002093071526	0.0	383025	322.992366432	0.2
4522.720330912341	200	9.959630560064468	0.0	383025	322.3715330070569	0.2
4523.532755088524	200	9.647206383880532	0.0	383025	312.424176184	0.2
4523.845179264707	200	9.834782207696595	0.0	383025	312.424176184	0.2
4524.462642137703	200	9.522358031512658	0.0	383025	312.424176184	0.2
4524.768753940228	200	9.716246228989151	0.0	383025	306.111802524	0.2
4525.074720814681	200	9.910279354535312	0.0	383025	305.96687445383907	0.2
4525.880277171584	200	9.60472299763311	0.0	383025	305.556356902	0.2
4526.184408763257	200	9.80059140596022	0.0	383025	304.13159167288933	0.2
4526.487303813081	200	9.99769635613568	0.0	383025	302.895049825	0.2
4526.8927942563205	200	9.694801306311142	0.0	383025	302.895049825	0.2
4527.200758399636	200	9.886837162995935	0.0	383025	307.964143315	0.2
4528.008722542951	200	9.578873019680728	0.0	383025	307.964143315	0.2
4528.318055007926	200	9.769540554705783	0.0	383025	309.33246497494537	0.2
4528.63323683427	200	9.9543587283622	0.0	383025	315.181826344	0.2
4529.448418660614	200	9.639176902018617	0.0	383025	315.181826344	0.2
4529.763600486957	200	9.823995075675032	0.0	383025	315.181826344	0.2
4530.581082077658	200	9.506513484974944	0.0	383025	317.48159070008984	0.2
4530.900193977784	200	9.687401584849042	0.0	383025	319.111900126	0.2
4531.219305877909	200	9.868289684723141	0.0	383025	319.111900126	0.2
4531.7866365977625	200	9.549177784597239	0.0	383025	319.111900126	0.2
4532.111405943537	200	9.724408438822568	0.0	383025	324.769345775	0.2
4532.436175289311	200	9.899639093047895	0.0	383025	324.769345775	0.2
4532.943471501738	200	9.574869747273224	0.0	383025	324.769345775	0.2
4533.27492120708	200	9.743420041930394	0.0	383025	331.449705343	0.2
4533.606370912424	200	9.911970336587565	0.0	383025	331.449705343	0.2
4534.437820617766	200	9.580520631244735	0.0	383025	331.449705343	0.2
4534.769270323109	200	9.749070925901906	0.0	383025	331.449705343	0.2
4535.100720028452	200	9.917621220559077	0.0	383025	331.449705343	0.2
4535.932169733795	200	9.586171515216247	0.0	383025	331.449705343	0.2
4536.263619439137	200	9.754721809873418	0.0	383025	331.449705343	0.2
4536.59506914448	200	9.923272104530588	0.0	383025	331.449705343	0.2
4537.426467001851	200	9.591874247159977	0.0	383025	331.3978573706122	0.2
4537.754926812338	200	9.763414436672267	0.0	383025	328.459810488	0.2

