5417.31445015	400	0.5	0.160778831407	181435	160.778831407	-2.81557662814
5417.7163089	1000	0.598141245337	0.0	471531	401.858754663	0.4
5418.12723508	1000	0.687215068019	0.0	482442	410.926177318	1.0
5418.54620401	1000	0.768246134175	0.0	492120	418.968933844	1.0
5418.96517295	1000	0.849277200331	0.0	492120	418.968933844	1.0
5419.38252635	1000	0.931923798486	0.0	490176	417.353401845	1.0
5419.81917057	1000	0.995279581674	0.0	513389	436.644216812	1.0
5420.22574606	1000	1.08870408267	0.0	497055	406.575499006	1.0
5420.64955531	1000	1.16489483912	0.0	520019	423.809243552	1.0
5421.0982288	1000	1.21622134325	0.0	551265	448.673495866	1.0
5421.55665781	1000	1.2577923403	0.0	558332	458.429002947	1.0
5422.00283452	1000	1.31161562502	0.0	536970	446.176715288	1.0
5422.44901124	1000	1.36543890973	0.0	536970	446.176715288	1.0
5422.89518795	1000	1.41926219444	0.0	536970	446.176715288	1.0
5423.34136467	1000	1.47308547915	0.0	536970	446.176715288	1.0
5423.78676884	1000	1.52768130708	0.0	536970	445.404172074	1.0
5424.24468718	1000	1.56976297051	0.0	553424	457.91833657	1.0
5424.67794922	1000	1.63650092677	0.0	522960	433.262043736	1.0
5425.11171034	1000	1.70273980831	0.0	522960	433.761118461	1.0
5425.55421763	1000	1.76023251815	0.0	532300	442.50729016	1.0
5425.97292117	1000	1.8415289732	0.0	503004	418.703544955	1.0
5426.3743813	1000	1.94006884307	0.0	481782	401.460130129	1.0
5426.77584143	1000	2.03860871294	0.0	481782	401.460130129	1.0
5427.09482977	200	2.21962038189	0.0	383025	318.988331046	-0.6
5427.40772747	200	2.40672267522	0.0	383025	312.897706668	0.2
5427.72062518	200	2.59382496855	0.0	383025	312.897706668	0.2
5428.03353677	200	2.78091338016	0.0	383025	312.911588392	0.2
5428.34657533	200	2.96787481887	0.0	383025	313.038561294	0.2
5428.65961389	200	3.15483625758	0.0	383025	313.038561294	0.2
5428.97265245	200	3.34179769628	0.0	383025	313.038561294	0.2
5429.28397049	200	3.53047965308	0.0	383025	311.318043203	0.2
5429.5942938	200	3.72015634965	0.0	383025	310.323303433	0.2
5429.9046171	200	3.90983304621	0.0	383025	310.323303433	0.2
5430.2149404	200	4.09950974278	0.0	383025	310.323303433	0.2
5430.52613153	200	4.28831862006	0.0	383025	311.191122719	0.2
5430.83817409	200	4.47627606044	0.0	383025	312.042559621	0.2
5431.15021665	200	4.66423350082	0.0	383025	312.042559621	0.2
5431.46225921	200	4.8521909412	0.0	383025	312.042559621	0.2
5431.77661965	200	5.03783049824	0.0	383025	314.360442957	0.2
5432.09857433	200	5.21587581283	0.0	383025	321.95468541	0.2
5432.42052902	200	5.39392112742	0.0	383025	321.95468541	0.2
5432.74248371	200	5.57196644201	0.0	383025	321.95468541	0.2
5433.06443839	200	5.7500117566	0.0	383025	321.95468541	0.2
5433.38639308	200	5.92805707119	0.0	383025	321.95468541	0.2
5433.70546341	200	6.10898673809	0.0	383025	319.070333106	0.2
5434.02401852	200	6.29043162577	0.0	383025	318.555112313	0.2
5434.34257363	200	6.47187651346	0.0	383025	318.555112313	0.2
5434.66112875	200	6.65332140115	0.0	383025	318.555112313	0.2
5434.97983561	200	6.83461453528	0.0	383025	318.706865861	0.2
5435.29858106	200	7.01586908992	0.0	383025	318.74544536	0.2
5435.6173265	200	7.19712364457	0.0	383025	318.74544536	0.2
5435.93607195	200	7.37837819921	0.0	383025	318.74544536	0.2
5436.25481739	200	7.55963275385	0.0	383025	318.74544536	0.2
5436.56770595	200	7.7467441994	0.0	383025	312.888554443	0.2
5436.87858557	200	7.93586458244	0.0	383025	310.879616964	0.2
5437.18946518	200	8.12498496548	0.0	383025	310.879616964	0.2
5437.5003448	200	8.31410534851	0.0	383025	310.879616964	0.2
5437.81491964	200	8.49953050405	0.0	383025	314.574844458	0.2
5438.12995477	200	8.68449538153	0.0	383025	315.035122529	0.2
5438.44498989	200	8.869460259	0.0	383025	315.035122529	0.2
5438.76002501	200	9.05442513647	0.0	383025	315.035122529	0.2
5439.07468437	200	9.23976577406	0.0	383025	314.659362405	0.2
5439.388589	200	9.42586114918	0.0	383025	313.90462488	0.2
5439.70249362	200	9.6119565243	0.0	383025	313.90462488	0.2
5440.01639825	200	9.79805189942	0.0	383025	313.90462488	0.2
5440.33641999	200	9.97803015399	0.0	383025	320.021745436	0.2
5441.15890611	200	9.65554404243	0.0	383025	322.486111555	0.2
5441.48139222	200	9.83305793088	0.0	383025	322.486111555	0.2
5442.27408533	200	9.51057181932	0.0	383025	322.486111555	0.2
5442.58830632	200	9.69635083165	0.0	383025	314.220987671	0.2
5442.90252731	200	9.88212984398	0.0	383025	314.220987671	0.2
5443.72755575	200	9.55710139866	0.0	383025	325.02844532	0.2
5444.05798344	200	9.72667371105	0.0	383025	330.42768761	0.2
5444.38841113	200	9.89624602344	0.0	383025	330.42768761	0.2
5445.21883881	200	9.56581833583	0.0	383025	330.42768761	0.2
5445.54036473	200	9.74429241976	0.0	383025	321.525916073	0.2
5445.86113606	200	9.92352108649	0.0	383025	320.771333271	0.2
5446.4299365	200	9.60274975322	0.0	383025	320.771333271	0.2
5446.74992962	200	9.7827566413	0.0	383025	319.993111923	0.2
5447.06992273	200	9.96276352937	0.0	383025	319.993111923	0.2
5447.40792443	200	9.64277041745	0.0	383025	319.993111923	0.2
5447.72826199	200	9.82243286087	0.0	383025	320.337556584	0.2
5448.17728327	200	9.50209530428	0.0	383025	320.337556584	0.2
5448.48361532	200	9.69576324625	0.0	383025	306.332058035	0.2
5448.78994738	200	9.88943118821	0.0	383025	306.332058035	0.2
5449.60617878	200	9.57319979104	0.0	383025	316.231397175	0.2
5449.93381746	200	9.74556110691	0.0	383025	327.63868413	0.2
5450.26145615	200	9.91792242278	0.0	383025	327.63868413	0.2
5450.69958999	200	9.59028373865	0.0	383025	327.63868413	0.2
5451.02011561	200	9.76975812372	0.0	383025	320.525614931	0.2
5451.34064122	200	9.94923250879	0.0	383025	320.525614931	0.2
5452.16116684	200	9.62870689386	0.0	383025	320.525614931	0.2
5452.4800112	200	9.80986252618	0.0	383025	318.84436768	0.2
5452.7971156	200	9.99275813434	0.0	383025	317.104391833	0.2
5453.61421999	200	9.67565374251	0.0	383025	317.104391833	0.2
5453.93111993	200	9.85875380263	0.0	383025	316.899939883	0.2
5454.74791384	200	9.54195989001	0.0	383025	316.793912618	0.2
5455.06470775	200	9.72516597739	0.0	383025	316.793912618	0.2
5455.38707586	200	9.90279786891	0.0	383025	322.368108481	0.2
5455.75120039	200	9.57972610409	0.0	383025	323.071764814	0.2
5456.07044211	200	9.76048438144	0.0	383025	319.241722655	0.2
5456.38968384	200	9.94124265878	0.0	383025	319.241722655	0.2
5457.20892556	200	9.62200093613	0.0	383025	319.241722655	0.2
5457.52772774	200	9.80319875156	0.0	383025	318.802184571	0.2
5457.84581777	200	9.98510872976	0.0	383025	318.0900218	0.2
5458.66390779	200	9.66701870796	0.0	383025	318.0900218	0.2
5458.9820037	200	9.8489227978	0.0	383025	318.095910159	0.2
5459.80107427	200	9.52985222916	0.0	383025	319.070568636	0.2
5460.12014483	200	9.71078166053	0.0	383025	319.070568636	0.2
5460.43928529	200	9.89164120278	0.0	383025	319.140457751	0.2
5461.2585739	200	9.57235259491	0.0	383025	319.288607871	0.2
5461.57786251	200	9.75306398703	0.0	383025	319.288607871	0.2
5461.89235295	200	9.93857354262	0.0	383025	314.490444412	0.2
5462.70628416	200	9.62464232985	0.0	383025	313.931212768	0.2
5463.01796178	200	9.81296471913	0.0	383025	311.677610727	0.2
5463.82428827	200	9.50663822031	0.0	383025	306.326498817	0.2
5464.13092417	200	9.70000232867	0.0	383025	306.635891638	0.2
5464.43778849	200	9.89313800628	0.0	383025	306.864322389	0.2
5464.77915805	200	9.5862736839	0.0	383025	306.864322389	0.2
5465.08156934	200	9.78386239678	0.0	383025	302.411287116	0.2

