3668.960078466061	400	0.5	0.15341476172458723	181435	153.414761725	-2.6682952344917448
3669.115859826273	400	0.8442186397877813	0.0	184429	155.781360212	0.4
3669.351598858502	600	1.10847960755941	0.0	285584	235.739032228	0.39999999999999997
3669.670999597654	800	1.289078868407391	0.0	391425	319.400739152	0.6000000000000001
3669.9904003368056	800	1.4696781292553722	0.0	391425	319.400739152	0.8
3670.3878585132497	1000	1.5722199528114045	0.0	490176	397.458176444	0.8
3670.798908792055	1000	1.6611696740055233	0.0	513389	411.050278806	1.0
3671.194532808248	1000	1.7655456578125677	0.0	497055	395.624016193	1.0
3671.6099092883615	1000	1.8501691776987732	0.0	520019	415.376480114	1.0
3672.050759964004	1000	1.909318502056287	0.0	551265	440.850675642	1.0
3672.497133975474	1000	1.9629444905866298	0.0	558332	446.37401147	1.0
3672.9293433161747	1000	2.0307351498857074	0.0	536970	432.209340701	1.0
3673.2408671408743	200	2.219211325186065	0.0	383025	311.5238247	-0.6000000000000001
3673.552390965574	200	2.4076875004864218	0.0	383025	311.5238247	0.2
3673.864899821804	200	2.5951786442565483	0.0	383025	312.50885623	0.2
3674.1777306160557	200	2.782347850004418	0.0	383025	312.830794252	0.2
3674.4905614103077	200	2.9695170557522874	0.0	383025	312.830794252	0.2
3674.8033922045597	200	3.1566862615001567	0.0	383025	312.830794252	0.2
3675.1162229988117	200	3.3438554672480265	0.0	383025	312.830794252	0.2
3675.4352525401996	200	3.5248259258605095	0.0	383025	319.029541388	0.2
3675.754503424581	200	3.70557504147955	0.0	383025	319.250884381	0.2
3676.0737543089617	200	3.886324157098591	0.0	383025	319.250884381	0.2
3676.406703803629	200	4.05337466243143	0.0	383025	332.949494667	0.2
3676.749977980803	200	4.210100485257518	0.0	383025	343.274177174	0.2
3677.0932521579775	200	4.366826308083606	0.0	383025	343.274177174	0.2
3677.4365263351515	200	4.523552130909693	0.0	383025	343.274177174	0.2
3677.7798005123254	200	4.680277953735781	0.0	383025	343.274177174	0.2
3678.1230746894994	200	4.837003776561869	0.0	383025	343.274177174	0.2
3678.466348866674	200	4.993729599387957	0.0	383025	343.274177174	0.2
3678.8096230438478	200	5.150455422214045	0.0	383025	343.274177174	0.2
3679.1528972210217	200	5.307181245040133	0.0	383025	343.274177174	0.2
3679.496171398196	200	5.463907067866221	0.0	383025	343.274177174	0.2
3679.833969364419	200	5.626109101643323	0.0	383025	337.797966223	0.2
3680.1714085521357	200	5.788669913926235	0.0	383025	337.439187717	0.2
3680.508847739853	200	5.951230726209146	0.0	383025	337.439187717	0.2
3680.84628692757	200	6.113791538492058	0.0	383025	337.439187717	0.2
3681.1837261152873	200	6.276352350774969	0.0	383025	337.439187717	0.2
3681.5211653030046	200	6.438913163057881	0.0	383025	337.439187717	0.2
3681.8586044907215	200	6.601473975340793	0.0	383025	337.439187717	0.2
3682.196043678439	200	6.764034787623705	0.0	383025	337.439187717	0.2
3682.532494155981	200	6.927584310081274	0.0	383025	336.450477542	0.2
3682.863018603839	200	7.097059862223571	0.0	383025	330.524447858	0.2
3683.193543051697	200	7.266535414365869	0.0	383025	330.524447858	0.2
3683.524067499555	200	7.436010966508166	0.0	383025	330.524447858	0.2
3683.8545919474127	200	7.605486518650464	0.0	383025	330.524447858	0.2
3684.1851163952706	200	7.774962070792761	0.0	383025	330.524447858	0.2
3684.5156408431285	200	7.944437622935059	0.0	383025	330.524447858	0.2
3684.847189390215	200	8.112889075848218	0.0	383025	331.548547087	0.2
3685.179542504991	200	8.28053596107259	0.0	383025	332.353114776	0.2
3685.5118956197666	200	8.448182846296964	0.0	383025	332.353114776	0.2
3685.844248734543	200	8.61582973152134	0.0	383025	332.353114776	0.2
3686.1766018493186	200	8.783476616745713	0.0	383025	332.353114776	0.2
3686.5089549640943	200	8.951123501970088	0.0	383025	332.353114776	0.2
3686.84130807887	200	9.118770387194461	0.0	383025	332.353114776	0.2
3687.174664748206	200	9.285413717858816	0.0	383025	333.356669336	0.2
3687.508508658092	200	9.451569807972689	0.0	383025	333.843909886	0.2
3687.842352567978	200	9.617725898086562	0.0	383025	333.843909886	0.2
3688.1761964778643	200	9.783881988200434	0.0	383025	333.843909886	0.2
3688.5100403877505	200	9.950038078314307	0.0	383025	333.843909886	0.2
3689.251104919533	200	9.61619416842818	0.0	383025	333.843909886	0.2
3689.5916238735017	200	9.77567521446001	0.0	383025	340.518953968	0.2
3689.9321428274698	200	9.935156260491842	0.0	383025	340.518953968	0.2
3690.7726617814383	200	9.594637306523673	0.0	383025	340.518953968	0.2
3691.1131807354063	200	9.754118352555505	0.0	383025	340.518953968	0.2
3691.453699689375	200	9.913599398587335	0.0	383025	340.518953968	0.2
3692.294218643343	200	9.573080444619167	0.0	383025	340.518953968	0.2
3692.6169590338795	200	9.750340054082697	0.0	383025	322.74039053647067	0.2
3692.9365555048144	200	9.930743583148114	0.0	383025	319.596470935	0.2
3693.27841970156	200	9.611147112213532	0.0	383025	319.596470935	0.2
3693.6027327787824	200	9.78683403499077	0.0	383025	324.313077223	0.2
3693.927045856005	200	9.962520957768009	0.0	383025	324.313077223	0.2
3694.7513589332275	200	9.638207880545247	0.0	383025	324.313077223	0.2
3695.0741153957783	200	9.815451417994362	0.0	383025	322.75646255088594	0.2
3695.393961119701	200	9.995605694071452	0.0	383025	319.845723923	0.2
3695.7314618355	200	9.675759970148542	0.0	383025	319.845723923	0.2
3696.0483272945694	200	9.858894511079042	0.0	383025	316.86545907	0.2
3696.865192753639	200	9.542029052009541	0.0	383025	316.86545907	0.2
3697.1802977841203	200	9.7269240215285	0.0	383025	315.10503048103953	0.2
3697.4929510816037	200	9.914270724044929	0.0	383025	312.653297484	0.2
3697.9774017905506	200	9.601617426561358	0.0	383025	312.653297484	0.2
3698.2911311786656	200	9.787888038446399	0.0	383025	313.729388115	0.2
3698.6048605667806	200	9.974158650331441	0.0	383025	313.729388115	0.2
3699.3315754544037	200	9.660429262216484	0.0	383025	313.729388115	0.2
3699.6474458011394	200	9.844558915480997	0.0	383025	315.870346735	0.2
3700.464575635212	200	9.527429081408322	0.0	383025	317.129834072676	0.2
3700.784992852178	200	9.70701186444184	0.0	383025	320.417216966	0.2
3701.105410069145	200	9.886594647475357	0.0	383025	320.417216966	0.2
3701.903064836627	200	9.566177430508876	0.0	383025	320.417216966	0.2
3702.21733113266	200	9.751911134475389	0.0	383025	314.26629603348664	0.2
3702.550750472951	200	9.918491794184172	0.0	383025	333.419340291	0.2
3703.3841698132424	200	9.585072453892955	0.0	383025	333.419340291	0.2
3703.7175891535335	200	9.751653113601739	0.0	383025	333.419340291	0.2
3704.049084379605	200	9.920157887530229	0.0	383025	331.49522607150965	0.2
3704.8687303244355	200	9.60051194269977	0.0	383025	319.64594483	0.2
3705.188376269266	200	9.780865997869311	0.0	383025	319.64594483	0.2
3705.5083227258187	200	9.960919541316462	0.0	383025	319.9464565528484	0.2
3706.3291007638913	200	9.640141503244273	0.0	383025	320.778038072	0.2
3706.649878801964	200	9.819363465172085	0.0	383025	320.778038072	0.2
3706.970656840036	200	9.998585427099895	0.0	383025	320.778038072	0.2
3707.78943790207	200	9.679804365065769	0.0	383025	318.7810620341267	0.2
3708.107787935898	200	9.861454331237914	0.0	383025	318.350033828	0.2
3708.924579345792	200	9.544662921343853	0.0	383025	316.7914098940593	0.2
3709.2349605881295	200	9.73428167900626	0.0	383025	310.381242338	0.2
3709.5455457358366	200	9.923696531299527	0.0	383025	310.5851477067328	0.2
3710.03739498816	200	9.612631048950215	0.0	383025	311.065482349	0.2
3710.361252914757	200	9.788773122353193	0.0	383025	323.857926597	0.2
3710.685110841354	200	9.964915195756172	0.0	383025	323.857926597	0.2
3711.5089687679506	200	9.64105726915915	0.0	383025	323.857926597	0.2
3711.8347587092894	200	9.815267327820552	0.0	383025	325.78994133859817	0.2
3712.1618729610473	200	9.988153076063071	0.0	383025	327.114251757	0.2
3712.9889872128047	200	9.661038824305589	0.0	383025	327.114251757	0.2
3713.316101464562	200	9.833924572548108	0.0	383025	327.114251757	0.2
3714.1455014812836	200	9.504524555826675	0.0	383025	329.40001672143353	0.2
3714.4834985895095	200	9.666527447600282	0.0	383025	337.997108226	0.2
3714.821495697736	200	9.82853033937389	0.0	383025	337.997108226	0.2
3715.159492805962	200	9.990533231147497	0.0	383025	337.997108226	0.2
3715.997489914188	200	9.652536122921104	0.0	383025	337.997108226	0.2
3716.3250011382765	200	9.825024898832865	0.0	383025	327.51122408823915	0.2
3717.147971153685	200	9.502054883424263	0.0	383025	322.970015409	0.2
3717.469971827958	200	9.680054209150809	0.0	383025	322.00067427345533	0.2

