3274.53028486	400	0.5	0.149610428161	181435	149.610428161	-2.59220856323
3274.90311808	1000	0.627166782587	0.0	471531	372.833217413	0.4
3275.28434708	1000	0.745937779456	0.0	482442	381.229003131	1.0
3275.6730231	1000	0.857261758254	0.0	492120	388.676021202	1.0
3276.06912885	1000	0.961156008213	0.0	492120	396.105750041	1.0
3276.46477467	1000	1.06551018405	0.0	490176	395.645824166	1.0
3276.87134704	1000	1.15893782111	0.0	513389	406.572362933	1.0
3277.25424827	1000	1.27603658606	0.0	497055	382.90123505	1.0
3277.65437759	1000	1.37590726969	0.0	520019	400.129316373	1.0
3278.0799763	1000	1.45030856198	0.0	551265	425.598707711	1.0
3278.51315485	1000	1.5171300074	0.0	558332	433.178554585	1.0
3278.92952328	1000	1.60076157403	0.0	536970	416.368433369	1.0
3279.34502395	1000	1.6852609091	0.0	536970	415.500664924	1.0
3279.76052461	1000	1.76976024418	0.0	536970	415.500664924	1.0
3280.1822957	1000	1.84798915896	0.0	536970	421.771085224	1.0
3280.60815972	1000	1.92212513833	0.0	536970	425.864020625	1.0
3281.05272442	1000	1.9775604354	0.0	553424	444.564702928	1.0
3281.47647777	1000	2.05380708866	0.0	522960	423.75334674	1.0
3281.78951792	200	2.24076694097	0.0	383025	313.040147688	-0.6
3282.10501793	200	2.42526692731	0.0	383025	315.500013664	0.2
3282.42101753	200	2.60926732538	0.0	383025	315.999601931	0.2
3282.73701713	200	2.79326772345	0.0	383025	315.999601931	0.2
3283.05301674	200	2.97726812152	0.0	383025	315.999601931	0.2
3283.36790125	200	3.16238360539	0.0	383025	314.884516127	0.2
3283.67805232	200	3.35223253946	0.0	383025	310.151065933	0.2
3283.98820338	200	3.54208147352	0.0	383025	310.151065933	0.2
3284.29835445	200	3.73193040759	0.0	383025	310.151065933	0.2
3284.60909371	200	3.9211911508	0.0	383025	310.739256789	0.2
3284.92558822	200	4.10469663565	0.0	383025	316.494515153	0.2
3285.24208274	200	4.2882021205	0.0	383025	316.494515153	0.2
3285.55857725	200	4.47170760534	0.0	383025	316.494515153	0.2
3285.87507177	200	4.65521309019	0.0	383025	316.494515153	0.2
3286.19782105	200	4.83246380427	0.0	383025	322.749285915	0.2
3286.52792212	200	5.00236274111	0.0	383025	330.10106317	0.2
3286.85802318	200	5.17226167794	0.0	383025	330.10106317	0.2
3287.18812424	200	5.34216061477	0.0	383025	330.10106317	0.2
3287.51822531	200	5.5120595516	0.0	383025	330.10106317	0.2
3287.84832637	200	5.68195848843	0.0	383025	330.10106317	0.2
3288.17546255	200	5.85482230827	0.0	383025	327.136180159	0.2
3288.50139655	200	6.02888830975	0.0	383025	325.933998515	0.2
3288.82733055	200	6.20295431124	0.0	383025	325.933998515	0.2
3289.15326455	200	6.37702031272	0.0	383025	325.933998515	0.2
3289.47919854	200	6.55108631421	0.0	383025	325.933998515	0.2
3289.80513254	200	6.72515231569	0.0	383025	325.933998515	0.2
3290.12437407	200	6.90591078658	0.0	383025	319.241529111	0.2
3290.43624898	200	7.09403588062	0.0	383025	311.874905966	0.2
3290.74812388	200	7.28216097465	0.0	383025	311.874905966	0.2
3291.05999879	200	7.47028606868	0.0	383025	311.874905966	0.2
3291.37200741	200	7.65827745311	0.0	383025	312.008615569	0.2
3291.68410507	200	7.8461797893	0.0	383025	312.097663817	0.2
3291.99620273	200	8.03408212548	0.0	383025	312.097663817	0.2
3292.3083004	200	8.22198446166	0.0	383025	312.097663817	0.2
3292.62262255	200	8.40766230935	0.0	383025	314.322152317	0.2
3292.94033324	200	8.58995161579	0.0	383025	317.710693555	0.2
3293.25804394	200	8.77224092224	0.0	383025	317.710693555	0.2
3293.57575463	200	8.95453022868	0.0	383025	317.710693555	0.2
3293.89542976	200	9.13485509626	0.0	383025	319.675132425	0.2
3294.21769256	200	9.31259229395	0.0	383025	322.262802309	0.2
3294.53995537	200	9.49032949164	0.0	383025	322.262802309	0.2
3294.86221817	200	9.66806668933	0.0	383025	322.262802309	0.2
3295.18448097	200	9.84580388702	0.0	383025	322.262802309	0.2
3296.00844607	200	9.52183878639	0.0	383025	323.965100631	0.2
3296.34018932	200	9.69009553356	0.0	383025	331.743252833	0.2
3296.67193258	200	9.85835228073	0.0	383025	331.743252833	0.2
3297.50367583	200	9.52660902789	0.0	383025	331.743252833	0.2
3297.83355301	200	9.69673185265	0.0	383025	329.877175239	0.2
3298.16250039	200	9.86778446763	0.0	383025	328.947385028	0.2
3298.99144778	200	9.5388370826	0.0	383025	328.947385028	0.2
3299.32039516	200	9.70988969757	0.0	383025	328.947385028	0.2
3299.64934255	200	9.88094231254	0.0	383025	328.947385028	0.2
3300.46322114	200	9.56706371806	0.0	383025	313.878594479	0.2
3300.77595069	200	9.75433417296	0.0	383025	312.729545104	0.2
3301.08979459	200	9.94049026964	0.0	383025	313.843903317	0.2
3301.90363849	200	9.62664636633	0.0	383025	313.843903317	0.2
3302.2212103	200	9.80907455692	0.0	383025	317.571809402	0.2
3302.54027865	200	9.99000621023	0.0	383025	319.068346698	0.2
3303.23801964	200	9.67093786353	0.0	383025	319.068346698	0.2
3303.55355498	200	9.85540251982	0.0	383025	315.535343712	0.2
3304.25883375	200	9.5398671761	0.0	383025	315.535343712	0.2
3304.58037793	200	9.71832299737	0.0	383025	321.544178739	0.2
3304.9019221	200	9.89677881863	0.0	383025	321.544178739	0.2
3305.46784208	200	9.57523463989	0.0	383025	321.544178739	0.2
3305.79027354	200	9.75280317658	0.0	383025	322.431463303	0.2
3306.11270501	200	9.93037171328	0.0	383025	322.431463303	0.2
3306.93513647	200	9.60794024998	0.0	383025	322.431463303	0.2
3307.25186219	200	9.79121453586	0.0	383025	316.725714113	0.2
3307.56596744	200	9.97710928267	0.0	383025	314.105253195	0.2
3307.94667913	200	9.66300402947	0.0	383025	314.105253195	0.2
3308.25828535	200	9.85139781127	0.0	383025	311.6062182	0.2
3309.06989156	200	9.53979159307	0.0	383025	311.6062182	0.2
3309.38275824	200	9.72692491526	0.0	383025	312.866677815	0.2
3309.69562568	200	9.91405748071	0.0	383025	312.867434549	0.2
3310.5118112	200	9.59787195809	0.0	383025	316.185522623	0.2
3310.83193869	200	9.77774447111	0.0	383025	320.127486978	0.2
3311.15206617	200	9.95761698413	0.0	383025	320.127486978	0.2
3311.85431475	200	9.63748949715	0.0	383025	320.127486978	0.2
3312.17668725	200	9.81511699708	0.0	383025	322.372500072	0.2
3312.49905975	200	9.99274449701	0.0	383025	322.372500072	0.2
3312.89067085	200	9.67037199694	0.0	383025	322.372500072	0.2
3313.22979581	200	9.83124703213	0.0	383025	339.124964812	0.2
3313.56892078	200	9.99212206731	0.0	383025	339.124964812	0.2
3314.40804574	200	9.6529971025	0.0	383025	339.124964812	0.2
3314.74717071	200	9.81387213769	0.0	383025	339.124964812	0.2
3315.08629567	200	9.97474717288	0.0	383025	339.124964812	0.2
3315.92542064	200	9.63562220807	0.0	383025	339.124964812	0.2
3316.26699375	200	9.79404908914	0.0	383025	341.57311893	0.2
3316.60943301	200	9.95160983069	0.0	383025	342.439258442	0.2
3317.45187227	200	9.60917057225	0.0	383025	342.439258442	0.2
3317.79431153	200	9.76673131381	0.0	383025	342.439258442	0.2
3318.13675079	200	9.92429205537	0.0	383025	342.439258442	0.2
3318.97919005	200	9.58185279693	0.0	383025	342.439258442	0.2
3319.32162931	200	9.73941353849	0.0	383025	342.439258442	0.2
3319.66406856	200	9.89697428004	0.0	383025	342.439258442	0.2
3320.50562413	200	9.55541871107	0.0	383025	341.555568976	0.2
3320.84526756	200	9.71577528101	0.0	383025	339.64343006	0.2
3321.18491099	200	9.87613185095	0.0	383025	339.64343006	0.2
3322.02455442	200	9.53648842089	0.0	383025	339.64343006	0.2
3322.36419785	200	9.69684499083	0.0	383025	339.64343006	0.2
3322.70384128	200	9.85720156077	0.0	383025	339.64343006	0.2
3323.54348471	200	9.51755813071	0.0	383025	339.64343006	0.2

