3755.31776948	400	0.5	0.169086119476	181435	169.086119476	-2.98172238952
3755.74121802	1000	0.576551453675	0.0	471531	423.448546325	0.4
3756.17423357	1000	0.643535907324	0.0	482442	433.015546351	1.0
3756.615735	1000	0.70203448193	0.0	492120	441.501425394	1.0
3757.05723642	1000	0.760533056536	0.0	492120	441.501425394	1.0
3757.49472103	1000	0.823048452788	0.0	490176	437.484603747	1.0
3757.94526497	1000	0.872504513154	0.0	513389	450.543939635	1.0
3758.38179255	1000	0.935976932868	0.0	497055	436.527580285	1.0
3758.83714828	1000	0.980621194151	0.0	520019	455.355738718	1.0
3759.31875941	1000	0.999010070916	0.0	551265	481.611123235	1.0
3759.8064164	1000	1.01135307898	0.0	558332	487.656991933	1.0
3760.26585295	1000	1.05191652337	0.0	536970	459.436555617	1.0
3760.71596716	1000	1.10180231445	0.0	536970	450.11420892	1.0
3761.16753643	1000	1.15023304656	0.0	536970	451.569267888	1.0
3761.62089481	1000	1.19687466952	0.0	536970	453.358377038	1.0
3762.07425319	1000	1.24351629248	0.0	536970	453.358377038	1.0
3762.5413987	1000	1.27637077996	0.0	553424	467.145512522	1.0
3762.9835211	1000	1.33424837958	0.0	522960	442.122400384	1.0
3763.41908038	1000	1.39868909761	0.0	522960	435.559281969	1.0
3763.86009146	1000	1.45767801839	0.0	532300	441.011079214	1.0
3764.27624897	1000	1.54152051007	0.0	503004	416.157508325	1.0
3764.67518861	1000	1.64258087105	0.0	481782	398.939639015	1.0
3765.07737721	1000	1.74039226555	0.0	481782	402.188605506	1.0
3765.5060608	1000	1.81170867515	0.0	510552	428.683590392	1.0
3765.95669194	1000	1.86107753484	0.0	536970	450.63114031	1.0
3766.41407507	1000	1.90369441308	0.0	536970	457.383121763	1.0
3766.87145819	1000	1.94631129132	0.0	536970	457.383121763	1.0
3767.32983095	1000	1.98793853164	0.0	536970	458.372759681	1.0
3767.78905764	1000	2.02871184209	0.0	536970	459.226689546	1.0
3768.1196204	200	2.1981490759	0.0	383025	330.562766191	-0.6
3768.45085057	200	2.36691891292	0.0	383025	331.230162978	0.2
3768.78208073	200	2.53568874995	0.0	383025	331.230162978	0.2
3769.11331089	200	2.70445858697	0.0	383025	331.230162978	0.2
3769.44334859	200	2.87442088594	0.0	383025	330.037701027	0.2
3769.77127251	200	3.0464969726	0.0	383025	327.923913345	0.2
3770.09919642	200	3.21857305925	0.0	383025	327.923913345	0.2
3770.42652834	200	3.39124113843	0.0	383025	327.331920819	0.2
3770.74955572	200	3.56821376098	0.0	383025	323.027377456	0.2
3771.07258309	200	3.74518638352	0.0	383025	323.027377456	0.2
3771.39561047	200	3.92215900606	0.0	383025	323.027377456	0.2
3771.73495514	200	4.08281434282	0.0	383025	339.344663247	0.2
3772.07690333	200	4.24086614968	0.0	383025	341.948193134	0.2
3772.41885152	200	4.39891795655	0.0	383025	341.948193134	0.2
3772.75996448	200	4.55780499417	0.0	383025	341.112962383	0.2
3773.09532963	200	4.72243985136	0.0	383025	335.365142804	0.2
3773.43069477	200	4.88707470856	0.0	383025	335.365142804	0.2
3773.76605991	200	5.05170956576	0.0	383025	335.365142804	0.2
3774.10004826	200	5.21772121594	0.0	383025	333.988349812	0.2
3774.42999944	200	5.38777004258	0.0	383025	329.951173363	0.2
3774.75995061	200	5.55781886922	0.0	383025	329.951173363	0.2
3775.09044503	200	5.72732444676	0.0	383025	330.494422458	0.2
3775.42596387	200	5.89180560866	0.0	383025	335.518838099	0.2
3775.76148271	200	6.05628677056	0.0	383025	335.518838099	0.2
3776.09700155	200	6.22076793246	0.0	383025	335.518838099	0.2
3776.43044723	200	6.38732224643	0.0	383025	333.44568603	0.2
3776.75946694	200	6.55830254287	0.0	383025	329.019703562	0.2
3777.08848664	200	6.72928283931	0.0	383025	329.019703562	0.2
3777.41836578	200	6.89940370185	0.0	383025	329.879137462	0.2
3777.7484448	200	7.06932467807	0.0	383025	330.079023778	0.2
3778.07852382	200	7.23924565429	0.0	383025	330.079023778	0.2
3778.40863115	200	7.40913832768	0.0	383025	330.107326612	0.2
3778.73916496	200	7.57860451333	0.0	383025	330.533814349	0.2
3779.06969878	200	7.74807069898	0.0	383025	330.533814349	0.2
3779.39422102	200	7.92354846165	0.0	383025	324.522237335	0.2
3779.716433	200	8.10133648289	0.0	383025	322.211978763	0.2
3780.03977375	200	8.27799572329	0.0	383025	323.340759599	0.2
3780.36786315	200	8.4499063287	0.0	383025	328.089394589	0.2
3780.69595254	200	8.62181693411	0.0	383025	328.089394589	0.2
3781.02404194	200	8.79372753952	0.0	383025	328.089394589	0.2
3781.34814742	200	8.96962205486	0.0	383025	324.105484661	0.2
3781.67142661	200	9.14634286822	0.0	383025	323.279186635	0.2
3781.9947058	200	9.32306368159	0.0	383025	323.279186635	0.2
3782.31316073	200	9.50460874579	0.0	383025	318.454935803	0.2
3782.62475146	200	9.69301801793	0.0	383025	311.590727856	0.2
3782.93634219	200	9.88142729007	0.0	383025	311.590727856	0.2
3783.76096986	200	9.5567996154	0.0	383025	324.627674678	0.2
3784.09089117	200	9.72687831141	0.0	383025	329.921303992	0.2
3784.43185486	200	9.88591462125	0.0	383025	340.963690159	0.2
3785.10695374	200	9.54495093109	0.0	383025	340.963690159	0.2
3785.43661558	200	9.71528908943	0.0	383025	329.661841658	0.2
3785.76627742	200	9.88562724777	0.0	383025	329.661841658	0.2
3786.59465462	200	9.55725004459	0.0	383025	328.377203178	0.2
3786.91870041	200	9.73320425951	0.0	383025	324.045785082	0.2
3787.23848979	200	9.91341488094	0.0	383025	319.789378571	0.2
3787.74314695	200	9.59892193476	0.0	383025	314.492946178	0.2
3788.05892095	200	9.78314793395	0.0	383025	315.774000816	0.2
3788.37650928	200	9.96555960316	0.0	383025	317.588330783	0.2
3789.20001941	200	9.64204947147	0.0	383025	323.510131697	0.2
3789.5226859	200	9.81938297779	0.0	383025	322.666493676	0.2
3789.84499679	200	9.99707208863	0.0	383025	322.310889165	0.2
3790.59163251	200	9.67476119946	0.0	383025	322.310889165	0.2
3790.90025594	200	9.86613777081	0.0	383025	308.62342865	0.2
3791.23704391	200	9.56421790809	0.0	383025	301.919862723	0.2
3791.54625987	200	9.75500194798	0.0	383025	309.215960106	0.2
3791.85547583	200	9.94578598788	0.0	383025	309.215960106	0.2
3792.66943402	200	9.63182779663	0.0	383025	313.958191245	0.2
3792.99135519	200	9.80990663251	0.0	383025	321.921164119	0.2
3793.31857274	200	9.9826890795	0.0	383025	327.21755301	0.2
3793.91940489	200	9.65547152649	0.0	383025	327.21755301	0.2
3794.24226041	200	9.83261600023	0.0	383025	322.855526265	0.2
3794.98444157	200	9.50976047396	0.0	383025	322.855526265	0.2
3795.29414507	200	9.7000569655	0.0	383025	309.703508463	0.2
3795.59491304	200	9.89928900136	0.0	383025	300.767964143	0.2
3796.24624602	200	9.59852103721	0.0	383025	300.767964143	0.2
3796.55932228	200	9.78544477854	0.0	383025	313.076258673	0.2
3796.87345251	200	9.97131454756	0.0	383025	314.130230983	0.2
3797.32120869	200	9.65632227018	0.0	383025	314.992277377	0.2
3797.63364169	200	9.8438892707	0.0	383025	312.432999479	0.2
3798.41370462	200	9.53145627122	0.0	383025	312.432999479	0.2
3798.72072813	200	9.72443276112	0.0	383025	307.023510105	0.2
3799.02869582	200	9.91646506492	0.0	383025	307.967696203	0.2
3799.69725234	200	9.60849736871	0.0	383025	307.967696203	0.2
3800.00825585	200	9.79749386158	0.0	383025	311.003507129	0.2
3800.31862321	200	9.98712650171	0.0	383025	310.367359873	0.2
3800.9206996	200	9.67706814007	0.0	383025	310.058361638	0.2
3801.22709118	200	9.87067656242	0.0	383025	306.391577658	0.2
3802.02945373	200	9.56831400781	0.0	383025	302.362554601	0.2
3802.33357051	200	9.76419722866	0.0	383025	304.116779159	0.2
3802.63836146	200	9.95940628016	0.0	383025	304.790948498	0.2
3803.44814944	200	9.64961829625	0.0	383025	309.787983909	0.2

