2984.78516427	400	0.5	0.165764231365	181435	165.764231365	-2.91528462729
2985.19997957	1000	0.585184700969	0.0	471531	414.815299031	0.4
2985.6241621	1000	0.661002171093	0.0	482442	424.182529876	1.0
2986.05665331	1000	0.728510956392	0.0	492120	432.491214701	1.0
2986.48914453	1000	0.796019741692	0.0	492120	432.491214701	1.0
2986.91996679	1000	0.865197475462	0.0	490176	430.82226623	1.0
2987.37071771	1000	0.914446556531	0.0	513389	450.75091893	1.0
2987.80744569	1000	0.97771858221	0.0	497055	436.727974321	1.0
2988.26388854	1000	1.02127572482	0.0	520019	456.442857387	1.0
2988.74001874	1000	1.04514553165	0.0	551265	476.130193177	1.0
2989.22153809	1000	1.0636261799	0.0	558332	481.51935175	1.0
2989.68501693	1000	1.10014734238	0.0	536970	463.478837518	1.0
2990.14849576	1000	1.13666850486	0.0	536970	463.478837518	1.0
2990.61771074	1000	1.16745352907	0.0	536970	469.214975786	1.0
2991.09469717	1000	1.19046710043	0.0	536970	476.986428648	1.0
2991.5716836	1000	1.21348067178	0.0	536970	476.986428648	1.0
2992.06297957	1000	1.22218470126	0.0	553424	491.295970516	1.0
2992.52778193	1000	1.25738234224	0.0	522960	464.802359025	1.0
2992.99258429	1000	1.29257998321	0.0	522960	464.802359025	1.0
2993.46550936	1000	1.31965491111	0.0	532300	472.925072107	1.0
2993.91295659	1000	1.37220767652	0.0	503004	447.447234586	1.0
2994.3419477	1000	1.44321656796	0.0	481782	428.991108566	1.0
2994.77093881	1000	1.51422545939	0.0	481782	428.991108566	1.0
2995.22495031	1000	1.56021395946	0.0	510552	454.011499933	1.0
2995.69314269	1000	1.59202157439	0.0	536970	468.192385063	1.0
2996.16125048	1000	1.62391379279	0.0	536970	468.107781606	1.0
2996.62935826	1000	1.65580601118	0.0	536970	468.107781606	1.0
2997.09746604	1000	1.68769822958	0.0	536970	468.107781606	1.0
2997.56557382	1000	1.71959044797	0.0	536970	468.107781606	1.0
2998.06526465	1000	1.71989961689	0.0	573990	499.690831078	1.0
2998.56980946	1000	1.71535481019	0.0	586715	504.544806706	1.0
2999.03990035	1000	1.74526391607	0.0	551265	470.090894116	1.0
2999.50999125	1000	1.77517302196	0.0	551265	470.090894116	1.0
2999.98008214	1000	1.80508212784	0.0	551265	470.090894116	1.0
3000.45017304	1000	1.83499123372	0.0	551265	470.090894116	1.0
3000.92531291	1000	1.85985136373	0.0	551265	475.139869991	1.0
3001.40757471	1000	1.8775895566	0.0	551265	482.261807134	1.0
3001.86975577	1000	1.91540850329	0.0	527825	462.181053305	1.0
3002.30670737	1000	1.97845689539	0.0	498375	436.951607902	1.0
3002.68901946	1000	2.09614481305	0.0	434595	382.31208234	1.0
3003.01866017	200	2.26650410169	0.0	383025	329.640711358	-0.6
3003.34018205	200	2.44498221727	0.0	383025	321.521884427	0.2
3003.66170394	200	2.62346033284	0.0	383025	321.521884427	0.2
3003.98322582	200	2.80193844841	0.0	383025	321.521884427	0.2
3004.3053272	200	2.9798370732	0.0	383025	322.101375207	0.2
3004.6277732	200	3.15739107217	0.0	383025	322.446001039	0.2
3004.9502192	200	3.33494507113	0.0	383025	322.446001039	0.2
3005.2726652	200	3.51249907009	0.0	383025	322.446001039	0.2
3005.5951112	200	3.69005306905	0.0	383025	322.446001039	0.2
3005.9187255	200	3.866438773	0.0	383025	323.614296046	0.2
3006.24322042	200	4.04194385431	0.0	383025	324.494918692	0.2
3006.56771533	200	4.21744893562	0.0	383025	324.494918692	0.2
3006.89221025	200	4.39295401693	0.0	383025	324.494918692	0.2
3007.21670517	200	4.56845909823	0.0	383025	324.494918692	0.2
3007.53918354	200	4.74598072478	0.0	383025	322.478373454	0.2
3007.8559255	200	4.92923877105	0.0	383025	316.741953734	0.2
3008.17266745	200	5.11249681731	0.0	383025	316.741953734	0.2
3008.48940941	200	5.29575486358	0.0	383025	316.741953734	0.2
3008.80615136	200	5.47901290984	0.0	383025	316.741953734	0.2
3009.12096656	200	5.66419771081	0.0	383025	314.815199037	0.2
3009.43576113	200	5.84940313569	0.0	383025	314.794575118	0.2
3009.75055571	200	6.03460856057	0.0	383025	314.794575118	0.2
3010.06338371	200	6.22178055911	0.0	383025	312.828001463	0.2
3010.37477163	200	6.41039263646	0.0	383025	311.387922653	0.2
3010.68615956	200	6.5990047138	0.0	383025	311.387922653	0.2
3010.99754748	200	6.78761679115	0.0	383025	311.387922653	0.2
3011.3129849	200	6.97217936451	0.0	383025	315.437426639	0.2
3011.63081211	200	7.15435216275	0.0	383025	317.827201764	0.2
3011.94863931	200	7.33652496098	0.0	383025	317.827201764	0.2
3012.26646651	200	7.51869775922	0.0	383025	317.827201764	0.2
3012.58140641	200	7.70375785715	0.0	383025	314.93990207	0.2
3012.89309954	200	7.89206473093	0.0	383025	311.693126217	0.2
3013.20479266	200	8.08037160471	0.0	383025	311.693126217	0.2
3013.51648579	200	8.2686784785	0.0	383025	311.693126217	0.2
3013.83316033	200	8.45200394311	0.0	383025	316.674535387	0.2
3014.15325968	200	8.63190458528	0.0	383025	320.09935783	0.2
3014.47335904	200	8.81180522745	0.0	383025	320.09935783	0.2
3014.7934584	200	8.99170586962	0.0	383025	320.09935783	0.2
3015.11318576	200	9.17197850528	0.0	383025	319.727364339	0.2
3015.43274648	200	9.35241779228	0.0	383025	319.560713004	0.2
3015.75230719	200	9.53285707927	0.0	383025	319.560713004	0.2
3016.0718679	200	9.71329636627	0.0	383025	319.560713004	0.2
3016.39078939	200	9.89437488309	0.0	383025	318.921483181	0.2
3017.20654679	200	9.57861748061	0.0	383025	315.757402478	0.2
3017.52191269	200	9.76325157735	0.0	383025	315.365903259	0.2
3017.83403214	200	9.9511321264	0.0	383025	312.119450948	0.2
3018.16290304	200	9.63901267546	0.0	383025	312.119450948	0.2
3018.47440205	200	9.82751367517	0.0	383025	311.499000285	0.2
3019.07565057	200	9.51601467489	0.0	383025	311.499000285	0.2
3019.39360582	200	9.69805943142	0.0	383025	317.955243462	0.2
3019.71156106	200	9.88010418796	0.0	383025	317.955243462	0.2
3020.3131315	200	9.5621489445	0.0	383025	317.955243462	0.2
3020.61956429	200	9.75571614898	0.0	383025	306.432795521	0.2
3020.93218557	200	9.94309486605	0.0	383025	312.621282932	0.2
3021.25548952	200	9.62777761571	0.0	383025	315.317250335	0.2
3021.56863192	200	9.81463520707	0.0	383025	313.142408642	0.2
3022.38177433	200	9.50149279843	0.0	383025	313.142408642	0.2
3022.69098266	200	9.69228447548	0.0	383025	309.208322945	0.2
3022.99930485	200	9.88396228307	0.0	383025	308.322192415	0.2
3023.50775108	200	9.57564009065	0.0	383025	308.322192415	0.2
3023.81648607	200	9.76690509771	0.0	383025	308.734992943	0.2
3024.12522106	200	9.95817010477	0.0	383025	308.734992943	0.2
3024.93622323	200	9.64716794176	0.0	383025	311.002163006	0.2
3025.25516918	200	9.82822199145	0.0	383025	318.945950309	0.2
3025.9506033	200	9.50927604114	0.0	383025	318.945950309	0.2
3026.27599109	200	9.68388825268	0.0	383025	325.387788467	0.2
3026.60137887	200	9.85850046421	0.0	383025	325.387788467	0.2
3027.41416765	200	9.5457116873	0.0	383025	312.788776909	0.2
3027.72642623	200	9.73345310408	0.0	383025	312.25858322	0.2
3028.0426973	200	9.91718204232	0.0	383025	316.271061759	0.2
3028.86396835	200	9.59591098528	0.0	383025	321.271057039	0.2
3029.18523941	200	9.77463992824	0.0	383025	321.271057039	0.2
3029.50653261	200	9.95334672701	0.0	383025	321.293201234	0.2
3030.32811145	200	9.63176789062	0.0	383025	321.578836386	0.2
3030.64969028	200	9.81018905424	0.0	383025	321.578836386	0.2
3030.9679428	200	9.99193654184	0.0	383025	318.252512402	0.2
3031.78332129	200	9.67655804454	0.0	383025	315.378497291	0.2
3032.11140122	200	9.8484781222	0.0	383025	328.079922349	0.2
3032.94331423	200	9.51656511053	0.0	383025	331.913011669	0.2
3033.27522724	200	9.68465209886	0.0	383025	331.913011669	0.2

