6046.149463789247	400	0.5	0.15418549812895033	181435	154.185498129	-2.6837099625790066
6046.306028604385	400	0.8434351848627653	0.0	184429	156.564815137	0.4
6046.542980798271	600	1.1064829909770313	0.0	285584	236.952193886	0.39999999999999997
6046.864044311954	800	1.2854194772937597	0.0	391425	321.063513683	0.6000000000000001
6047.185107825637	800	1.4643559636104881	0.0	391425	321.063513683	0.8
6047.584648271145	1000	1.5648155181018688	0.0	490176	399.540445509	0.8
6048.002635973071	1000	1.6468278161759797	0.0	513389	417.987701926	1.0
6048.411004857955	1000	1.738458931291288	0.0	497055	408.368884885	1.0
6048.839993478908	1000	1.8094703103394665	0.0	520019	428.988620952	1.0
6049.294157561621	1000	1.8553062276251702	0.0	551265	454.164082714	1.0
6049.754015652794	1000	1.8954481364529778	0.0	558332	459.858091172	1.0
6050.183845017039	1000	1.965618772207358	0.0	536970	429.829364246	1.0
6050.6092371589775	1000	2.0402266302690584	0.0	536970	425.392141938	1.0
6050.915539699466	200	2.233924089780917	0.0	383025	306.302540488	-0.6000000000000001
6051.221842239955	200	2.4276215492927755	0.0	383025	306.302540488	0.2
6051.528452266659	200	2.6210115225888924	0.0	383025	306.610026704	0.2
6051.835314216075	200	2.814149573172562	0.0	383025	306.861949416	0.2
6052.14217616549	200	3.0072876237562314	0.0	383025	306.861949416	0.2
6052.449038114906	200	3.200425674339901	0.0	383025	306.861949416	0.2
6052.755435260866	200	3.394028528380514	0.0	383025	306.397145959	0.2
6053.061573356049	200	3.5878904331974417	0.0	383025	306.138095183	0.2
6053.367711451232	200	3.7817523380143694	0.0	383025	306.138095183	0.2
6053.673849546416	200	3.975614242831297	0.0	383025	306.138095183	0.2
6053.979987641599	200	4.169476147648225	0.0	383025	306.138095183	0.2
6054.285782673058	200	4.363681116189423	0.0	383025	305.795031459	0.2
6054.59100424662	200	4.558459542626613	0.0	383025	305.221573563	0.2
6054.896225820183	200	4.753237969063805	0.0	383025	305.221573563	0.2
6055.20157420612	200	4.947889583125964	0.0	383025	305.348385938	0.2
6055.507361567764	200	5.142102221482829	0.0	383025	305.787361643	0.2
6055.813148929406	200	5.3363148598396934	0.0	383025	305.787361643	0.2
6056.11893629105	200	5.530527498196559	0.0	383025	305.787361643	0.2
6056.429722096256	200	5.719741692990617	0.0	383025	310.785805206	0.2
6056.742568460843	200	5.906895328403455	0.0	383025	312.846364587	0.2
6057.055414825431	200	6.094048963816293	0.0	383025	312.846364587	0.2
6057.3682611900185	200	6.281202599229132	0.0	383025	312.846364587	0.2
6057.681107554607	200	6.468356234641971	0.0	383025	312.846364587	0.2
6057.993649218389	200	6.655814570859064	0.0	383025	312.541663783	0.2
6058.305778450041	200	6.843685339207152	0.0	383025	312.129231652	0.2
6058.617907681693	200	7.031556107555239	0.0	383025	312.129231652	0.2
6058.930036913345	200	7.219426875903325	0.0	383025	312.129231652	0.2
6059.242166144998	200	7.407297644251413	0.0	383025	312.129231652	0.2
6059.553171169831	200	7.596292619418109	0.0	383025	311.005024833	0.2
6059.860379077857	200	7.789084711391708	0.0	383025	307.207908026	0.2
6060.167586985884	200	7.9818768033653065	0.0	383025	307.207908026	0.2
6060.474794893909	200	8.174668895338906	0.0	383025	307.207908026	0.2
6060.782002801935	200	8.367460987312505	0.0	383025	307.207908026	0.2
6061.093290056056	200	8.556173733192114	0.0	383025	311.28725412	0.2
6061.40591215623	200	8.743551633017008	0.0	383025	312.622100175	0.2
6061.718534256406	200	8.930929532841903	0.0	383025	312.622100175	0.2
6062.031156356581	200	9.118307432666798	0.0	383025	312.622100175	0.2
6062.341500561764	200	9.307963227484173	0.0	383025	310.344205183	0.2
6062.649480643377	200	9.499983145871882	0.0	383025	307.980081612	0.2
6062.957460724989	200	9.692003064259591	0.0	383025	307.980081612	0.2
6063.265440806601	200	9.884022982647299	0.0	383025	307.980081612	0.2
6064.011563571107	200	9.576042901035008	0.0	383025	307.980081612	0.2
6064.323300693279	200	9.764305778863326	0.0	383025	311.737122172	0.2
6064.635037815451	200	9.952568656691646	0.0	383025	311.737122172	0.2
6065.360128920332	200	9.640831534519966	0.0	383025	311.737122172	0.2
6065.68003152114	200	9.820928933711283	0.0	383025	319.902600809	0.2
6066.49993412195	200	9.5010263329026	0.0	383025	319.902600809	0.2
6066.819836722759	200	9.681123732093914	0.0	383025	319.902600809	0.2
6067.140201358521	200	9.860759096331366	0.0	383025	320.36463576254926	0.2
6067.961494593249	200	9.53946586160376	0.0	383025	321.293234728	0.2
6068.282787827976	200	9.718172626876157	0.0	383025	321.293234728	0.2
6068.604081062704	200	9.896879392148554	0.0	383025	321.293234728	0.2
6069.425283358075	200	9.575677096777548	0.0	383025	321.20229537100516	0.2
6069.7460935027975	200	9.754866952055078	0.0	383025	320.810144722	0.2
6070.066903647519	200	9.934056807332606	0.0	383025	320.810144722	0.2
6070.887713792242	200	9.613246662610136	0.0	383025	320.810144722	0.2
6071.215105147303	200	9.78585530754959	0.0	383025	327.3913550605447	0.2
6071.544741675727	200	9.95621877912521	0.0	383025	329.636528424	0.2
6072.374378204151	200	9.62658225070083	0.0	383025	329.636528424	0.2
6072.704014732575	200	9.796945722276451	0.0	383025	329.636528424	0.2
6073.033651260999	200	9.96730919385207	0.0	383025	329.636528424	0.2
6073.863287789423	200	9.63767266542769	0.0	383025	329.636528424	0.2
6074.196296129675	200	9.804664325175962	0.0	383025	333.00834025172793	0.2
6074.530918810503	200	9.970041644347683	0.0	383025	334.622680828	0.2
6075.365541491331	200	9.635418963519403	0.0	383025	334.622680828	0.2
6075.700164172159	200	9.800796282691124	0.0	383025	334.622680828	0.2
6076.034786852986	200	9.966173601862845	0.0	383025	334.622680828	0.2
6076.869409533814	200	9.631550921034567	0.0	383025	334.622680828	0.2
6077.204032214642	200	9.796928240206288	0.0	383025	334.622680828	0.2
6077.53865489547	200	9.962305559378008	0.0	383025	334.622680828	0.2
6078.373277576298	200	9.627682878549729	0.0	383025	334.622680828	0.2
6078.707900257126	200	9.79306019772145	0.0	383025	334.622680828	0.2
6079.041078774091	200	9.959881680756844	0.0	383025	333.17851696460565	0.2
6079.873624766904	200	9.62733568794398	0.0	383025	332.545992813	0.2
6080.206170759717	200	9.794789695131115	0.0	383025	332.545992813	0.2
6080.5387167525305	200	9.962243702318252	0.0	383025	332.545992813	0.2
6081.371262745343	200	9.629697709505388	0.0	383025	332.545992813	0.2
6081.703808738156	200	9.797151716692523	0.0	383025	332.545992813	0.2
6082.031489749548	200	9.969470705301	0.0	383025	327.6810113915255	0.2
6082.856173323721	200	9.644787131128775	0.0	383025	324.683574172	0.2
6083.180856897893	200	9.82010355695655	0.0	383025	324.683574172	0.2
6083.505540472066	200	9.995419982784325	0.0	383025	324.683574172	0.2
6084.330224046239	200	9.670736408612102	0.0	383025	324.683574172	0.2
6084.655052098641	200	9.845908356209321	0.0	383025	324.8280524027788	0.2
6085.480090499898	200	9.520869954952488	0.0	383025	325.038401257	0.2
6085.8051289011555	200	9.695831553695655	0.0	383025	325.038401257	0.2
6086.130167302413	200	9.87079315243882	0.0	383025	325.038401257	0.2
6086.959289773313	200	9.54167068153964	0.0	383025	329.1224708991799	0.2
6087.288788997589	200	9.712171457263048	0.0	383025	329.499224277	0.2
6087.6182882218645	200	9.882672232986454	0.0	383025	329.499224277	0.2
6088.447787446141	200	9.553173008709862	0.0	383025	329.499224277	0.2
6088.777286670417	200	9.72367378443327	0.0	383025	329.499224277	0.2
6089.100257175508	200	9.900703279342876	0.0	383025	322.97050509039417	0.2
6089.921413080367	200	9.579547374484244	0.0	383025	321.155904859	0.2
6090.242568985224	200	9.758391469625613	0.0	383025	321.155904859	0.2
6090.563724890083	200	9.937235564766981	0.0	383025	321.155904859	0.2
6091.302986652262	200	9.61607965990835	0.0	383025	321.155904859	0.2
6091.616527955264	200	9.802538356906071	0.0	383025	313.541303002	0.2
6091.9300692582665	200	9.988997053903791	0.0	383025	313.541303002	0.2
6092.372340279896	200	9.675455750901513	0.0	383025	313.541303002	0.2
6092.686919041359	200	9.86087698943839	0.0	383025	314.578761463	0.2
6093.501497802822	200	9.546298227975267	0.0	383025	314.578761463	0.2
6093.816076564285	200	9.731719466512144	0.0	383025	314.578761463	0.2
6094.132348981813	200	9.915447048983356	0.0	383025	316.27241752878757	0.2
6094.94878972231	200	9.599006308487354	0.0	383025	316.440740496	0.2
6095.265230462805	200	9.782565567991352	0.0	383025	316.440740496	0.2
6095.581623469665	200	9.966172561132124	0.0	383025	316.3930068592299	0.2

