381.744340243	400	0.5	0.149148914026	181435	149.148914026	-2.58297828051
382.115974032	1000	0.628366210602	0.0	471531	371.633789398	0.4
382.495244204	1000	0.749096039086	0.0	482442	379.270171516	1.0
382.878767261	1000	0.865572981703	0.0	492120	383.523057383	1.0
383.260037396	1000	0.984302846856	0.0	492120	381.270134847	1.0
383.645110258	1000	1.09922998482	0.0	490176	385.072862036	1.0
384.062038068	1000	1.18230217518	0.0	513389	416.927809642	1.0
384.47256972	1000	1.27177052305	0.0	497055	410.531652126	1.0
384.904036773	1000	1.34030346988	0.0	520019	431.467053171	1.0
385.364800944	1000	1.37953929862	0.0	551265	460.764171263	1.0
385.833396075	1000	1.4109441678	0.0	558332	468.595130822	1.0
386.279496298	1000	1.46484394504	0.0	536970	446.100222754	1.0
386.718610593	1000	1.52572964942	0.0	536970	439.114295624	1.0
387.155485877	1000	1.58885436621	0.0	536970	436.875283206	1.0
387.586293439	1000	1.65804680357	0.0	536970	430.807562637	1.0
388.019266263	1000	1.72507397948	0.0	536970	432.972824098	1.0
388.4706714	1000	1.77366884331	0.0	553424	451.405136162	1.0
388.900764094	1000	1.84357614873	0.0	522960	430.092694581	1.0
389.334337096	1000	1.91000314728	0.0	522960	433.573001459	1.0
389.765102639	1000	1.97923760418	0.0	532300	430.765543096	1.0
390.169318227	1000	2.07502201578	0.0	503004	404.215588399	1.0
390.473498082	200	2.27084216107	0.0	383025	304.179854705	-0.6
390.776862861	200	2.46747738152	0.0	383025	303.36477955	0.2
391.084200313	200	2.66013993014	0.0	383025	307.337451383	0.2
391.392134802	200	2.85220544038	0.0	383025	307.934489764	0.2
391.701981974	200	3.04235826874	0.0	383025	309.847171641	0.2
392.012840619	200	3.23149962341	0.0	383025	310.858645328	0.2
392.326566966	200	3.41777327694	0.0	383025	313.72634647	0.2
392.641201291	200	3.60313895185	0.0	383025	314.634325088	0.2
392.9607245	200	3.78361574238	0.0	383025	319.523209475	0.2
393.285948095	200	3.95839214766	0.0	383025	325.223594714	0.2
393.609933902	200	4.13440634129	0.0	383025	323.985806375	0.2
393.928187567	200	4.31615267588	0.0	383025	318.253665409	0.2
394.246441232	200	4.49789901047	0.0	383025	318.253665409	0.2
394.556877119	200	4.68746312345	0.0	383025	310.435887025	0.2
394.86521941	200	4.87912083311	0.0	383025	308.342290339	0.2
395.170443875	200	5.07389636744	0.0	383025	305.22446567	0.2
395.475665437	200	5.26867480578	0.0	383025	305.221561657	0.2
395.7790926	200	5.46524764291	0.0	383025	303.427162871	0.2
396.075502886	200	5.66883735657	0.0	383025	296.41028634	0.2
396.367301972	200	5.87703827087	0.0	383025	291.799085697	0.2
396.656841639	200	6.08749860403	0.0	383025	289.539666844	0.2
396.947258868	200	6.2970813746	0.0	383025	290.41722943	0.2
397.242754179	200	6.50158606434	0.0	383025	295.495310258	0.2
397.538292407	200	6.70604783594	0.0	383025	295.538228404	0.2
397.834726054	200	6.90961418926	0.0	383025	296.43364668	0.2
398.132515943	200	7.11182429988	0.0	383025	297.789889375	0.2
398.437400474	200	7.3069397691	0.0	383025	304.884530783	0.2
398.742171283	200	7.50216895992	0.0	383025	304.770809176	0.2
399.046151761	200	7.69818848188	0.0	383025	303.980478044	0.2
399.354031851	200	7.89030839196	0.0	383025	307.880089914	0.2
399.663108821	200	8.08123142141	0.0	383025	309.076970555	0.2
399.970587967	200	8.27375227596	0.0	383025	307.479145451	0.2
400.275580362	200	8.46875988135	0.0	383025	304.992394612	0.2
400.579840739	200	8.66449950427	0.0	383025	304.260377076	0.2
400.880934008	200	8.86340623492	0.0	383025	301.093269348	0.2
401.182083646	200	9.06225659649	0.0	383025	301.149638436	0.2
401.483330503	200	9.2610097399	0.0	383025	301.24685659	0.2
401.784476332	200	9.45986391066	0.0	383025	301.145829236	0.2
402.085559163	200	9.65878107951	0.0	383025	301.082831149	0.2
402.39223742	200	9.85210282319	0.0	383025	306.678256323	0.2
403.050448732	200	9.54152027908	0.0	383025	310.58254411	0.2
403.367757993	200	9.72421101782	0.0	383025	317.309261253	0.2
403.68781646	200	9.90415255178	0.0	383025	320.058466049	0.2
404.267845919	200	9.58163607972	0.0	383025	322.516472059	0.2
404.588866753	200	9.76061524539	0.0	383025	321.020834322	0.2
404.909643955	200	9.93983804349	0.0	383025	320.777201904	0.2
405.49010277	200	9.61926411388	0.0	383025	320.573929607	0.2
405.807633506	200	9.80173337829	0.0	383025	317.530735596	0.2
406.121739118	200	9.98762776645	0.0	383025	314.105611834	0.2
406.746931022	200	9.67579236421	0.0	383025	311.835402245	0.2
407.074136557	200	9.84858682901	0.0	383025	327.205535204	0.2
407.895721572	200	9.5270018147	0.0	383025	321.585014306	0.2
408.211609572	200	9.71111381393	0.0	383025	315.888000765	0.2
408.526115329	200	9.89660805743	0.0	383025	314.505756508	0.2
409.344080937	200	9.57864244908	0.0	383025	317.965608345	0.2
409.662177859	200	9.76054552681	0.0	383025	318.096922267	0.2
409.979760429	200	9.94296295752	0.0	383025	317.582569293	0.2
410.319759552	200	9.62605635521	0.0	383025	316.906602316	0.2
410.636679194	200	9.80913671288	0.0	383025	316.919642328	0.2
410.953598836	200	9.99221707055	0.0	383025	316.919642328	0.2
411.775273801	200	9.67054210554	0.0	383025	321.674965012	0.2
412.101299754	200	9.84451615306	0.0	383025	326.025952479	0.2
412.808416939	200	9.51827401751	0.0	383025	326.242135552	0.2
413.141418938	200	9.68527201847	0.0	383025	333.001999037	0.2
413.477831802	200	9.84885915425	0.0	383025	336.412864222	0.2
414.318334647	200	9.50835630908	0.0	383025	340.502845163	0.2
414.639443903	200	9.68724705346	0.0	383025	321.10925562	0.2
414.958673159	200	9.86801779708	0.0	383025	319.229256382	0.2
415.79452141	200	9.53216954595	0.0	383025	335.848251132	0.2
416.141505263	200	9.6851856932	0.0	383025	346.98385275	0.2
416.496393121	200	9.83029783515	0.0	383025	354.887858055	0.2
416.851280979	200	9.97540997709	0.0	383025	354.887858055	0.2
417.654795766	200	9.62052211904	0.0	383025	354.887858055	0.2
417.988548509	200	9.78676937578	0.0	383025	333.752743255	0.2
418.28931068	200	9.98600720473	0.0	383025	300.762171049	0.2
419.027822716	200	9.68832206499	0.0	383025	297.685139738	0.2
419.338497576	200	9.87764720552	0.0	383025	310.674859473	0.2
419.826679273	200	9.55930729707	0.0	383025	318.339908453	0.2
420.145244181	200	9.74074238855	0.0	383025	318.564908515	0.2
420.46380909	200	9.92217748004	0.0	383025	318.564908515	0.2
421.284147158	200	9.60183941237	0.0	383025	320.338067669	0.2
421.608316804	200	9.77766976606	0.0	383025	324.169646309	0.2
421.932605702	200	9.95338086792	0.0	383025	324.288898138	0.2
422.299507519	200	9.62781406857	0.0	383025	325.566799351	0.2
422.614067725	200	9.81325386237	0.0	383025	314.560206198	0.2
422.950830528	200	9.9764910596	0.0	383025	336.762802768	0.2
423.78789667	200	9.6394249176	0.0	383025	337.066142004	0.2
424.124962812	200	9.8023587756	0.0	383025	337.066142004	0.2
424.462028954	200	9.96529263359	0.0	383025	337.066142004	0.2
425.29126305	200	9.63605853756	0.0	383025	329.234096031	0.2
425.617037484	200	9.81028410272	0.0	383025	325.774434839	0.2
425.950376174	200	9.97694541293	0.0	383025	333.338689792	0.2
426.782539044	200	9.64478254312	0.0	383025	332.162869807	0.2
427.109032709	200	9.81828887863	0.0	383025	326.493664494	0.2
427.431432733	200	9.99588885448	0.0	383025	322.400024146	0.2
428.168965976	200	9.67375232912	0.0	383025	322.136525359	0.2
428.487212779	200	9.85550552649	0.0	383025	318.246802632	0.2
428.922341338	200	9.53976296459	0.0	383025	315.742561905	0.2
429.234496735	200	9.72760756776	0.0	383025	312.155396828	0.2

