6052.84002146	400	0.5	0.151635940369	181435	151.635940369	-2.63271880738
6053.21811878	1000	0.621902683616	0.0	471531	378.097316384	0.4
6053.60473369	1000	0.735287772802	0.0	482442	386.614910814	1.0
6053.99890366	1000	0.841117800225	0.0	492120	394.169972577	1.0
6054.39307363	1000	0.946947827649	0.0	492120	394.169972577	1.0
6054.78993962	1000	1.0500818411	0.0	490176	396.86598655	1.0
6055.20754048	1000	1.13248097656	0.0	513389	417.600864541	1.0
6055.61217311	1000	1.22784835349	0.0	497055	404.632623069	1.0
6056.0350378	1000	1.30498365639	0.0	520019	422.864697097	1.0
6056.48271	1000	1.35731146125	0.0	551265	447.672195141	1.0
6056.93623686	1000	1.40378459985	0.0	558332	453.5268614	1.0
6057.37846471	1000	1.46155675285	0.0	536970	442.227847004	1.0
6057.82069255	1000	1.51932890584	0.0	536970	442.227847004	1.0
6058.2629204	1000	1.57710105884	0.0	536970	442.227847004	1.0
6058.70514825	1000	1.63487321183	0.0	536970	442.227847004	1.0
6059.14737609	1000	1.69264536483	0.0	536970	442.227847004	1.0
6059.61227136	1000	1.72775009824	0.0	553424	464.895266594	1.0
6060.05669265	1000	1.78332880437	0.0	522960	444.421293863	1.0
6060.50111395	1000	1.83890751051	0.0	522960	444.421293863	1.0
6060.95329395	1000	1.88672750683	0.0	532300	452.180003678	1.0
6061.38113786	1000	1.95888360195	0.0	503004	427.843904885	1.0
6061.79135271	1000	2.04866874842	0.0	481782	410.214853526	1.0
6062.11953042	200	2.22049103678	0.0	383025	328.177711645	-0.6
6062.44770813	200	2.39231332513	0.0	383025	328.177711645	0.2
6062.77588585	200	2.56413561349	0.0	383025	328.177711645	0.2
6063.10406356	200	2.73595790184	0.0	383025	328.177711645	0.2
6063.43224127	200	2.9077801902	0.0	383025	328.177711645	0.2
6063.76041898	200	3.07960247855	0.0	383025	328.177711645	0.2
6064.08859669	200	3.2514247669	0.0	383025	328.177711645	0.2
6064.4167744	200	3.42324705526	0.0	383025	328.177711645	0.2
6064.74495212	200	3.59506934361	0.0	383025	328.177711645	0.2
6065.07312983	200	3.76689163197	0.0	383025	328.177711645	0.2
6065.40130754	200	3.93871392032	0.0	383025	328.177711645	0.2
6065.72948525	200	4.11053620868	0.0	383025	328.177711645	0.2
6066.05766296	200	4.28235849703	0.0	383025	328.177711645	0.2
6066.38584067	200	4.45418078539	0.0	383025	328.177711645	0.2
6066.71348424	200	4.62653721627	0.0	383025	327.643569116	0.2
6067.0401922	200	4.79982926142	0.0	383025	326.707954848	0.2
6067.36690015	200	4.97312130658	0.0	383025	326.707954848	0.2
6067.69360811	200	5.14641335173	0.0	383025	326.707954848	0.2
6068.02031606	200	5.31970539688	0.0	383025	326.707954848	0.2
6068.34702402	200	5.49299744203	0.0	383025	326.707954848	0.2
6068.67373197	200	5.66628948718	0.0	383025	326.707954848	0.2
6069.00043993	200	5.83958153233	0.0	383025	326.707954848	0.2
6069.32714788	200	6.01287357749	0.0	383025	326.707954848	0.2
6069.65385584	200	6.18616562264	0.0	383025	326.707954848	0.2
6069.98056379	200	6.35945766779	0.0	383025	326.707954848	0.2
6070.30727175	200	6.53274971294	0.0	383025	326.707954848	0.2
6070.63349003	200	6.70653142606	0.0	383025	326.218286882	0.2
6070.95940511	200	6.88061634619	0.0	383025	325.915079872	0.2
6071.28532019	200	7.05470126632	0.0	383025	325.915079872	0.2
6071.61123527	200	7.22878618644	0.0	383025	325.915079872	0.2
6071.93715035	200	7.40287110657	0.0	383025	325.915079872	0.2
6072.26306543	200	7.5769560267	0.0	383025	325.915079872	0.2
6072.58898051	200	7.75104094683	0.0	383025	325.915079872	0.2
6072.91489559	200	7.92512586696	0.0	383025	325.915079872	0.2
6073.24081067	200	8.09921078709	0.0	383025	325.915079872	0.2
6073.56672575	200	8.27329570721	0.0	383025	325.915079872	0.2
6073.89264083	200	8.44738062734	0.0	383025	325.915079872	0.2
6074.21855591	200	8.62146554747	0.0	383025	325.915079872	0.2
6074.54165706	200	8.79836440035	0.0	383025	323.101147124	0.2
6074.86466784	200	8.9753536202	0.0	383025	323.010780145	0.2
6075.18767862	200	9.15234284006	0.0	383025	323.010780145	0.2
6075.5106894	200	9.32933205991	0.0	383025	323.010780145	0.2
6075.83370018	200	9.50632127977	0.0	383025	323.010780145	0.2
6076.15671096	200	9.68331049962	0.0	383025	323.010780145	0.2
6076.47972174	200	9.86029971948	0.0	383025	323.010780145	0.2
6077.30273252	200	9.53728893933	0.0	383025	323.010780145	0.2
6077.6257433	200	9.71427815918	0.0	383025	323.010780145	0.2
6077.94875408	200	9.89126737904	0.0	383025	323.010780145	0.2
6078.77402265	200	9.56599881009	0.0	383025	325.268568946	0.2
6079.09993718	200	9.74008428076	0.0	383025	325.914529336	0.2
6079.42585171	200	9.91416975142	0.0	383025	325.914529336	0.2
6080.25176624	200	9.58825522208	0.0	383025	325.914529336	0.2
6080.57768077	200	9.76234069275	0.0	383025	325.914529336	0.2
6080.9035953	200	9.93642616341	0.0	383025	325.914529336	0.2
6081.72950983	200	9.61051163408	0.0	383025	325.914529336	0.2
6082.05542435	200	9.78459710474	0.0	383025	325.914529336	0.2
6082.38133888	200	9.9586825754	0.0	383025	325.914529336	0.2
6083.09612115	200	9.63276804607	0.0	383025	325.914529336	0.2
6083.42039092	200	9.80849826816	0.0	383025	324.269777904	0.2
6083.7446607	200	9.98422849026	0.0	383025	324.269777904	0.2
6084.56893048	200	9.65995871235	0.0	383025	324.269777904	0.2
6084.89320026	200	9.83568893445	0.0	383025	324.269777904	0.2
6085.71747003	200	9.51141915655	0.0	383025	324.269777904	0.2
6086.04173981	200	9.68714937864	0.0	383025	324.269777904	0.2
6086.36600959	200	9.86287960074	0.0	383025	324.269777904	0.2
6087.10330531	200	9.53860982284	0.0	383025	324.269777904	0.2
6087.43143125	200	9.71048388813	0.0	383025	328.125934709	0.2
6087.75955718	200	9.88235795342	0.0	383025	328.125934709	0.2
6088.58768312	200	9.55423201871	0.0	383025	328.125934709	0.2
6088.91580905	200	9.726106084	0.0	383025	328.125934709	0.2
6089.24393499	200	9.89798014929	0.0	383025	328.125934709	0.2
6090.07206092	200	9.56985421458	0.0	383025	328.125934709	0.2
6090.40018686	200	9.74172827987	0.0	383025	328.125934709	0.2
6090.72831279	200	9.91360234516	0.0	383025	328.125934709	0.2
6091.1025983	200	9.58547641045	0.0	383025	328.125934709	0.2
6091.43221383	200	9.75586088822	0.0	383025	329.615522231	0.2
6091.76182935	200	9.92624536599	0.0	383025	329.615522231	0.2
6092.59144487	200	9.59662984376	0.0	383025	329.615522231	0.2
6092.92106039	200	9.76701432153	0.0	383025	329.615522231	0.2
6093.25067592	200	9.9373987993	0.0	383025	329.615522231	0.2
6094.08029144	200	9.60778327707	0.0	383025	329.615522231	0.2
6094.40990696	200	9.77816775483	0.0	383025	329.615522231	0.2
6094.73952248	200	9.9485522326	0.0	383025	329.615522231	0.2
6095.569138	200	9.61893671037	0.0	383025	329.615522231	0.2
6095.89875353	200	9.78932118814	0.0	383025	329.615522231	0.2
6096.22836905	200	9.95970566591	0.0	383025	329.615522231	0.2
6097.05798457	200	9.63009014368	0.0	383025	329.615522231	0.2
6097.38760009	200	9.80047462145	0.0	383025	329.615522231	0.2
6097.71721562	200	9.97085909922	0.0	383025	329.615522231	0.2
6098.11722333	200	9.64124357698	0.0	383025	329.615522231	0.2
6098.43985628	200	9.81861062797	0.0	383025	322.632949017	0.2
6098.76248923	200	9.99597767895	0.0	383025	322.632949017	0.2
6099.58512218	200	9.67334472993	0.0	383025	322.632949017	0.2
6099.90775513	200	9.85071178092	0.0	383025	322.632949017	0.2
6100.73038807	200	9.5280788319	0.0	383025	322.632949017	0.2
6101.05302102	200	9.70544588288	0.0	383025	322.632949017	0.2
6101.37565397	200	9.88281293386	0.0	383025	322.632949017	0.2
6102.19707085	200	9.56139605666	0.0	383025	321.416877208	0.2

