6439.414503465123	400	0.5	0.15201652175667701	181435	152.016521757	-2.6403304351335404
6439.568863511922	400	0.8456399532005281	0.0	184429	154.360046799	0.4
6439.802401673519	600	1.112101791603489	0.0	285584	233.538161597	0.39999999999999997
6440.118785871875	800	1.2957175932481149	0.0	391425	316.384198355	0.6000000000000001
6440.43517007023	800	1.4793333948927407	0.0	391425	316.384198355	0.8
6440.828850675232	1000	1.5856527898903932	0.0	490176	393.680605002	0.8
6441.240701035352	1000	1.6738024297716807	0.0	513389	411.850360119	1.0
6441.639922998161	1000	1.774580466961812	0.0	497055	399.22196281	1.0
6442.0571321893085	1000	1.8573712758141903	0.0	520019	417.209191148	1.0
6442.498809060266	1000	1.9156944048575644	0.0	551265	441.676870957	1.0
6442.942453639622	1000	1.9720498255012446	0.0	558332	443.644579356	1.0
6443.368153881318	1000	2.0463495838050525	0.0	536970	425.700241696	1.0
6443.67467619183	200	2.2398272732929496	0.0	383025	306.522310512	-0.6000000000000001
6443.9811985023425	200	2.4333049627808463	0.0	383025	306.522310512	0.2
6444.287720812855	200	2.6267826522687434	0.0	383025	306.522310512	0.2
6444.593214273426	200	2.821289191696836	0.0	383025	305.493460572	0.2
6444.897850554338	200	3.0166529107846176	0.0	383025	304.636280912	0.2
6445.202486835251	200	3.2120166298723993	0.0	383025	304.636280912	0.2
6445.507123116163	200	3.407380348960181	0.0	383025	304.636280912	0.2
6445.814190600877	200	3.600312864246464	0.0	383025	307.067484714	0.2
6446.123625631038	200	3.7908778340860056	0.0	383025	309.43503016	0.2
6446.4330606611975	200	3.981442803925548	0.0	383025	309.43503016	0.2
6446.742495691358	200	4.17200777376509	0.0	383025	309.43503016	0.2
6447.051930721518	200	4.362572743604632	0.0	383025	309.43503016	0.2
6447.361365751679	200	4.5531377134441735	0.0	383025	309.43503016	0.2
6447.6734652214445	200	4.741038243679356	0.0	383025	312.099469765	0.2
6447.994579121721	200	4.919924343402614	0.0	383025	321.113900277	0.2
6448.3156930219975	200	5.098810443125871	0.0	383025	321.113900277	0.2
6448.636806922274	200	5.27769654284913	0.0	383025	321.113900277	0.2
6448.957920822551	200	5.456582642572387	0.0	383025	321.113900277	0.2
6449.279034722828	200	5.635468742295645	0.0	383025	321.113900277	0.2
6449.601120011723	200	5.813383453401461	0.0	383025	322.085288894	0.2
6449.925681401627	200	5.9888220634973806	0.0	383025	324.561389904	0.2
6450.2502427915315	200	6.1642606735933	0.0	383025	324.561389904	0.2
6450.574804181436	200	6.339699283689218	0.0	383025	324.561389904	0.2
6450.89936557134	200	6.515137893785138	0.0	383025	324.561389904	0.2
6451.223926961245	200	6.690576503881057	0.0	383025	324.561389904	0.2
6451.54848835115	200	6.866015113976976	0.0	383025	324.561389904	0.2
6451.873049741054	200	7.041453724072895	0.0	383025	324.561389904	0.2
6452.197261242547	200	7.21724222257938	0.0	383025	324.211501494	0.2
6452.521194155767	200	7.3933093093589415	0.0	383025	323.93291322	0.2
6452.845127068988	200	7.5693763961385025	0.0	383025	323.93291322	0.2
6453.169059982209	200	7.7454434829180645	0.0	383025	323.93291322	0.2
6453.492992895429	200	7.9215105696976265	0.0	383025	323.93291322	0.2
6453.816925808649	200	8.097577656477188	0.0	383025	323.93291322	0.2
6454.14085872187	200	8.27364474325675	0.0	383025	323.93291322	0.2
6454.4647916350905	200	8.44971183003631	0.0	383025	323.93291322	0.2
6454.788724548311	200	8.625778916815872	0.0	383025	323.93291322	0.2
6455.112657461532	200	8.801846003595434	0.0	383025	323.93291322	0.2
6455.430705096559	200	8.983798368568362	0.0	383025	318.047635027	0.2
6455.748562500295	200	9.165940964832721	0.0	383025	317.857403736	0.2
6456.06641990403	200	9.348083561097082	0.0	383025	317.857403736	0.2
6456.384277307766	200	9.530226157361444	0.0	383025	317.857403736	0.2
6456.7021347115015	200	9.712368753625803	0.0	383025	317.857403736	0.2
6457.019992115237	200	9.894511349890164	0.0	383025	317.857403736	0.2
6457.793211913374	200	9.576653946154526	0.0	383025	317.857403736	0.2
6458.086725857967	200	9.783140001561094	0.0	383025	293.513944593	0.2
6458.380941641288	200	9.988924218240374	0.0	383025	294.21578332071954	0.2
6459.190515017616	200	9.67935084191179	0.0	383025	309.573376329	0.2
6459.500088393946	200	9.869777465583205	0.0	383025	309.573376329	0.2
6460.309934712925	200	9.559931146603839	0.0	383025	309.8463189793658	0.2
6460.620179337987	200	9.749686521541681	0.0	383025	310.244625062	0.2
6460.930423963048	200	9.939441896479524	0.0	383025	310.244625062	0.2
6461.60348761915	200	9.629197271417366	0.0	383025	310.244625062	0.2
6461.910767052988	200	9.821917837578194	0.0	383025	307.279433839	0.2
6462.305424499945	200	9.514638403739022	0.0	383025	307.279433839	0.2
6462.629558283964	200	9.690504619719256	0.0	383025	324.13378402	0.2
6462.953692067984	200	9.866370835699492	0.0	383025	324.13378402	0.2
6463.777825852003	200	9.542237051679727	0.0	383025	324.13378402	0.2
6464.101959636022	200	9.718103267659963	0.0	383025	324.13378402	0.2
6464.426093420042	200	9.893969483640198	0.0	383025	324.13378402	0.2
6465.250227204061	200	9.569835699620432	0.0	383025	324.13378402	0.2
6465.573404026441	200	9.74665887724125	0.0	383025	323.1768223791825	0.2
6465.896523300574	200	9.92353960310771	0.0	383025	323.119274134	0.2
6466.719642574708	200	9.600420328974167	0.0	383025	323.119274134	0.2
6467.042761848842	200	9.777301054840626	0.0	383025	323.119274134	0.2
6467.365881122975	200	9.954181780707083	0.0	383025	323.119274134	0.2
6468.187392276212	200	9.632670627470175	0.0	383025	321.51115323691073	0.2
6468.498216437593	200	9.821846466089239	0.0	383025	310.824161381	0.2
6468.850034625321	200	9.511022304708304	0.0	383025	310.824161381	0.2
6469.159887621506	200	9.70116930852342	0.0	383025	309.852996185	0.2
6469.469740617691	200	9.891316312338537	0.0	383025	309.852996185	0.2
6469.830146762278	200	9.581463316153654	0.0	383025	309.852996185	0.2
6470.136623067496	200	9.774987010936112	0.0	383025	306.476305218	0.2
6470.443099372713	200	9.968510705718572	0.0	383025	306.476305218	0.2
6470.8295576084865	200	9.662034400501032	0.0	383025	306.476305218	0.2
6471.146888777414	200	9.844703231573849	0.0	383025	317.331168927	0.2
6471.964219946341	200	9.527372062646666	0.0	383025	317.331168927	0.2
6472.281424564525	200	9.710167444462337	0.0	383025	317.20461818432887	0.2
6472.595508000796	200	9.89608400819102	0.0	383025	314.083436271	0.2
6473.409591437067	200	9.582000571919702	0.0	383025	314.083436271	0.2
6473.7236748733385	200	9.767917135648384	0.0	383025	314.083436271	0.2
6474.03775830961	200	9.953833699377066	0.0	383025	314.083436271	0.2
6474.856896415368	200	9.634695593617337	0.0	383025	319.138105759728	0.2
6475.186009654405	200	9.80558235458038	0.0	383025	329.113239037	0.2
6475.515122893443	200	9.976469115543422	0.0	383025	329.113239037	0.2
6476.34423613248	200	9.647355876506463	0.0	383025	329.113239037	0.2
6476.673349371516	200	9.818242637469504	0.0	383025	329.113239037	0.2
6477.003224460116	200	9.988367548869501	0.0	383025	329.87508860000344	0.2
6477.834700644871	200	9.656891364115086	0.0	383025	331.476184754	0.2
6478.166176829626	200	9.825415179360672	0.0	383025	331.476184754	0.2
6478.49765301438	200	9.993938994606259	0.0	383025	331.476184754	0.2
6479.329129199135	200	9.662462809851844	0.0	383025	331.476184754	0.2
6479.66060538389	200	9.830986625097431	0.0	383025	331.476184754	0.2
6479.992081568645	200	9.999510440343016	0.0	383025	331.476184754	0.2
6480.823557753399	200	9.668034255588601	0.0	383025	331.476184754	0.2
6481.154589221217	200	9.83700278777125	0.0	383025	331.0314678173534	0.2
6481.982033474114	200	9.509558534872818	0.0	383025	327.444252898	0.2
6482.309477727013	200	9.682114281974387	0.0	383025	327.444252898	0.2
6482.636921979911	200	9.854670029075956	0.0	383025	327.444252898	0.2
6483.464366232809	200	9.527225776177525	0.0	383025	327.444252898	0.2
6483.791810485706	200	9.699781523279094	0.0	383025	327.444252898	0.2
6484.1192547386045	200	9.872337270380664	0.0	383025	327.444252898	0.2
6484.633822285977	200	9.544893017482233	0.0	383025	327.444252898	0.2
6484.965743088445	200	9.712972215014132	0.0	383025	331.920802468	0.2
6485.297663890914	200	9.88105141254603	0.0	383025	331.920802468	0.2
6486.129584693383	200	9.54913061007793	0.0	383025	331.920802468	0.2
6486.461505495851	200	9.717209807609828	0.0	383025	331.920802468	0.2
6486.793426298319	200	9.885289005141727	0.0	383025	331.920802468	0.2
6487.625347100788	200	9.553368202673626	0.0	383025	331.920802468	0.2

