1294.89419487	400	0.5	0.16676496908	181435	166.76496908	-2.9352993816
1295.31161099	1000	0.582583886046	0.0	471531	417.416113954	0.4
1295.73845452	1000	0.655740359643	0.0	482442	426.843526403	1.0
1296.17366011	1000	0.720534767648	0.0	492120	435.205591995	1.0
1296.6088657	1000	0.785329175653	0.0	492120	435.205591995	1.0
1297.04239162	1000	0.851803254613	0.0	490176	433.525921039	1.0
1297.49597423	1000	0.898220645354	0.0	513389	453.58260926	1.0
1297.9342784	1000	0.95991647829	0.0	497055	438.304167064	1.0
1298.38687752	1000	1.0073173563	0.0	520019	452.599121991	1.0
1298.86607077	1000	1.0281241057	0.0	551265	479.193250601	1.0
1299.35127889	1000	1.04291598257	0.0	558332	485.208123125	1.0
1299.81666633	1000	1.07752854429	0.0	536970	465.387438287	1.0
1300.27996371	1000	1.11423116148	0.0	536970	463.297382803	1.0
1300.7432611	1000	1.15093377868	0.0	536970	463.297382803	1.0
1301.20655848	1000	1.18763639588	0.0	536970	463.297382803	1.0
1301.67009518	1000	1.22409969645	0.0	536970	463.536699431	1.0
1302.14941528	1000	1.24477959425	0.0	553424	479.320102199	1.0
1302.602901	1000	1.29129387508	0.0	522960	453.485719171	1.0
1303.05638672	1000	1.33780815591	0.0	522960	453.485719171	1.0
1303.51270102	1000	1.38149385183	0.0	532300	456.314304078	1.0
1303.93893817	1000	1.45525670954	0.0	503004	426.237142288	1.0
1304.34761405	1000	1.54658082846	0.0	481782	408.675881078	1.0
1304.75628993	1000	1.63790494738	0.0	481782	408.675881078	1.0
1305.18970003	1000	1.70449484666	0.0	510552	433.41010072	1.0
1305.65206649	1000	1.74212838353	0.0	536970	462.366463131	1.0
1306.11443295	1000	1.7797619204	0.0	536970	462.366463131	1.0
1306.57764046	1000	1.81655441426	0.0	536970	463.207506143	1.0
1307.04319417	1000	1.85100070701	0.0	536970	465.553707247	1.0
1307.50874787	1000	1.88544699977	0.0	536970	465.553707247	1.0
1308.00570855	1000	1.88848632706	0.0	573990	496.960672705	1.0
1308.50379592	1000	1.89039895684	0.0	586715	498.087370223	1.0
1308.97236096	1000	1.9218339174	0.0	551265	468.565039441	1.0
1309.440926	1000	1.95326887795	0.0	551265	468.565039441	1.0
1309.91419761	1000	1.97999726554	0.0	551265	473.271612412	1.0
1310.39041443	1000	2.00378044729	0.0	551265	476.216818252	1.0
1310.72434701	200	2.16984786167	0.0	383025	333.932585619	-0.6
1311.0582796	200	2.33591527605	0.0	383025	333.932585619	0.2
1311.39221218	200	2.50198269043	0.0	383025	333.932585619	0.2
1311.72657512	200	2.6676197521	0.0	383025	334.362938337	0.2
1312.06120924	200	2.832985632	0.0	383025	334.634120099	0.2
1312.39584336	200	2.9983515119	0.0	383025	334.634120099	0.2
1312.73047748	200	3.1637173918	0.0	383025	334.634120099	0.2
1313.0651116	200	3.3290832717	0.0	383025	334.634120099	0.2
1313.39974572	200	3.4944491516	0.0	383025	334.634120099	0.2
1313.727233	200	3.66696187824	0.0	383025	327.487273359	0.2
1314.05348975	200	3.84070512079	0.0	383025	326.256757448	0.2
1314.37974651	200	4.01444836335	0.0	383025	326.256757448	0.2
1314.70552263	200	4.18867224317	0.0	383025	325.776120174	0.2
1315.02645958	200	4.36773529833	0.0	383025	320.936944842	0.2
1315.34739652	200	4.54679835349	0.0	383025	320.936944842	0.2
1315.66833347	200	4.72586140865	0.0	383025	320.936944842	0.2
1315.98927041	200	4.9049244638	0.0	383025	320.936944842	0.2
1316.31432878	200	5.07986609296	0.0	383025	325.058370841	0.2
1316.63979757	200	5.2543973033	0.0	383025	325.46878966	0.2
1316.96526636	200	5.42892851364	0.0	383025	325.46878966	0.2
1317.29073515	200	5.60345972398	0.0	383025	325.46878966	0.2
1317.62535538	200	5.76883949594	0.0	383025	334.620228047	0.2
1317.9640204	200	5.93017447878	0.0	383025	338.665017156	0.2
1318.30268541	200	6.09150946162	0.0	383025	338.665017156	0.2
1318.64135043	200	6.25284444447	0.0	383025	338.665017156	0.2
1318.98001545	200	6.41417942731	0.0	383025	338.665017156	0.2
1319.31868046	200	6.57551441016	0.0	383025	338.665017156	0.2
1319.65592047	200	6.73827440776	0.0	383025	337.240002399	0.2
1319.97106862	200	6.92312625122	0.0	383025	315.148156539	0.2
1320.28621678	200	7.10797809468	0.0	383025	315.148156539	0.2
1320.60130108	200	7.29289379569	0.0	383025	315.084298991	0.2
1320.91149725	200	7.48269762099	0.0	383025	310.196174702	0.2
1321.22169343	200	7.67250144628	0.0	383025	310.196174702	0.2
1321.5318896	200	7.86230527158	0.0	383025	310.196174702	0.2
1321.83975912	200	8.05443575038	0.0	383025	307.869521198	0.2
1322.14670147	200	8.24749340065	0.0	383025	306.942349732	0.2
1322.45364382	200	8.44055105092	0.0	383025	306.942349732	0.2
1322.76036101	200	8.63383386848	0.0	383025	306.717182435	0.2
1323.06705858	200	8.82713629329	0.0	383025	306.697575194	0.2
1323.37375616	200	9.0204387181	0.0	383025	306.697575194	0.2
1323.69458013	200	9.19961474753	0.0	383025	320.823970566	0.2
1324.01662899	200	9.37756588054	0.0	383025	322.048866995	0.2
1324.33867786	200	9.55551701354	0.0	383025	322.048866995	0.2
1324.65174947	200	9.74244540703	0.0	383025	313.071606512	0.2
1324.96424711	200	9.92994776199	0.0	383025	312.497645039	0.2
1325.56605956	200	9.61745011695	0.0	383025	312.497645039	0.2
1325.89485865	200	9.78865103191	0.0	383025	328.799085044	0.2
1326.22365773	200	9.95985194686	0.0	383025	328.799085044	0.2
1327.04074022	200	9.64276945513	0.0	383025	317.082491734	0.2
1327.35191018	200	9.83159949938	0.0	383025	311.169955751	0.2
1327.69437973	200	9.52294745728	0.0	383025	308.652042099	0.2
1328.00512968	200	9.71219751532	0.0	383025	310.749941955	0.2
1328.31587962	200	9.90144757337	0.0	383025	310.749941955	0.2
1328.99269696	200	9.59069763141	0.0	383025	310.749941955	0.2
1329.302864	200	9.78053059236	0.0	383025	310.167039053	0.2
1329.61328316	200	9.97011143637	0.0	383025	310.419155988	0.2
1330.42806426	200	9.65533033798	0.0	383025	314.781098395	0.2
1330.74428605	200	9.83910854278	0.0	383025	316.221795202	0.2
1331.22063207	200	9.51976377335	0.0	383025	319.344769427	0.2
1331.54115957	200	9.69923627027	0.0	383025	320.527503078	0.2
1331.86168707	200	9.87870876719	0.0	383025	320.527503078	0.2
1332.43079817	200	9.55818126412	0.0	383025	320.527503078	0.2
1332.73859826	200	9.7503811785	0.0	383025	307.800085618	0.2
1333.04639835	200	9.94258109288	0.0	383025	307.800085618	0.2
1333.87012552	200	9.61885391647	0.0	383025	323.727176411	0.2
1334.21133144	200	9.77764799793	0.0	383025	341.20591854	0.2
1334.55253736	200	9.93644207939	0.0	383025	341.20591854	0.2
1334.98527204	200	9.59523616085	0.0	383025	341.20591854	0.2
1335.30105189	200	9.77945630987	0.0	383025	315.779850979	0.2
1335.61683174	200	9.96367645889	0.0	383025	315.779850979	0.2
1336.43041673	200	9.65009146996	0.0	383025	313.584988938	0.2
1336.73864447	200	9.84186372993	0.0	383025	308.227740022	0.2
1337.54777495	200	9.53273324917	0.0	383025	309.130480763	0.2
1337.85989561	200	9.72061259245	0.0	383025	312.120656718	0.2
1338.1750467	200	9.90546149522	0.0	383025	315.151097233	0.2
1338.51665232	200	9.59031039798	0.0	383025	315.151097233	0.2
1338.81901193	200	9.78795078075	0.0	383025	302.359617234	0.2
1339.12137155	200	9.98559116352	0.0	383025	302.359617234	0.2
1339.92783401	200	9.67912870047	0.0	383025	306.462463049	0.2
1340.24177932	200	9.86518338936	0.0	383025	313.945311105	0.2
1341.05234138	200	9.55462133774	0.0	383025	310.56205162	0.2
1341.35994231	200	9.7470204006	0.0	383025	307.600937143	0.2
1341.66277427	200	9.94418844695	0.0	383025	302.831953653	0.2
1342.31101469	200	9.64135649329	0.0	383025	302.831953653	0.2
1342.61973801	200	9.8326331672	0.0	383025	308.723326092	0.2

