1535.12493517	400	0.5	0.143611927227	181435	143.611927227	-2.47223854454
1535.4821789	1000	0.64275627273	0.0	471531	357.24372727	0.4
1535.84745768	1000	0.777477493029	0.0	482442	365.278779701	1.0
1536.23194255	1000	0.892992618035	0.0	492120	384.484874994	1.0
1536.6359458	1000	0.988989369548	0.0	492120	404.003248488	1.0
1537.03839264	1000	1.08654253477	0.0	490176	402.446834778	1.0
1537.45239098	1000	1.17254418785	0.0	513389	413.998346923	1.0
1537.84858996	1000	1.27634520971	0.0	497055	396.198978133	1.0
1538.26263138	1000	1.36230379295	0.0	520019	414.041416764	1.0
1538.70095013	1000	1.42398503611	0.0	551265	438.318756838	1.0
1539.12731946	1000	1.4976157094	0.0	558332	426.369326711	1.0
1539.52973451	1000	1.59520065866	0.0	536970	402.415050742	1.0
1539.98037275	1000	1.64456242034	0.0	536970	450.638238316	1.0
1540.43998853	1000	1.68494664511	0.0	536970	459.615775231	1.0
1540.8996043	1000	1.72533086988	0.0	536970	459.615775231	1.0
1541.35922008	1000	1.76571509465	0.0	536970	459.615775231	1.0
1541.83261312	1000	1.79232205446	0.0	553424	473.393040191	1.0
1542.28049804	1000	1.84443713386	0.0	522960	447.8849206	1.0
1542.72966729	1000	1.89526788266	0.0	522960	449.169251204	1.0
1543.20081901	1000	1.92411616119	0.0	532300	471.151721466	1.0
1543.64659049	1000	1.978344678	0.0	503004	445.771483195	1.0
1544.07397655	1000	2.05095862	0.0	481782	427.386057996	1.0
1544.41580567	200	2.20912950462	0.0	383025	341.829115376	-0.6
1544.75763478	200	2.36730038925	0.0	383025	341.829115376	0.2
1545.0994639	200	2.52547127387	0.0	383025	341.829115376	0.2
1545.44129301	200	2.6836421585	0.0	383025	341.829115376	0.2
1545.78312213	200	2.84181304312	0.0	383025	341.829115376	0.2
1546.12495124	200	2.99998392774	0.0	383025	341.829115376	0.2
1546.46678036	200	3.15815481237	0.0	383025	341.829115376	0.2
1546.80619635	200	3.3187388168	0.0	383025	339.415995572	0.2
1547.13979468	200	3.48514048593	0.0	383025	333.598330868	0.2
1547.47339302	200	3.65154215506	0.0	383025	333.598330868	0.2
1547.80699135	200	3.81794382419	0.0	383025	333.598330868	0.2
1548.14058968	200	3.98434549332	0.0	383025	333.598330868	0.2
1548.47418801	200	4.15074716246	0.0	383025	333.598330868	0.2
1548.80778634	200	4.31714883159	0.0	383025	333.598330868	0.2
1549.14138502	200	4.48355015475	0.0	383025	333.598676843	0.2
1549.47680483	200	4.64813033751	0.0	383025	335.419817232	0.2
1549.81222465	200	4.81271052028	0.0	383025	335.419817232	0.2
1550.14764447	200	4.97729070305	0.0	383025	335.419817232	0.2
1550.48306428	200	5.14187088582	0.0	383025	335.419817232	0.2
1550.8184841	200	5.30645106859	0.0	383025	335.419817232	0.2
1551.15390392	200	5.47103125135	0.0	383025	335.419817232	0.2
1551.48932374	200	5.63561143412	0.0	383025	335.419817232	0.2
1551.82474355	200	5.80019161689	0.0	383025	335.419817232	0.2
1552.16016337	200	5.96477179966	0.0	383025	335.419817232	0.2
1552.49558319	200	6.12935198243	0.0	383025	335.419817232	0.2
1552.83039204	200	6.29454312726	0.0	383025	334.808855165	0.2
1553.16504623	200	6.45988894183	0.0	383025	334.654185432	0.2
1553.49970041	200	6.6252347564	0.0	383025	334.654185432	0.2
1553.8343546	200	6.79058057097	0.0	383025	334.654185432	0.2
1554.16900879	200	6.95592638553	0.0	383025	334.654185432	0.2
1554.50366297	200	7.1212722001	0.0	383025	334.654185432	0.2
1554.83831716	200	7.28661801467	0.0	383025	334.654185432	0.2
1555.17297134	200	7.45196382924	0.0	383025	334.654185432	0.2
1555.50762553	200	7.61730964381	0.0	383025	334.654185432	0.2
1555.84275792	200	7.78217724893	0.0	383025	335.132394875	0.2
1556.1824273	200	7.94250787102	0.0	383025	339.669377912	0.2
1556.52209668	200	8.10283849311	0.0	383025	339.669377912	0.2
1556.86176606	200	8.2631691152	0.0	383025	339.669377912	0.2
1557.20143543	200	8.42349973728	0.0	383025	339.669377912	0.2
1557.54110481	200	8.58383035937	0.0	383025	339.669377912	0.2
1557.88077419	200	8.74416098146	0.0	383025	339.669377912	0.2
1558.22044357	200	8.90449160355	0.0	383025	339.669377912	0.2
1558.56011295	200	9.06482222563	0.0	383025	339.669377912	0.2
1558.89978232	200	9.22515284772	0.0	383025	339.669377912	0.2
1559.2394517	200	9.38548346981	0.0	383025	339.669377912	0.2
1559.57912108	200	9.5458140919	0.0	383025	339.669377912	0.2
1559.91879046	200	9.70614471398	0.0	383025	339.669377912	0.2
1560.25845983	200	9.86647533607	0.0	383025	339.669377912	0.2
1561.0932784	200	9.5316567689	0.0	383025	334.818567174	0.2
1561.42755987	200	9.69737529878	0.0	383025	334.281470121	0.2
1561.76184134	200	9.86309382866	0.0	383025	334.281470121	0.2
1562.59612281	200	9.52881235853	0.0	383025	334.281470121	0.2
1562.93152781	200	9.69340736059	0.0	383025	335.404997949	0.2
1563.26863184	200	9.85630332976	0.0	383025	337.10403082	0.2
1564.10573587	200	9.51919929894	0.0	383025	337.10403082	0.2
1564.4428399	200	9.68209526812	0.0	383025	337.10403082	0.2
1564.77994393	200	9.8449912373	0.0	383025	337.10403082	0.2
1565.61704796	200	9.50788720648	0.0	383025	337.10403082	0.2
1565.95415199	200	9.67078317566	0.0	383025	337.10403082	0.2
1566.29125603	200	9.83367914484	0.0	383025	337.10403082	0.2
1566.62862203	200	9.99631314439	0.0	383025	337.366000448	0.2
1567.46803973	200	9.65689543571	0.0	383025	339.417708688	0.2
1567.80745744	200	9.81747772702	0.0	383025	339.417708688	0.2
1568.14687515	200	9.97806001833	0.0	383025	339.417708688	0.2
1568.98629286	200	9.63864230964	0.0	383025	339.417708688	0.2
1569.32571057	200	9.79922460095	0.0	383025	339.417708688	0.2
1569.66512828	200	9.95980689227	0.0	383025	339.417708688	0.2
1570.50454599	200	9.62038918358	0.0	383025	339.417708688	0.2
1570.8419858	200	9.78294936733	0.0	383025	337.439816244	0.2
1571.17783611	200	9.9470990651	0.0	383025	335.850302231	0.2
1572.01368641	200	9.61124876287	0.0	383025	335.850302231	0.2
1572.34953671	200	9.77539846064	0.0	383025	335.850302231	0.2
1572.68538701	200	9.93954815841	0.0	383025	335.850302231	0.2
1573.52123731	200	9.60369785618	0.0	383025	335.850302231	0.2
1573.85708762	200	9.76784755395	0.0	383025	335.850302231	0.2
1574.19043142	200	9.93450374735	0.0	383025	333.343806599	0.2
1575.01896422	200	9.60597095528	0.0	383025	328.532792071	0.2
1575.34749701	200	9.77743816321	0.0	383025	328.532792071	0.2
1575.6760298	200	9.94890537114	0.0	383025	328.532792071	0.2
1576.50456579	200	9.62036937937	0.0	383025	328.535991771	0.2
1576.83341322	200	9.79152195322	0.0	383025	328.847426146	0.2
1577.16226064	200	9.96267452707	0.0	383025	328.847426146	0.2
1577.99110807	200	9.63382710093	0.0	383025	328.847426146	0.2
1578.32003307	200	9.80490210356	0.0	383025	328.924997371	0.2
1578.64974432	200	9.97519084787	0.0	383025	329.711255685	0.2
1579.47945558	200	9.64547959218	0.0	383025	329.711255685	0.2
1579.80916683	200	9.8157683365	0.0	383025	329.711255685	0.2
1580.13887809	200	9.98605708081	0.0	383025	329.711255685	0.2
1580.96849572	200	9.65643945336	0.0	383025	329.617627452	0.2
1581.2964733	200	9.82846187318	0.0	383025	327.977580185	0.2
1582.12445088	200	9.50048429299	0.0	383025	327.977580185	0.2
1582.45242846	200	9.67250671281	0.0	383025	327.977580185	0.2
1582.77887596	200	9.84605920727	0.0	383025	326.447505538	0.2
1583.60428044	200	9.52065472698	0.0	383025	325.404480293	0.2
1583.92968492	200	9.69525024668	0.0	383025	325.404480293	0.2
1584.253061	200	9.87187416873	0.0	383025	323.376077958	0.2
1585.0756064	200	9.54932877515	0.0	383025	322.54539358	0.2
1585.39815179	200	9.72678338157	0.0	383025	322.54539358	0.2

