4296.357709095446	400	0.5	0.15254370393766944	181435	152.543703938	-2.650874078753389
4296.51260502387	400	0.845104071576485	0.0	184429	154.895928424	0.4
4296.746972985648	600	1.1107361097976916	0.0	285584	234.367961779	0.39999999999999997
4297.064494518506	800	1.2932145769412844	0.0	391425	317.521532856	0.6000000000000001
4297.382016051362	800	1.475693044084877	0.0	391425	317.521532856	0.8
4297.778104027329	1000	1.579605068118196	0.0	490176	396.087975967	0.8
4298.192959821715	1000	1.6647492737317677	0.0	513389	414.855794386	1.0
4298.594934711864	1000	1.7627743835826875	0.0	497055	401.974890149	1.0
4299.015018888465	1000	1.8426902069816382	0.0	520019	420.084176601	1.0
4299.46182739087	1000	1.8958817045767358	0.0	551265	446.808502405	1.0
4299.918471289762	1000	1.9392378056840678	0.0	558332	456.643898893	1.0
4300.358026418948	1000	1.9996826764985727	0.0	536970	439.555129185	1.0
4300.798720421201	1000	2.0589886742442642	0.0	536970	440.694002254	1.0
4301.116849489718	200	2.2408596057272496	0.0	383025	318.129068517	-0.6000000000000001
4301.434978558236	200	2.4227305372102355	0.0	383025	318.129068517	0.2
4301.753107626753	200	2.6046014686932213	0.0	383025	318.129068517	0.2
4302.07123669527	200	2.786472400176207	0.0	383025	318.129068517	0.2
4302.3962751492845	200	2.9614339461616135	0.0	383025	325.038454015	0.2
4302.721640723918	200	3.13606837152811	0.0	383025	325.365574634	0.2
4303.047006298552	200	3.310702796894606	0.0	383025	325.365574634	0.2
4303.372371873186	200	3.485337222261102	0.0	383025	325.365574634	0.2
4303.697737447819	200	3.659971647627598	0.0	383025	325.365574634	0.2
4304.023103022453	200	3.8346060729940943	0.0	383025	325.365574634	0.2
4304.348468597087	200	4.00924049836059	0.0	383025	325.365574634	0.2
4304.672680123064	200	4.1850289723826215	0.0	383025	324.211525978	0.2
4304.988633767873	200	4.3690753275738095	0.0	383025	315.953644809	0.2
4305.304587412681	200	4.5531216827649965	0.0	383025	315.953644809	0.2
4305.620541057489	200	4.737168037956184	0.0	383025	315.953644809	0.2
4305.936494702298	200	4.9212143931473715	0.0	383025	315.953644809	0.2
4306.252448347107	200	5.105260748338559	0.0	383025	315.953644809	0.2
4306.568807393437	200	5.288901702007606	0.0	383025	316.359046331	0.2
4306.885477019482	200	5.4722320759629905	0.0	383025	316.669626045	0.2
4307.202146645527	200	5.655562449918374	0.0	383025	316.669626045	0.2
4307.518816271572	200	5.838892823873758	0.0	383025	316.669626045	0.2
4307.835485897617	200	6.022223197829142	0.0	383025	316.669626045	0.2
4308.152155806441	200	6.205553289004368	0.0	383025	316.669908825	0.2
4308.4688378384235	200	6.388871257022788	0.0	383025	316.682031982	0.2
4308.785519870405	200	6.572189225041209	0.0	383025	316.682031982	0.2
4309.102201902387	200	6.755507193059628	0.0	383025	316.682031982	0.2
4309.418883934369	200	6.938825161078049	0.0	383025	316.682031982	0.2
4309.731545980015	200	7.126163115431303	0.0	383025	312.662045647	0.2
4310.039447009875	200	7.31826208557038	0.0	383025	307.901029861	0.2
4310.347348039736	200	7.510361055709457	0.0	383025	307.901029861	0.2
4310.655249069597	200	7.702460025848534	0.0	383025	307.901029861	0.2
4310.963150099457	200	7.8945589959876115	0.0	383025	307.901029861	0.2
4311.282775313735	200	8.074933781709541	0.0	383025	319.625214278	0.2
4311.603336097862	200	8.25437299758252	0.0	383025	320.560784127	0.2
4311.923896881988	200	8.433812213455498	0.0	383025	320.560784127	0.2
4312.244457666115	200	8.613251429328477	0.0	383025	320.560784127	0.2
4312.565018450242	200	8.792690645201455	0.0	383025	320.560784127	0.2
4312.88558923642	200	8.972119859023328	0.0	383025	320.570786178	0.2
4313.213657260401	200	9.144051835041676	0.0	383025	328.068023982	0.2
4313.541725284383	200	9.315983811060022	0.0	383025	328.068023982	0.2
4313.869793308364	200	9.487915787078368	0.0	383025	328.068023982	0.2
4314.197861332345	200	9.659847763096714	0.0	383025	328.068023982	0.2
4314.525929356328	200	9.83177973911506	0.0	383025	328.068023982	0.2
4315.353997380309	200	9.503711715133406	0.0	383025	328.068023982	0.2
4315.68206540429	200	9.675643691151752	0.0	383025	328.068023982	0.2
4316.01261351252	200	9.845095582921992	0.0	383025	330.54810822975975	0.2
4316.8439016937045	200	9.51380740173694	0.0	383025	331.288181185	0.2
4317.175189874889	200	9.682519220551887	0.0	383025	331.288181185	0.2
4317.506478056074	200	9.851231039366834	0.0	383025	331.288181185	0.2
4318.337766237259	200	9.51994285818178	0.0	383025	331.288181185	0.2
4318.667822042183	200	9.689887053257287	0.0	383025	330.05580492449405	0.2
4318.993751539627	200	9.863957555813016	0.0	383025	325.929497444	0.2
4319.819681037071	200	9.538028058368745	0.0	383025	325.929497444	0.2
4320.145610534515	200	9.712098560924474	0.0	383025	325.929497444	0.2
4320.471540031959	200	9.886169063480203	0.0	383025	325.929497444	0.2
4320.999773619606	200	9.560239566035932	0.0	383025	325.929497444	0.2
4321.315578941323	200	9.744434244317866	0.0	383025	315.805321718	0.2
4321.631384263041	200	9.928628922599797	0.0	383025	315.805321718	0.2
4322.116909592414	200	9.612823600881729	0.0	383025	315.805321718	0.2
4322.432032373742	200	9.797700819554105	0.0	383025	315.122781328	0.2
4322.74715515507	200	9.982578038226482	0.0	383025	315.122781328	0.2
4323.107366326237	200	9.667455256898858	0.0	383025	315.122781328	0.2
4323.420867345366	200	9.853954237770395	0.0	383025	313.501019128	0.2
4323.796458878391	200	9.54045321864193	0.0	383025	313.501019128	0.2
4324.118823793529	200	9.718088303502578	0.0	383025	322.364915139	0.2
4324.441188708669	200	9.895723388363225	0.0	383025	322.364915139	0.2
4325.263553623808	200	9.573358473223873	0.0	383025	322.364915139	0.2
4325.585918538946	200	9.75099355808452	0.0	383025	322.364915139	0.2
4325.908283454086	200	9.928628642945167	0.0	383025	322.364915139	0.2
4326.731669712075	200	9.60524238495569	0.0	383025	323.38625798947714	0.2
4327.0554445252155	200	9.781467571814954	0.0	383025	323.774813141	0.2
4327.379219338357	200	9.957692758674218	0.0	383025	323.774813141	0.2
4328.206683612395	200	9.630228484635524	0.0	383025	327.46427403869507	0.2
4328.534934624418	200	9.801977472611815	0.0	383025	328.251012024	0.2
4328.863185636442	200	9.973726460588109	0.0	383025	328.251012024	0.2
4329.691436648465	200	9.645475448564401	0.0	383025	328.251012024	0.2
4330.026157156911	200	9.810754940119242	0.0	383025	334.72050844515803	0.2
4330.360937814437	200	9.975974282592373	0.0	383025	334.780657527	0.2
4331.195718471965	200	9.641193625065503	0.0	383025	334.780657527	0.2
4331.530499129492	200	9.806412967538634	0.0	383025	334.780657527	0.2
4331.865279787019	200	9.971632310011763	0.0	383025	334.780657527	0.2
4332.700060444546	200	9.636851652484895	0.0	383025	334.780657527	0.2
4333.034841102073	200	9.802070994958026	0.0	383025	334.780657527	0.2
4333.3696217596	200	9.967290337431155	0.0	383025	334.780657527	0.2
4333.94443648886	200	9.632509679904286	0.0	383025	334.780657527	0.2
4334.269980259577	200	9.806965909187422	0.0	383025	325.543770717	0.2
4334.595524030294	200	9.981422138470558	0.0	383025	325.543770717	0.2
4335.4210678010095	200	9.655878367753694	0.0	383025	325.543770717	0.2
4335.746611571726	200	9.83033459703683	0.0	383025	325.543770717	0.2
4336.299908115161	200	9.504790826319965	0.0	383025	325.543770717	0.2
4336.613847059504	200	9.690851881976558	0.0	383025	313.938944343	0.2
4336.927786003847	200	9.876912937633149	0.0	383025	313.938944343	0.2
4337.421294754239	200	9.562973993289742	0.0	383025	313.938944343	0.2
4337.743466071248	200	9.740802676280701	0.0	383025	322.171317009	0.2
4338.0656373882575	200	9.918631359271659	0.0	383025	322.171317009	0.2
4338.887808705266	200	9.596460042262619	0.0	383025	322.171317009	0.2
4339.209980022276	200	9.774288725253578	0.0	383025	322.171317009	0.2
4339.526950543535	200	9.957318203994573	0.0	383025	316.9705212590046	0.2
4339.894939685638	200	9.640936425814655	0.0	383025	316.38177818	0.2
4340.205698665316	200	9.830177446136853	0.0	383025	310.758979678	0.2
4341.016457644994	200	9.519418466459053	0.0	383025	310.758979678	0.2
4341.3272166246725	200	9.70865948678125	0.0	383025	310.758979678	0.2
4341.639383774464	200	9.896492336989876	0.0	383025	312.16714979137396	0.2
4342.451873926914	200	9.584002184539248	0.0	383025	312.490152451	0.2
4342.764364079365	200	9.771512032088618	0.0	383025	312.490152451	0.2
4343.075797856267	200	9.960078255186133	0.0	383025	311.43377690248656	0.2
4343.885473188766	200	9.650402922686192	0.0	383025	309.6753325	0.2

