5171.66655847	400	0.5	0.155097053192	181435	155.097053192	-2.70194106385
5172.05365087	1000	0.61290760554	0.0	471531	387.09239446	0.4
5172.449469	1000	0.71708947488	0.0	482442	395.81813066	1.0
5172.85302681	1000	0.813531661796	0.0	492120	403.557813085	1.0
5173.25658463	1000	0.909973848711	0.0	492120	403.557813085	1.0
5173.65858778	1000	1.00797068975	0.0	490176	402.003158958	1.0
5174.07915483	1000	1.08740364899	0.0	513389	420.567040766	1.0
5174.48665925	1000	1.17989922165	0.0	497055	407.504427341	1.0
5174.91252843	1000	1.25403004258	0.0	520019	425.869179067	1.0
5175.36338564	1000	1.30317283736	0.0	551265	450.857205214	1.0
5175.81989446	1000	1.34666401656	0.0	558332	456.508820806	1.0
5176.25931968	1000	1.40723879732	0.0	536970	439.425219239	1.0
5176.6987449	1000	1.46781357808	0.0	536970	439.425219239	1.0
5177.13903577	1000	1.52752270799	0.0	536970	440.290870086	1.0
5177.58035075	1000	1.58620772641	0.0	536970	441.314981583	1.0
5178.02166573	1000	1.64489274483	0.0	536970	441.314981583	1.0
5178.4761972	1000	1.69036127684	0.0	553424	454.531467992	1.0
5178.90625881	1000	1.76029966675	0.0	522960	430.061610087	1.0
5179.33265074	1000	1.83390773826	0.0	522960	426.391928491	1.0
5179.76579305	1000	1.90076542304	0.0	532300	433.142315215	1.0
5180.17564704	1000	1.99091143634	0.0	503004	409.853986703	1.0
5180.56863098	1000	2.097927497	0.0	481782	392.983939336	1.0
5180.88310981	200	2.28344865935	0.0	383025	314.478837657	-0.6
5181.19758865	200	2.46896982169	0.0	383025	314.478837657	0.2
5181.51206749	200	2.65449098403	0.0	383025	314.478837657	0.2
5181.83663894	200	2.82991953111	0.0	383025	324.571452922	0.2
5182.16189698	200	3.00466149229	0.0	383025	325.25803882	0.2
5182.48715502	200	3.17940345347	0.0	383025	325.25803882	0.2
5182.81241306	200	3.35414541465	0.0	383025	325.25803882	0.2
5183.1376711	200	3.52888737583	0.0	383025	325.25803882	0.2
5183.46292914	200	3.70362933701	0.0	383025	325.25803882	0.2
5183.78818718	200	3.87837129819	0.0	383025	325.25803882	0.2
5184.11344521	200	4.05311325937	0.0	383025	325.25803882	0.2
5184.43870325	200	4.22785522055	0.0	383025	325.25803882	0.2
5184.76396129	200	4.40259718173	0.0	383025	325.25803882	0.2
5185.08921933	200	4.57733914291	0.0	383025	325.25803882	0.2
5185.41447737	200	4.75208110409	0.0	383025	325.25803882	0.2
5185.73973541	200	4.92682306527	0.0	383025	325.25803882	0.2
5186.05680546	200	5.10975301306	0.0	383025	317.070052211	0.2
5186.36799877	200	5.29855970678	0.0	383025	311.193306278	0.2
5186.67919207	200	5.4873664005	0.0	383025	311.193306278	0.2
5186.99038538	200	5.67617309422	0.0	383025	311.193306278	0.2
5187.30157869	200	5.86497978794	0.0	383025	311.193306278	0.2
5187.61277199	200	6.05378648166	0.0	383025	311.193306278	0.2
5187.9239653	200	6.24259317539	0.0	383025	311.193306278	0.2
5188.23515861	200	6.43139986911	0.0	383025	311.193306278	0.2
5188.54712744	200	6.61943103287	0.0	383025	311.968836241	0.2
5188.86035385	200	6.80620462072	0.0	383025	313.226412151	0.2
5189.17358027	200	6.99297820856	0.0	383025	313.226412151	0.2
5189.48680668	200	7.17975179641	0.0	383025	313.226412151	0.2
5189.80003309	200	7.36652538426	0.0	383025	313.226412151	0.2
5190.11346238	200	7.55309609063	0.0	383025	313.429293638	0.2
5190.42951104	200	7.73704743295	0.0	383025	316.048657676	0.2
5190.7455597	200	7.92099877527	0.0	383025	316.048657676	0.2
5191.06160836	200	8.1049501176	0.0	383025	316.048657676	0.2
5191.37765701	200	8.28890145992	0.0	383025	316.048657676	0.2
5191.69370567	200	8.47285280225	0.0	383025	316.048657676	0.2
5192.00975433	200	8.65680414457	0.0	383025	316.048657676	0.2
5192.32917843	200	8.83738004719	0.0	383025	319.424097381	0.2
5192.65238407	200	9.0141744078	0.0	383025	323.205639392	0.2
5192.97558971	200	9.19096876841	0.0	383025	323.205639392	0.2
5193.29879535	200	9.36776312901	0.0	383025	323.205639392	0.2
5193.62200098	200	9.54455748962	0.0	383025	323.205639392	0.2
5193.94520662	200	9.72135185023	0.0	383025	323.205639392	0.2
5194.26841226	200	9.89814621084	0.0	383025	323.205639392	0.2
5195.0916179	200	9.57494057145	0.0	383025	323.205639392	0.2
5195.41482354	200	9.75173493205	0.0	383025	323.205639392	0.2
5195.73802918	200	9.92852929266	0.0	383025	323.205639392	0.2
5196.24100815	200	9.60532365327	0.0	383025	323.205639392	0.2
5196.55664214	200	9.78968966776	0.0	383025	315.633985513	0.2
5196.87227613	200	9.97405568224	0.0	383025	315.633985513	0.2
5197.68791011	200	9.65842169673	0.0	383025	315.633985513	0.2
5198.0035441	200	9.84278771122	0.0	383025	315.633985513	0.2
5198.52712134	200	9.52715372571	0.0	383025	315.633985513	0.2
5198.84583169	200	9.70844337481	0.0	383025	318.710350896	0.2
5199.16454204	200	9.88973302391	0.0	383025	318.710350896	0.2
5199.98325239	200	9.57102267302	0.0	383025	318.710350896	0.2
5200.30196275	200	9.75231232212	0.0	383025	318.710350896	0.2
5200.6206731	200	9.93360197123	0.0	383025	318.710350896	0.2
5201.06958875	200	9.61489162033	0.0	383025	318.710350896	0.2
5201.38853656	200	9.79594380508	0.0	383025	318.94781525	0.2
5201.70748438	200	9.97699598983	0.0	383025	318.94781525	0.2
5202.52643219	200	9.65804817458	0.0	383025	318.94781525	0.2
5202.84538001	200	9.83910035933	0.0	383025	318.94781525	0.2
5203.40927213	200	9.52015254408	0.0	383025	318.94781525	0.2
5203.72455845	200	9.70486622729	0.0	383025	315.286316784	0.2
5204.03984477	200	9.88957991051	0.0	383025	315.286316784	0.2
5204.85513108	200	9.57429359373	0.0	383025	315.286316784	0.2
5205.1704174	200	9.75900727694	0.0	383025	315.286316784	0.2
5205.48570372	200	9.94372096016	0.0	383025	315.286316784	0.2
5206.3003794	200	9.62904527215	0.0	383025	314.675688003	0.2
5206.61351465	200	9.81591002713	0.0	383025	313.13524502	0.2
5207.42664989	200	9.50277478211	0.0	383025	313.13524502	0.2
5207.73978514	200	9.68963953709	0.0	383025	313.13524502	0.2
5208.05103859	200	9.87838608678	0.0	383025	311.253450319	0.2
5208.86187916	200	9.56754551304	0.0	383025	310.840573738	0.2
5209.17271974	200	9.7567049393	0.0	383025	310.840573738	0.2
5209.48356031	200	9.94586436556	0.0	383025	310.840573738	0.2
5210.26447396	200	9.63502379182	0.0	383025	310.840573738	0.2
5210.56899138	200	9.83050637209	0.0	383025	304.517419729	0.2
5211.15261675	200	9.52598895236	0.0	383025	304.517419729	0.2
5211.46354338	200	9.71506232658	0.0	383025	310.926625783	0.2
5211.77447	200	9.9041357008	0.0	383025	310.926625783	0.2
5212.58539663	200	9.59320907501	0.0	383025	310.926625783	0.2
5212.89604455	200	9.78256115857	0.0	383025	310.647916446	0.2
5213.20501223	200	9.97359347819	0.0	383025	308.96768038	0.2
5214.01397991	200	9.66462579781	0.0	383025	308.96768038	0.2
5214.32294759	200	9.85565811743	0.0	383025	308.96768038	0.2
5215.13354942	200	9.54505628852	0.0	383025	310.601828903	0.2
5215.44580912	200	9.73279658509	0.0	383025	312.259703433	0.2
5215.75806882	200	9.92053688166	0.0	383025	312.259703433	0.2
5216.13714827	200	9.60827717823	0.0	383025	312.259703433	0.2
5216.45676803	200	9.78865741844	0.0	383025	319.619759787	0.2
5216.77638779	200	9.96903765865	0.0	383025	319.619759787	0.2
5217.59600755	200	9.64941789886	0.0	383025	319.619759787	0.2
5217.91562731	200	9.82979813908	0.0	383025	319.619759787	0.2
5218.68016553	200	9.51017837929	0.0	383025	319.619759787	0.2
5219.0028919	200	9.68745201071	0.0	383025	322.726368585	0.2
5219.32561827	200	9.86472564212	0.0	383025	322.726368585	0.2
5220.14834464	200	9.54199927354	0.0	383025	322.726368585	0.2

