2503.15418682	400	0.5	0.163605544061	181435	163.605544061	-2.87211088122
2503.56339191	1000	0.590794908388	0.0	471531	409.205091612	0.4
2503.98183441	1000	0.672352403426	0.0	482442	418.442504962	1.0
2504.41133432	1000	0.742852493236	0.0	492120	429.49991019	1.0
2504.8434465	1000	0.810740319803	0.0	492120	432.112173433	1.0
2505.28556495	1000	0.868621866719	0.0	490176	442.118453084	1.0
2505.75182033	1000	0.902366491224	0.0	513389	466.255375495	1.0
2506.20355947	1000	0.950627350598	0.0	497055	451.739140626	1.0
2506.68658107	1000	0.967605749457	0.0	520019	483.021601141	1.0
2507.20737871	1000	0.946808109892	0.0	551265	520.797639565	1.0
2507.73472457	1000	0.919462245936	0.0	558332	527.345863956	1.0
2508.23828019	1000	0.915906628593	0.0	536970	503.555617343	1.0
2508.70736817	1000	0.946818652007	0.0	536970	469.087976586	1.0
2509.17645614	1000	0.977730675422	0.0	536970	469.087976586	1.0
2509.63065794	1000	1.02352887365	0.0	536970	454.201801772	1.0
2510.07089207	1000	1.08329474466	0.0	536970	440.234128994	1.0
2510.52521137	1000	1.12897544397	0.0	553424	454.319300685	1.0
2510.95514293	1000	1.19904388463	0.0	522960	429.931559346	1.0
2511.38515526	1000	1.2690315559	0.0	522960	430.012328722	1.0
2511.82459718	1000	1.32958963602	0.0	532300	439.441919887	1.0
2512.2369907	1000	1.41719611992	0.0	503004	412.393516099	1.0
2512.61905552	1000	1.5351312985	0.0	481782	382.064821418	1.0
2513.00299781	1000	1.65118900491	0.0	481782	383.942293591	1.0
2513.41180747	1000	1.74237934934	0.0	510552	408.809655572	1.0
2513.8466058	1000	1.80758102062	0.0	536970	434.798328715	1.0
2514.27991257	1000	1.87427425218	0.0	536970	433.306768445	1.0
2514.71077108	1000	1.94341573581	0.0	536970	430.858516364	1.0
2515.13774449	1000	2.01644232372	0.0	536970	426.973412097	1.0
2515.44471589	200	2.20947093182	0.0	383025	306.9713919	-0.6
2515.74249388	200	2.41169294144	0.0	383025	297.777990376	0.2
2516.04078524	200	2.61340157423	0.0	383025	298.291367206	0.2
2516.34090505	200	2.8132817677	0.0	383025	300.119806531	0.2
2516.64213448	200	3.01205233563	0.0	383025	301.229432077	0.2
2516.94682425	200	3.2073625692	0.0	383025	304.689766428	0.2
2517.25214727	200	3.40203954732	0.0	383025	305.32302188	0.2
2517.55868593	200	3.59550088832	0.0	383025	306.538658999	0.2
2517.86534069	200	3.78884612564	0.0	383025	306.654762683	0.2
2518.1723406	200	3.98184621768	0.0	383025	306.999907962	0.2
2518.48019975	200	4.17398707039	0.0	383025	307.859147287	0.2
2518.78855161	200	4.36563520847	0.0	383025	308.351861921	0.2
2519.09669744	200	4.55748937428	0.0	383025	308.14583419	0.2
2519.40441115	200	4.74977566948	0.0	383025	307.713704801	0.2
2519.70975366	200	4.94443315472	0.0	383025	305.342514759	0.2
2520.01480721	200	5.13937961158	0.0	383025	305.053543141	0.2
2520.32015793	200	5.33402889131	0.0	383025	305.350720268	0.2
2520.62555442	200	5.52863239899	0.0	383025	305.396492315	0.2
2520.93364866	200	5.72053815549	0.0	383025	308.0942435	0.2
2521.24174291	200	5.912443912	0.0	383025	308.0942435	0.2
2521.55742198	200	6.09676483701	0.0	383025	315.679074989	0.2
2521.87632115	200	6.27786567123	0.0	383025	318.899165777	0.2
2522.19582688	200	6.45835994137	0.0	383025	319.505729864	0.2
2522.51622932	200	6.63795749827	0.0	383025	320.402443099	0.2
2522.83622291	200	6.81796390524	0.0	383025	319.99359303	0.2
2523.14871858	200	7.00546824204	0.0	383025	312.495663195	0.2
2523.45954135	200	7.19464546583	0.0	383025	310.822776212	0.2
2523.76923553	200	7.38495128693	0.0	383025	309.694178894	0.2
2524.07820716	200	7.57597965508	0.0	383025	308.971631852	0.2
2524.38473313	200	7.76945369116	0.0	383025	306.525963923	0.2
2524.69125909	200	7.96292772724	0.0	383025	306.525963923	0.2
2525.01462936	200	8.13955746178	0.0	383025	323.370265461	0.2
2525.33854635	200	8.3156404637	0.0	383025	323.916998079	0.2
2525.67355137	200	8.480635444	0.0	383025	335.005019695	0.2
2526.01247909	200	8.64170772375	0.0	383025	338.927720257	0.2
2526.35621028	200	8.79797653643	0.0	383025	343.731187319	0.2
2526.71468616	200	8.93950065294	0.0	383025	358.475883488	0.2
2527.07316205	200	9.08102476945	0.0	383025	358.475883488	0.2
2527.43163793	200	9.22254888596	0.0	383025	358.475883488	0.2
2527.78917549	200	9.36501132523	0.0	383025	357.537560733	0.2
2528.14215887	200	9.51202794262	0.0	383025	352.983382608	0.2
2528.49514226	200	9.65904456001	0.0	383025	352.983382608	0.2
2528.84812564	200	9.8060611774	0.0	383025	352.983382608	0.2
2529.19080107	200	9.96338574916	0.0	383025	342.675428245	0.2
2530.02844809	200	9.6257387281	0.0	383025	337.64702106	0.2
2530.35080582	200	9.80338099415	0.0	383025	322.357733952	0.2
2530.67090733	200	9.98327948946	0.0	383025	320.10150469	0.2
2531.01339501	200	9.66719877365	0.0	383025	316.080715808	0.2
2531.33274587	200	9.84784792167	0.0	383025	319.350851977	0.2
2532.07720536	200	9.5284970697	0.0	383025	319.350851977	0.2
2532.41311577	200	9.69258666732	0.0	383025	335.91040238	0.2
2532.74160631	200	9.86409612595	0.0	383025	328.490541367	0.2
2533.27560131	200	9.54185338139	0.0	383025	322.242744559	0.2
2533.58764657	200	9.72980812544	0.0	383025	312.045255946	0.2
2533.89869311	200	9.91876158716	0.0	383025	311.046538287	0.2
2534.5150696	200	9.60799539452	0.0	383025	310.766192639	0.2
2534.82723492	200	9.79583007352	0.0	383025	312.165321001	0.2
2535.13543234	200	9.98763265222	0.0	383025	308.197421295	0.2
2535.86651118	200	9.68007977168	0.0	383025	307.552880539	0.2
2536.17528397	200	9.87130697437	0.0	383025	308.772797317	0.2
2536.77246109	200	9.55886778882	0.0	383025	312.439185549	0.2
2537.08012652	200	9.75120235793	0.0	383025	307.665430893	0.2
2537.38364343	200	9.94768544293	0.0	383025	303.516914993	0.2
2538.13367195	200	9.64563130414	0.0	383025	302.054138796	0.2
2538.43852503	200	9.84077822613	0.0	383025	304.853078002	0.2
2539.11156215	200	9.53567335914	0.0	383025	305.104866998	0.2
2539.4190592	200	9.72817631445	0.0	383025	307.497044684	0.2
2539.72613763	200	9.92109787513	0.0	383025	307.07843932	0.2
2540.5330405	200	9.61419501164	0.0	383025	306.902863495	0.2
2540.83849898	200	9.80873652693	0.0	383025	305.458484711	0.2
2541.59434431	200	9.50324847633	0.0	383025	305.488050598	0.2
2541.89922278	200	9.69837001157	0.0	383025	304.878464762	0.2
2542.20363566	200	9.89395712638	0.0	383025	304.412885183	0.2
2542.51212575	200	9.58953631241	0.0	383025	304.420813974	0.2
2542.81588788	200	9.78577418898	0.0	383025	303.762123432	0.2
2543.11940695	200	9.98225511733	0.0	383025	303.519071647	0.2
2543.92517712	200	9.67648495043	0.0	383025	305.770166895	0.2
2544.23230262	200	9.86935944632	0.0	383025	307.125504111	0.2
2544.8991576	200	9.56305508836	0.0	383025	306.304357963	0.2
2545.20277251	200	9.75944017305	0.0	383025	303.614915316	0.2
2545.50474232	200	9.95747036613	0.0	383025	301.969806911	0.2
2546.14454926	200	9.65563451711	0.0	383025	301.835849028	0.2
2546.45590759	200	9.84427618771	0.0	383025	311.358329399	0.2
2547.26726592	200	9.53291785831	0.0	383025	311.358329399	0.2
2547.57869081	200	9.72149296536	0.0	383025	311.424892946	0.2
2547.89026707	200	9.90991670764	0.0	383025	311.57625772	0.2
2548.61710842	200	9.59834044992	0.0	383025	311.57625772	0.2
2548.93574853	200	9.77970034643	0.0	383025	318.640103496	0.2
2549.2578093	200	9.9576395709	0.0	383025	322.06077553	0.2
2550.05789694	200	9.63557879537	0.0	383025	322.06077553	0.2
2550.39437101	200	9.79910472611	0.0	383025	336.474069261	0.2
2550.73486613	200	9.95860960563	0.0	383025	340.495120476	0.2

