5461.19657310026	400	0.5	0.1507877759092253	181435	150.787775909	-2.615755518184506
5461.349684124722	400	0.8468889755385536	0.0	184429	153.111024461	0.4
5461.581288204395	600	1.115284895866714	0.0	285584	231.604079672	0.39999999999999997
5461.895021525888	800	1.3015515743726884	0.0	391425	313.733321494	0.6000000000000001
5462.208754847383	800	1.4878182528786628	0.0	391425	313.733321494	0.8
5462.605822613213	1000	1.5907504870495437	0.0	490176	397.067765829	0.8
5463.024342365574	1000	1.6722307346881093	0.0	513389	418.519752361	1.0
5463.4298646411	1000	1.766708459162119	0.0	497055	405.522275526	1.0
5463.853660092704	1000	1.8429130075586746	0.0	520019	423.795451603	1.0
5464.302318967914	1000	1.8942541323480133	0.0	551265	448.658875211	1.0
5464.756563041975	1000	1.940010058287698	0.0	558332	454.24407406	1.0
5465.193756583966	1000	2.002816516296094	0.0	536970	437.193541992	1.0
5465.508477157595	200	2.1880959426675224	0.0	383025	314.720573629	-0.6000000000000001
5465.8231977312225	200	2.3733753690389503	0.0	383025	314.720573629	0.2
5466.136141832484	200	2.560431267778176	0.0	383025	312.944101261	0.2
5466.447890250004	200	2.7486828502583633	0.0	383025	311.74841752	0.2
5466.759638667524	200	2.936934432738551	0.0	383025	311.74841752	0.2
5467.071387085044	200	3.1251860152187385	0.0	383025	311.74841752	0.2
5467.383175911682	200	3.313397188580819	0.0	383025	311.788826638	0.2
5467.695081967842	200	3.5014911324207305	0.0	383025	311.90605616	0.2
5468.006988024002	200	3.689585076260642	0.0	383025	311.90605616	0.2
5468.318894080162	200	3.8776790201005533	0.0	383025	311.90605616	0.2
5468.630800136322	200	4.065772963940464	0.0	383025	311.90605616	0.2
5468.942706192483	200	4.253866907780376	0.0	383025	311.90605616	0.2
5469.255543272715	200	4.441029827547903	0.0	383025	312.837080232	0.2
5469.568733822633	200	4.627839277630701	0.0	383025	313.190549917	0.2
5469.88192437255	200	4.814648727713498	0.0	383025	313.190549917	0.2
5470.195114922468	200	5.001458177796295	0.0	383025	313.190549917	0.2
5470.5083054723855	200	5.188267627879093	0.0	383025	313.190549917	0.2
5470.821496022303	200	5.37507707796189	0.0	383025	313.190549917	0.2
5471.1293729800645	200	5.567200120200267	0.0	383025	307.876957762	0.2
5471.437173686206	200	5.759399414059161	0.0	383025	307.800706141	0.2
5471.744974392346	200	5.951598707918055	0.0	383025	307.800706141	0.2
5472.052775098487	200	6.143798001776949	0.0	383025	307.800706141	0.2
5472.360857166739	200	6.335715933524686	0.0	383025	308.082068252	0.2
5472.670187152532	200	6.526385947731751	0.0	383025	309.329985793	0.2
5472.979517138325	200	6.717055961938816	0.0	383025	309.329985793	0.2
5473.288847124118	200	6.907725976145881	0.0	383025	309.329985793	0.2
5473.598239983517	200	7.098333116746762	0.0	383025	309.392859399	0.2
5473.909088725461	200	7.287484374802865	0.0	383025	310.848741944	0.2
5474.219937467405	200	7.476635632858968	0.0	383025	310.848741944	0.2
5474.530786209349	200	7.665786890915071	0.0	383025	310.848741944	0.2
5474.841634951293	200	7.854938148971174	0.0	383025	310.848741944	0.2
5475.152483693237	200	8.044089407027277	0.0	383025	310.848741944	0.2
5475.462427563537	200	8.234145536726828	0.0	383025	309.9438703	0.2
5475.771898257135	200	8.424674843128429	0.0	383025	309.470693598	0.2
5476.081368950734	200	8.61520414953003	0.0	383025	309.470693598	0.2
5476.390839644332	200	8.80573345593163	0.0	383025	309.470693598	0.2
5476.700310337931	200	8.99626276233323	0.0	383025	309.470693598	0.2
5477.0108035664125	200	9.185769533851733	0.0	383025	310.493228481	0.2
5477.321391866187	200	9.375181234077111	0.0	383025	310.588299775	0.2
5477.631980165961	200	9.564592934302487	0.0	383025	310.588299775	0.2
5477.942568465735	200	9.754004634527865	0.0	383025	310.588299775	0.2
5478.2531567655105	200	9.943416334753241	0.0	383025	310.588299775	0.2
5479.06748455807	200	9.62908854219392	0.0	383025	314.327792559	0.2
5479.38375102081	200	9.812822079453257	0.0	383025	316.266462741	0.2
5479.700017483551	200	9.996555616712595	0.0	383025	316.266462741	0.2
5480.51670135036	200	9.679871749904716	0.0	383025	316.6838668078774	0.2
5480.837159393527	200	9.859413706736635	0.0	383025	320.458043168	0.2
5481.657617436696	200	9.538955663568554	0.0	383025	320.458043168	0.2
5481.978075479864	200	9.718497620400473	0.0	383025	320.458043168	0.2
5482.298578407778	200	9.897994692485758	0.0	383025	320.5029279147161	0.2
5483.1201295439005	200	9.576443556363484	0.0	383025	321.551136122	0.2
5483.441680680023	200	9.754892420241212	0.0	383025	321.551136122	0.2
5483.763231816145	200	9.93334128411894	0.0	383025	321.551136122	0.2
5484.23378056108	200	9.611790147996668	0.0	383025	321.551136122	0.2
5484.563942069159	200	9.78162863991711	0.0	383025	330.16150808	0.2
5484.894103577239	200	9.951467131837555	0.0	383025	330.16150808	0.2
5485.724265085318	200	9.621305623757998	0.0	383025	330.16150808	0.2
5486.054426593398	200	9.791144115678442	0.0	383025	330.16150808	0.2
5486.384588101478	200	9.960982607598886	0.0	383025	330.16150808	0.2
5487.214749609557	200	9.630821099519329	0.0	383025	330.16150808	0.2
5487.544911117637	200	9.800659591439773	0.0	383025	330.16150808	0.2
5487.875072625716	200	9.970498083360217	0.0	383025	330.16150808	0.2
5488.704364442489	200	9.641206266587739	0.0	383025	329.29181677247743	0.2
5489.031754038271	200	9.813816670805156	0.0	383025	327.389595783	0.2
5489.359143634054	200	9.986427075022574	0.0	383025	327.389595783	0.2
5490.186533229837	200	9.659037479239991	0.0	383025	327.389595783	0.2
5490.5139228256185	200	9.831647883457409	0.0	383025	327.389595783	0.2
5491.339276730945	200	9.506293978130538	0.0	383025	325.35390532686966	0.2
5491.664487430893	200	9.681083278183209	0.0	383025	325.210699947	0.2
5491.98969813084	200	9.85587257823588	0.0	383025	325.210699947	0.2
5492.814908830788	200	9.530661878288551	0.0	383025	325.210699947	0.2
5493.140119530735	200	9.705451178341221	0.0	383025	325.210699947	0.2
5493.465330230683	200	9.880240478393892	0.0	383025	325.210699947	0.2
5494.2867665834365	200	9.558804125641155	0.0	383025	321.4363527527386	0.2
5494.600727865501	200	9.744842843577372	0.0	383025	313.961282064	0.2
5494.91898587161	200	9.926584837467338	0.0	383025	318.2580061100333	0.2
5495.7460197926675	200	9.599550916410443	0.0	383025	327.033921057	0.2
5496.073053713725	200	9.77251699535355	0.0	383025	327.033921057	0.2
5496.400087634783	200	9.945483074296655	0.0	383025	327.033921057	0.2
5497.227121555839	200	9.61844915323976	0.0	383025	327.033921057	0.2
5497.5515731852265	200	9.793997523852504	0.0	383025	324.45162938725747	0.2
5497.871121922842	200	9.974448786237767	0.0	383025	319.548737615	0.2
5498.690670660456	200	9.654900048623029	0.0	383025	319.548737615	0.2
5499.01021939807	200	9.835351311008292	0.0	383025	319.548737615	0.2
5499.544753290501	200	9.515802573393554	0.0	383025	319.548737615	0.2
5499.866174332165	200	9.694381531729276	0.0	383025	321.421041664	0.2
5500.18759537383	200	9.872960490064997	0.0	383025	321.421041664	0.2
5501.009016415494	200	9.55153944840072	0.0	383025	321.421041664	0.2
5501.330437457159	200	9.730118406736441	0.0	383025	321.421041664	0.2
5501.6518584988235	200	9.908697365072163	0.0	383025	321.421041664	0.2
5502.472666030266	200	9.587889833630951	0.0	383025	320.80753144121167	0.2
5502.789696043282	200	9.770859820614772	0.0	383025	317.030013016	0.2
5503.106726056299	200	9.953829807598595	0.0	383025	317.030013016	0.2
5503.527743907541	200	9.636799794582418	0.0	383025	317.030013016	0.2
5503.847839076089	200	9.816704626033959	0.0	383025	320.095168548	0.2
5504.167934244639	200	9.996609457485501	0.0	383025	320.095168548	0.2
5504.988029413187	200	9.676514288937044	0.0	383025	320.095168548	0.2
5505.308124581736	200	9.856419120388585	0.0	383025	320.095168548	0.2
5506.127735471709	200	9.536808230415236	0.0	383025	319.6108899733502	0.2
5506.441692083865	200	9.72285161825904	0.0	383025	313.956612156	0.2
5506.756099575633	200	9.90844412649054	0.0	383025	314.40749176850113	0.2
5507.571962468033	200	9.592581234089659	0.0	383025	315.862892401	0.2
5507.887825360434	200	9.776718341688778	0.0	383025	315.862892401	0.2
5508.203688252835	200	9.960855449287898	0.0	383025	315.862892401	0.2
5508.795346421457	200	9.644992556887017	0.0	383025	315.862892401	0.2
5509.109319640121	200	9.83101933822346	0.0	383025	313.973218664	0.2
5509.923292858784	200	9.517046119559902	0.0	383025	313.973218664	0.2
5510.237266077448	200	9.703072900896345	0.0	383025	313.973218664	0.2

