4587.286324480974	400	0.5	0.1503245136147926	181435	150.324513615	-2.606490272295852
4587.43896459849	400	0.8473598824842915	0.0	184429	152.640117516	0.4
4587.669839489752	600	1.1164849912220383	0.0	285584	230.874891262	0.39999999999999997
4587.982573376498	800	1.303751104476536	0.0	391425	312.733886746	0.6000000000000001
4588.295033326763	800	1.4912911542115717	0.0	391425	312.459950265	0.8
4588.68150063538	1000	1.6048238455946064	0.0	490176	386.467308617	0.8
4589.09298823285	1000	1.69333624812446	0.0	513389	411.48759747	1.0
4589.499204833841	1000	1.7871196471335153	0.0	497055	406.216600991	1.0
4589.9237266888285	1000	1.8625977921462202	0.0	520019	424.521854987	1.0
4590.37851677892	1000	1.9078077020549744	0.0	551265	454.790090091	1.0
4590.84065601808	1000	1.945668462894647	0.0	558332	462.13923916	1.0
4591.285921801902	1000	2.000402679072485	0.0	536970	445.265783822	1.0
4591.607201452109	200	2.1791230288655234	0.0	383025	321.279650207	-0.6000000000000001
4591.928481102315	200	2.3578433786585613	0.0	383025	321.279650207	0.2
4592.249760752522	200	2.5365637284515996	0.0	383025	321.279650207	0.2
4592.571040402729	200	2.715284078244638	0.0	383025	321.279650207	0.2
4592.892176810173	200	2.894147670801572	0.0	383025	321.136407443	0.2
4593.2132677816035	200	3.073056699370356	0.0	383025	321.090971431	0.2
4593.534398007831	200	3.2519264731416206	0.0	383025	321.130226229	0.2
4593.856154156762	200	3.430170324210611	0.0	383025	321.756148931	0.2
4594.177910305692	200	3.608414175279602	0.0	383025	321.756148931	0.2
4594.499370959555	200	3.7869535214176224	0.0	383025	321.460653862	0.2
4594.817234562612	200	3.9690899183600425	0.0	383025	317.863603058	0.2
4595.13509816567	200	4.1512263153024636	0.0	383025	317.863603058	0.2
4595.452961768727	200	4.333362712244884	0.0	383025	317.863603058	0.2
4595.771264959623	200	4.515059521348355	0.0	383025	318.303190897	0.2
4596.089902667184	200	4.696421813787419	0.0	383025	318.637707561	0.2
4596.408540374746	200	4.877784106226483	0.0	383025	318.637707561	0.2
4596.727201152727	200	5.059123328244954	0.0	383025	318.660777982	0.2
4597.046475866557	200	5.239848614415125	0.0	383025	319.27471383	0.2
4597.365750580388	200	5.420573900585296	0.0	383025	319.27471383	0.2
4597.685025294218	200	5.601299186755467	0.0	383025	319.27471383	0.2
4597.999870791593	200	5.786453689380144	0.0	383025	314.845497375	0.2
4598.311006198651	200	5.975318282321261	0.0	383025	311.135407059	0.2
4598.62214160571	200	6.1641828752623775	0.0	383025	311.135407059	0.2
4598.941007998718	200	6.345316482254304	0.0	383025	318.866393008	0.2
4599.260247340327	200	6.526077140644861	0.0	383025	319.239341609	0.2
4599.579486681936	200	6.706837799035418	0.0	383025	319.239341609	0.2
4599.898044847238	200	6.88827963373329	0.0	383025	318.558165302	0.2
4600.215233623671	200	7.0710908573012015	0.0	383025	317.188776432	0.2
4600.532422400104	200	7.253902080869113	0.0	383025	317.188776432	0.2
4600.850656207778	200	7.435668273194044	0.0	383025	318.233807675	0.2
4601.175205978664	200	7.611118502308533	0.0	383025	324.549770886	0.2
4601.499755749549	200	7.786568731423022	0.0	383025	324.549770886	0.2
4601.824305520434	200	7.9620189605375105	0.0	383025	324.549770886	0.2
4602.147918472961	200	8.138406008011032	0.0	383025	323.612952526	0.2
4602.46891173006	200	8.317412750911448	0.0	383025	320.9932571	0.2
4602.78990498716	200	8.496419493811864	0.0	383025	320.9932571	0.2
4603.109885369012	200	8.67643911195942	0.0	383025	319.980381852	0.2
4603.426024911075	200	8.860299569896917	0.0	383025	316.139542063	0.2
4603.742164453138	200	9.044160027834414	0.0	383025	316.139542063	0.2
4604.058303995201	200	9.22802048577191	0.0	383025	316.139542063	0.2
4604.363287918032	200	9.42303656293976	0.0	383025	304.983922832	0.2
4604.667587442073	200	9.618737038899214	0.0	383025	304.299524041	0.2
4604.973767821445	200	9.812556659527502	0.0	383025	306.180379372	0.2
4605.368281716666	200	9.504183638960948	0.0	383025	308.373020567	0.2
4605.690794727636	200	9.68167062799199	0.0	383025	322.513010969	0.2
4606.013307738605	200	9.859157617023032	0.0	383025	322.513010969	0.2
4606.844342366377	200	9.528122989250674	0.0	383025	331.0346277723569	0.2
4607.180605478675	200	9.691859876952233	0.0	383025	336.263112298	0.2
4607.516868590973	200	9.85559676465379	0.0	383025	336.263112298	0.2
4608.31412237383	200	9.519333652355348	0.0	383025	336.263112298	0.2
4608.6417409123205	200	9.69171511386555	0.0	383025	327.61853849	0.2
4608.9671781304605	200	9.866277895724805	0.0	383025	325.43721814074536	0.2
4609.401445331628	200	9.541167532536443	0.0	383025	325.110363188	0.2
4609.721951170859	200	9.720661693305324	0.0	383025	320.505839231	0.2
4610.04245701009	200	9.900155854074207	0.0	383025	320.505839231	0.2
4610.8236372812935	200	9.579650014843088	0.0	383025	320.505839231	0.2
4611.138049680452	200	9.765237615683844	0.0	383025	314.412399159	0.2
4611.452555611562	200	9.950731684573599	0.0	383025	314.50593111024506	0.2
4612.267933196879	200	9.635354099256883	0.0	383025	315.377585317	0.2
4612.577995350821	200	9.825291945315296	0.0	383025	310.0621539415884	0.2
4613.0567278428425	200	9.518441973904082	0.0	383025	306.849971411	0.2
4613.354490084905	200	9.720679731841605	0.0	383025	297.762242062	0.2
4613.664453802968	200	9.910716013778861	0.0	383025	309.96371806274374	0.2
4614.0849006047265	200	9.600296829417317	0.0	383025	310.419184362	0.2
4614.392694320326	200	9.792503113818562	0.0	383025	307.793715599	0.2
4614.7004880359245	200	9.984709398219808	0.0	383025	307.793715599	0.2
4615.507840546568	200	9.677356887576247	0.0	383025	307.35251064356	0.2
4615.814355357922	200	9.870842076222253	0.0	383025	306.5148113539951	0.2
4616.357118626291	200	9.56420156058372	0.0	383025	306.640515639	0.2
4616.666643855207	200	9.75467633166667	0.0	383025	309.525228917	0.2
4616.976169084124	200	9.945151102749618	0.0	383025	309.525228917	0.2
4617.791556223459	200	9.629763963414405	0.0	383025	315.38713933521285	0.2
4618.1022930517	200	9.81902713517409	0.0	383025	310.7368282403148	0.2
4618.436660885621	200	9.517491902683764	0.0	383025	301.53523249	0.2
4618.739602028291	200	9.714550760012612	0.0	383025	302.941142671	0.2
4619.042543170963	200	9.911609617341458	0.0	383025	302.941142671	0.2
4619.847266398846	200	9.606886389457618	0.0	383025	304.7232278838411	0.2
4620.155721167424	200	9.798431620879303	0.0	383025	308.4547685783152	0.2
4620.465459713299	200	9.988693075004695	0.0	383025	309.738545875	0.2
4621.1965681292595	200	9.67895452913009	0.0	383025	309.738545875	0.2
4621.507526725417	200	9.867995932972391	0.0	383025	310.958596158	0.2
4622.3170920774255	200	9.558430580963266	0.0	383025	309.5653520091254	0.2
4622.626982775509	200	9.74853988288007	0.0	383025	309.8906980831967	0.2
4622.940724326043	200	9.934798332345418	0.0	383025	313.741550535	0.2
4623.633733541583	200	9.621056781810765	0.0	383025	313.741550535	0.2
4623.9447385179565	200	9.810051805436727	0.0	383025	311.004976374	0.2
4624.255743494331	200	9.99904682906269	0.0	383025	311.004976374	0.2
4625.071146860643	200	9.683643462749997	0.0	383025	315.40336631269366	0.2
4625.385681663696	200	9.869108659696776	0.0	383025	314.53480305322046	0.2
4625.733631988764	200	9.555741323972565	0.0	383025	313.367335724	0.2
4626.046793590244	200	9.742579722492733	0.0	383025	313.16160148	0.2
4626.359955191724	200	9.929418121012903	0.0	383025	313.16160148	0.2
4627.174242056514	200	9.615131256223044	0.0	383025	314.2868647898583	0.2
4627.495144810661	200	9.794228502075462	0.0	383025	320.902754148	0.2
4627.814108351976	200	9.975264960761665	0.0	383025	318.963541313796	0.2
4628.630263763122	200	9.659109549616321	0.0	383025	316.155411145	0.2
4628.9504253056475	200	9.838948007090098	0.0	383025	320.16154252622476	0.2
4629.772223154496	200	9.517150158242725	0.0	383025	321.797848847	0.2
4630.092718923507	200	9.696654389231254	0.0	383025	320.49576901146884	0.2
4630.413140419097	200	9.876232893642003	0.0	383025	320.421495589	0.2
4631.178075049348	200	9.555811398052752	0.0	383025	320.421495589	0.2
4631.499753424426	200	9.73413302297523	0.0	383025	321.678375078	0.2
4631.821431799503	200	9.91245464789771	0.0	383025	321.678375078	0.2
4632.641839594363	200	9.592046853037905	0.0	383025	320.4077948598043	0.2
4632.962101353289	200	9.771785094112925	0.0	383025	320.261758925	0.2
4633.282775005934	200	9.951111441468047	0.0	383025	320.6736526448787	0.2
4633.743339222657	200	9.630435840580272	0.0	383025	320.675600888	0.2
4634.061840106322	200	9.811934956914241	0.0	383025	318.500883666	0.2

