1968.09239618	400	0.5	0.167962513192	181435	167.962513192	-2.95925026383
1968.51292458	1000	0.579471591436	0.0	471531	420.528408564	0.4
1968.94295242	1000	0.649443753427	0.0	482442	430.027838009	1.0
1969.37742782	1000	0.714968350467	0.0	492120	434.47540296	1.0
1969.80567303	1000	0.786723142913	0.0	492120	428.245207554	1.0
1970.24101794	1000	0.851378235944	0.0	490176	435.344906969	1.0
1970.69898746	1000	0.893408712489	0.0	513389	457.969523455	1.0
1971.14207471	1000	0.950321461048	0.0	497055	443.087251441	1.0
1971.6021791	1000	0.990217080382	0.0	520019	460.104380665	1.0
1972.08906546	1000	1.00333071896	0.0	551265	486.886361426	1.0
1972.55635431	1000	1.036041861	0.0	558332	467.28885796	1.0
1973.00614712	1000	1.08624905303	0.0	536970	449.792807968	1.0
1973.44609444	1000	1.14630173694	0.0	536970	439.94731609	1.0
1973.88803893	1000	1.20435725025	0.0	536970	441.944486686	1.0
1974.33326352	1000	1.25913265867	0.0	536970	445.224591585	1.0
1974.78054685	1000	1.31184932265	0.0	536970	447.283336018	1.0
1975.24364411	1000	1.34875206233	0.0	553424	463.097260318	1.0
1975.68405238	1000	1.40834379958	0.0	522960	440.408262756	1.0
1976.12025182	1000	1.47214435193	0.0	522960	436.199447644	1.0
1976.56220147	1000	1.53019470682	0.0	532300	441.949645114	1.0
1976.97845162	1000	1.61394455426	0.0	503004	416.250152555	1.0
1977.37290286	1000	1.71949331906	0.0	481782	394.451235198	1.0
1977.76217614	1000	1.83022003059	0.0	481782	389.27328847	1.0
1978.1710193	1000	1.92137687893	0.0	510552	408.843151669	1.0
1978.59742829	1000	1.99496788259	0.0	536970	426.408996338	1.0
1979.01817766	1000	2.07421851328	0.0	536970	420.749369305	1.0
1979.3233304	200	2.26906577691	0.0	383025	305.152736377	-0.6
1979.6295409	200	2.46285528034	0.0	383025	306.210496569	0.2
1979.93766524	200	2.65473094002	0.0	383025	308.124340322	0.2
1980.24596517	200	2.84643100864	0.0	383025	308.299931377	0.2
1980.553099	200	3.03929717185	0.0	383025	307.133836784	0.2
1980.85994856	200	3.2324476182	0.0	383025	306.849553654	0.2
1981.1667286	200	3.42566757879	0.0	383025	306.78003941	0.2
1981.47350239	200	3.61889378862	0.0	383025	306.773790167	0.2
1981.78233031	200	3.81006586529	0.0	383025	308.827923339	0.2
1982.09124683	200	4.00114934758	0.0	383025	308.916517703	0.2
1982.400023	200	4.19237317513	0.0	383025	308.77617245	0.2
1982.70872879	200	4.38366738865	0.0	383025	308.705786482	0.2
1983.01689302	200	4.57550315898	0.0	383025	308.164229669	0.2
1983.32541334	200	4.7669828356	0.0	383025	308.520323382	0.2
1983.63410679	200	4.95828938346	0.0	383025	308.693452138	0.2
1983.94643955	200	5.14595662683	0.0	383025	312.332756628	0.2
1984.25890264	200	5.3334935385	0.0	383025	312.463088334	0.2
1984.57265252	200	5.51974365972	0.0	383025	313.749878782	0.2
1984.88669177	200	5.70570440234	0.0	383025	314.039257375	0.2
1985.20303142	200	5.88936475925	0.0	383025	316.33964309	0.2
1985.5218514	200	6.07054477385	0.0	383025	318.819985407	0.2
1985.84039004	200	6.25200613764	0.0	383025	318.538636208	0.2
1986.1582025	200	6.43419367417	0.0	383025	317.812463469	0.2
1986.47576301	200	6.6166331639	0.0	383025	317.560510267	0.2
1986.79111975	200	6.80127642164	0.0	383025	315.35674226	0.2
1987.11484796	200	6.97754821354	0.0	383025	323.728208098	0.2
1987.44285689	200	7.14953928278	0.0	383025	328.00893076	0.2
1987.77086582	200	7.32153035202	0.0	383025	328.00893076	0.2
1988.10191039	200	7.49048578927	0.0	383025	331.044562757	0.2
1988.43309024	200	7.65930593758	0.0	383025	331.179851688	0.2
1988.76367324	200	7.82872293337	0.0	383025	330.583004211	0.2
1989.09210817	200	8.00028800324	0.0	383025	328.434930126	0.2
1989.4205431	200	8.17185307312	0.0	383025	328.434930126	0.2
1989.73866314	200	8.35373303743	0.0	383025	318.120035689	0.2
1990.05746941	200	8.53492676485	0.0	383025	318.806272579	0.2
1990.38674133	200	8.70565484929	0.0	383025	329.271915559	0.2
1990.71601324	200	8.87638293373	0.0	383025	329.271915559	0.2
1991.05599571	200	9.03640046369	0.0	383025	339.982470043	0.2
1991.40318513	200	9.18921104198	0.0	383025	347.189421708	0.2
1991.75037456	200	9.34202162027	0.0	383025	347.189421708	0.2
1992.09784536	200	9.49455081089	0.0	383025	347.47080938	0.2
1992.44546001	200	9.64693616218	0.0	383025	347.614648713	0.2
1992.79307466	200	9.79932151346	0.0	383025	347.614648713	0.2
1993.14022623	200	9.95216994464	0.0	383025	347.151568818	0.2
1993.98188625	200	9.61050992368	0.0	383025	341.660020965	0.2
1994.31070397	200	9.78169220615	0.0	383025	328.817717528	0.2
1994.63763174	200	9.95476443836	0.0	383025	326.927767794	0.2
1995.46592164	200	9.62647453636	0.0	383025	328.289901999	0.2
1995.79455242	200	9.79784375761	0.0	383025	328.630778747	0.2
1996.12287374	200	9.96952243522	0.0	383025	328.321322389	0.2
1996.95001741	200	9.6423787695	0.0	383025	327.143665725	0.2
1997.26625742	200	9.82613875584	0.0	383025	316.240013663	0.2
1997.98257309	200	9.518892775	0.0	383025	307.245980839	0.2
1998.28975716	200	9.71170870506	0.0	383025	307.184069931	0.2
1998.59591384	200	9.90555203077	0.0	383025	306.156674298	0.2
1999.40213386	200	9.59933200156	0.0	383025	306.220029204	0.2
1999.70882828	200	9.79263758199	0.0	383025	306.694419576	0.2
2000.01553344	200	9.98593243009	0.0	383025	306.705151897	0.2
2000.50196756	200	9.67873038807	0.0	383025	307.20204202	0.2
2000.80927712	200	9.87142083717	0.0	383025	307.309550901	0.2
2001.18082041	200	9.56391999013	0.0	383025	307.500847036	0.2
2001.48840501	200	9.75633538969	0.0	383025	307.58460044	0.2
2001.79341778	200	9.95132261782	0.0	383025	305.012771872	0.2
2002.41979833	200	9.65145219363	0.0	383025	299.870424195	0.2
2002.72022106	200	9.85102946075	0.0	383025	300.422732871	0.2
2003.3067911	200	9.54121093433	0.0	383025	309.818526424	0.2
2003.61695117	200	9.73105086208	0.0	383025	310.160072256	0.2
2003.93081525	200	9.91718677989	0.0	383025	313.864082183	0.2
2004.70993637	200	9.60301404003	0.0	383025	314.172739863	0.2
2005.02593458	200	9.78701582446	0.0	383025	315.998215565	0.2
2005.34257597	200	9.97037443827	0.0	383025	316.641386195	0.2
2006.16007005	200	9.65288035963	0.0	383025	317.494078643	0.2
2006.48471966	200	9.82823074929	0.0	383025	324.649610338	0.2
2006.90480673	200	9.50305301217	0.0	383025	325.177737121	0.2
2007.21291811	200	9.69494162393	0.0	383025	308.111388235	0.2
2007.5210295	200	9.8868302357	0.0	383025	308.111388235	0.2
2007.96935383	200	9.57823417445	0.0	383025	308.596061244	0.2
2008.28082435	200	9.76676364977	0.0	383025	311.47052468	0.2
2008.59579107	200	9.95179693534	0.0	383025	314.966714437	0.2
2009.2765403	200	9.6295050444	0.0	383025	322.291890936	0.2
2009.58655852	200	9.81948682223	0.0	383025	310.018222174	0.2
2010.39563516	200	9.51041018756	0.0	383025	309.076634663	0.2
2010.70471179	200	9.7013335529	0.0	383025	309.076634663	0.2
2011.01399447	200	9.89205087685	0.0	383025	309.282676046	0.2
2011.49922511	200	9.58239128096	0.0	383025	309.65959589	0.2
2011.80889561	200	9.7727207742	0.0	383025	309.670506765	0.2
2012.11777582	200	9.9638405634	0.0	383025	308.880210802	0.2
2012.82963266	200	9.65497310419	0.0	383025	308.867459202	0.2
2013.1387854	200	9.84582036937	0.0	383025	309.152734828	0.2
2013.62482829	200	9.53386989759	0.0	383025	311.95047178	0.2
2013.9391346	200	9.71956359361	0.0	383025	314.306303977	0.2
2014.27567688	200	9.88302131272	0.0	383025	336.54228089	0.2
2014.95074496	200	9.54295780346	0.0	383025	340.06350926	0.2
2015.29679334	200	9.69690942112	0.0	383025	346.048382341	0.2

