1007.23872711	400	0.5	0.170407152896	181435	170.407152896	-3.00814305792
1007.5805034	800	0.65822370623	0.0	375269	341.77629377	0.4
1008.01703162	1000	0.721695485889	0.0	482442	436.528220341	0.8
1008.46211619	1000	0.77661092071	0.0	492120	445.084565179	1.0
1008.92618991	1000	0.812537193121	0.0	492120	464.073727589	1.0
1009.3918645	1000	0.84686260835	0.0	490176	465.674584771	1.0
1009.8738448	1000	0.864882302841	0.0	513389	481.980305509	1.0
1010.32174037	1000	0.916986732663	0.0	497055	447.895570178	1.0
1010.78986677	1000	0.948860335165	0.0	520019	468.126397498	1.0
1011.28094725	1000	0.95777985646	0.0	551265	491.080478705	1.0
1011.77408102	1000	0.964646083144	0.0	558332	493.133773316	1.0
1012.23945793	1000	0.99926917754	0.0	536970	465.376905604	1.0
1012.69817466	1000	1.04055245236	0.0	536970	458.716725182	1.0
1013.15431717	1000	1.08440994007	0.0	536970	456.142512288	1.0
1013.58308717	1000	1.1556399381	0.0	536970	428.770001972	1.0
1014.01238982	1000	1.2263372864	0.0	536970	429.302651703	1.0
1014.45387044	1000	1.28485666947	0.0	553424	441.480616922	1.0
1014.87085105	1000	1.36787605627	0.0	522960	416.980613206	1.0
1015.2781703	1000	1.46055680718	0.0	522960	407.319249088	1.0
1015.69039383	1000	1.54833328103	0.0	532300	412.223526151	1.0
1016.07843715	1000	1.66028995881	0.0	503004	388.043322219	1.0
1016.41255062	1000	1.82617648467	0.0	481782	334.113474137	1.0
1016.74653061	1000	1.99219649973	0.0	481782	333.979984946	1.0
1017.10711333	1000	2.13161377633	0.0	510552	360.582723394	1.0
1017.38540696	200	2.35332015066	0.0	383025	278.29362567	-0.6
1017.67985484	200	2.5588722681	0.0	383025	294.44788256	0.2
1017.97421507	200	2.7645120347	0.0	383025	294.360233399	0.2
1018.26710306	200	2.9716240472	0.0	383025	292.887987507	0.2
1018.55841064	200	3.18031646644	0.0	383025	291.307580762	0.2
1018.84729511	200	3.39143200148	0.0	383025	288.884464954	0.2
1019.13824212	200	3.60048498954	0.0	383025	290.947011942	0.2
1019.43101684	200	3.8077102676	0.0	383025	292.774721936	0.2
1019.73192486	200	4.00680224746	0.0	383025	300.908020147	0.2
1020.03489994	200	4.20382717172	0.0	383025	302.975075742	0.2
1020.3345018	200	4.40422530769	0.0	383025	299.601864025	0.2
1020.62969316	200	4.60903394889	0.0	383025	295.191358804	0.2
1020.91652883	200	4.82219828168	0.0	383025	286.835667204	0.2
1021.2030324	200	5.03569470316	0.0	383025	286.50357852	0.2
1021.49083139	200	5.24789571699	0.0	383025	287.798986176	0.2
1021.80257766	200	5.43614944526	0.0	383025	311.746271723	0.2
1022.11610955	200	5.62261755459	0.0	383025	313.531890678	0.2
1022.43494497	200	5.80378213488	0.0	383025	318.835419708	0.2
1022.75378039	200	5.98494671517	0.0	383025	318.835419708	0.2
1023.09441654	200	6.14431056895	0.0	383025	340.636146215	0.2
1023.43612974	200	6.30259736856	0.0	383025	341.713200396	0.2
1023.77784294	200	6.46088416816	0.0	383025	341.713200396	0.2
1024.12337554	200	6.61535156751	0.0	383025	345.532600649	0.2
1024.47056775	200	6.7681593589	0.0	383025	347.192208614	0.2
1024.81775996	200	6.92096715028	0.0	383025	347.192208614	0.2
1025.16227496	200	7.07645214458	0.0	383025	344.5150057	0.2
1025.50404966	200	7.2346774499	0.0	383025	341.774694684	0.2
1025.84582435	200	7.39290275522	0.0	383025	341.774694684	0.2
1026.19161134	200	7.54711577074	0.0	383025	345.786984471	0.2
1026.54006599	200	7.69866112127	0.0	383025	348.454649473	0.2
1026.89194965	200	7.8467774616	0.0	383025	351.883659674	0.2
1027.24684469	200	7.99188241531	0.0	383025	354.895046289	0.2
1027.60173974	200	8.13698736902	0.0	383025	354.895046289	0.2
1027.95663478	200	8.28209232273	0.0	383025	354.895046289	0.2
1028.3082222	200	8.43050491023	0.0	383025	351.5874125	0.2
1028.65612755	200	8.58259955476	0.0	383025	347.905355469	0.2
1029.00403291	200	8.73469419929	0.0	383025	347.905355469	0.2
1029.35193826	200	8.88678884382	0.0	383025	347.905355469	0.2
1029.70794118	200	9.03078592911	0.0	383025	356.002914711	0.2
1030.06409997	200	9.1746271379	0.0	383025	356.158791215	0.2
1030.42025876	200	9.31846834668	0.0	383025	356.158791215	0.2
1030.77518433	200	9.46354277962	0.0	383025	354.925567063	0.2
1031.12947159	200	9.60925551735	0.0	383025	354.287262265	0.2
1031.48375885	200	9.75496825509	0.0	383025	354.287262265	0.2
1031.85138959	200	9.88733751587	0.0	383025	367.630739216	0.2
1032.72758154	200	9.51114556303	0.0	383025	376.191952843	0.2
1033.1037735	200	9.63495361018	0.0	383025	376.191952843	0.2
1033.47996545	200	9.75876165734	0.0	383025	376.191952843	0.2
1033.85647424	200	9.88225286445	0.0	383025	376.508792892	0.2
1034.23917072	200	9.99955639226	0.0	383025	382.696472189	0.2
1035.12186719	200	9.61685992007	0.0	383025	382.696472189	0.2
1035.50456366	200	9.73416344788	0.0	383025	382.696472189	0.2
1035.88726013	200	9.85146697569	0.0	383025	382.696472189	0.2
1036.2699566	200	9.9687705035	0.0	383025	382.696472189	0.2
1037.14990355	200	9.58882355282	0.0	383025	379.946950684	0.2
1037.52497171	200	9.71375539887	0.0	383025	375.068153952	0.2
1037.90003986	200	9.83868724491	0.0	383025	375.068153952	0.2
1038.27510802	200	9.96361909096	0.0	383025	375.068153952	0.2
1038.83203245	200	9.58855093701	0.0	383025	375.068153952	0.2
1039.20912592	200	9.71145746821	0.0	383025	377.093468796	0.2
1039.58621939	200	9.83436399942	0.0	383025	377.093468796	0.2
1039.96331286	200	9.95727053062	0.0	383025	377.093468796	0.2
1040.38063635	200	9.58017706183	0.0	383025	377.093468796	0.2
1040.74529128	200	9.71552213139	0.0	383025	364.654930436	0.2
1041.10994621	200	9.85086720095	0.0	383025	364.654930436	0.2
1041.47460114	200	9.98621227052	0.0	383025	364.654930436	0.2
1042.31810604	200	9.62155734008	0.0	383025	364.654930436	0.2
1042.67037261	200	9.76929077097	0.0	383025	352.266569113	0.2
1043.02263918	200	9.91702420186	0.0	383025	352.266569113	0.2
1043.8998019	200	9.53986148463	0.0	383025	377.162717232	0.2
1044.27745541	200	9.66220796647	0.0	383025	377.653518154	0.2
1044.65510893	200	9.78455444832	0.0	383025	377.653518154	0.2
1045.03276245	200	9.90690093016	0.0	383025	377.653518154	0.2
1045.89646148	200	9.54320190107	0.0	383025	363.699029089	0.2
1046.23499921	200	9.70466416529	0.0	383025	338.537735784	0.2
1046.55105282	200	9.88861056242	0.0	383025	316.053602869	0.2
1047.36687206	200	9.57279131645	0.0	383025	315.819245966	0.2
1047.68532084	200	9.75434253504	0.0	383025	318.448781414	0.2
1048.00627803	200	9.93338535337	0.0	383025	320.957181672	0.2
1048.76521427	200	9.6124281717	0.0	383025	320.957181672	0.2
1049.09010033	200	9.78754210941	0.0	383025	324.886062282	0.2
1049.40800509	200	9.9696373504	0.0	383025	317.904759019	0.2
1050.15426072	200	9.65189444516	0.0	383025	317.742905231	0.2
1050.46527019	200	9.84088497689	0.0	383025	311.009468271	0.2
1051.02127197	200	9.53264519715	0.0	383025	308.239779739	0.2
1051.32654682	200	9.72737035042	0.0	383025	305.27484674	0.2
1051.62485255	200	9.929064617	0.0	383025	298.305733413	0.2
1052.42280686	200	9.63111030685	0.0	383025	297.954310149	0.2
1052.73264759	200	9.82126958083	0.0	383025	309.840726024	0.2
1053.41530556	200	9.50950945266	0.0	383025	311.760128168	0.2
1053.72839458	200	9.69642043083	0.0	383025	313.089021834	0.2
1054.04133394	200	9.88348106605	0.0	383025	312.939364776	0.2
1054.85383676	200	9.57097825469	0.0	383025	312.502811363	0.2
1055.16429484	200	9.76052016718	0.0	383025	310.458087511	0.2
1055.47506047	200	9.9497545459	0.0	383025	310.765621278	0.2
1055.82667849	200	9.63927185664	0.0	383025	310.48268926	0.2

