4241.99564454	400	0.5	0.158636600102	181435	158.636600102	-2.77273200203
4242.39193586	1000	0.6037086853	0.0	471531	396.2913147	0.4
4242.79716577	1000	0.698478775822	0.0	482442	405.229909478	1.0
4243.21032416	1000	0.785320379471	0.0	492120	413.158396351	1.0
4243.62348256	1000	0.872161983119	0.0	492120	413.158396351	1.0
4244.03504838	1000	0.960596165656	0.0	490176	411.565817463	1.0
4244.46563093	1000	1.03001361273	0.0	513389	430.582552923	1.0
4244.88283221	1000	1.11281232707	0.0	497055	417.201285659	1.0
4245.31789267	1000	1.1777518754	0.0	520019	435.060451674	1.0
4245.77527554	1000	1.2203690063	0.0	551265	457.3828691	1.0
4246.23839368	1000	1.25725086517	0.0	558332	463.118141131	1.0
4246.68417534	1000	1.31146920078	0.0	536970	445.781664392	1.0
4247.12995701	1000	1.36568753639	0.0	536970	445.781664392	1.0
4247.57978725	1000	1.41585728987	0.0	536970	449.830246513	1.0
4248.02978236	1000	1.46586218229	0.0	536970	449.995107586	1.0
4248.47977747	1000	1.5158670747	0.0	536970	449.995107586	1.0
4248.94325504	1000	1.55238950161	0.0	553424	463.477573088	1.0
4249.3817703	1000	1.61387423733	0.0	522960	438.515264285	1.0
4249.81872311	1000	1.67692142967	0.0	522960	436.952807657	1.0
4250.26197022	1000	1.73367432633	0.0	532300	443.247103343	1.0
4250.68137286	1000	1.81427168501	0.0	503004	419.402641311	1.0
4251.08350259	1000	1.91214195377	0.0	481782	402.129731247	1.0
4251.48635248	1000	2.00929206514	0.0	481782	402.849888625	1.0
4251.81063565	200	2.18500889602	0.0	383025	324.283169122	-0.6
4252.13491882	200	2.3607257269	0.0	383025	324.283169122	0.2
4252.45920198	200	2.53644255778	0.0	383025	324.283169122	0.2
4252.78348515	200	2.71215938866	0.0	383025	324.283169122	0.2
4253.10776832	200	2.88787621953	0.0	383025	324.283169122	0.2
4253.43205149	200	3.06359305041	0.0	383025	324.283169122	0.2
4253.75633466	200	3.23930988129	0.0	383025	324.283169122	0.2
4254.08061783	200	3.41502671217	0.0	383025	324.283169122	0.2
4254.40104717	200	3.59459737364	0.0	383025	320.429338531	0.2
4254.71811625	200	3.77752829235	0.0	383025	317.069081285	0.2
4255.03518533	200	3.96045921107	0.0	383025	317.069081285	0.2
4255.35225441	200	4.14339012978	0.0	383025	317.069081285	0.2
4255.67294576	200	4.32269877774	0.0	383025	320.691352042	0.2
4255.9978305	200	4.4978140459	0.0	383025	324.884731845	0.2
4256.32271523	200	4.67292931405	0.0	383025	324.884731845	0.2
4256.64759996	200	4.84804458221	0.0	383025	324.884731845	0.2
4256.97248469	200	5.02315985036	0.0	383025	324.884731845	0.2
4257.29736942	200	5.19827511851	0.0	383025	324.884731845	0.2
4257.6220529	200	5.37359163938	0.0	383025	324.683479138	0.2
4257.94657602	200	5.54906852119	0.0	383025	324.523118182	0.2
4258.27109914	200	5.72454540301	0.0	383025	324.523118182	0.2
4258.59562226	200	5.90002228483	0.0	383025	324.523118182	0.2
4258.92014538	200	6.07549916665	0.0	383025	324.523118182	0.2
4259.24466849	200	6.25097604847	0.0	383025	324.523118182	0.2
4259.56919161	200	6.42645293029	0.0	383025	324.523118182	0.2
4259.89372234	200	6.60192219763	0.0	383025	324.530732654	0.2
4260.21831071	200	6.77733383469	0.0	383025	324.588362944	0.2
4260.54289907	200	6.95274547175	0.0	383025	324.588362944	0.2
4260.86748743	200	7.1281571088	0.0	383025	324.588362944	0.2
4261.1920758	200	7.30356874586	0.0	383025	324.588362944	0.2
4261.51666416	200	7.47898038291	0.0	383025	324.588362944	0.2
4261.84125252	200	7.65439201997	0.0	383025	324.588362944	0.2
4262.16584088	200	7.82980365702	0.0	383025	324.588362944	0.2
4262.4829913	200	8.01265323808	0.0	383025	317.150418946	0.2
4262.79710666	200	8.19853787821	0.0	383025	314.115359873	0.2
4263.11122202	200	8.38442251833	0.0	383025	314.115359873	0.2
4263.42533738	200	8.57030715846	0.0	383025	314.115359873	0.2
4263.73945274	200	8.75619179859	0.0	383025	314.115359873	0.2
4264.0555304	200	8.94011414102	0.0	383025	316.077657568	0.2
4264.37284454	200	9.12279999991	0.0	383025	317.314141111	0.2
4264.69015868	200	9.3054858588	0.0	383025	317.314141111	0.2
4265.00747282	200	9.48817171769	0.0	383025	317.314141111	0.2
4265.32476024	200	9.67088430343	0.0	383025	317.287414257	0.2
4265.6410185	200	9.85462604313	0.0	383025	316.258260301	0.2
4266.45727676	200	9.53836778283	0.0	383025	316.258260301	0.2
4266.77353502	200	9.72210952253	0.0	383025	316.258260301	0.2
4267.09061595	200	9.9050285903	0.0	383025	317.080932232	0.2
4267.91455905	200	9.58108549452	0.0	383025	323.943095778	0.2
4268.23850214	200	9.75714239874	0.0	383025	323.943095778	0.2
4268.56244524	200	9.93319930296	0.0	383025	323.943095778	0.2
4269.08576859	200	9.60925620719	0.0	383025	323.943095778	0.2
4269.40603016	200	9.7889946376	0.0	383025	320.261569587	0.2
4269.72629173	200	9.96873306801	0.0	383025	320.261569587	0.2
4270.5465533	200	9.64847149842	0.0	383025	320.261569587	0.2
4270.86693807	200	9.8280867356	0.0	383025	320.384762825	0.2
4271.69086551	200	9.50415929216	0.0	383025	323.927443439	0.2
4272.01479295	200	9.68023184872	0.0	383025	323.927443439	0.2
4272.3387204	200	9.85630440528	0.0	383025	323.927443439	0.2
4273.09890735	200	9.53237696184	0.0	383025	323.927443439	0.2
4273.41844352	200	9.71284079442	0.0	383025	319.536167426	0.2
4273.73797969	200	9.89330462699	0.0	383025	319.536167426	0.2
4274.08238396	200	9.57376845956	0.0	383025	319.536167426	0.2
4274.4042619	200	9.75189051403	0.0	383025	321.877945533	0.2
4274.72613985	200	9.9300125685	0.0	383025	321.877945533	0.2
4275.5480178	200	9.60813462296	0.0	383025	321.877945533	0.2
4275.86989574	200	9.78625667743	0.0	383025	321.877945533	0.2
4276.19923765	200	9.95691477283	0.0	383025	329.341904603	0.2
4277.02876648	200	9.62738593463	0.0	383025	329.528838201	0.2
4277.35829532	200	9.79785709643	0.0	383025	329.528838201	0.2
4277.68782416	200	9.96832825823	0.0	383025	329.528838201	0.2
4278.517353	200	9.63879942002	0.0	383025	329.528838201	0.2
4278.84323698	200	9.81291543817	0.0	383025	325.883981856	0.2
4279.16300897	200	9.9931434508	0.0	383025	319.771987373	0.2
4279.98278095	200	9.67337146342	0.0	383025	319.771987373	0.2
4280.30820246	200	9.84794996059	0.0	383025	325.421502836	0.2
4281.13694742	200	9.51920500118	0.0	383025	328.744959405	0.2
4281.46569238	200	9.69046004178	0.0	383025	328.744959405	0.2
4281.79443734	200	9.86171508237	0.0	383025	328.744959405	0.2
4282.6231823	200	9.53297012297	0.0	383025	328.744959405	0.2
4282.95192725	200	9.70422516356	0.0	383025	328.744959405	0.2
4283.27976512	200	9.87638729961	0.0	383025	327.837863956	0.2
4284.1068403	200	9.54931211617	0.0	383025	327.075183437	0.2
4284.43391549	200	9.72223693273	0.0	383025	327.075183437	0.2
4284.76006182	200	9.89609059591	0.0	383025	326.146336821	0.2
4285.57459102	200	9.58156139927	0.0	383025	314.529196637	0.2
4285.88912022	200	9.76703220264	0.0	383025	314.529196637	0.2
4286.20308877	200	9.95306364653	0.0	383025	313.968556111	0.2
4287.01670072	200	9.63945170225	0.0	383025	313.611944274	0.2
4287.33031266	200	9.82583975798	0.0	383025	313.611944274	0.2
4288.14394038	200	9.51221203498	0.0	383025	313.627722997	0.2
4288.45759023	200	9.69856219292	0.0	383025	313.649842057	0.2
4288.77124007	200	9.88491235087	0.0	383025	313.649842057	0.2
4289.512264	200	9.57126250881	0.0	383025	313.649842057	0.2
4289.82235834	200	9.7611681709	0.0	383025	310.094337906	0.2
4290.13245268	200	9.951073833	0.0	383025	310.094337906	0.2
4290.94190118	200	9.64162533242	0.0	383025	309.448500576	0.2
4291.24498779	200	9.83853872226	0.0	383025	303.086610159	0.2

