1198.21259411	400	0.5	0.154728331147	181435	154.728331147	-2.69456662294
1198.59872824	1000	0.613865876407	0.0	471531	386.134123593	0.4
1198.99356592	1000	0.719028190541	0.0	482442	394.837685866	1.0
1199.39612362	1000	0.816470490406	0.0	492120	402.557700135	1.0
1199.79868132	1000	0.913912790271	0.0	492120	402.557700135	1.0
1200.21189357	1000	1.00070054936	0.0	490176	413.212240911	1.0
1200.64486007	1000	1.06773404202	0.0	513389	432.966507338	1.0
1201.06436946	1000	1.14822464991	0.0	497055	419.509392108	1.0
1201.50206905	1000	1.21052506527	0.0	520019	437.69958464	1.0
1201.95676002	1000	1.25583409105	0.0	551265	454.690974223	1.0
1202.41715176	1000	1.29544235383	0.0	558332	460.391737222	1.0
1202.86031133	1000	1.35228278007	0.0	536970	443.15957376	1.0
1203.30284656	1000	1.40974755293	0.0	536970	442.535227138	1.0
1203.73841057	1000	1.4741835469	0.0	536970	435.564006034	1.0
1204.17397457	1000	1.53861954086	0.0	536970	435.564006034	1.0
1204.61033807	1000	1.60225603997	0.0	536970	436.363500891	1.0
1205.0700137	1000	1.64258041808	0.0	553424	459.67562189	1.0
1205.50493629	1000	1.70765782126	0.0	522960	434.922596822	1.0
1205.93985889	1000	1.77273522444	0.0	522960	434.922596822	1.0
1206.38237055	1000	1.83022356334	0.0	532300	442.511661099	1.0
1206.79797718	1000	1.91461693301	0.0	503004	415.606630333	1.0
1207.19032841	1000	2.0222657075	0.0	481782	392.351225501	1.0
1207.50430423	200	2.20828988826	0.0	383025	313.975819245	-0.6
1207.81629993	200	2.396294188	0.0	383025	311.99570026	0.2
1208.12482439	200	2.58776972483	0.0	383025	308.524463168	0.2
1208.43334885	200	2.77924526166	0.0	383025	308.524463168	0.2
1208.74269405	200	2.96990006041	0.0	383025	309.345201253	0.2
1209.05842308	200	3.15417103156	0.0	383025	315.729028855	0.2
1209.37415211	200	3.3384420027	0.0	383025	315.729028855	0.2
1209.68988114	200	3.52271297385	0.0	383025	315.729028855	0.2
1210.00561017	200	3.70698394499	0.0	383025	315.729028855	0.2
1210.31658721	200	3.896006905	0.0	383025	310.977039994	0.2
1210.61827573	200	4.09431838824	0.0	383025	301.68851676	0.2
1210.91996424	200	4.29262987148	0.0	383025	301.68851676	0.2
1211.22165276	200	4.49094135472	0.0	383025	301.68851676	0.2
1211.52927994	200	4.68331417527	0.0	383025	307.627179449	0.2
1211.8383248	200	4.87426931392	0.0	383025	309.044861347	0.2
1212.14736966	200	5.06522445257	0.0	383025	309.044861347	0.2
1212.45641452	200	5.25617959123	0.0	383025	309.044861347	0.2
1212.76313413	200	5.44945998383	0.0	383025	306.719607398	0.2
1213.06925233	200	5.64334177979	0.0	383025	306.11820404	0.2
1213.37537054	200	5.83722357575	0.0	383025	306.11820404	0.2
1213.67956913	200	6.03302497975	0.0	383025	304.198596003	0.2
1213.98289575	200	6.22969836125	0.0	383025	303.326618491	0.2
1214.28622237	200	6.42637174276	0.0	383025	303.326618491	0.2
1214.58954899	200	6.62304512427	0.0	383025	303.326618491	0.2
1214.89077869	200	6.82181542173	0.0	383025	301.229702542	0.2
1215.19194721	200	7.02064690814	0.0	383025	301.168513594	0.2
1215.49311572	200	7.21947839454	0.0	383025	301.168513594	0.2
1215.79979563	200	7.41279848237	0.0	383025	306.67991217	0.2
1216.10837916	200	7.60421495593	0.0	383025	308.583526446	0.2
1216.41696269	200	7.79563142948	0.0	383025	308.583526446	0.2
1216.72554621	200	7.98704790303	0.0	383025	308.583526446	0.2
1217.03567603	200	8.17691808141	0.0	383025	310.12982162	0.2
1217.34630009	200	8.36629402516	0.0	383025	310.624056253	0.2
1217.65692415	200	8.55566996891	0.0	383025	310.624056253	0.2
1217.96826141	200	8.74433270949	0.0	383025	311.337259422	0.2
1218.28127619	200	8.9313179279	0.0	383025	313.014781583	0.2
1218.59429097	200	9.11830314632	0.0	383025	313.014781583	0.2
1218.90730575	200	9.30528836474	0.0	383025	313.014781583	0.2
1219.22032053	200	9.49227358315	0.0	383025	313.014781583	0.2
1219.54814309	200	9.66445102073	0.0	383025	327.822562422	0.2
1219.87634379	200	9.83625032264	0.0	383025	328.200698095	0.2
1220.70454449	200	9.50804962454	0.0	383025	328.200698095	0.2
1221.03274519	200	9.67984892645	0.0	383025	328.200698095	0.2
1221.35402397	200	9.85857013982	0.0	383025	321.278786627	0.2
1222.16871869	200	9.54387542609	0.0	383025	314.694713727	0.2
1222.4834134	200	9.72918071237	0.0	383025	314.694713727	0.2
1222.81144343	200	9.90115068572	0.0	383025	328.030026652	0.2
1223.6423752	200	9.57021891674	0.0	383025	330.93176898	0.2
1223.97330697	200	9.73928714776	0.0	383025	330.93176898	0.2
1224.30423874	200	9.90835537878	0.0	383025	330.93176898	0.2
1225.10771768	200	9.60487643456	0.0	383025	303.478944212	0.2
1225.40868376	200	9.8039103584	0.0	383025	300.96607616	0.2
1225.71569873	200	9.99689538401	0.0	383025	307.01497439	0.2
1226.41756168	200	9.68988040962	0.0	383025	307.01497439	0.2
1226.7164929	200	9.89094918902	0.0	383025	298.931220606	0.2
1227.51443781	200	9.59300428346	0.0	383025	297.944905554	0.2
1227.81578235	200	9.79165974044	0.0	383025	301.344543021	0.2
1228.12561151	200	9.98183058236	0.0	383025	309.829158085	0.2
1228.93544067	200	9.67200142427	0.0	383025	309.829158085	0.2
1229.24717358	200	9.86026851547	0.0	383025	311.732908802	0.2
1230.05982072	200	9.54762137254	0.0	383025	312.647142929	0.2
1230.37536768	200	9.73207441602	0.0	383025	315.546956519	0.2
1230.70059645	200	9.90684564478	0.0	383025	325.228771239	0.2
1231.52582522	200	9.58161687354	0.0	383025	325.228771239	0.2
1231.85105399	200	9.75638810231	0.0	383025	325.228771239	0.2
1232.17564214	200	9.93179995266	0.0	383025	324.588149643	0.2
1232.53926306	200	9.62145372413	0.0	383025	310.346228536	0.2
1232.8627787	200	9.79793808581	0.0	383025	323.515638312	0.2
1233.18629434	200	9.9744224475	0.0	383025	323.515638312	0.2
1234.00980998	200	9.65090680919	0.0	383025	323.515638312	0.2
1234.33332562	200	9.82739117088	0.0	383025	323.515638312	0.2
1235.15636242	200	9.50435436728	0.0	383025	323.0368036	0.2
1235.47899939	200	9.68171739258	0.0	383025	322.636974701	0.2
1235.80163637	200	9.85908041788	0.0	383025	322.636974701	0.2
1236.38255836	200	9.53644344318	0.0	383025	322.636974701	0.2
1236.72193496	200	9.69706685085	0.0	383025	339.376592324	0.2
1237.06131155	200	9.85769025853	0.0	383025	339.376592324	0.2
1237.90068814	200	9.5183136662	0.0	383025	339.376592324	0.2
1238.24006473	200	9.67893707388	0.0	383025	339.376592324	0.2
1238.57944133	200	9.83956048156	0.0	383025	339.376592324	0.2
1239.41881792	200	9.50018388923	0.0	383025	339.376592324	0.2
1239.75531119	200	9.66369062203	0.0	383025	336.493267207	0.2
1240.07707504	200	9.84192677201	0.0	383025	321.763850012	0.2
1240.89883889	200	9.520162922	0.0	383025	321.763850012	0.2
1241.22134169	200	9.69766011684	0.0	383025	322.502805163	0.2
1241.54577415	200	9.87322765391	0.0	383025	324.432462925	0.2
1242.37020662	200	9.54879519099	0.0	383025	324.432462925	0.2
1242.69463908	200	9.72436272806	0.0	383025	324.432462925	0.2
1243.01934954	200	9.89965226302	0.0	383025	324.710465048	0.2
1243.84968901	200	9.56931280118	0.0	383025	330.339461832	0.2
1244.18002847	200	9.73897333935	0.0	383025	330.339461832	0.2
1244.51036793	200	9.90863387752	0.0	383025	330.339461832	0.2
1244.92714139	200	9.57829441569	0.0	383025	330.339461832	0.2
1245.25200871	200	9.75342709988	0.0	383025	324.867315808	0.2
1245.57687602	200	9.92855978407	0.0	383025	324.867315808	0.2
1246.40174334	200	9.60369246826	0.0	383025	324.867315808	0.2
1246.72661066	200	9.77882515246	0.0	383025	324.867315808	0.2
1247.05147358	200	9.9539622324	0.0	383025	324.862920057	0.2

