1463.692758304254	400	0.5	0.15385224320409702	181435	153.852243204	-2.67704486408194
1463.848984365168	400	0.843773939086238	0.0	184429	156.226060914	0.4
1464.0854120060487	600	1.1073462982054882	0.0	285584	236.427640881	0.39999999999999997
1464.4057565608268	800	1.2870017434273933	0.0	391425	320.344554778	0.6000000000000001
1464.7284911912573	800	1.4642671129970308	0.0	391425	322.73463043	0.8
1465.1612876449485	1000	1.5314706593056058	0.0	490176	432.796453691	0.8
1465.6141062418692	1000	1.5786520623849343	0.0	513389	452.818596921	1.0
1466.051738617566	1000	1.641019686688154	0.0	497055	437.632375697	1.0
1466.507077872625	1000	1.6856804316293237	0.0	520019	455.339255059	1.0
1466.9891759006584	1000	1.7035824035957212	0.0	551265	482.098028034	1.0
1467.4773260393179	1000	1.7154322649363516	0.0	558332	488.150138659	1.0
1467.9288821572322	1000	1.7638761470219635	0.0	536970	451.556117914	1.0
1468.3661555833394	1000	1.8266027209147209	0.0	536970	437.273426107	1.0
1468.7970692506262	1000	1.895689053627814	0.0	536970	430.913667287	1.0
1469.2227559336263	1000	1.9700023706278362	0.0	536970	425.686683	1.0
1469.646715315889	1000	2.0460429883652655	0.0	536970	423.959382263	1.0
1469.9485521896859	200	2.244206114568349	0.0	383025	301.836873797	-0.6000000000000001
1470.2494645434804	200	2.4432937607737	0.0	383025	300.912353795	0.2
1470.549249370869	200	2.6435089333853403	0.0	383025	299.784827388	0.2
1470.8565849067359	200	2.836173397518273	0.0	383025	307.335535867	0.2
1471.1762382328445	200	3.0165200714096727	0.0	383025	319.653326109	0.2
1471.4958915589532	200	3.1968667453010724	0.0	383025	319.653326109	0.2
1471.817675904781	200	3.375082399473056	0.0	383025	321.784345828	0.2
1472.1514779011895	200	3.541280403064452	0.0	383025	333.801996409	0.2
1472.485279897598	200	3.707478406655848	0.0	383025	333.801996409	0.2
1472.8190818940066	200	3.8736764102472443	0.0	383025	333.801996409	0.2
1473.152883890415	200	4.039874413838641	0.0	383025	333.801996409	0.2
1473.472552235586	200	4.22020606866776	0.0	383025	319.668345171	0.2
1473.791952730778	200	4.400805573475618	0.0	383025	319.400495192	0.2
1474.1113532259699	200	4.581405078283477	0.0	383025	319.400495192	0.2
1474.4163422237657	200	4.776416080487518	0.0	383025	304.988997796	0.2
1474.7180378600015	200	4.974720444251782	0.0	383025	301.695636236	0.2
1475.0305048950609	200	5.162253409192438	0.0	383025	312.467035059	0.2
1475.347845658549	200	5.344912645704386	0.0	383025	317.340763488	0.2
1475.6651864220369	200	5.527571882216334	0.0	383025	317.340763488	0.2
1475.980603008225	200	5.712155296028224	0.0	383025	315.416586188	0.2
1476.2943294560305	200	5.8984288482229275	0.0	383025	313.726447805	0.2
1476.6080559038357	200	6.084702400417631	0.0	383025	313.726447805	0.2
1476.9182507678815	200	6.274507536371715	0.0	383025	310.194864046	0.2
1477.2273711849746	200	6.465387119278607	0.0	383025	309.120417093	0.2
1477.5364916020678	200	6.6562667021854995	0.0	383025	309.120417093	0.2
1477.8459389432608	200	6.846819360992567	0.0	383025	309.447341193	0.2
1478.1553889449838	200	7.037369359269565	0.0	383025	309.450001723	0.2
1478.461319403808	200	7.231438900445338	0.0	383025	305.930458824	0.2
1478.7653903789271	200	7.427367925326188	0.0	383025	304.070975119	0.2
1479.0707922645015	200	7.62196603975174	0.0	383025	305.401885574	0.2
1479.387672303539	200	7.805086000714299	0.0	383025	316.880039037	0.2
1479.7045523425763	200	7.988205961676858	0.0	383025	316.880039037	0.2
1480.0213059641799	200	8.171452340073587	0.0	383025	316.753621603	0.2
1480.3378693771551	200	8.354888927098335	0.0	383025	316.563412975	0.2
1480.6544327901304	200	8.538325514123082	0.0	383025	316.563412975	0.2
1480.9697945422417	200	8.722963762011595	0.0	383025	315.361752111	0.2
1481.2839358045921	200	8.908822499661254	0.0	383025	314.14126235	0.2
1481.5983212952563	200	9.094437008997263	0.0	383025	314.385490664	0.2
1481.913142957731	200	9.279615346522492	0.0	383025	314.821662475	0.2
1482.2279646202055	200	9.464793684047724	0.0	383025	314.821662475	0.2
1482.541706631967	200	9.651051672286432	0.0	383025	313.742011761	0.2
1482.8520737663855	200	9.84068453786786	0.0	383025	310.367134419	0.2
1483.6625529601736	200	9.530205344079883	0.0	383025	310.479193788	0.2
1483.9737017485932	200	9.719056555660181	0.0	383025	311.14878841970085	0.2
1484.2849947464886	200	9.90776355776492	0.0	383025	311.292997895	0.2
1485.096707329858	200	9.596050974395649	0.0	383025	311.71258336927195	0.2
1485.4152734277081	200	9.777484876545515	0.0	383025	318.56609785	0.2
1485.7367385043026	200	9.956019799950843	0.0	383025	321.46507659467085	0.2
1486.5638293084492	200	9.628928995804493	0.0	383025	327.090804146	0.2
1486.886043215434	200	9.806715088819422	0.0	383025	322.21390698507224	0.2
1487.204143945473	200	9.988614358780389	0.0	383025	318.100730039	0.2
1487.9055832136746	200	9.670513628741357	0.0	383025	318.100730039	0.2
1488.2251554429183	200	9.85094139949763	0.0	383025	319.5722292437272	0.2
1489.0525572338775	200	9.523539608538641	0.0	383025	327.401790959	0.2
1489.3798507941153	200	9.696246048300859	0.0	383025	327.2935602377834	0.2
1489.7060130623556	200	9.87008378006058	0.0	383025	326.16226824	0.2
1490.0421059379796	200	9.543921511820303	0.0	383025	326.16226824	0.2
1490.3644115094598	200	9.721615940340046	0.0	383025	322.30557148	0.2
1490.68671708094	200	9.899310368859787	0.0	383025	322.30557148	0.2
1491.5101039148599	200	9.57592353493981	0.0	383025	323.3868339199775	0.2
1491.841573867059	200	9.744453582740645	0.0	383025	331.469952199	0.2
1492.1608039915436	200	9.925223458256054	0.0	383025	319.2301244845912	0.2
1492.6263167737368	200	9.616781383333466	0.0	383025	308.442074923	0.2
1492.938089857491	200	9.80500829957935	0.0	383025	311.773083754	0.2
1493.249862941245	200	9.993235215825235	0.0	383025	311.773083754	0.2
1494.0743245803806	200	9.66877357668983	0.0	383025	324.46163913540687	0.2
1494.400690691288	200	9.842407465782092	0.0	383025	326.366110908	0.2
1495.232258377874	200	9.510839779196372	0.0	383025	331.5676865857181	0.2
1495.5684307856557	200	9.674667371414493	0.0	383025	336.172407782	0.2
1495.9031464372274	200	9.83995171984263	0.0	383025	334.715651571863	0.2
1496.7288430275908	200	9.514255129479404	0.0	383025	325.696590363	0.2
1497.0526506705314	200	9.690447486538767	0.0	383025	323.8076429406357	0.2
1497.3747395340351	200	9.868358623035117	0.0	383025	322.088863504	0.2
1498.0044107858114	200	9.546269759531468	0.0	383025	322.088863504	0.2
1498.3211563402933	200	9.729524205049639	0.0	383025	316.745554482	0.2
1498.6396408864102	200	9.911039658932763	0.0	383025	318.48454611687674	0.2
1499.466830737569	200	9.58384980777408	0.0	383025	327.189851159	0.2
1499.7914993589623	200	9.759181186380674	0.0	383025	324.66862139340475	0.2
1500.1067874014002	200	9.94389314394269	0.0	383025	315.288042438	0.2
1500.8373224901377	200	9.628605101504707	0.0	383025	315.288042438	0.2
1501.1531524552554	200	9.812775136387051	0.0	383025	315.829965118	0.2
1501.4690930563074	200	9.996834535335076	0.0	383025	315.94060105197667	0.2
1502.286180531123	200	9.679747060519498	0.0	383025	317.087474816	0.2
1502.5985571254967	200	9.867370466145799	0.0	383025	312.3765943736992	0.2
1503.1481364281665	200	9.555821631790083	0.0	383025	311.548834356	0.2
1503.4595858475557	200	9.74437221240074	0.0	383025	311.449419389	0.2
1503.771551814323	200	9.932406245633437	0.0	383025	311.9659667673015	0.2
1504.1120114820328	200	9.617899396263837	0.0	383025	314.50684937	0.2
1504.4341388471917	200	9.795772031105068	0.0	383025	322.127365159	0.2
1504.7562662123505	200	9.9736446659463	0.0	383025	322.127365159	0.2
1505.5107285199258	200	9.65151730078753	0.0	383025	322.127365159	0.2
1505.8346226082956	200	9.827623212417747	0.0	383025	323.89408837	0.2
1506.6558126942489	200	9.506433126464302	0.0	383025	321.1900859534427	0.2
1506.9690731134947	200	9.693172707218517	0.0	383025	313.2604192457866	0.2
1507.2849263391424	200	9.877319481570787	0.0	383025	315.853225648	0.2
1507.9331654471714	200	9.561466255923056	0.0	383025	315.853225648	0.2
1508.2546296526693	200	9.740002050424842	0.0	383025	321.464205498	0.2
1508.5760938581675	200	9.918537844926629	0.0	383025	321.464205498	0.2
1509.392279897937	200	9.602351805157095	0.0	383025	316.1860397695334	0.2
1509.7146197035117	200	9.780011999582518	0.0	383025	322.3398055745765	0.2
1510.0383352869214	200	9.956296416172815	0.0	383025	323.71558341	0.2
1510.773322213972	200	9.632580832763113	0.0	383025	323.71558341	0.2
1511.0925312534887	200	9.813371793246445	0.0	383025	319.209039517	0.2
1511.4104624085987	200	9.995440638136404	0.0	383025	317.9311551100395	0.2

