3907.745393444085	400	0.5	0.16482142191347127	181435	164.821421913	-2.8964284382694254
3907.912769694655	400	0.832623749430487	0.0	184429	167.37625057	0.4
3908.1664631438553	600	1.0789303002297443	0.0	285584	253.693449201	0.39999999999999997
3908.5104724313273	800	1.2349210127577543	0.0	391425	344.009287472	0.6000000000000001
3908.854481718799	800	1.3909117252857646	0.0	391425	344.009287472	0.8
3909.197180312612	800	1.5482131314729866	0.0	389889	342.698593813	0.8
3909.645263455196	1000	1.6001299888889478	0.0	513389	448.083142584	0.8
3910.079408531225	1000	1.6659849128606157	0.0	497055	434.145076028	1.0
3910.5331491601114	1000	1.7122442839741194	0.0	520019	453.740628886	1.0
3911.013552506495	1000	1.7318409375904023	0.0	551265	480.403346384	1.0
3911.499986238354	1000	1.7454072057316528	0.0	558332	486.433731859	1.0
3911.9681914298817	1000	1.777202014203686	0.0	536970	468.205191528	1.0
3912.4272329557157	1000	1.8181604883696978	0.0	536970	459.041525834	1.0
3912.8821433083494	1000	1.8632501357361118	0.0	536970	454.910352634	1.0
3913.337053660983	1000	1.908339783102526	0.0	536970	454.910352634	1.0
3913.791964013617	1000	1.95342943046894	0.0	536970	454.910352634	1.0
3914.242615438502	1000	2.0027780055838904	0.0	553424	450.651424885	1.0
3914.5541980263147	200	2.191195417771526	0.0	383025	311.582587812	-0.6000000000000001
3914.8657806141273	200	2.379612829959161	0.0	383025	311.582587812	0.2
3915.17736320194	200	2.5680302421467958	0.0	383025	311.582587812	0.2
3915.5009533780667	200	2.7444400660197705	0.0	383025	323.590176127	0.2
3915.829118909489	200	2.9162745345979046	0.0	383025	328.165531422	0.2
3916.157284440911	200	3.0881090031760388	0.0	383025	328.165531422	0.2
3916.485449972333	200	3.2599434717541724	0.0	383025	328.165531422	0.2
3916.813615503755	200	3.4317779403323065	0.0	383025	328.165531422	0.2
3917.142082206202	200	3.6033112378855696	0.0	383025	328.466702447	0.2
3917.474765727683	200	3.7706277164043103	0.0	383025	332.683521481	0.2
3917.807449249164	200	3.9379441949230514	0.0	383025	332.683521481	0.2
3918.1401327706453	200	4.1052606734417925	0.0	383025	332.683521481	0.2
3918.4728162921265	200	4.272577151960533	0.0	383025	332.683521481	0.2
3918.805499813608	200	4.439893630479274	0.0	383025	332.683521481	0.2
3919.1381833350893	200	4.607210108998015	0.0	383025	332.683521481	0.2
3919.4708668565704	200	4.774526587516756	0.0	383025	332.683521481	0.2
3919.8035503780516	200	4.941843066035497	0.0	383025	332.683521481	0.2
3920.1362338995327	200	5.109159544554238	0.0	383025	332.683521481	0.2
3920.4593301284795	200	5.28606331560791	0.0	383025	323.096228946	0.2
3920.7755881894695	200	5.469805254617767	0.0	383025	316.25806099	0.2
3921.09184625046	200	5.653547193627624	0.0	383025	316.25806099	0.2
3921.40700248388	200	5.838390960207508	0.0	383025	315.15623342	0.2
3921.7173952672656	200	6.027998176822239	0.0	383025	310.392783385	0.2
3922.0277880506505	200	6.21760539343697	0.0	383025	310.392783385	0.2
3922.338180834036	200	6.407212610051702	0.0	383025	310.392783385	0.2
3922.6548564991476	200	6.59053694493977	0.0	383025	316.675665112	0.2
3922.9718024813187	200	6.773590962768369	0.0	383025	316.945982171	0.2
3923.2887484634903	200	6.956644980596967	0.0	383025	316.945982171	0.2
3923.6056944456614	200	7.139698998425565	0.0	383025	316.945982171	0.2
3923.9227010048817	200	7.322692439205112	0.0	383025	317.00655922	0.2
3924.2399465575754	200	7.505446886511717	0.0	383025	317.245552693	0.2
3924.5571921102687	200	7.6882013338183235	0.0	383025	317.245552693	0.2
3924.8744376629625	200	7.870955781124929	0.0	383025	317.245552693	0.2
3925.1916832156558	200	8.053710228431534	0.0	383025	317.245552693	0.2
3925.508319505355	200	8.237073938732399	0.0	383025	316.636289699	0.2
3925.824212082319	200	8.42118136176834	0.0	383025	315.892576964	0.2
3926.140104659283	200	8.605288784804282	0.0	383025	315.892576964	0.2
3926.455997236247	200	8.789396207840221	0.0	383025	315.892576964	0.2
3926.771889813211	200	8.973503630876163	0.0	383025	315.892576964	0.2
3927.085700627132	200	9.159692816955282	0.0	383025	313.810813921	0.2
3927.399376029455	200	9.346017414632442	0.0	383025	313.675402323	0.2
3927.713051431778	200	9.532342012309604	0.0	383025	313.675402323	0.2
3928.028377849625	200	9.717015594462302	0.0	383025	315.326417847	0.2
3928.3460275190378	200	9.899365925049374	0.0	383025	317.649669413	0.2
3929.163677188451	200	9.581716255636444	0.0	383025	317.649669413	0.2
3929.4833717089227	200	9.762021735165	0.0	383025	319.6945204714454	0.2
3929.8134162191045	200	9.931977224982877	0.0	383025	330.044510182	0.2
3930.6434607292867	200	9.601932714800753	0.0	383025	330.044510182	0.2
3930.9735052394685	200	9.771888204618632	0.0	383025	330.044510182	0.2
3931.3035497496503	200	9.941843694436509	0.0	383025	330.044510182	0.2
3932.1329280712484	200	9.612465372838718	0.0	383025	329.37832159779174	0.2
3932.4565160400116	200	9.788877404075466	0.0	383025	323.587968763	0.2
3932.780104008775	200	9.965289435312211	0.0	383025	323.587968763	0.2
3933.3068120378034	200	9.641701466548959	0.0	383025	323.587968763	0.2
3933.621421925274	200	9.827091579078402	0.0	383025	314.609887471	0.2
3934.13837151445	200	9.512481691607846	0.0	383025	314.609887471	0.2
3934.454418408287	200	9.696434797771143	0.0	383025	316.046893837	0.2
3934.7704653021237	200	9.880387903934443	0.0	383025	316.046893837	0.2
3935.3369926935766	200	9.564341010097742	0.0	383025	316.046893837	0.2
3935.651283600775	200	9.750050102899044	0.0	383025	314.290907199	0.2
3935.9655745079735	200	9.935759195700346	0.0	383025	314.290907199	0.2
3936.779906027625	200	9.6214276760487	0.0	383025	314.3315196516445	0.2
3937.0978824428644	200	9.803451260809396	0.0	383025	317.976415239	0.2
3937.415858858104	200	9.98547484557009	0.0	383025	317.976415239	0.2
3938.233381248274	200	9.667952455399947	0.0	383025	317.52239017014307	0.2
3938.5462400584192	200	9.855093645254383	0.0	383025	312.858810146	0.2
3939.3609618911105	200	9.540371812563357	0.0	383025	314.72183269102555	0.2
3939.6764748320866	200	9.724858871587728	0.0	383025	315.512940976	0.2
3939.991987773062	200	9.909345930612096	0.0	383025	315.512940976	0.2
3940.802173329753	200	9.599160373921304	0.0	383025	310.18555669079234	0.2
3941.124845995942	200	9.77648770773203	0.0	383025	322.6726661892742	0.2
3941.448918522564	200	9.952415181110505	0.0	383025	324.072526622	0.2
3941.77946994061	200	9.628342654488977	0.0	383025	324.072526622	0.2
3942.1056901766933	200	9.802122418405302	0.0	383025	326.220236084	0.2
3942.4319104127767	200	9.975902182321628	0.0	383025	326.220236084	0.2
3943.25813064886	200	9.649681946237953	0.0	383025	326.220236084	0.2
3943.584350884944	200	9.823461710154278	0.0	383025	326.220236084	0.2
3943.9081068523587	200	9.999705742739458	0.0	383025	323.7559674148212	0.2
3944.730903009739	200	9.676909585359349	0.0	383025	322.79615738	0.2
3945.053699167119	200	9.85411342797924	0.0	383025	322.79615738	0.2
3945.7299995235135	200	9.531317270599128	0.0	383025	322.79615738	0.2
3946.0506741150066	200	9.710642679105932	0.0	383025	320.674591493	0.2
3946.3713487065	200	9.889968087612736	0.0	383025	320.674591493	0.2
3946.9775512714873	200	9.56929349611954	0.0	383025	320.674591493	0.2
3947.286892395804	200	9.759952371803054	0.0	383025	309.341124316	0.2
3947.5962335201207	200	9.950611247486568	0.0	383025	309.341124316	0.2
3948.4061326643014	200	9.640712103305871	0.0	383025	309.8991441806963	0.2
3948.7152786793995	200	9.831566088207959	0.0	383025	309.14601509791316	0.2
3949.5217372075317	200	9.525107560075412	0.0	383025	306.458528133	0.2
3949.8274498932738	200	9.719394874333402	0.0	383025	305.7126857420102	0.2
3950.129972126823	200	9.916872640784161	0.0	383025	302.522233549	0.2
3950.5329654799502	200	9.614350407234923	0.0	383025	302.522233549	0.2
3950.8270869412704	200	9.820228945914842	0.0	383025	294.12146132	0.2
3951.5399224448097	200	9.52610748459476	0.0	383025	294.12146132	0.2
3951.8486352911746	200	9.717394638230141	0.0	383025	308.712846365	0.2
3952.1586179556816	200	9.907411973723244	0.0	383025	309.98266450689897	0.2
3952.9730658003114	200	9.592964129093154	0.0	383025	314.44784463	0.2
3953.2875136449416	200	9.778516284463064	0.0	383025	314.44784463	0.2
3953.6093449066066	200	9.956685022797819	0.0	383025	321.8312616652449	0.2
3954.4349899171184	200	9.631040012285832	0.0	383025	325.645010512	0.2
3954.7606349276302	200	9.805395001773844	0.0	383025	325.645010512	0.2
3955.086279938142	200	9.979749991261857	0.0	383025	325.645010512	0.2
3955.918767732506	200	9.647262196898366	0.0	383025	332.48779436349105	0.2

