1608.6799857847093	400	0.5	0.16733022747012094	181435	167.33022747	-2.946604549402419
1608.8499122405865	400	0.8300735441227605	0.0	184429	169.926455877	0.4
1609.1075546231577	600	1.0724311615514428	0.0	285584	257.642382571	0.39999999999999997
1609.4569763680663	800	1.2230094166428414	0.0	391425	349.421744909	0.6000000000000001
1609.806398112975	800	1.3735876717342401	0.0	391425	349.421744909	0.8
1610.1544879250737	800	1.5254978596357034	0.0	389889	348.089812099	0.8
1610.6072824744847	1000	1.5727033102245893	0.0	513389	452.794549411	0.8
1611.0449487750195	1000	1.635037009689758	0.0	497055	437.666300535	1.0
1611.5023733094026	1000	1.6776124753065962	0.0	520019	457.424534383	1.0
1611.9751338464155	1000	1.7048519382939398	0.0	551265	472.760537013	1.0
1612.4535676176442	1000	1.726418167065038	0.0	558332	478.433771229	1.0
1612.9139817108496	1000	1.7660040738597513	0.0	536970	460.414093205	1.0
1613.373779965525	1000	1.8062058191842998	0.0	536970	459.798254675	1.0
1613.8335782202005	1000	1.8464075645088482	0.0	536970	459.798254675	1.0
1614.2591576159566	1000	1.9208281687527449	0.0	536970	425.579395756	1.0
1614.6823720361485	1000	1.9976137485608252	0.0	536970	423.214420192	1.0
1615.1166758266852	1000	2.063309958024008	0.0	553424	434.303790537	1.0
1615.4218704625794	200	2.258115322129906	0.0	383025	305.194635894	-0.6000000000000001
1615.7300917298517	200	2.449894054857593	0.0	383025	308.221267272	0.2
1616.0391313027048	200	2.6408544820044555	0.0	383025	309.039572853	0.2
1616.3505781103563	200	2.8294076743530185	0.0	383025	311.446807651	0.2
1616.662024918008	200	3.017960866701582	0.0	383025	311.446807651	0.2
1616.974174847221	200	3.2058109374884918	0.0	383025	312.149929213	0.2
1617.2869396421386	200	3.3930461425709426	0.0	383025	312.764794918	0.2
1617.599704437056	200	3.580281347653394	0.0	383025	312.764794918	0.2
1617.9006542699767	200	3.779331514732673	0.0	383025	300.949832921	0.2
1618.1978536035	200	3.9821321812092205	0.0	383025	297.199333523	0.2
1618.4932486270382	200	4.1867371576713035	0.0	383025	295.395023538	0.2
1618.786534013285	200	4.393451771424332	0.0	383025	293.285386247	0.2
1619.0755798968491	200	4.60440588786036	0.0	383025	289.045883564	0.2
1619.3616807737747	200	4.81830501093478	0.0	383025	286.100876926	0.2
1619.6604532399385	200	5.019532544770872	0.0	383025	298.772466164	0.2
1619.9745150193692	200	5.205470765340178	0.0	383025	314.061779431	0.2
1620.2885767987996	200	5.391408985909485	0.0	383025	314.061779431	0.2
1620.5983698396271	200	5.581615945082042	0.0	383025	309.793040827	0.2
1620.907439137833	200	5.772546646875839	0.0	383025	309.069298206	0.2
1621.2131973672845	200	5.966788417424478	0.0	383025	305.758229451	0.2
1621.5088584016892	200	6.171127383019605	0.0	383025	295.661034405	0.2
1621.8089198628545	200	6.371065921854282	0.0	383025	300.061461165	0.2
1622.118264509286	200	6.561721275422868	0.0	383025	309.344646431	0.2
1622.4276091557176	200	6.752376628991453	0.0	383025	309.344646431	0.2
1622.7438987738824	200	6.936087010826598	0.0	383025	316.289618165	0.2
1623.062512059048	200	7.117473725660809	0.0	383025	318.613285166	0.2
1623.3823291504148	200	7.2976566342941185	0.0	383025	319.817091367	0.2
1623.7072963389119	200	7.472689445796928	0.0	383025	324.967188497	0.2
1624.032263527409	200	7.647722257299738	0.0	383025	324.967188497	0.2
1624.3568725758066	200	7.823113208902091	0.0	383025	324.609048398	0.2
1624.6793091577838	200	8.00067662692494	0.0	383025	322.436581977	0.2
1625.001745739761	200	8.17824004494779	0.0	383025	322.436581977	0.2
1625.3088035540932	200	8.371182230615508	0.0	383025	307.057814332	0.2
1625.6147583242155	200	8.56522746049337	0.0	383025	305.954770122	0.2
1625.92636043399	200	8.753625350718565	0.0	383025	311.602109775	0.2
1626.24935985472	200	8.930625929988693	0.0	383025	322.99942073	0.2
1626.5727266604943	200	9.107259124214586	0.0	383025	323.366805774	0.2
1626.896774280846	200	9.28321150386267	0.0	383025	324.047620352	0.2
1627.220821901198	200	9.459163883510755	0.0	383025	324.047620352	0.2
1627.5419968106464	200	9.637988974062168	0.0	383025	321.174909449	0.2
1627.862603850747	200	9.817381933961705	0.0	383025	320.6070401	0.2
1628.1832108908475	200	9.996774893861245	0.0	383025	320.6070401	0.2
1628.9999349026104	200	9.680050882098266	0.0	383025	316.724011763	0.2
1629.3254795276455	200	9.854506257063203	0.0	383025	325.5446250350631	0.2
1630.1569922076717	200	9.522993577037004	0.0	383025	331.512680026	0.2
1630.4629284320945	200	9.717057352614411	0.0	383025	305.93622442259465	0.2
1630.7646308066844	200	9.915354978024391	0.0	383025	301.70237459	0.2
1631.313219647658	200	9.617048134560624	0.0	383025	298.3068434637664	0.2
1631.6055733458345	200	9.824694436384032	0.0	383025	292.353698177	0.2
1632.404679737392	200	9.525588044826437	0.0	383025	299.10639155759634	0.2
1632.7104819070796	200	9.71978587513872	0.0	383025	305.8021696877146	0.2
1633.0168577642432	200	9.913410017975266	0.0	383025	306.375857163	0.2
1633.3441102123136	200	9.606743941587563	0.0	383025	306.66607638770313	0.2
1633.673703068543	200	9.77715108535796	0.0	383025	329.59285623	0.2
1634.0032959247726	200	9.947558229128358	0.0	383025	329.59285623	0.2
1634.7622535306734	200	9.617965372898754	0.0	383025	329.59285623	0.2
1635.0552645296857	200	9.824954373886376	0.0	383025	293.0109990123776	0.2
1635.579881583086	200	9.528833731078054	0.0	383025	296.120642808	0.2
1635.8900657671843	200	9.718649546979762	0.0	383025	310.184184098	0.2
1636.206339136281	200	9.90237617788306	0.0	383025	316.27336909670254	0.2
1637.033313668287	200	9.575401645876887	0.0	383025	326.974532006	0.2
1637.3817941089765	200	9.726921205187583	0.0	383025	348.4804406893035	0.2
1637.7308364789744	200	9.87787883518962	0.0	383025	349.042369998	0.2
1638.5798788489724	200	9.528836465191656	0.0	383025	349.042369998	0.2
1638.9286762427093	200	9.680039071454745	0.0	383025	348.7973937369119	0.2
1639.2773535834165	200	9.831361730747686	0.0	383025	348.677340707	0.2
1639.6260309241234	200	9.982684390040626	0.0	383025	348.677340707	0.2
1640.148031452467	200	9.634007049333565	0.0	383025	348.677340707	0.2
1640.4758122336489	200	9.806226268151557	0.0	383025	327.780781182	0.2
1640.803593014831	200	9.978445486969548	0.0	383025	327.780781182	0.2
1641.6273843511328	200	9.654654150667593	0.0	383025	323.7913363019549	0.2
1641.9377318349927	200	9.844306666807826	0.0	383025	310.34748385976707	0.2
1642.4145469953194	200	9.53741089557562	0.0	383025	306.895771232	0.2
1642.7273304871376	200	9.724627403757287	0.0	383025	312.783491818	0.2
1643.0401990200994	200	9.911758870795623	0.0	383025	312.86853296166345	0.2
1643.8576757702774	200	9.594282120617663	0.0	383025	317.476750178	0.2
1644.1726697797894	200	9.7792881111056	0.0	383025	314.9940095120617	0.2
1644.4874252551142	200	9.964532635780785	0.0	383025	314.755475325	0.2
1645.2978738401966	200	9.654084050698202	0.0	383025	310.4485850825824	0.2
1645.6074505109002	200	9.844507379994624	0.0	383025	309.57667070357905	0.2
1646.1628082615962	200	9.533239885484473	0.0	383025	311.26749451	0.2
1646.4794772253035	200	9.716570921777251	0.0	383025	316.668963707	0.2
1646.796182182608	200	9.899865964472683	0.0	383025	316.7049573045676	0.2
1647.2173687588079	200	9.583004793571405	0.0	383025	316.861170901	0.2
1647.5260319927559	200	9.774341559623453	0.0	383025	308.663233948	0.2
1647.8346952267038	200	9.965678325675503	0.0	383025	308.663233948	0.2
1648.6498057354977	200	9.650567816881571	0.0	383025	315.1105087939324	0.2
1648.961593831298	200	9.838779721081291	0.0	383025	311.78809580027854	0.2
1649.5899772521802	200	9.528863268584574	0.0	383025	309.916452497	0.2
1649.8920818254087	200	9.726758695356159	0.0	383025	302.104573228	0.2
1650.19950164759	200	9.919338873174759	0.0	383025	307.4198221814013	0.2
1650.8639913371912	200	9.611089638771821	0.0	383025	308.249234403	0.2
1651.1720830621955	200	9.80299791376774	0.0	383025	308.091725004	0.2
1651.4785216906216	200	9.996559285341595	0.0	383025	306.4386284261457	0.2
1652.0619865526996	200	9.6902123635167	0.0	383025	306.346921825	0.2
1652.359942704854	200	9.892256211362637	0.0	383025	297.956152154	0.2
1652.783901998389	200	9.582813610798691	0.0	383025	309.4426005639451	0.2
1653.103090417123	200	9.763625192064875	0.0	383025	319.1884187338165	0.2
1653.4228740991405	200	9.943841510047177	0.0	383025	319.783682018	0.2
1653.8459301996988	200	9.62405782802948	0.0	383025	319.783682018	0.2
1654.1608766107809	200	9.809111416947395	0.0	383025	314.946411082	0.2
1654.4758230218629	200	9.99416500586531	0.0	383025	314.946411082	0.2
1655.2887232452356	200	9.681264782492685	0.0	383025	312.9002233726261	0.2

