5613.47128846	400	0.5	0.153909154903	181435	153.909154903	-2.67818309807
5613.85529363	1000	0.615994831643	0.0	471531	384.005168357	0.4
5614.2479531	1000	0.723335364011	0.0	482442	392.659467633	1.0
5614.64828889	1000	0.822999578131	0.0	492120	400.33578588	1.0
5615.04885905	1000	0.922429411871	0.0	492120	400.57016626	1.0
5615.44847205	1000	1.02281641164	0.0	490176	399.613000231	1.0
5615.86653574	1000	1.10475271906	0.0	513389	418.063692583	1.0
5616.27186806	1000	1.1994204015	0.0	497055	405.332317554	1.0
5616.69552229	1000	1.27576617327	0.0	520019	423.654228229	1.0
5617.14166031	1000	1.3296281562	0.0	551265	446.138017075	1.0
5617.58489523	1000	1.38639323674	0.0	558332	443.234919457	1.0
5618.01155441	1000	1.45973405421	0.0	536970	426.659182531	1.0
5618.43913028	1000	1.53215818663	0.0	536970	427.575867578	1.0
5618.86744409	1000	1.60384437455	0.0	536970	428.313812083	1.0
5619.2957579	1000	1.67553056247	0.0	536970	428.313812083	1.0
5619.72204041	1000	1.749248056	0.0	536970	426.282506464	1.0
5620.16049163	1000	1.81079683279	0.0	553424	438.451223208	1.0
5620.57501904	1000	1.89626942672	0.0	522960	414.527406075	1.0
5620.98786585	1000	1.98342261611	0.0	522960	412.846810611	1.0
5621.40832585	1000	2.06296261136	0.0	532300	420.460004747	1.0
5621.72510344	200	2.24618502878	0.0	383025	316.777582582	-0.6
5622.04188102	200	2.4294074462	0.0	383025	316.777582582	0.2
5622.3586586	200	2.61262986362	0.0	383025	316.777582582	0.2
5622.67543618	200	2.79585228103	0.0	383025	316.777582582	0.2
5622.98584978	200	2.98543868673	0.0	383025	310.413594301	0.2
5623.28204067	200	3.18924779218	0.0	383025	296.190894548	0.2
5623.57823157	200	3.39305689764	0.0	383025	296.190894548	0.2
5623.88156549	200	3.58972297639	0.0	383025	303.333921245	0.2
5624.19685401	200	3.77443445044	0.0	383025	315.288525949	0.2
5624.51214254	200	3.95914592449	0.0	383025	315.288525949	0.2
5624.82743107	200	4.14385739854	0.0	383025	315.288525949	0.2
5625.14271959	200	4.32856887259	0.0	383025	315.288525949	0.2
5625.46119238	200	4.51009607905	0.0	383025	318.472793542	0.2
5625.77994499	200	4.69134347446	0.0	383025	318.752604589	0.2
5626.09869759	200	4.87259086987	0.0	383025	318.752604589	0.2
5626.4174502	200	5.05383826528	0.0	383025	318.752604589	0.2
5626.72805823	200	5.24323023709	0.0	383025	310.608028193	0.2
5627.03745652	200	5.43383194476	0.0	383025	309.398292328	0.2
5627.34685481	200	5.62443365243	0.0	383025	309.398292328	0.2
5627.65652354	200	5.81476492013	0.0	383025	309.668732308	0.2
5627.97504644	200	5.99624202219	0.0	383025	318.522897936	0.2
5628.29356934	200	6.17771912426	0.0	383025	318.522897936	0.2
5628.61209224	200	6.35919622632	0.0	383025	318.522897936	0.2
5628.93061514	200	6.54067332838	0.0	383025	318.522897936	0.2
5629.25387333	200	6.7174151307	0.0	383025	323.258197679	0.2
5629.5781992	200	6.89308926203	0.0	383025	324.325868671	0.2
5629.90252507	200	7.06876339336	0.0	383025	324.325868671	0.2
5630.22685094	200	7.24443752469	0.0	383025	324.325868671	0.2
5630.55117681	200	7.42011165602	0.0	383025	324.325868671	0.2
5630.8749821	200	7.59630636417	0.0	383025	323.80529185	0.2
5631.1981233	200	7.77316516725	0.0	383025	323.141196919	0.2
5631.52126449	200	7.95002397033	0.0	383025	323.141196919	0.2
5631.84440569	200	8.12688277342	0.0	383025	323.141196919	0.2
5632.16531435	200	8.30597411231	0.0	383025	320.908661104	0.2
5632.48434725	200	8.48694120908	0.0	383025	319.032903228	0.2
5632.80338016	200	8.66790830585	0.0	383025	319.032903228	0.2
5633.12241306	200	8.84887540263	0.0	383025	319.032903228	0.2
5633.44144596	200	9.0298424994	0.0	383025	319.032903228	0.2
5633.7604235	200	9.21086495944	0.0	383025	318.977539957	0.2
5634.07933685	200	9.39195161687	0.0	383025	318.913342572	0.2
5634.39825019	200	9.5730382743	0.0	383025	318.913342572	0.2
5634.71827303	200	9.7530154305	0.0	383025	320.022843793	0.2
5635.04004768	200	9.93124078212	0.0	383025	321.774648385	0.2
5635.86182233	200	9.60946613373	0.0	383025	321.774648385	0.2
5636.18291963	200	9.78836883797	0.0	383025	321.097295763	0.2
5636.50387005	200	9.96741841614	0.0	383025	320.950421831	0.2
5637.32482047	200	9.64646799431	0.0	383025	320.950421831	0.2
5637.6454998	200	9.82578866144	0.0	383025	320.67933287	0.2
5638.46588217	200	9.50540629896	0.0	383025	320.382362475	0.2
5638.78626453	200	9.68502393649	0.0	383025	320.382362475	0.2
5639.10664689	200	9.86464157401	0.0	383025	320.382362475	0.2
5639.93325913	200	9.53802933834	0.0	383025	326.612235674	0.2
5640.26206144	200	9.70922702397	0.0	383025	328.802314373	0.2
5640.59086375	200	9.88042470959	0.0	383025	328.802314373	0.2
5641.13195296	200	9.55162239522	0.0	383025	328.802314373	0.2
5641.45364134	200	9.72993401767	0.0	383025	321.688377554	0.2
5641.77532972	200	9.90824564011	0.0	383025	321.688377554	0.2
5642.22437014	200	9.58655726256	0.0	383025	321.688377554	0.2
5642.54089215	200	9.7700352532	0.0	383025	316.522009365	0.2
5642.85741416	200	9.95351324383	0.0	383025	316.522009365	0.2
5643.67540609	200	9.63552130846	0.0	383025	317.991935372	0.2
5643.9943386	200	9.81658880455	0.0	383025	318.932503908	0.2
5644.3132711	200	9.99765630064	0.0	383025	318.932503908	0.2
5645.13174797	200	9.67917943298	0.0	383025	318.476867664	0.2
5645.44141103	200	9.86951637031	0.0	383025	309.66306267	0.2
5646.14513003	200	9.55985330764	0.0	383025	309.66306267	0.2
5646.45482127	200	9.7501620617	0.0	383025	309.691245935	0.2
5646.76451252	200	9.94047081577	0.0	383025	309.691245935	0.2
5647.58500914	200	9.61997419664	0.0	383025	320.496619126	0.2
5647.90613781	200	9.79884552123	0.0	383025	321.128675417	0.2
5648.22936793	200	9.97561540418	0.0	383025	323.230117042	0.2
5649.05665353	200	9.64832980634	0.0	383025	327.285597846	0.2
5649.38393913	200	9.82104420849	0.0	383025	327.285597846	0.2
5649.71122472	200	9.99375861065	0.0	383025	327.285597846	0.2
5650.49594654	200	9.6664730128	0.0	383025	327.285597846	0.2
5650.82395222	200	9.83846733237	0.0	383025	328.00568043	0.2
5651.6519579	200	9.51046165194	0.0	383025	328.00568043	0.2
5651.97876768	200	9.6836518779	0.0	383025	326.809774043	0.2
5652.2946822	200	9.86773735786	0.0	383025	315.914520038	0.2
5653.11059672	200	9.55182283782	0.0	383025	315.914520038	0.2
5653.42651124	200	9.73590831778	0.0	383025	315.914520038	0.2
5653.73843326	200	9.92398629626	0.0	383025	311.922021524	0.2
5654.54912639	200	9.61329316648	0.0	383025	310.693129783	0.2
5654.86436427	200	9.79805528393	0.0	383025	315.23788255	0.2
5655.1809654	200	9.9814541489	0.0	383025	316.601135025	0.2
5655.57662278	200	9.66485301388	0.0	383025	316.601135025	0.2
5655.902322	200	9.83915379302	0.0	383025	325.699220857	0.2
5656.72802122	200	9.51345457216	0.0	383025	325.699220857	0.2
5657.05372044	200	9.68775535131	0.0	383025	325.699220857	0.2
5657.37919202	200	9.86228376627	0.0	383025	325.47158504	0.2
5658.20389109	200	9.53758470283	0.0	383025	324.699063435	0.2
5658.52859015	200	9.7128856394	0.0	383025	324.699063435	0.2
5658.85328921	200	9.88818657596	0.0	383025	324.699063435	0.2
5659.67464312	200	9.56683267239	0.0	383025	321.353903572	0.2
5659.99234373	200	9.74913205895	0.0	383025	317.700613442	0.2
5660.31004434	200	9.9314314455	0.0	383025	317.700613442	0.2
5661.12215554	200	9.61932024577	0.0	383025	312.111199734	0.2
5661.43052075	200	9.81095504505	0.0	383025	308.365200721	0.2
5661.7506774	200	9.99079838847	0.0	383025	320.15665658	0.2
5662.57083406	200	9.67064173189	0.0	383025	320.15665658	0.2

