6249.58737712	400	0.5	0.16113796438	181435	161.13796438	-2.82275928761
6249.99016922	1000	0.597207895487	0.0	471531	402.792104513	0.4
6250.40205034	1000	0.685326771054	0.0	482442	411.881124434	1.0
6250.82199338	1000	0.765383733432	0.0	492120	419.943037622	1.0
6251.24193642	1000	0.84544069581	0.0	492120	419.943037622	1.0
6251.66026008	1000	0.927117038147	0.0	490176	418.323657663	1.0
6252.0979205	1000	0.989456617637	0.0	513389	437.66042051	1.0
6252.5260727	1000	1.06130441026	0.0	497055	428.152207379	1.0
6252.97506264	1000	1.11231447706	0.0	520019	448.989933201	1.0
6253.45042984	1000	1.13694727792	0.0	551265	475.367199133	1.0
6253.93176286	1000	1.15561425474	0.0	558332	481.333023185	1.0
6254.3950625	1000	1.19231461678	0.0	536970	463.299637957	1.0
6254.84995351	1000	1.23742360936	0.0	536970	454.891007424	1.0
6255.30301021	1000	1.28436690185	0.0	536970	453.056707507	1.0
6255.75606692	1000	1.33131019434	0.0	536970	453.056707507	1.0
6256.20912363	1000	1.37825348684	0.0	536970	453.056707507	1.0
6256.67575662	1000	1.41162049934	0.0	553424	466.632987495	1.0
6257.11722636	1000	1.47015075169	0.0	522960	441.469747656	1.0
6257.54713825	1000	1.54023886632	0.0	522960	429.911885364	1.0
6257.98454971	1000	1.60282740736	0.0	532300	437.411458963	1.0
6258.39843788	1000	1.68893923621	0.0	503004	413.888171152	1.0
6258.79537124	1000	1.79200587339	0.0	481782	396.933362816	1.0
6259.19232969	1000	1.89504742402	0.0	481782	396.958449377	1.0
6259.61239568	1000	1.9749814393	0.0	510552	420.065984712	1.0
6260.05368011	1000	2.03369700244	0.0	536970	441.284436866	1.0
6260.37120898	200	2.21616813563	0.0	383025	317.528866808	-0.6
6260.68660809	200	2.40076902016	0.0	383025	315.399115473	0.2
6261.00200721	200	2.58536990468	0.0	383025	315.399115473	0.2
6261.31740633	200	2.76997078921	0.0	383025	315.399115473	0.2
6261.63284563	200	2.95453148596	0.0	383025	315.439303254	0.2
6261.94831053	200	3.13906658521	0.0	383025	315.464900748	0.2
6262.26377543	200	3.32360168446	0.0	383025	315.464900748	0.2
6262.57924033	200	3.50813678371	0.0	383025	315.464900748	0.2
6262.89115823	200	3.69621888353	0.0	383025	311.917900179	0.2
6263.2025873	200	3.88478981744	0.0	383025	311.429066092	0.2
6263.51401636	200	4.07336075135	0.0	383025	311.429066092	0.2
6263.82544543	200	4.26193168526	0.0	383025	311.429066092	0.2
6264.13680741	200	4.4505697076	0.0	383025	311.361977657	0.2
6264.44811796	200	4.63925915397	0.0	383025	311.310553632	0.2
6264.75942851	200	4.82794860034	0.0	383025	311.310553632	0.2
6265.07073907	200	5.0166380467	0.0	383025	311.310553632	0.2
6265.38216438	200	5.20521273395	0.0	383025	311.425312751	0.2
6265.69387789	200	5.39349922072	0.0	383025	311.713513227	0.2
6266.00559141	200	5.5817857075	0.0	383025	311.713513227	0.2
6266.31730492	200	5.77007219427	0.0	383025	311.713513227	0.2
6266.62916661	200	5.95821050729	0.0	383025	311.861686982	0.2
6266.94437845	200	6.14299866872	0.0	383025	315.211838573	0.2
6267.25959028	200	6.32778683014	0.0	383025	315.211838573	0.2
6267.57480212	200	6.51257499157	0.0	383025	315.211838573	0.2
6267.88770449	200	6.69967262462	0.0	383025	312.902366951	0.2
6268.19336186	200	6.89401525415	0.0	383025	305.65737047	0.2
6268.49901923	200	7.08835788368	0.0	383025	305.65737047	0.2
6268.8046766	200	7.28270051321	0.0	383025	305.65737047	0.2
6269.11272083	200	7.47465628308	0.0	383025	308.04423013	0.2
6269.42456334	200	7.66281377236	0.0	383025	311.842510722	0.2
6269.73640585	200	7.85097126164	0.0	383025	311.842510722	0.2
6270.04824836	200	8.03912875091	0.0	383025	311.842510722	0.2
6270.35703374	200	8.23034337558	0.0	383025	308.785375336	0.2
6270.66142562	200	8.4259514964	0.0	383025	304.391879179	0.2
6270.9658175	200	8.62155961722	0.0	383025	304.391879179	0.2
6271.27020938	200	8.81716773804	0.0	383025	304.391879179	0.2
6271.57926843	200	9.0081086893	0.0	383025	309.059048736	0.2
6271.89025448	200	9.19712263422	0.0	383025	310.986055085	0.2
6272.20124054	200	9.38613657913	0.0	383025	310.986055085	0.2
6272.51077847	200	9.57659864327	0.0	383025	309.537935864	0.2
6272.81602852	200	9.77134859476	0.0	383025	305.25004851	0.2
6273.12127857	200	9.96609854625	0.0	383025	305.25004851	0.2
6273.80681803	200	9.66084849774	0.0	383025	305.25004851	0.2
6274.10793267	200	9.85973385489	0.0	383025	301.114642846	0.2
6274.9124449	200	9.5552216276	0.0	383025	304.512227289	0.2
6275.22554573	200	9.74212079068	0.0	383025	313.100836928	0.2
6275.53864657	200	9.92901995375	0.0	383025	313.100836928	0.2
6276.35053117	200	9.61713535391	0.0	383025	311.884599843	0.2
6276.66169559	200	9.80597093771	0.0	383025	311.1644162	0.2
6276.97243974	200	9.99522678419	0.0	383025	310.744153513	0.2
6277.78318389	200	9.68448263068	0.0	383025	310.744153513	0.2
6278.09372704	200	9.87393948119	0.0	383025	310.543149488	0.2
6278.63185755	200	9.56347339076	0.0	383025	310.466090427	0.2
6278.93711607	200	9.75821487283	0.0	383025	305.25851793	0.2
6279.24237459	200	9.9529563549	0.0	383025	305.25851793	0.2
6280.04899823	200	9.64633271378	0.0	383025	306.623641121	0.2
6280.35598338	200	9.83934756769	0.0	383025	306.985146098	0.2
6281.16164159	200	9.53368935164	0.0	383025	305.658216044	0.2
6281.46690419	200	9.72842676031	0.0	383025	305.262591336	0.2
6281.77026556	200	9.92506538933	0.0	383025	303.361370973	0.2
6282.5721862	200	9.62314474396	0.0	383025	301.920645378	0.2
6282.87044174	200	9.82488920613	0.0	383025	298.255537827	0.2
6283.3531509	200	9.52665903897	0.0	383025	298.230167156	0.2
6283.66433496	200	9.71547497519	0.0	383025	311.184063782	0.2
6283.97534686	200	9.90446308275	0.0	383025	311.011892446	0.2
6284.78345289	200	9.59635704882	0.0	383025	308.106033921	0.2
6285.09155892	200	9.7882510149	0.0	383025	308.106033921	0.2
6285.40837114	200	9.97143879473	0.0	383025	316.812220173	0.2
6286.23259818	200	9.64721175318	0.0	383025	324.227041555	0.2
6286.55682523	200	9.82298471162	0.0	383025	324.227041555	0.2
6286.88105227	200	9.99875767007	0.0	383025	324.227041555	0.2
6287.69188667	200	9.67453062851	0.0	383025	324.227041555	0.2
6288.01558794	200	9.85082936539	0.0	383025	323.701263121	0.2
6288.36329894	200	9.52712810227	0.0	383025	323.701263121	0.2
6288.69559718	200	9.69482986058	0.0	383025	332.298241694	0.2
6289.02789542	200	9.86253161888	0.0	383025	332.298241694	0.2
6289.86019366	200	9.53023337719	0.0	383025	332.298241694	0.2
6290.1924919	200	9.6979351355	0.0	383025	332.298241694	0.2
6290.52482829	200	9.86559875446	0.0	383025	332.33638104	0.2
6291.35936105	200	9.53106599419	0.0	383025	334.532760265	0.2
6291.69389381	200	9.69653323392	0.0	383025	334.532760265	0.2
6292.02842657	200	9.86200047366	0.0	383025	334.532760265	0.2
6292.86295933	200	9.52746771339	0.0	383025	334.532760265	0.2
6293.19749209	200	9.69293495313	0.0	383025	334.532760265	0.2
6293.53178528	200	9.85864175569	0.0	383025	334.29319744	0.2
6294.36507878	200	9.52534825834	0.0	383025	333.293497353	0.2
6294.69837228	200	9.69205476098	0.0	383025	333.293497353	0.2
6295.03166578	200	9.85876126363	0.0	383025	333.293497353	0.2
6295.86495927	200	9.52546776628	0.0	383025	333.293497353	0.2
6296.19602314	200	9.69440390269	0.0	383025	331.063863588	0.2
6296.52372726	200	9.86669978004	0.0	383025	327.704122648	0.2
6297.35143138	200	9.53899565739	0.0	383025	327.704122648	0.2
6297.67913551	200	9.71129153474	0.0	383025	327.704122648	0.2
6298.00683963	200	9.8835874121	0.0	383025	327.704122648	0.2
6298.64979827	200	9.55588328945	0.0	383025	327.704122648	0.2

