3996.08787529	400	0.5	0.155357294623	181435	155.357294623	-2.70714589246
3996.47564403	1000	0.612231264691	0.0	471531	387.768735309	0.4
3996.87215415	1000	0.715721142981	0.0	482442	396.51012171	1.0
3997.27641784	1000	0.811457457199	0.0	492120	404.263685782	1.0
3997.68241077	1000	0.905464520526	0.0	492120	405.992936673	1.0
3998.09921667	1000	0.98865862422	0.0	490176	416.805896306	1.0
3998.53528745	1000	1.05258784087	0.0	513389	436.070783348	1.0
3998.95780235	1000	1.13007293849	0.0	497055	422.514902378	1.0
3999.39505077	1000	1.19282452152	0.0	520019	437.248416978	1.0
3999.83296155	1000	1.25491374606	0.0	551265	437.910775454	1.0
4000.27635797	1000	1.31151732314	0.0	558332	443.39642292	1.0
4000.70317248	1000	1.38470281633	0.0	536970	426.814506808	1.0
4001.14407991	1000	1.44379538738	0.0	536970	440.907428958	1.0
4001.59132839	1000	1.49654690642	0.0	536970	447.24848096	1.0
4002.03857687	1000	1.54929842546	0.0	536970	447.24848096	1.0
4002.48988635	1000	1.59798894718	0.0	536970	451.309478278	1.0
4002.95805479	1000	1.62982049986	0.0	553424	468.168447318	1.0
4003.40100272	1000	1.68687257709	0.0	522960	442.947922767	1.0
4003.84395064	1000	1.74392465433	0.0	522960	442.947922767	1.0
4004.29463096	1000	1.79324433597	0.0	532300	450.680318359	1.0
4004.71451105	1000	1.87336423949	0.0	503004	419.880096476	1.0
4005.10951902	1000	1.97835627189	0.0	481782	395.007967604	1.0
4005.50452699	1000	2.08334830428	0.0	481782	395.007967604	1.0
4005.82222867	200	2.26564662514	0.0	383025	317.70167914	-0.6
4006.14015902	200	2.44771627493	0.0	383025	317.930350209	0.2
4006.45808937	200	2.62978592472	0.0	383025	317.930350209	0.2
4006.77601459	200	2.81186070335	0.0	383025	317.92522137	0.2
4007.09392007	200	2.99395522373	0.0	383025	317.905479625	0.2
4007.41182555	200	3.1760497441	0.0	383025	317.905479625	0.2
4007.72973103	200	3.35814426448	0.0	383025	317.905479625	0.2
4008.04763651	200	3.54023878485	0.0	383025	317.905479625	0.2
4008.36286222	200	3.7250130704	0.0	383025	315.225714454	0.2
4008.67625947	200	3.91161582319	0.0	383025	313.397247211	0.2
4008.98965672	200	4.09821857598	0.0	383025	313.397247211	0.2
4009.30305396	200	4.28482132877	0.0	383025	313.397247211	0.2
4009.61401446	200	4.47386083647	0.0	383025	310.960492298	0.2
4009.92144635	200	4.66642893946	0.0	383025	307.431897012	0.2
4010.22887825	200	4.85899704244	0.0	383025	307.431897012	0.2
4010.53631015	200	5.05156514543	0.0	383025	307.431897012	0.2
4010.84673629	200	5.2411390081	0.0	383025	310.426137327	0.2
4011.15801978	200	5.42985551139	0.0	383025	311.283496711	0.2
4011.46930328	200	5.61857201468	0.0	383025	311.283496711	0.2
4011.78677834	200	5.8010969545	0.0	383025	317.47506018	0.2
4012.10916096	200	5.97871433558	0.0	383025	322.382618922	0.2
4012.43154358	200	6.15633171666	0.0	383025	322.382618922	0.2
4012.7539262	200	6.33394909774	0.0	383025	322.382618922	0.2
4013.07630881	200	6.51156647881	0.0	383025	322.382618922	0.2
4013.39827579	200	6.68959950486	0.0	383025	321.966973958	0.2
4013.71915167	200	6.8687236195	0.0	383025	320.87588536	0.2
4014.04002756	200	7.04784773414	0.0	383025	320.87588536	0.2
4014.36090344	200	7.22697184878	0.0	383025	320.87588536	0.2
4014.68177933	200	7.40609596342	0.0	383025	320.87588536	0.2
4014.98893811	200	7.59893717936	0.0	383025	307.158784056	0.2
4015.29044283	200	7.7974324607	0.0	383025	301.504718663	0.2
4015.59194755	200	7.99592774203	0.0	383025	301.504718663	0.2
4015.8950107	200	8.19286459769	0.0	383025	303.063144342	0.2
4016.20061053	200	8.38726476687	0.0	383025	305.599830823	0.2
4016.50621036	200	8.58166493605	0.0	383025	305.599830823	0.2
4016.81050773	200	8.77736756751	0.0	383025	304.297368533	0.2
4017.11334353	200	8.97453176745	0.0	383025	302.835800063	0.2
4017.41617933	200	9.17169596739	0.0	383025	302.835800063	0.2
4017.72063601	200	9.36723927954	0.0	383025	304.456687846	0.2
4018.03187318	200	9.55600211268	0.0	383025	311.237166864	0.2
4018.34311035	200	9.74476494581	0.0	383025	311.237166864	0.2
4018.65434751	200	9.93352777895	0.0	383025	311.237166864	0.2
4019.4715708	200	9.61630449642	0.0	383025	317.223282532	0.2
4019.79089183	200	9.79698346299	0.0	383025	319.321033423	0.2
4020.11021286	200	9.97766242957	0.0	383025	319.321033423	0.2
4020.92514331	200	9.66273198331	0.0	383025	314.930446264	0.2
4021.2352586	200	9.85261668963	0.0	383025	310.115293673	0.2
4022.04183505	200	9.54604023928	0.0	383025	306.576450352	0.2
4022.34630266	200	9.74157262836	0.0	383025	304.467610916	0.2
4022.64859221	200	9.93928308514	0.0	383025	302.289543223	0.2
4023.44914141	200	9.63873388196	0.0	383025	300.549203177	0.2
4023.742665	200	9.84521028858	0.0	383025	293.523593387	0.2
4024.22516785	200	9.55403232004	0.0	383025	291.177968538	0.2
4024.53031669	200	9.74888348324	0.0	383025	305.148836801	0.2
4024.83546553	200	9.94373464644	0.0	383025	305.148836801	0.2
4025.63738583	200	9.63858580964	0.0	383025	305.148836801	0.2
4025.95356877	200	9.82240287015	0.0	383025	316.182939489	0.2
4026.61888906	200	9.50621993066	0.0	383025	316.182939489	0.2
4026.94290734	200	9.68220165224	0.0	383025	324.018278415	0.2
4027.26692562	200	9.85818337383	0.0	383025	324.018278415	0.2
4027.81213615	200	9.53416509541	0.0	383025	324.018278415	0.2
4028.14243073	200	9.70387052143	0.0	383025	330.294573986	0.2
4028.4727253	200	9.87357594744	0.0	383025	330.294573986	0.2
4029.23509585	200	9.54328137346	0.0	383025	330.294573986	0.2
4029.56956759	200	9.70880963911	0.0	383025	334.471734345	0.2
4029.90403932	200	9.87433790477	0.0	383025	334.471734345	0.2
4030.73851106	200	9.53986617042	0.0	383025	334.471734345	0.2
4031.07298279	200	9.70539443608	0.0	383025	334.471734345	0.2
4031.40745453	200	9.87092270173	0.0	383025	334.471734345	0.2
4032.23852369	200	9.53985354241	0.0	383025	331.069159319	0.2
4032.56715104	200	9.71122618309	0.0	383025	328.627359325	0.2
4032.8957784	200	9.88259882376	0.0	383025	328.627359325	0.2
4033.33579162	200	9.55397146444	0.0	383025	328.627359325	0.2
4033.66925748	200	9.72050560933	0.0	383025	333.465855107	0.2
4034.00272333	200	9.88703975422	0.0	383025	333.465855107	0.2
4034.83618919	200	9.55357389912	0.0	383025	333.465855107	0.2
4035.16965504	200	9.72010804401	0.0	383025	333.465855107	0.2
4035.49767595	200	9.89208713161	0.0	383025	328.020912405	0.2
4036.3207026	200	9.56906048492	0.0	383025	323.026646691	0.2
4036.64372925	200	9.74603383822	0.0	383025	323.026646691	0.2
4036.96694521	200	9.92281788028	0.0	383025	323.215957945	0.2
4037.79018173	200	9.59958135414	0.0	383025	323.236526144	0.2
4038.11341826	200	9.77634482799	0.0	383025	323.236526144	0.2
4038.43938996	200	9.95037312765	0.0	383025	325.971700342	0.2
4039.26825382	200	9.62150926332	0.0	383025	328.863864335	0.2
4039.59711769	200	9.79264539898	0.0	383025	328.863864335	0.2
4039.92598155	200	9.96378153464	0.0	383025	328.863864335	0.2
4040.74874701	200	9.64101607222	0.0	383025	322.765462421	0.2
4041.06000344	200	9.82975964881	0.0	383025	311.256423413	0.2
4041.77811403	200	9.5185032254	0.0	383025	311.256423413	0.2
4042.08389584	200	9.71272141443	0.0	383025	305.781810966	0.2
4042.38955929	200	9.90705795836	0.0	383025	305.663456069	0.2
4043.19442988	200	9.60218737274	0.0	383025	304.870585628	0.2
4043.50258457	200	9.79403267893	0.0	383025	308.154693807	0.2
4043.812345	200	9.98427225051	0.0	383025	309.760428421	0.2
4044.34295097	200	9.67451182209	0.0	383025	309.760428421	0.2
4044.65960545	200	9.85785734268	0.0	383025	316.654479405	0.2

