2745.05840219	400	0.5	0.154124363433	181435	154.124363433	-2.68248726866
2745.44296666	1000	0.615435526696	0.0	471531	384.564473304	0.4
2745.83619838	1000	0.722203812069	0.0	482442	393.231714627	1.0
2746.2380756	1000	0.820326592832	0.0	492120	401.877219237	1.0
2746.64053681	1000	0.91786538171	0.0	492120	402.461211121	1.0
2747.04986186	1000	1.00854033387	0.0	490176	409.325047844	1.0
2747.47818267	1000	1.08021951791	0.0	513389	428.320815959	1.0
2747.90447872	1000	1.15392346649	0.0	497055	426.296051419	1.0
2748.36650881	1000	1.19189337973	0.0	520019	462.03008676	1.0
2748.8556997	1000	1.2027024929	0.0	551265	489.190886829	1.0
2749.35451486	1000	1.20388732965	0.0	558332	498.815163247	1.0
2749.83953828	1000	1.21886391489	0.0	536970	485.02341476	1.0
2750.32456169	1000	1.23384050013	0.0	536970	485.02341476	1.0
2750.8095851	1000	1.24881708537	0.0	536970	485.02341476	1.0
2751.29462935	1000	1.26377284128	0.0	536970	485.044244091	1.0
2751.80955234	1000	1.24884984635	0.0	536970	514.922994926	1.0
2752.33994734	1000	1.21845484562	0.0	553424	530.395000734	1.0
2752.84169647	1000	1.21670571731	0.0	522960	501.749128306	1.0
2753.3434456	1000	1.21495658901	0.0	522960	501.749128306	1.0
2753.85397731	1000	1.20442488296	0.0	532300	510.531706053	1.0
2754.33696143	1000	1.22144075695	0.0	503004	482.984126003	1.0
2754.76361255	1000	1.29478964244	0.0	481782	426.651114518	1.0
2755.17444156	1000	1.38396062558	0.0	481782	410.829016853	1.0
2755.61679255	1000	1.44160963654	0.0	510552	442.35098904	1.0
2756.0886037	1000	1.46979848986	0.0	536970	471.811146685	1.0
2756.56041485	1000	1.49798734317	0.0	536970	471.811146685	1.0
2757.03645261	1000	1.52194958058	0.0	536970	476.037762591	1.0
2757.51646679	1000	1.54193539781	0.0	536970	480.01418277	1.0
2757.99648097	1000	1.56192121504	0.0	536970	480.01418277	1.0
2758.50506767	1000	1.55333452316	0.0	573990	508.586691886	1.0
2759.00225579	1000	1.55614640015	0.0	586715	497.188123004	1.0
2759.47000744	1000	1.58839474794	0.0	551265	467.751652212	1.0
2759.92248731	1000	1.63591487645	0.0	551265	452.479871491	1.0
2760.37577142	1000	1.68263077182	0.0	551265	453.284104629	1.0
2760.83778546	1000	1.72061672828	0.0	551265	462.014043544	1.0
2761.29979951	1000	1.75860268473	0.0	551265	462.014043544	1.0
2761.74658853	1000	1.81181365954	0.0	551265	446.789025194	1.0
2762.17577711	1000	1.88262507624	0.0	527825	429.188583297	1.0
2762.58782964	1000	1.97057255357	0.0	498375	412.052522671	1.0
2762.94842912	1000	2.10997307308	0.0	434595	360.599480492	1.0
2763.26651013	200	2.2918920627	0.0	383025	318.081010378	-0.6
2763.58411409	200	2.47428809998	0.0	383025	317.60396272	0.2
2763.90048337	200	2.65791882045	0.0	383025	316.369279529	0.2
2764.21245578	200	2.84594641421	0.0	383025	311.972406246	0.2
2764.52442818	200	3.03397400796	0.0	383025	311.972406246	0.2
2764.83116372	200	3.22723846533	0.0	383025	306.735542633	0.2
2765.13394857	200	3.42445361715	0.0	383025	302.784848177	0.2
2765.43904617	200	3.61935601812	0.0	383025	305.09759903	0.2
2765.7478524	200	3.81054979484	0.0	383025	308.806223277	0.2
2766.05665862	200	4.00174357157	0.0	383025	308.806223277	0.2
2766.36687982	200	4.1915223683	0.0	383025	310.221203261	0.2
2766.67724513	200	4.38115705652	0.0	383025	310.36531178	0.2
2766.98866111	200	4.56974107525	0.0	383025	311.415981271	0.2
2767.30010229	200	4.75829990406	0.0	383025	311.441171193	0.2
2767.61130845	200	4.94709373935	0.0	383025	311.206164706	0.2
2767.92151257	200	5.13688961928	0.0	383025	310.20412007	0.2
2768.23398358	200	5.32441861138	0.0	383025	312.471007906	0.2
2768.5491392	200	5.50926299156	0.0	383025	315.15561982	0.2
2768.86589089	200	5.69251129984	0.0	383025	316.751691722	0.2
2769.18916171	200	5.86924048076	0.0	383025	323.270819077	0.2
2769.51243253	200	6.04596966168	0.0	383025	323.270819077	0.2
2769.83436275	200	6.22403943964	0.0	383025	321.930222038	0.2
2770.149467	200	6.4089351855	0.0	383025	315.104254143	0.2
2770.46457126	200	6.59383093136	0.0	383025	315.104254143	0.2
2770.77863339	200	6.77976880133	0.0	383025	314.062130032	0.2
2771.08887576	200	6.96952642803	0.0	383025	310.2423733	0.2
2771.39911814	200	7.15928405473	0.0	383025	310.2423733	0.2
2771.71234605	200	7.34605613724	0.0	383025	313.227917485	0.2
2772.02675606	200	7.53164612837	0.0	383025	314.410008868	0.2
2772.34115957	200	7.71724261718	0.0	383025	314.403511197	0.2
2772.65549602	200	7.90290616987	0.0	383025	314.336447307	0.2
2772.96904657	200	8.08935562297	0.0	383025	313.550546902	0.2
2773.28131319	200	8.27708899892	0.0	383025	312.266624048	0.2
2773.59357982	200	8.46482237487	0.0	383025	312.266624048	0.2
2773.90457767	200	8.6538245206	0.0	383025	310.997854268	0.2
2774.21413531	200	8.84426687609	0.0	383025	309.557644515	0.2
2774.52369296	200	9.03470923157	0.0	383025	309.557644515	0.2
2774.84023632	200	9.2181658681	0.0	383025	316.543363473	0.2
2775.15893315	200	9.39946904089	0.0	383025	318.696827208	0.2
2775.47748083	200	9.58092135826	0.0	383025	318.547682635	0.2
2775.79545092	200	9.76295126741	0.0	383025	317.970090846	0.2
2776.11342101	200	9.94498117656	0.0	383025	317.970090846	0.2
2776.92708346	200	9.63131873025	0.0	383025	313.662446316	0.2
2777.23137569	200	9.82702650182	0.0	383025	304.292228424	0.2
2777.91391275	200	9.52430697387	0.0	383025	302.719527958	0.2
2778.2272872	200	9.71093252026	0.0	383025	313.374453605	0.2
2778.54062078	200	9.89759894532	0.0	383025	313.333574939	0.2
2778.9634567	200	9.5844437305	0.0	383025	313.155214818	0.2
2779.27539063	200	9.77250979859	0.0	383025	311.933931918	0.2
2779.58732457	200	9.96057586667	0.0	383025	311.933931918	0.2
2780.39962635	200	9.64827408207	0.0	383025	312.3017846	0.2
2780.71898481	200	9.82891562025	0.0	383025	319.358461814	0.2
2781.28359864	200	9.50921318315	0.0	383025	319.702437108	0.2
2781.59476249	200	9.69804933407	0.0	383025	311.163849078	0.2
2781.90591712	200	9.88689470414	0.0	383025	311.154629931	0.2
2782.40539206	200	9.57577214774	0.0	383025	311.122556393	0.2
2782.71925966	200	9.76190455019	0.0	383025	313.867597549	0.2
2783.03312726	200	9.94803695265	0.0	383025	313.867597549	0.2
2783.84771503	200	9.63344918388	0.0	383025	314.58776877	0.2
2784.16266049	200	9.81850371713	0.0	383025	314.945466747	0.2
2784.66815627	200	9.50356624905	0.0	383025	314.937468079	0.2
2784.9724802	200	9.69924231198	0.0	383025	304.323937074	0.2
2785.27579821	200	9.89592430719	0.0	383025	303.318004783	0.2
2785.81722394	200	9.5943114819	0.0	383025	301.612825293	0.2
2786.12873793	200	9.78279749746	0.0	383025	311.513984436	0.2
2786.44046819	200	9.97106723652	0.0	383025	311.730260942	0.2
2786.82052468	200	9.6575676086	0.0	383025	313.499627923	0.2
2787.13004527	200	9.8480470149	0.0	383025	309.520593695	0.2
2787.91516385	200	9.53852642121	0.0	383025	309.520593695	0.2
2788.22319227	200	9.73049800887	0.0	383025	308.028412335	0.2
2788.53664003	200	9.91705024049	0.0	383025	313.447768379	0.2
2789.1706098	200	9.60360247212	0.0	383025	313.447768379	0.2
2789.48385489	200	9.79035738139	0.0	383025	313.245090721	0.2
2789.79514556	200	9.97906671245	0.0	383025	311.290668945	0.2
2790.37067689	200	9.66882990717	0.0	383025	310.236805278	0.2
2790.67999808	200	9.85950871545	0.0	383025	309.321191719	0.2
2791.49371891	200	9.54578788454	0.0	383025	313.720830912	0.2
2791.80765357	200	9.73185322128	0.0	383025	313.934663255	0.2
2792.11586791	200	9.92363888146	0.0	383025	308.214339827	0.2
2792.84278224	200	9.61542454163	0.0	383025	308.214339827	0.2

