4389.02998333	400	0.5	0.158685636094	181435	158.685636094	-2.77371272188
4389.42640208	1000	0.603581245774	0.0	471531	396.418754226	0.4
4389.83176238	1000	0.698220947881	0.0	482442	405.360297894	1.0
4390.24505378	1000	0.784929547465	0.0	492120	413.291400416	1.0
4390.65834518	1000	0.871638147049	0.0	492120	413.291400416	1.0
4391.07004348	1000	0.959939850921	0.0	490176	411.698296128	1.0
4391.50076478	1000	1.02921854561	0.0	513389	430.721305308	1.0
4391.91586019	1000	1.11412313272	0.0	497055	415.095412897	1.0
4392.34503629	1000	1.18494703847	0.0	520019	429.17609425	1.0
4392.79939911	1000	1.23058421788	0.0	551265	454.362820583	1.0
4393.25945849	1000	1.2705248411	0.0	558332	460.059376782	1.0
4393.70517683	1000	1.32480649171	0.0	536970	445.71834939	1.0
4394.15341023	1000	1.37657309361	0.0	536970	448.233398096	1.0
4394.60164363	1000	1.42833969552	0.0	536970	448.233398096	1.0
4395.04987703	1000	1.48010629742	0.0	536970	448.233398096	1.0
4395.49811043	1000	1.53187289933	0.0	536970	448.233398096	1.0
4395.95977231	1000	1.57021101858	0.0	553424	461.661880752	1.0
4396.40555443	1000	1.62442890051	0.0	522960	445.782118069	1.0
4396.8523047	1000	1.67767862446	0.0	522960	446.750276049	1.0
4397.30685528	1000	1.72312804326	0.0	532300	454.550581194	1.0
4397.7369393	1000	1.79304402947	0.0	503004	430.084013794	1.0
4398.14929975	1000	1.88068357839	0.0	481782	412.360451078	1.0
4398.56126419	1000	1.96871913994	0.0	481782	411.964438448	1.0
4398.98935945	1000	2.04062387604	0.0	510552	428.095263902	1.0
4399.3130218	200	2.2169615293	0.0	383025	323.662346746	-0.6
4399.63668414	200	2.39329918255	0.0	383025	323.662346746	0.2
4399.96034649	200	2.5696368358	0.0	383025	323.662346746	0.2
4400.28400884	200	2.74597448906	0.0	383025	323.662346746	0.2
4400.60767118	200	2.92231214231	0.0	383025	323.662346746	0.2
4400.93133353	200	3.09864979556	0.0	383025	323.662346746	0.2
4401.25333352	200	3.27664980694	0.0	383025	321.999988626	0.2
4401.56881009	200	3.46117323586	0.0	383025	315.476571078	0.2
4401.88428666	200	3.64569666478	0.0	383025	315.476571078	0.2
4402.19976323	200	3.8302200937	0.0	383025	315.476571078	0.2
4402.51339975	200	4.01658357676	0.0	383025	313.636516946	0.2
4402.82434119	200	4.2056421371	0.0	383025	310.94143966	0.2
4403.13528263	200	4.39470069744	0.0	383025	310.94143966	0.2
4403.44622407	200	4.58375925778	0.0	383025	310.94143966	0.2
4403.75995494	200	4.77002838892	0.0	383025	313.730868861	0.2
4404.07461295	200	4.95537037389	0.0	383025	314.658015028	0.2
4404.38927097	200	5.14071235886	0.0	383025	314.658015028	0.2
4404.70392898	200	5.32605434383	0.0	383025	314.658015028	0.2
4405.018587	200	5.51139632881	0.0	383025	314.658015028	0.2
4405.33582042	200	5.69416290811	0.0	383025	317.233420692	0.2
4405.65479077	200	5.87519255918	0.0	383025	318.970348936	0.2
4405.97376112	200	6.05622221024	0.0	383025	318.970348936	0.2
4406.29273147	200	6.23725186131	0.0	383025	318.970348936	0.2
4406.61170181	200	6.41828151237	0.0	383025	318.970348936	0.2
4406.93067216	200	6.59931116343	0.0	383025	318.970348936	0.2
4407.2449942	200	6.78498912269	0.0	383025	314.322040741	0.2
4407.55818151	200	6.97180181638	0.0	383025	313.187306315	0.2
4407.87136882	200	7.15861451006	0.0	383025	313.187306315	0.2
4408.18455612	200	7.34542720375	0.0	383025	313.187306315	0.2
4408.49774343	200	7.53223989743	0.0	383025	313.187306315	0.2
4408.82000896	200	7.70997436223	0.0	383025	322.265535204	0.2
4409.14269934	200	7.88728398676	0.0	383025	322.690375471	0.2
4409.46538972	200	8.06459361129	0.0	383025	322.690375471	0.2
4409.78808009	200	8.24190323582	0.0	383025	322.690375471	0.2
4410.11077047	200	8.41921286034	0.0	383025	322.690375471	0.2
4410.42722151	200	8.60276181506	0.0	383025	316.451045289	0.2
4410.74026137	200	8.789721954	0.0	383025	313.039861053	0.2
4411.05330123	200	8.97668209295	0.0	383025	313.039861053	0.2
4411.36634109	200	9.1636422319	0.0	383025	313.039861053	0.2
4411.67938096	200	9.35060237084	0.0	383025	313.039861053	0.2
4411.99362986	200	9.53635346216	0.0	383025	314.248908682	0.2
4412.30840516	200	9.72157817015	0.0	383025	314.775292009	0.2
4412.62318045	200	9.90680287814	0.0	383025	314.775292009	0.2
4413.12461374	200	9.59202758613	0.0	383025	314.775292009	0.2
4413.45000678	200	9.76663454818	0.0	383025	325.393037958	0.2
4413.77539982	200	9.94124151022	0.0	383025	325.393037958	0.2
4414.60079286	200	9.61584847226	0.0	383025	325.393037958	0.2
4414.92618589	200	9.7904554343	0.0	383025	325.393037958	0.2
4415.25157893	200	9.96506239634	0.0	383025	325.393037958	0.2
4416.08521478	200	9.63142654919	0.0	383025	333.635847149	0.2
4416.4196029	200	9.79703843062	0.0	383025	334.388118575	0.2
4416.75399102	200	9.96265031204	0.0	383025	334.388118575	0.2
4417.58837914	200	9.62826219347	0.0	383025	334.388118575	0.2
4417.92276725	200	9.79387407489	0.0	383025	334.388118575	0.2
4418.25715537	200	9.95948595632	0.0	383025	334.388118575	0.2
4419.09087189	200	9.62576944262	0.0	383025	333.716513702	0.2
4419.42334201	200	9.79329931546	0.0	383025	332.470127163	0.2
4419.75581214	200	9.96082918829	0.0	383025	332.470127163	0.2
4420.58828227	200	9.62835906113	0.0	383025	332.470127163	0.2
4420.92075239	200	9.79588893397	0.0	383025	332.470127163	0.2
4421.25322252	200	9.9634188068	0.0	383025	332.470127163	0.2
4421.86342974	200	9.63094867964	0.0	383025	332.470127163	0.2
4422.1874605	200	9.80691792257	0.0	383025	324.03075707	0.2
4422.51149125	200	9.9828871655	0.0	383025	324.03075707	0.2
4423.33552201	200	9.65885640843	0.0	383025	324.03075707	0.2
4423.65467542	200	9.83970300049	0.0	383025	319.153407939	0.2
4424.46805945	200	9.52631896592	0.0	383025	313.384034575	0.2
4424.78144349	200	9.71293493134	0.0	383025	313.384034575	0.2
4425.09233021	200	9.90204820546	0.0	383025	310.886725886	0.2
4425.43557527	200	9.5937444354	0.0	383025	308.303770055	0.2
4425.74749065	200	9.78182905872	0.0	383025	311.915376686	0.2
4426.05940602	200	9.96991368203	0.0	383025	311.915376686	0.2
4426.8713214	200	9.65799830534	0.0	383025	311.915376686	0.2
4427.18253329	200	9.84678641819	0.0	383025	311.211887149	0.2
4427.68670493	200	9.53565017634	0.0	383025	311.136241857	0.2
4428.00041659	200	9.7219385166	0.0	383025	313.711659739	0.2
4428.31412825	200	9.90822685686	0.0	383025	313.711659739	0.2
4429.04201047	200	9.59451519712	0.0	383025	313.711659739	0.2
4429.35245194	200	9.7840737289	0.0	383025	310.441468225	0.2
4429.66289341	200	9.97363226067	0.0	383025	310.441468225	0.2
4430.47328758	200	9.66323809379	0.0	383025	310.394166882	0.2
4430.78281188	200	9.85371379172	0.0	383025	309.524302068	0.2
4431.31683239	200	9.54418948966	0.0	383025	309.524302068	0.2
4431.62574946	200	9.73527242175	0.0	383025	308.917067902	0.2
4431.93466653	200	9.92635535385	0.0	383025	308.917067902	0.2
4432.634831	200	9.61743828595	0.0	383025	308.917067902	0.2
4432.94739317	200	9.80487610897	0.0	383025	312.562176974	0.2
4433.25995535	200	9.992313932	0.0	383025	312.562176974	0.2
4434.03145154	200	9.67975175503	0.0	383025	312.562176974	0.2
4434.34840226	200	9.86280103222	0.0	383025	316.950722812	0.2
4435.16471375	200	9.54648954984	0.0	383025	316.311482372	0.2
4435.47897052	200	9.73223278015	0.0	383025	314.256769693	0.2
4435.79322729	200	9.91797601046	0.0	383025	314.256769693	0.2
4436.48245045	200	9.60371924076	0.0	383025	314.256769693	0.2
4436.79375456	200	9.79241513375	0.0	383025	311.304107009	0.2
4437.10505867	200	9.98111102675	0.0	383025	311.304107009	0.2

