1796.4408472553505	400	0.5	0.1510814390348197	181435	151.081439035	-2.6216287806963936
1796.594256788901	400	0.846590466449402	0.0	184429	153.409533551	0.4
1796.826323102927	600	1.1145241524233322	0.0	285584	232.066314026	0.39999999999999997
1797.1406899686046	800	1.3001572867457933	0.0	391425	314.366865678	0.6000000000000001
1797.462623186173	800	1.4782240691773672	0.0	391425	321.933217568	0.8
1797.8723487364666	1000	1.5684985188836817	0.0	490176	409.725550294	0.8
1798.2995054620028	1000	1.6413417933475116	0.0	513389	427.156725536	1.0
1798.7126810655209	1000	1.7281661898292768	0.0	497055	413.175603518	1.0
1799.1483372130551	1000	1.7925100422951104	0.0	520019	435.656147534	1.0
1799.6236771774431	1000	1.8171700779071032	0.0	551265	475.339964388	1.0
1800.104982616745	1000	1.8358646386053428	0.0	558332	481.305439302	1.0
1800.5600210550597	1000	1.8808262002906164	0.0	536970	455.038438315	1.0
1801.0143750603986	1000	1.926472194951702	0.0	536970	454.354005339	1.0
1801.4687290657375	1000	1.9721181896127873	0.0	536970	454.354005339	1.0
1801.8964329808375	1000	2.0444142745126817	0.0	536970	427.7039151	1.0
1802.1996272742076	200	2.2412199811426587	0.0	383025	303.19429337	-0.6000000000000001
1802.5037198121472	200	2.4371274432029018	0.0	383025	304.09253794	0.2
1802.807910424086	200	2.632936831264139	0.0	383025	304.190611939	0.2
1803.1127610546107	200	2.8280862007396284	0.0	383025	304.850630525	0.2
1803.4176116851352	200	3.0232355702151184	0.0	383025	304.850630525	0.2
1803.7202107990247	200	3.2206364563256864	0.0	383025	302.599113889	0.2
1804.0212173393752	200	3.419629915975117	0.0	383025	301.006540351	0.2
1804.3220546575437	200	3.618792597806574	0.0	383025	300.837318169	0.2
1804.6219013534098	200	3.818945901940701	0.0	383025	299.846695866	0.2
1804.9217480492757	200	4.019099206074828	0.0	383025	299.846695866	0.2
1805.2207342997956	200	4.220112955554752	0.0	383025	298.98625052	0.2
1805.5195052151419	200	4.421342040208525	0.0	383025	298.770915346	0.2
1805.8208849675243	200	4.619962287826067	0.0	383025	301.379752382	0.2
1806.1228144726003	200	4.81803278274999	0.0	383025	301.929505076	0.2
1806.425054661344	200	5.015792594006528	0.0	383025	302.240188743	0.2
1806.7278481341687	200	5.212999121181778	0.0	383025	302.793472825	0.2
1807.02980946673	200	5.411037788620321	0.0	383025	301.961332561	0.2
1807.3209318334784	200	5.619915421872067	0.0	383025	291.122366748	0.2
1807.6120542002266	200	5.828793055123812	0.0	383025	291.122366748	0.2
1807.9046197256714	200	6.036227529679042	0.0	383025	292.565525445	0.2
1808.197408839494	200	6.243438415856453	0.0	383025	292.789113823	0.2
1808.4955808645948	200	6.4452663907556085	0.0	383025	298.172025101	0.2
1808.7937981310804	200	6.647049124270064	0.0	383025	298.217266486	0.2
1809.0921190617619	200	6.848728193588591	0.0	383025	298.320930681	0.2
1809.3904840555326	200	7.050363199817738	0.0	383025	298.364993771	0.2
1809.68913849639	200	7.251708758960419	0.0	383025	298.654440857	0.2
1809.9879695660698	200	7.452877689280427	0.0	383025	298.83106968	0.2
1810.289154050759	200	7.651693204591257	0.0	383025	301.184484689	0.2
1810.5937931207434	200	7.847054134606725	0.0	383025	304.639069985	0.2
1810.9010620112033	200	8.039785244146909	0.0	383025	307.26889046	0.2
1811.2102950490455	200	8.230552206304795	0.0	383025	309.233037842	0.2
1811.5195280868877	200	8.421319168462682	0.0	383025	309.233037842	0.2
1811.8371687658152	200	8.603678489535168	0.0	383025	317.640678928	0.2
1812.1561156611597	200	8.784731594190681	0.0	383025	318.946895344	0.2
1812.5083471657965	200	8.932500089553903	0.0	383025	352.231504637	0.2
1812.862117242894	200	9.078730012456226	0.0	383025	353.770077098	0.2
1813.215887319992	200	9.22495993535855	0.0	383025	353.770077098	0.2
1813.5696573970895	200	9.371189858260871	0.0	383025	353.770077098	0.2
1813.927200660275	200	9.513646595075288	0.0	383025	357.543263186	0.2
1814.2914599123899	200	9.649387342960399	0.0	383025	364.259252115	0.2
1814.655719164505	200	9.785128090845511	0.0	383025	364.259252115	0.2
1815.0199784166198	200	9.920868838730621	0.0	383025	364.259252115	0.2
1815.8842376687348	200	9.556609586615732	0.0	383025	364.259252115	0.2
1816.2484969208497	200	9.692350334500842	0.0	383025	364.259252115	0.2
1816.6127561729645	200	9.828091082385955	0.0	383025	364.259252115	0.2
1816.975809374298	200	9.965037881052515	0.0	383025	363.0532013334404	0.2
1817.8381885155038	200	9.60265873984655	0.0	383025	362.379141206	0.2
1818.2005676567098	200	9.740279598640587	0.0	383025	362.379141206	0.2
1818.5629467979156	200	9.877900457434624	0.0	383025	362.379141206	0.2
1819.4253259391216	200	9.51552131622866	0.0	383025	362.379141206	0.2
1819.7867245469001	200	9.654122708450263	0.0	383025	361.3986077783983	0.2
1820.145174618071	200	9.795672637279289	0.0	383025	358.450071171	0.2
1820.5036246892419	200	9.937222566108316	0.0	383025	358.450071171	0.2
1821.3620747604127	200	9.578772494937342	0.0	383025	358.450071171	0.2
1821.7205248315838	200	9.720322423766369	0.0	383025	358.450071171	0.2
1822.078916139398	200	9.86193111595199	0.0	383025	358.39130781438024	0.2
1822.9372077382345	200	9.503639517115515	0.0	383025	358.291598836	0.2
1823.2954993370709	200	9.64534791827904	0.0	383025	358.291598836	0.2
1823.6537909359072	200	9.787056319442565	0.0	383025	358.291598836	0.2
1824.0120825347437	200	9.92876472060609	0.0	383025	358.291598836	0.2
1824.8659613783925	200	9.574885876957312	0.0	383025	353.87884364877834	0.2
1825.216591656382	200	9.724255598967819	0.0	383025	350.630277989	0.2
1825.549788246389	200	9.891059008960754	0.0	383025	333.19659000706383	0.2
1826.3797599352135	200	9.561087320136354	0.0	383025	329.971688824	0.2
1826.690266800767	200	9.75058045458275	0.0	383025	310.50686555360505	0.2
1826.9942840037613	200	9.946563251588518	0.0	383025	304.017202994	0.2
1827.7995638103175	200	9.641283445032421	0.0	383025	305.27980655609775	0.2
1828.111711974992	200	9.829135280358114	0.0	383025	312.14816467430717	0.2
1828.6989112348788	200	9.516508739303045	0.0	383025	312.626541055	0.2
1829.0089434270728	200	9.706476547108839	0.0	383025	310.032192194	0.2
1829.3183384261147	200	9.897081548066819	0.0	383025	309.3949990420205	0.2
1829.8190673338268	200	9.588717039694762	0.0	383025	308.364508372	0.2
1830.1316873268433	200	9.776097046678158	0.0	383025	312.619993017	0.2
1830.44430731986	200	9.963477053661554	0.0	383025	312.619993017	0.2
1831.2585726041186	200	9.649211769402948	0.0	383025	314.26528425860613	0.2
1831.5702577191496	200	9.837526654372043	0.0	383025	311.68511503090474	0.2
1832.174827327395	200	9.527019318880832	0.0	383025	310.507335491	0.2
1832.4754515746831	200	9.726395071592401	0.0	383025	300.624247288	0.2
1832.7758525707736	200	9.925994075502008	0.0	383025	300.4009960903946	0.2
1833.431585715726	200	9.625671170492204	0.0	383025	300.32290501	0.2
1833.7392993940098	200	9.817957492208322	0.0	383025	307.713678284	0.2
1834.1165401707285	200	9.510899124962188	0.0	383025	307.05836724613175	0.2
1834.422391126989	200	9.70504816870172	0.0	383025	305.85095626	0.2
1834.7282420832494	200	9.899197212441251	0.0	383025	305.85095626	0.2
1835.532420660268	200	9.595018635422896	0.0	383025	304.1785770183556	0.2
1835.8335006181123	200	9.7939386775784	0.0	383025	301.07995784449685	0.2
1836.1344988732387	200	9.992940422451921	0.0	383025	300.998255126	0.2
1836.4859729052914	200	9.691273976717017	0.0	383025	301.6664457349046	0.2
1836.7992850185335	200	9.877961863475061	0.0	383025	313.312113242	0.2
1837.4990289636771	200	9.564649750233103	0.0	383025	313.312113242	0.2
1837.8124055561427	200	9.751273157767493	0.0	383025	313.376592466	0.2
1838.1245915437528	200	9.939087170157613	0.0	383025	312.18598760988135	0.2
1838.6589120673973	200	9.627924028474041	0.0	383025	311.163141684	0.2
1838.9662678217637	200	9.820568274107625	0.0	383025	307.355754366	0.2
1839.779303587012	200	9.507532508859342	0.0	383025	313.03576524828355	0.2
1840.0983613101382	200	9.688474785733291	0.0	383025	319.05772312604995	0.2
1840.4191851563799	200	9.867650939491604	0.0	383025	320.823846242	0.2
1841.0542635010065	200	9.546827093249918	0.0	383025	320.823846242	0.2
1841.378856198684	200	9.722234395572372	0.0	383025	324.592697678	0.2
1841.704291600422	200	9.896798993834286	0.0	383025	325.43540173808526	0.2
1842.5330631988923	200	9.568027395364133	0.0	383025	328.77159847	0.2
1842.8666682099713	200	9.734422384284986	0.0	383025	333.6050110791473	0.2
1843.2027135003318	200	9.898377093924486	0.0	383025	336.04529036	0.2
1843.757508597863	200	9.562331803563985	0.0	383025	336.04529036	0.2
1844.1189165054436	200	9.70092389598338	0.0	383025	361.407907581	0.2

