862.402182501	400	0.5	0.14583061436	181435	145.83061436	-2.5166122872
862.765192369	1000	0.636990131894	0.0	471531	363.009868106	0.4
863.136370715	1000	0.765811785637	0.0	482442	371.178346257	1.0
863.516837276	1000	0.885345224109	0.0	492120	380.466561527	1.0
863.903770763	1000	0.998411737379	0.0	492120	386.933486731	1.0
864.290439381	1000	1.11174311923	0.0	490176	386.668618152	1.0
864.700269839	1000	1.20191266193	0.0	513389	409.830457293	1.0
865.097379278	1000	1.3048032226	0.0	497055	397.109439333	1.0
865.512823916	1000	1.38935858426	0.0	520019	415.444638344	1.0
865.964229966	1000	1.43795253425	0.0	551265	451.406050004	1.0
866.421294668	1000	1.48088783268	0.0	558332	457.06470157	1.0
866.861189179	1000	1.54099332154	0.0	536970	439.894511139	1.0
867.295420359	1000	1.60676214138	0.0	536970	434.231180162	1.0
867.729651539	1000	1.67253096122	0.0	536970	434.231180162	1.0
868.16388272	1000	1.73829978106	0.0	536970	434.231180162	1.0
868.5981139	1000	1.8040686009	0.0	536970	434.231180162	1.0
869.038125109	1000	1.86405739156	0.0	553424	440.011209336	1.0
869.45361977	1000	1.94856273036	0.0	522960	415.494661197	1.0
869.872129259	1000	2.03005324144	0.0	522960	418.509488922	1.0
870.18189471	200	2.22028779078	0.0	383025	309.765450665	-0.6
870.49166016	200	2.41052234011	0.0	383025	309.765450665	0.2
870.803998982	200	2.59818351834	0.0	383025	312.338821776	0.2
871.117045992	200	2.78513650887	0.0	383025	313.047009469	0.2
871.430093001	200	2.9720894994	0.0	383025	313.047009469	0.2
871.743140011	200	3.15904248993	0.0	383025	313.047009469	0.2
872.058474761	200	3.3437077399	0.0	383025	315.334750025	0.2
872.378466152	200	3.52371634819	0.0	383025	319.991391712	0.2
872.698457544	200	3.70372495648	0.0	383025	319.991391712	0.2
873.018448936	200	3.88373356477	0.0	383025	319.991391712	0.2
873.338440328	200	4.06374217305	0.0	383025	319.991391712	0.2
873.658432684	200	4.24374981641	0.0	383025	319.992356641	0.2
873.978437623	200	4.42374487756	0.0	383025	320.004938849	0.2
874.298442562	200	4.60373993872	0.0	383025	320.004938849	0.2
874.618447501	200	4.78373499987	0.0	383025	320.004938849	0.2
874.93845244	200	4.96373006102	0.0	383025	320.004938849	0.2
875.258457378	200	5.14372512217	0.0	383025	320.004938849	0.2
875.583916543	200	5.31826595754	0.0	383025	325.459164628	0.2
875.910135273	200	5.4920472277	0.0	383025	326.218729837	0.2
876.236354003	200	5.66582849787	0.0	383025	326.218729837	0.2
876.562572733	200	5.83960976803	0.0	383025	326.218729837	0.2
876.888791462	200	6.01339103819	0.0	383025	326.218729837	0.2
877.211763681	200	6.19041881966	0.0	383025	322.972218531	0.2
877.53328738	200	6.3688951201	0.0	383025	321.523699556	0.2
877.85481108	200	6.54737142055	0.0	383025	321.523699556	0.2
878.17633478	200	6.72584772099	0.0	383025	321.523699556	0.2
878.497858479	200	6.90432402144	0.0	383025	321.523699556	0.2
878.820277275	200	7.08190522579	0.0	383025	322.418795648	0.2
879.153908629	200	7.24827387117	0.0	383025	333.631354617	0.2
879.487539984	200	7.41464251655	0.0	383025	333.631354617	0.2
879.821171339	200	7.58101116194	0.0	383025	333.631354617	0.2
880.154802693	200	7.74737980732	0.0	383025	333.631354617	0.2
880.488434048	200	7.9137484527	0.0	383025	333.631354617	0.2
880.822065402	200	8.08011709808	0.0	383025	333.631354617	0.2
881.155696757	200	8.24648574347	0.0	383025	333.631354617	0.2
881.48933476	200	8.41284774046	0.0	383025	333.638003005	0.2
881.823689069	200	8.5784934316	0.0	383025	334.354308857	0.2
882.158043378	200	8.74413912275	0.0	383025	334.354308857	0.2
882.492397687	200	8.90978481389	0.0	383025	334.354308857	0.2
882.826751996	200	9.07543050503	0.0	383025	334.354308857	0.2
883.161106304	200	9.24107619617	0.0	383025	334.354308857	0.2
883.495460613	200	9.40672188732	0.0	383025	334.354308857	0.2
883.829814922	200	9.57236757846	0.0	383025	334.354308857	0.2
884.164169231	200	9.7380132696	0.0	383025	334.354308857	0.2
884.49852354	200	9.90365896074	0.0	383025	334.354308857	0.2
885.342567208	200	9.55961529261	0.0	383025	344.043668134	0.2
885.686850518	200	9.71533198225	0.0	383025	344.28331036	0.2
886.031133829	200	9.87104867189	0.0	383025	344.28331036	0.2
886.875417139	200	9.52676536153	0.0	383025	344.28331036	0.2
887.219700449	200	9.68248205117	0.0	383025	344.28331036	0.2
887.56398376	200	9.83819874081	0.0	383025	344.28331036	0.2
887.90826707	200	9.99391543045	0.0	383025	344.28331036	0.2
888.75255038	200	9.64963212009	0.0	383025	344.28331036	0.2
889.096833691	200	9.80534880973	0.0	383025	344.28331036	0.2
889.441117001	200	9.96106549937	0.0	383025	344.28331036	0.2
890.284804836	200	9.6173776644	0.0	383025	343.68783497	0.2
890.607089063	200	9.79509343747	0.0	383025	322.284226929	0.2
890.92937329	200	9.97280921055	0.0	383025	322.284226929	0.2
891.386962986	200	9.65052498362	0.0	383025	322.284226929	0.2
891.709088519	200	9.82839945067	0.0	383025	322.125532949	0.2
892.531214051	200	9.50627391772	0.0	383025	322.125532949	0.2
892.852413919	200	9.68507405015	0.0	383025	321.199867573	0.2
893.169855372	200	9.86763259745	0.0	383025	317.441452695	0.2
893.987296824	200	9.55019114476	0.0	383025	317.441452695	0.2
894.304221016	200	9.73326695283	0.0	383025	316.924191932	0.2
894.619486424	200	9.91800154547	0.0	383025	315.265407356	0.2
895.117846307	200	9.60273613811	0.0	383025	315.265407356	0.2
895.437020097	200	9.78356234823	0.0	383025	319.173789884	0.2
895.756193887	200	9.96438855834	0.0	383025	319.173789884	0.2
896.575367677	200	9.64521476846	0.0	383025	319.173789884	0.2
896.891365043	200	9.82921740248	0.0	383025	315.997365977	0.2
897.399305822	200	9.5135536332	0.0	383025	315.663769282	0.2
897.72140082	200	9.69145863552	0.0	383025	322.094997682	0.2
898.043495817	200	9.86936363784	0.0	383025	322.094997682	0.2
898.624152694	200	9.54726864015	0.0	383025	322.094997682	0.2
898.9514199	200	9.72000143438	0.0	383025	327.267205777	0.2
899.278687105	200	9.8927342286	0.0	383025	327.267205777	0.2
900.105954311	200	9.56546702282	0.0	383025	327.267205777	0.2
900.433565283	200	9.73785605097	0.0	383025	327.610971858	0.2
900.767018609	200	9.9044027248	0.0	383025	333.453326162	0.2
901.600471935	200	9.57094939864	0.0	383025	333.453326162	0.2
901.933925262	200	9.73749607248	0.0	383025	333.453326162	0.2
902.267378588	200	9.90404274632	0.0	383025	333.453326162	0.2
903.100831914	200	9.57058942015	0.0	383025	333.453326162	0.2
903.433698759	200	9.7377225751	0.0	383025	332.86684505	0.2
903.760541057	200	9.91088027686	0.0	383025	326.842298243	0.2
904.587383355	200	9.58403797862	0.0	383025	326.842298243	0.2
904.914225654	200	9.75719568038	0.0	383025	326.842298243	0.2
905.241067952	200	9.93035338213	0.0	383025	326.842298243	0.2
906.064936102	200	9.60648523175	0.0	383025	323.868150384	0.2
906.386878556	200	9.78454277802	0.0	383025	321.942453728	0.2
906.70882101	200	9.96260032429	0.0	383025	321.942453728	0.2
907.530908575	200	9.64051275908	0.0	383025	322.087565215	0.2
907.855834458	200	9.81558687639	0.0	383025	324.925882683	0.2
908.180635779	200	9.99078555511	0.0	383025	324.80132128	0.2
908.997973573	200	9.6734477607	0.0	383025	317.337794419	0.2
909.315311368	200	9.85610996628	0.0	383025	317.337794419	0.2
909.969707462	200	9.53877217186	0.0	383025	317.337794419	0.2
910.281543805	200	9.72693582818	0.0	383025	311.836343673	0.2
910.593380149	200	9.91509948451	0.0	383025	311.836343673	0.2
911.32778389	200	9.60326314084	0.0	383025	311.836343673	0.2

