5859.36418163	400	0.5	0.153139253814	181435	153.139253814	-2.66278507627
5859.74618591	1000	0.617995725797	0.0	471531	382.004274203	0.4
5860.13679818	1000	0.727383452044	0.0	482442	390.612273753	1.0
5860.53504571	1000	0.829135927659	0.0	492120	398.247524385	1.0
5860.93329323	1000	0.930888403274	0.0	492120	398.247524385	1.0
5861.33516038	1000	1.0290212528	0.0	490176	401.867150478	1.0
5861.75741075	1000	1.10677088201	0.0	513389	422.250370783	1.0
5862.16654495	1000	1.19763668153	0.0	497055	409.134200479	1.0
5862.59384099	1000	1.2703406452	0.0	520019	427.296036337	1.0
5863.04612452	1000	1.31805711242	0.0	551265	452.283532776	1.0
5863.50407795	1000	1.36010367909	0.0	558332	457.953433325	1.0
5863.94489252	1000	1.41928911877	0.0	536970	440.81456032	1.0
5864.38111914	1000	1.48306249882	0.0	536970	436.226619958	1.0
5864.81602763	1000	1.54815400437	0.0	536970	434.90849445	1.0
5865.25093612	1000	1.61324550992	0.0	536970	434.90849445	1.0
5865.69158103	1000	1.67260060798	0.0	536970	440.644901932	1.0
5866.14659009	1000	1.71759154849	0.0	553424	455.009059495	1.0
5866.577103	1000	1.78707863659	0.0	522960	430.512911896	1.0
5867.00761591	1000	1.8565657247	0.0	522960	430.512911896	1.0
5867.44657592	1000	1.91760570927	0.0	532300	438.960015428	1.0
5867.86612153	1000	1.99806010405	0.0	503004	419.545605216	1.0
5868.26838819	1000	2.09579344062	0.0	481782	402.266663431	1.0
5868.59024696	200	2.2739346772	0.0	383025	321.858763425	-0.6
5868.91163756	200	2.4525440755	0.0	383025	321.390601698	0.2
5869.23189304	200	2.63228859341	0.0	383025	320.255482084	0.2
5869.55214852	200	2.81203311133	0.0	383025	320.255482084	0.2
5869.872404	200	2.99177762925	0.0	383025	320.255482084	0.2
5870.19265949	200	3.17152214716	0.0	383025	320.255482084	0.2
5870.51222778	200	3.35195384934	0.0	383025	319.568297818	0.2
5870.83142714	200	3.53275449195	0.0	383025	319.199357392	0.2
5871.1506265	200	3.71355513456	0.0	383025	319.199357392	0.2
5871.46982586	200	3.89435577717	0.0	383025	319.199357392	0.2
5871.78902521	200	4.07515641977	0.0	383025	319.199357392	0.2
5872.10822457	200	4.25595706238	0.0	383025	319.199357392	0.2
5872.41843648	200	4.44574515839	0.0	383025	310.211903994	0.2
5872.7279323	200	4.63624933841	0.0	383025	309.495819974	0.2
5873.03742812	200	4.82675351844	0.0	383025	309.495819974	0.2
5873.34692394	200	5.01725769847	0.0	383025	309.495819974	0.2
5873.66168016	200	5.20250147115	0.0	383025	314.756227315	0.2
5873.98131562	200	5.38286600907	0.0	383025	319.635462082	0.2
5874.30095109	200	5.56323054699	0.0	383025	319.635462082	0.2
5874.62058655	200	5.7435950849	0.0	383025	319.635462082	0.2
5874.94022201	200	5.92395962282	0.0	383025	319.635462082	0.2
5875.25985747	200	6.10432416074	0.0	383025	319.635462082	0.2
5875.57741571	200	6.28676592776	0.0	383025	317.558232983	0.2
5875.89465526	200	6.4695263781	0.0	383025	317.239549657	0.2
5876.21189481	200	6.65228682845	0.0	383025	317.239549657	0.2
5876.52913436	200	6.83504727879	0.0	383025	317.239549657	0.2
5876.8469032	200	7.01727843037	0.0	383025	317.768848421	0.2
5877.16518968	200	7.19899194884	0.0	383025	318.286481529	0.2
5877.48347617	200	7.38070546731	0.0	383025	318.286481529	0.2
5877.80176265	200	7.56241898578	0.0	383025	318.286481529	0.2
5878.12004913	200	7.74413250425	0.0	383025	318.286481529	0.2
5878.43833561	200	7.92584602272	0.0	383025	318.286481529	0.2
5878.74908858	200	8.11509305578	0.0	383025	310.752966944	0.2
5879.05924255	200	8.30493908826	0.0	383025	310.153967516	0.2
5879.36939651	200	8.49478512075	0.0	383025	310.153967516	0.2
5879.67955048	200	8.68463115323	0.0	383025	310.153967516	0.2
5879.99142021	200	8.87276142411	0.0	383025	311.869729126	0.2
5880.30364523	200	9.06053640178	0.0	383025	312.22502233	0.2
5880.61587025	200	9.24831137945	0.0	383025	312.22502233	0.2
5880.92809528	200	9.43608635712	0.0	383025	312.22502233	0.2
5881.24038523	200	9.62379640094	0.0	383025	312.289956176	0.2
5881.55294132	200	9.81124031765	0.0	383025	312.55608329	0.2
5881.8654974	200	9.99868423436	0.0	383025	312.55608329	0.2
5882.4650646	200	9.68612815107	0.0	383025	312.55608329	0.2
5882.77726432	200	9.8739284319	0.0	383025	312.199719167	0.2
5883.12087471	200	9.56172871274	0.0	383025	312.199719167	0.2
5883.43715754	200	9.74544587638	0.0	383025	316.282836354	0.2
5883.75344038	200	9.92916304003	0.0	383025	316.282836354	0.2
5884.13998228	200	9.61288020367	0.0	383025	316.282836354	0.2
5884.45425869	200	9.79860379061	0.0	383025	314.276413062	0.2
5884.7685351	200	9.98432737755	0.0	383025	314.276413062	0.2
5885.16589972	200	9.67005096449	0.0	383025	314.276413062	0.2
5885.48322279	200	9.8527278978	0.0	383025	317.323066688	0.2
5885.83828034	200	9.53540483111	0.0	383025	317.323066688	0.2
5886.15622672	200	9.71745845331	0.0	383025	317.946377805	0.2
5886.4741731	200	9.8995120755	0.0	383025	317.946377805	0.2
5887.29211948	200	9.5815656977	0.0	383025	317.946377805	0.2
5887.60908719	200	9.76459798432	0.0	383025	316.967713374	0.2
5887.91940765	200	9.95427752521	0.0	383025	310.320459109	0.2
5888.52891019	200	9.6439570661	0.0	383025	310.320459109	0.2
5888.84514206	200	9.82772520082	0.0	383025	316.231865288	0.2
5889.32301973	200	9.51149333553	0.0	383025	316.231865288	0.2
5889.64317045	200	9.69134262351	0.0	383025	320.150712018	0.2
5889.96332116	200	9.87119191149	0.0	383025	320.150712018	0.2
5890.78347187	200	9.55104119947	0.0	383025	320.150712018	0.2
5891.09905014	200	9.73546293423	0.0	383025	315.578265239	0.2
5891.41141947	200	9.92309360168	0.0	383025	312.369332554	0.2
5892.2237888	200	9.61072426913	0.0	383025	312.369332554	0.2
5892.53682633	200	9.79768673939	0.0	383025	313.037529731	0.2
5892.85095585	200	9.98355721691	0.0	383025	314.12952249	0.2
5893.66508538	200	9.66942769442	0.0	383025	314.12952249	0.2
5893.97940038	200	9.8551126898	0.0	383025	314.315004615	0.2
5894.79397116	200	9.54054191167	0.0	383025	314.570778132	0.2
5895.10854194	200	9.72597113354	0.0	383025	314.570778132	0.2
5895.42148013	200	9.91303294159	0.0	383025	312.938191944	0.2
5895.8537117	200	9.60197028732	0.0	383025	311.062654277	0.2
5896.17153175	200	9.78415023744	0.0	383025	317.820049872	0.2
5896.4893518	200	9.96633018757	0.0	383025	317.820049872	0.2
5897.30717185	200	9.6485101377	0.0	383025	317.820049872	0.2
5897.62446545	200	9.83121653581	0.0	383025	317.293601888	0.2
5898.44053263	200	9.51514935531	0.0	383025	316.067180502	0.2
5898.75659981	200	9.69908217481	0.0	383025	316.067180502	0.2
5899.07266699	200	9.88301499431	0.0	383025	316.067180502	0.2
5899.88785211	200	9.56782987442	0.0	383025	315.185119891	0.2
5900.20254324	200	9.7531387463	0.0	383025	314.691128116	0.2
5900.51741052	200	9.93827147147	0.0	383025	314.867274835	0.2
5901.33575474	200	9.61992724944	0.0	383025	318.34422203	0.2
5901.65409896	200	9.80158302741	0.0	383025	318.34422203	0.2
5901.97167706	200	9.98400492911	0.0	383025	317.5780983	0.2
5902.78706473	200	9.66861725972	0.0	383025	315.387669386	0.2
5903.1024524	200	9.85322959033	0.0	383025	315.387669386	0.2
5903.91773016	200	9.53795182445	0.0	383025	315.277765881	0.2
5904.23179108	200	9.72389090515	0.0	383025	314.060919304	0.2
5904.545852	200	9.90982998584	0.0	383025	314.060919304	0.2
5905.36260263	200	9.59307935569	0.0	383025	316.750630153	0.2
5905.68602413	200	9.76965785777	0.0	383025	323.421497922	0.2
5906.00944563	200	9.94623635985	0.0	383025	323.421497922	0.2
5906.83286713	200	9.62281486193	0.0	383025	323.421497922	0.2

