4682.1699609	400	0.5	0.157282137853	181435	157.282137853	-2.74564275706
4682.5627321	1000	0.607228794092	0.0	471531	392.771205908	0.4
4682.96436045	1000	0.705600447025	0.0	482442	401.628347067	1.0
4683.37384504	1000	0.796115862021	0.0	492120	409.484585004	1.0
4683.78332962	1000	0.886631277017	0.0	492120	409.484585004	1.0
4684.19123614	1000	0.978724758405	0.0	490176	407.906518611	1.0
4684.6179861	1000	1.05197479577	0.0	513389	426.749962632	1.0
4685.02794112	1000	1.1420197748	0.0	497055	409.955020971	1.0
4685.45507807	1000	1.21488282483	0.0	520019	427.136949975	1.0
4685.90727922	1000	1.26268167309	0.0	551265	452.201151742	1.0
4686.36514922	1000	1.30481167689	0.0	558332	457.869996199	1.0
4686.80375101	1000	1.36620989215	0.0	536970	438.601784733	1.0
4687.24220719	1000	1.42775370973	0.0	536970	438.456182424	1.0
4687.68066337	1000	1.48929752731	0.0	536970	438.456182424	1.0
4688.11911955	1000	1.55084134488	0.0	536970	438.456182424	1.0
4688.55757574	1000	1.61238516246	0.0	536970	438.456182424	1.0
4689.00430064	1000	1.66566025443	0.0	553424	446.724908025	1.0
4689.42300219	1000	1.74695870462	0.0	522960	418.701549813	1.0
4689.84170374	1000	1.82825715481	0.0	522960	418.701549813	1.0
4690.26396434	1000	1.90599656211	0.0	532300	422.260592699	1.0
4690.66106921	1000	2.00889169171	0.0	503004	397.104870392	1.0
4690.96583991	200	2.20412098814	0.0	383025	304.770703577	-0.6
4691.27061061	200	2.39935028456	0.0	383025	304.770703577	0.2
4691.57557492	200	2.59438597523	0.0	383025	304.964309331	0.2
4691.8828594	200	2.78710149381	0.0	383025	307.284481424	0.2
4692.19014389	200	2.97981701238	0.0	383025	307.284481424	0.2
4692.49742837	200	3.17253253096	0.0	383025	307.284481424	0.2
4692.80865769	200	3.36130321247	0.0	383025	311.229318489	0.2
4693.12099633	200	3.54896456549	0.0	383025	312.338646978	0.2
4693.43333498	200	3.73662591851	0.0	383025	312.338646978	0.2
4693.74567363	200	3.92428727154	0.0	383025	312.338646978	0.2
4694.05880868	200	4.1111522154	0.0	383025	313.135056139	0.2
4694.37231998	200	4.29764091403	0.0	383025	313.511301368	0.2
4694.68583129	200	4.48412961266	0.0	383025	313.511301368	0.2
4694.99934259	200	4.67061831129	0.0	383025	313.511301368	0.2
4695.31285389	200	4.85710700993	0.0	383025	313.511301368	0.2
4695.62445292	200	5.04550798115	0.0	383025	311.599028773	0.2
4695.93176912	200	5.23819178125	0.0	383025	307.316199908	0.2
4696.23908532	200	5.43087558134	0.0	383025	307.316199908	0.2
4696.54640152	200	5.62355938143	0.0	383025	307.316199908	0.2
4696.85371772	200	5.81624318152	0.0	383025	307.316199908	0.2
4697.16472231	200	6.00523859036	0.0	383025	311.004591165	0.2
4697.47684076	200	6.19312014079	0.0	383025	312.118449572	0.2
4697.78895921	200	6.38100169121	0.0	383025	312.118449572	0.2
4698.10107766	200	6.56888324164	0.0	383025	312.118449572	0.2
4698.41319611	200	6.75676479207	0.0	383025	312.118449572	0.2
4698.72371602	200	6.94624488063	0.0	383025	310.519911439	0.2
4699.03366524	200	7.13629565915	0.0	383025	309.949221484	0.2
4699.34361446	200	7.32634643766	0.0	383025	309.949221484	0.2
4699.65356368	200	7.51639721618	0.0	383025	309.949221484	0.2
4699.96372328	200	7.70623761748	0.0	383025	310.159598703	0.2
4700.27393452	200	7.89602637959	0.0	383025	310.211237886	0.2
4700.58414576	200	8.0858151417	0.0	383025	310.211237886	0.2
4700.89435699	200	8.27560390382	0.0	383025	310.211237886	0.2
4701.20456823	200	8.46539266593	0.0	383025	310.211237886	0.2
4701.51456934	200	8.65539156061	0.0	383025	310.001105324	0.2
4701.82453989	200	8.84542100949	0.0	383025	309.970551118	0.2
4702.13451044	200	9.03545045837	0.0	383025	309.970551118	0.2
4702.44448099	200	9.22547990725	0.0	383025	309.970551118	0.2
4702.7563532	200	9.41360769465	0.0	383025	311.872212603	0.2
4703.07100824	200	9.59895266194	0.0	383025	314.655032709	0.2
4703.38566327	200	9.78429762923	0.0	383025	314.655032709	0.2
4703.7003183	200	9.96964259652	0.0	383025	314.655032709	0.2
4704.18726785	200	9.65498756381	0.0	383025	314.655032709	0.2
4704.49797241	200	9.84428300158	0.0	383025	310.704562233	0.2
4704.87238058	200	9.53357843935	0.0	383025	310.704562233	0.2
4705.19066003	200	9.71529898343	0.0	383025	318.279455918	0.2
4705.50893949	200	9.89701952751	0.0	383025	318.279455918	0.2
4706.32721895	200	9.57874007159	0.0	383025	318.279455918	0.2
4706.6454984	200	9.76046061568	0.0	383025	318.279455918	0.2
4706.96500243	200	9.94095658462	0.0	383025	319.504031057	0.2
4707.78476174	200	9.62119727802	0.0	383025	319.759306604	0.2
4708.10452105	200	9.80143797141	0.0	383025	319.759306604	0.2
4708.42428035	200	9.98167866481	0.0	383025	319.759306604	0.2
4709.2467993	200	9.65915972157	0.0	383025	322.51894324	0.2
4709.57004252	200	9.83591649971	0.0	383025	323.243221858	0.2
4710.39328574	200	9.51267327785	0.0	383025	323.243221858	0.2
4710.71652896	200	9.68943005599	0.0	383025	323.243221858	0.2
4711.03494911	200	9.87100990524	0.0	383025	318.420150757	0.2
4711.8530023	200	9.5529567174	0.0	383025	318.05318784	0.2
4712.17149446	200	9.73446455464	0.0	383025	318.492162757	0.2
4712.49141599	200	9.91454303091	0.0	383025	319.921523727	0.2
4713.31133751	200	9.59462150719	0.0	383025	319.921523727	0.2
4713.63125903	200	9.77469998346	0.0	383025	319.921523727	0.2
4713.95118056	200	9.95477845973	0.0	383025	319.921523727	0.2
4714.77099663	200	9.63496238438	0.0	383025	319.816075352	0.2
4715.08946083	200	9.81649818862	0.0	383025	318.464195757	0.2
4715.40792502	200	9.99803399287	0.0	383025	318.464195757	0.2
4716.23224358	200	9.6737154336	0.0	383025	324.318559264	0.2
4716.55771505	200	9.8482439638	0.0	383025	325.471469802	0.2
4717.38318652	200	9.522772494	0.0	383025	325.471469802	0.2
4717.71033732	200	9.69562170222	0.0	383025	327.150791777	0.2
4718.03934109	200	9.86661793072	0.0	383025	329.0037715	0.2
4718.86834486	200	9.53761415922	0.0	383025	329.0037715	0.2
4719.19734863	200	9.70861038772	0.0	383025	329.0037715	0.2
4719.5263524	200	9.87960661622	0.0	383025	329.0037715	0.2
4720.35535617	200	9.55060284472	0.0	383025	329.0037715	0.2
4720.68446947	200	9.72148954523	0.0	383025	329.113299497	0.2
4721.01423808	200	9.89172094084	0.0	383025	329.768604381	0.2
4721.84400668	200	9.56195233646	0.0	383025	329.768604381	0.2
4722.17377529	200	9.73218373208	0.0	383025	329.768604381	0.2
4722.50354389	200	9.9024151277	0.0	383025	329.768604381	0.2
4723.33331249	200	9.57264652332	0.0	383025	329.768604381	0.2
4723.6630811	200	9.74287791894	0.0	383025	329.768604381	0.2
4723.9928497	200	9.91310931456	0.0	383025	329.768604381	0.2
4724.82223149	200	9.58372752389	0.0	383025	329.381790666	0.2
4725.15052656	200	9.75543245866	0.0	383025	328.295065228	0.2
4725.47882162	200	9.92713739344	0.0	383025	328.295065228	0.2
4726.30711669	200	9.59884232821	0.0	383025	328.295065228	0.2
4726.63541175	200	9.77054726298	0.0	383025	328.295065228	0.2
4726.96370682	200	9.94225219775	0.0	383025	328.295065228	0.2
4727.79271472	200	9.61324429525	0.0	383025	329.007902503	0.2
4728.12259285	200	9.78336616682	0.0	383025	329.87812843	0.2
4728.45247098	200	9.95348803839	0.0	383025	329.87812843	0.2
4729.28234911	200	9.62360990996	0.0	383025	329.87812843	0.2
4729.61222724	200	9.79373178153	0.0	383025	329.87812843	0.2
4729.94210536	200	9.9638536531	0.0	383025	329.87812843	0.2
4730.72529	200	9.63397552467	0.0	383025	329.87812843	0.2
4731.05182924	200	9.80743628719	0.0	383025	326.539237476	0.2
4731.37836848	200	9.98089704972	0.0	383025	326.539237476	0.2

