429.397585947	400	0.5	0.163089211763	181435	163.089211763	-2.86178423525
429.805449144	1000	0.592136803199	0.0	471531	407.863196801	0.4
430.222518703	1000	0.675067243846	0.0	482442	417.069559353	1.0
430.647754258	1000	0.749831689004	0.0	492120	425.235554841	1.0
431.084609744	1000	0.812976202302	0.0	492120	436.855486702	1.0
431.520265315	1000	0.877320631308	0.0	490176	435.655570994	1.0
431.965634728	1000	0.931951219077	0.0	513389	445.369412231	1.0
432.386920072	1000	1.01066587508	0.0	497055	421.285344001	1.0
432.827206847	1000	1.07037909936	0.0	520019	440.286775714	1.0
433.284675159	1000	1.11291078776	0.0	551265	457.468311599	1.0
433.732934459	1000	1.16465148726	0.0	558332	448.259300497	1.0
434.175819846	1000	1.22176610046	0.0	536970	442.885386801	1.0
434.621867325	1000	1.27571862125	0.0	536970	446.047479214	1.0
435.063001223	1000	1.33458472369	0.0	536970	441.13389756	1.0
435.490157943	1000	1.40742800375	0.0	536970	427.156719939	1.0
435.93818447	1000	1.45940147693	0.0	536970	448.026526824	1.0
436.404579228	1000	1.49300671878	0.0	553424	466.394758151	1.0
436.858728627	1000	1.5388573196	0.0	522960	454.14939917	1.0
437.312878026	1000	1.58470792043	0.0	522960	454.14939917	1.0
437.765367189	1000	1.63221875729	0.0	532300	452.489163141	1.0
438.18212531	1000	1.71546063634	0.0	503004	416.758120956	1.0
438.582439844	1000	1.81514610222	0.0	481782	400.314534116	1.0
438.98619626	1000	1.91138968691	0.0	481782	403.756415312	1.0
439.413466156	1000	1.98411979025	0.0	510552	427.269896656	1.0
439.855829671	1000	2.04175627613	0.0	536970	442.363514124	1.0
440.173343018	200	2.22424292851	0.0	383025	317.513347619	-0.6
440.495215197	200	2.40237074969	0.0	383025	321.872178821	0.2
440.817760835	200	2.57982511203	0.0	383025	322.545637663	0.2
441.140306472	200	2.75727947436	0.0	383025	322.545637663	0.2
441.451570193	200	2.94601575414	0.0	383025	311.263720222	0.2
441.759322311	200	3.13826363614	0.0	383025	307.752118004	0.2
442.065086505	200	3.33249944169	0.0	383025	305.764194451	0.2
442.367580852	200	3.53000509436	0.0	383025	302.49434733	0.2
442.6700752	200	3.72751074703	0.0	383025	302.49434733	0.2
442.969145476	200	3.92844047032	0.0	383025	299.070276711	0.2
443.267956948	200	4.12962899883	0.0	383025	298.811471481	0.2
443.560223948	200	4.33736199873	0.0	383025	292.267000108	0.2
443.852490948	200	4.54509499862	0.0	383025	292.267000108	0.2
444.146236416	200	4.75134953068	0.0	383025	293.745467935	0.2
444.440170964	200	4.95741498233	0.0	383025	293.934548351	0.2
444.740299381	200	5.15728656603	0.0	383025	300.128416303	0.2
445.041008171	200	5.35657777608	0.0	383025	300.708789953	0.2
445.346055623	200	5.55153032395	0.0	383025	305.047452126	0.2
445.653159737	200	5.74442620944	0.0	383025	307.104114512	0.2
445.960894681	200	5.93669126523	0.0	383025	307.734944204	0.2
446.268761396	200	6.12882455043	0.0	383025	307.866714805	0.2
446.572818456	200	6.32476749034	0.0	383025	304.057060089	0.2
446.862421158	200	6.535164789	0.0	383025	289.602701343	0.2
447.152138507	200	6.7454474394	0.0	383025	289.717349597	0.2
447.443194231	200	6.95439171592	0.0	383025	291.055723477	0.2
447.754051109	200	7.14353483778	0.0	383025	310.856878147	0.2
448.064907987	200	7.33267795963	0.0	383025	310.856878147	0.2
448.379297228	200	7.51828871876	0.0	383025	314.389240869	0.2
448.696359207	200	7.70122674003	0.0	383025	317.061978734	0.2
449.013421185	200	7.88416476129	0.0	383025	317.061978734	0.2
449.328424148	200	8.06916179872	0.0	383025	315.002962571	0.2
449.642086711	200	8.25549923604	0.0	383025	313.662562681	0.2
449.956283055	200	8.44130289151	0.0	383025	314.196344528	0.2
450.27757241	200	8.62001353677	0.0	383025	321.289354744	0.2
450.598861765	200	8.79872418202	0.0	383025	321.289354744	0.2
450.92769833	200	8.96988761712	0.0	383025	328.836564904	0.2
451.276416128	200	9.12116981892	0.0	383025	348.717798198	0.2
451.625133926	200	9.27245202072	0.0	383025	348.717798198	0.2
451.96087532	200	9.43671062623	0.0	383025	335.741394494	0.2
452.275614222	200	9.62197172509	0.0	383025	314.738901143	0.2
452.590353123	200	9.80723282394	0.0	383025	314.738901143	0.2
452.909022965	200	9.98856298178	0.0	383025	318.669842161	0.2
453.731716364	200	9.66586958289	0.0	383025	322.693398895	0.2
454.040553824	200	9.8570321226	0.0	383025	308.837460283	0.2
454.773104929	200	9.54878510995	0.0	383025	308.247012656	0.2
455.089703493	200	9.73218654562	0.0	383025	316.598564328	0.2
455.412806161	200	9.90908387798	0.0	383025	323.102667635	0.2
455.983016925	200	9.58598121035	0.0	383025	323.102667635	0.2
456.308946925	200	9.76005121112	0.0	383025	325.929999234	0.2
456.634876924	200	9.93412121188	0.0	383025	325.929999234	0.2
457.457674405	200	9.61132373081	0.0	383025	322.79748107	0.2
457.780908261	200	9.78808987461	0.0	383025	323.233856197	0.2
458.108457253	200	9.9605408824	0.0	383025	327.548992214	0.2
458.696103548	200	9.63299189019	0.0	383025	327.548992214	0.2
459.014071493	200	9.81502394508	0.0	383025	317.967945102	0.2
459.338085015	200	9.99101042293	0.0	383025	324.013522154	0.2
460.180540197	200	9.64855524129	0.0	383025	342.455181637	0.2
460.522995379	200	9.80610005966	0.0	383025	342.455181637	0.2
460.857562387	200	9.97153305139	0.0	383025	334.567008267	0.2
461.213813055	200	9.63918586906	0.0	383025	332.347182328	0.2
461.549920872	200	9.8030780523	0.0	383025	336.107816766	0.2
461.886028689	200	9.96697023553	0.0	383025	336.107816766	0.2
462.544363375	200	9.63086241876	0.0	383025	336.107816766	0.2
462.877069367	200	9.79815642652	0.0	383025	332.705992244	0.2
463.208569396	200	9.96665639692	0.0	383025	331.500029604	0.2
464.02719477	200	9.64803102389	0.0	383025	318.625373029	0.2
464.34367998	200	9.83154581295	0.0	383025	316.485210937	0.2
464.875653635	200	9.51633068506	0.0	383025	315.215127893	0.2
465.199699272	200	9.69228504857	0.0	383025	324.045636485	0.2
465.523744908	200	9.86823941209	0.0	383025	324.045636485	0.2
466.362804454	200	9.52917986599	0.0	383025	339.059546091	0.2
466.706586967	200	9.68539735351	0.0	383025	343.782512479	0.2
467.048698497	200	9.84328582334	0.0	383025	342.11153017	0.2
467.886984599	200	9.50499972066	0.0	383025	338.28610268	0.2
468.224358399	200	9.66762592126	0.0	383025	337.373799405	0.2
468.559177134	200	9.83280718644	0.0	383025	334.818734824	0.2
468.893995868	200	9.99798845161	0.0	383025	334.818734824	0.2
469.608734184	200	9.66316971679	0.0	383025	334.818734824	0.2
469.936518184	200	9.8353857169	0.0	383025	327.783999888	0.2
470.763938819	200	9.50796508215	0.0	383025	327.420634754	0.2
471.090327822	200	9.68157607908	0.0	383025	326.389003064	0.2
471.420325449	200	9.85157845155	0.0	383025	329.997627533	0.2
471.871831407	200	9.52158082402	0.0	383025	329.997627533	0.2
472.200626586	200	9.69278564584	0.0	383025	328.795178174	0.2
472.529421764	200	9.86399046767	0.0	383025	328.795178174	0.2
473.357631752	200	9.53578047958	0.0	383025	328.209988085	0.2
473.683204555	200	9.71020767595	0.0	383025	325.572803631	0.2
474.00465738	200	9.88875485119	0.0	383025	321.452824759	0.2
474.601707404	200	9.56739710553	0.0	383025	321.35774566	0.2
474.90844636	200	9.76065814978	0.0	383025	306.738955758	0.2
475.212733248	200	9.95637126113	0.0	383025	304.286888645	0.2
475.885236283	200	9.65347870471	0.0	383025	302.892556419	0.2
476.181728127	200	9.85698686056	0.0	383025	296.491844154	0.2
476.694525637	200	9.57363936247	0.0	383025	283.347498088	0.2
477.047630533	200	9.7205344666	0.0	383025	353.104895867	0.2

