6595.42889943	400	0.5	0.163181525295	181435	163.181525295	-2.86363050591
6595.83700254	1000	0.591896889773	0.0	471531	408.103110227	0.4
6596.25431756	1000	0.674581865513	0.0	482442	417.31502426	1.0
6596.67980351	1000	0.74909592163	0.0	492120	425.485943883	1.0
6597.10777777	1000	0.821121661445	0.0	492120	427.974260186	1.0
6597.53544248	1000	0.89345694501	0.0	490176	427.664716435	1.0
6597.98250666	1000	0.946392766569	0.0	513389	447.064178441	1.0
6598.39360127	1000	1.03529815679	0.0	497055	411.094609775	1.0
6598.8232265	1000	1.10567292844	0.0	520019	429.625228356	1.0
6599.27576756	1000	1.15313186493	0.0	551265	452.541063505	1.0
6599.71653188	1000	1.21236755007	0.0	558332	440.764314859	1.0
6600.15048663	1000	1.27841279942	0.0	536970	433.954750652	1.0
6600.59257005	1000	1.33632937897	0.0	536970	442.083420447	1.0
6601.03465347	1000	1.39424595853	0.0	536970	442.083420447	1.0
6601.48426471	1000	1.44463471702	0.0	536970	449.611241506	1.0
6601.93464596	1000	1.49425346602	0.0	536970	450.381250999	1.0
6602.4008944	1000	1.52800502403	0.0	553424	466.248441996	1.0
6602.84065771	1000	1.5882417175	0.0	522960	439.763306525	1.0
6603.27745721	1000	1.65144221678	0.0	522960	436.799500726	1.0
6603.7218793	1000	1.70702013051	0.0	532300	444.422086271	1.0
6604.14803692	1000	1.78086250809	0.0	503004	426.157622415	1.0
6604.55696995	1000	1.8719294789	0.0	481782	408.933029186	1.0
6604.96462696	1000	1.96427246546	0.0	481782	407.657013445	1.0
6605.38969658	1000	2.03920284477	0.0	510552	425.069620688	1.0
6605.71108904	200	2.21781038824	0.0	383025	321.392456525	-0.6
6606.0314039	200	2.39749553215	0.0	383025	320.3148561	0.2
6606.35014924	200	2.57875018381	0.0	383025	318.745348337	0.2
6606.66889459	200	2.76000483547	0.0	383025	318.745348337	0.2
6606.99495256	200	2.93394686569	0.0	383025	326.057969778	0.2
6607.32170629	200	3.10719313804	0.0	383025	326.753727649	0.2
6607.64846002	200	3.2804394104	0.0	383025	326.753727649	0.2
6607.97363623	200	3.45526319853	0.0	383025	325.176211869	0.2
6608.29582646	200	3.63307296719	0.0	383025	322.19023134	0.2
6608.61801669	200	3.81088273585	0.0	383025	322.19023134	0.2
6608.93999149	200	3.98890793969	0.0	383025	321.97479616	0.2
6609.26159427	200	4.16730516015	0.0	383025	321.602779543	0.2
6609.58319705	200	4.3457023806	0.0	383025	321.602779543	0.2
6609.90419503	200	4.52470439647	0.0	383025	320.997984133	0.2
6610.22260807	200	4.70629135872	0.0	383025	318.41303775	0.2
6610.54102111	200	4.88787832097	0.0	383025	318.41303775	0.2
6610.85521576	200	5.0736836729	0.0	383025	314.194648065	0.2
6611.16724243	200	5.26165700124	0.0	383025	312.026671667	0.2
6611.4792691	200	5.44963032957	0.0	383025	312.026671667	0.2
6611.80190651	200	5.62699292253	0.0	383025	322.63740704	0.2
6612.12556228	200	5.80333714417	0.0	383025	323.655778365	0.2
6612.44900386	200	5.97989557013	0.0	383025	323.441574036	0.2
6612.76768291	200	6.16121651928	0.0	383025	318.679050852	0.2
6613.08636196	200	6.34253746843	0.0	383025	318.679050852	0.2
6613.40385776	200	6.52504166813	0.0	383025	317.495800294	0.2
6613.71324848	200	6.71565094469	0.0	383025	309.390723447	0.2
6614.02393564	200	6.90496378361	0.0	383025	310.687161075	0.2
6614.34014529	200	7.08875414068	0.0	383025	316.209642932	0.2
6614.65635493	200	7.27254449775	0.0	383025	316.209642932	0.2
6614.97282807	200	7.45607135761	0.0	383025	316.47314014	0.2
6615.29122748	200	7.63767194731	0.0	383025	318.399410294	0.2
6615.60633702	200	7.82256240706	0.0	383025	315.109540253	0.2
6615.90591593	200	8.02298350096	0.0	383025	299.578906097	0.2
6616.2054924	200	8.223407029	0.0	383025	299.576471966	0.2
6616.50505951	200	8.42383991462	0.0	383025	299.567114382	0.2
6616.80462663	200	8.62427280023	0.0	383025	299.567114382	0.2
6617.11925538	200	8.80964404449	0.0	383025	314.628755745	0.2
6617.43637493	200	8.99252449373	0.0	383025	317.119550757	0.2
6617.75349449	200	9.17540494297	0.0	383025	317.119550757	0.2
6618.06895381	200	9.3599456221	0.0	383025	315.459320869	0.2
6618.38370063	200	9.54519879515	0.0	383025	314.746826953	0.2
6618.69844746	200	9.7304519682	0.0	383025	314.746826953	0.2
6619.01293383	200	9.91596559677	0.0	383025	314.486371432	0.2
6619.60910963	200	9.60148559095	0.0	383025	314.480005819	0.2
6619.92336543	200	9.78722978659	0.0	383025	314.255804356	0.2
6620.23691995	200	9.97367527138	0.0	383025	313.554515208	0.2
6620.79353528	200	9.66012075618	0.0	383025	313.554515208	0.2
6621.10518409	200	9.84847194877	0.0	383025	311.648807404	0.2
6621.90319119	200	9.53682314137	0.0	383025	311.648807404	0.2
6622.20757106	200	9.73244327604	0.0	383025	304.379865327	0.2
6622.51183091	200	9.92818342485	0.0	383025	304.259851189	0.2
6623.31970012	200	9.62031421386	0.0	383025	307.869210993	0.2
6623.63591057	200	9.80410376196	0.0	383025	316.210451893	0.2
6623.95746431	200	9.98255002481	0.0	383025	321.55373715	0.2
6624.56120322	200	9.66099628766	0.0	383025	321.55373715	0.2
6624.8835514	200	9.83864810843	0.0	383025	322.348179234	0.2
6625.50278121	200	9.5162999292	0.0	383025	322.348179234	0.2
6625.81910734	200	9.69997379859	0.0	383025	316.326130605	0.2
6626.13508699	200	9.88399414797	0.0	383025	315.97965062	0.2
6626.5342576	200	9.56900249355	0.0	383025	314.991654419	0.2
6626.84948963	200	9.75377046438	0.0	383025	315.232029174	0.2
6627.16472166	200	9.9385384352	0.0	383025	315.232029174	0.2
6627.98035911	200	9.6229009883	0.0	383025	315.637446901	0.2
6628.2937977	200	9.80946239638	0.0	383025	313.438591925	0.2
6628.60409469	200	9.99916540712	0.0	383025	310.296989253	0.2
6629.35870467	200	9.68886841787	0.0	383025	310.296989253	0.2
6629.66561714	200	9.88195594829	0.0	383025	306.912469586	0.2
6630.05212327	200	9.57931558834	0.0	383025	302.640359948	0.2
6630.37173209	200	9.75970676981	0.0	383025	319.608818531	0.2
6630.69134091	200	9.94009795128	0.0	383025	319.608818531	0.2
6631.51486305	200	9.61657580992	0.0	383025	323.52214135	0.2
6631.84360276	200	9.78783610168	0.0	383025	328.739708246	0.2
6632.17470385	200	9.95673501041	0.0	383025	331.101091271	0.2
6633.00713156	200	9.62430729988	0.0	383025	332.427710523	0.2
6633.33746712	200	9.79397174444	0.0	383025	330.335555442	0.2
6633.66697843	200	9.96446043429	0.0	383025	329.511310154	0.2
6634.31472209	200	9.63494912413	0.0	383025	329.511310154	0.2
6634.63771843	200	9.81195278433	0.0	383025	322.996339805	0.2
6634.96071477	200	9.98895644452	0.0	383025	322.996339805	0.2
6635.79059839	200	9.6590728278	0.0	383025	329.883616721	0.2
6636.12197542	200	9.82769579847	0.0	383025	331.377029333	0.2
6636.45682207	200	9.99284914153	0.0	383025	334.846656937	0.2
6636.81694655	200	9.65795305401	0.0	383025	334.896087527	0.2
6637.14547793	200	9.82942167351	0.0	383025	328.531380495	0.2
6637.55630053	200	9.50089029302	0.0	383025	328.531380495	0.2
6637.88669147	200	9.67049935074	0.0	383025	330.390942281	0.2
6638.21708242	200	9.84010840845	0.0	383025	330.390942281	0.2
6638.9509373	200	9.50971746617	0.0	383025	330.390942281	0.2
6639.28299817	200	9.67765659441	0.0	383025	332.060871762	0.2
6639.61505905	200	9.84559572265	0.0	383025	332.060871762	0.2
6640.44625111	200	9.51440366098	0.0	383025	331.192061671	0.2
6640.77958175	200	9.68107301728	0.0	383025	333.330643694	0.2
6641.12471727	200	9.83593749458	0.0	383025	345.135522709	0.2
6641.4698528	200	9.99080197187	0.0	383025	345.135522709	0.2
6641.85250343	200	9.64566644916	0.0	383025	345.135522709	0.2
6642.20528696	200	9.79288292191	0.0	383025	352.783527245	0.2

