4143.63556099	400	0.5	0.160276465474	181435	160.276465474	-2.80552930948
4144.03611415	1000	0.599446842993	0.0	471531	400.553157007	0.4
4144.44570452	1000	0.689856474231	0.0	482442	409.590368762	1.0
4144.86331085	1000	0.772250145854	0.0	492120	417.606328378	1.0
4145.28091717	1000	0.854643817476	0.0	492120	417.606328378	1.0
4145.69691335	1000	0.938647638457	0.0	490176	415.996179019	1.0
4146.13213607	1000	1.00342491774	0.0	513389	435.222720717	1.0
4146.5538299	1000	1.08173109601	0.0	497055	421.693821734	1.0
4146.99454402	1000	1.14101697084	0.0	520019	440.714125166	1.0
4147.45750652	1000	1.17805447183	0.0	551265	462.962499015	1.0
4147.92463686	1000	1.21092412952	0.0	558332	467.130342303	1.0
4148.37427722	1000	1.26128377234	0.0	536970	449.640357183	1.0
4148.82391758	1000	1.31164341516	0.0	536970	449.640357183	1.0
4149.2745992	1000	1.3609617907	0.0	536970	450.681624457	1.0
4149.72559285	1000	1.40996813959	0.0	536970	450.993651112	1.0
4150.1765865	1000	1.45897448848	0.0	536970	450.993651112	1.0
4150.64109322	1000	1.49446777418	0.0	553424	464.506714291	1.0
4151.08058097	1000	1.55498001922	0.0	522960	439.487754968	1.0
4151.52006873	1000	1.61549226425	0.0	522960	439.487754968	1.0
4151.96493609	1000	1.67062490567	0.0	532300	444.867358581	1.0
4152.38377052	1000	1.75179047592	0.0	503004	418.834429745	1.0
4152.78535601	1000	1.8502049831	0.0	481782	401.585492822	1.0
4153.1869415	1000	1.94861949028	0.0	481782	401.585492822	1.0
4153.61191084	1000	2.0236501545	0.0	510552	424.969335781	1.0
4153.93861686	200	2.19694412793	0.0	383025	326.706026569	-0.6
4154.26698462	200	2.36857637625	0.0	383025	328.367751683	0.2
4154.59535237	200	2.54020862456	0.0	383025	328.367751683	0.2
4154.92372012	200	2.71184087288	0.0	383025	328.367751683	0.2
4155.25208787	200	2.8834731212	0.0	383025	328.367751683	0.2
4155.58045562	200	3.05510536951	0.0	383025	328.367751683	0.2
4155.90882337	200	3.22673761783	0.0	383025	328.367751683	0.2
4156.23719113	200	3.39836986615	0.0	383025	328.367751683	0.2
4156.56555888	200	3.57000211447	0.0	383025	328.367751683	0.2
4156.89392663	200	3.74163436278	0.0	383025	328.367751683	0.2
4157.22229438	200	3.9132666111	0.0	383025	328.367751683	0.2
4157.55066213	200	4.08489885942	0.0	383025	328.367751683	0.2
4157.87729628	200	4.25826471351	0.0	383025	326.634145906	0.2
4158.20348892	200	4.43207207406	0.0	383025	326.192639457	0.2
4158.52968156	200	4.6058794346	0.0	383025	326.192639457	0.2
4158.8558742	200	4.77968679514	0.0	383025	326.192639457	0.2
4159.18206684	200	4.95349415568	0.0	383025	326.192639457	0.2
4159.50825948	200	5.12730151623	0.0	383025	326.192639457	0.2
4159.83261794	200	5.30294305041	0.0	383025	324.358465816	0.2
4160.15349808	200	5.48206291372	0.0	383025	320.880136689	0.2
4160.47437822	200	5.66118277703	0.0	383025	320.880136689	0.2
4160.79525835	200	5.84030264034	0.0	383025	320.880136689	0.2
4161.11613849	200	6.01942250365	0.0	383025	320.880136689	0.2
4161.43701863	200	6.19854236696	0.0	383025	320.880136689	0.2
4161.76034063	200	6.37522036056	0.0	383025	323.322006406	0.2
4162.08448424	200	6.55107675471	0.0	383025	324.143605849	0.2
4162.40862784	200	6.72693314886	0.0	383025	324.143605849	0.2
4162.73277145	200	6.90278954301	0.0	383025	324.143605849	0.2
4163.05691506	200	7.07864593716	0.0	383025	324.143605849	0.2
4163.38105866	200	7.25450233131	0.0	383025	324.143605849	0.2
4163.70520227	200	7.43035872546	0.0	383025	324.143605849	0.2
4164.02934587	200	7.60621511962	0.0	383025	324.143605849	0.2
4164.35890264	200	7.77665835676	0.0	383025	329.556762855	0.2
4164.69121372	200	7.94434727067	0.0	383025	332.311086092	0.2
4165.02352481	200	8.11203618458	0.0	383025	332.311086092	0.2
4165.35583589	200	8.27972509848	0.0	383025	332.311086092	0.2
4165.68814698	200	8.44741401239	0.0	383025	332.311086092	0.2
4166.02045807	200	8.6151029263	0.0	383025	332.311086092	0.2
4166.35276915	200	8.78279184021	0.0	383025	332.311086092	0.2
4166.68508024	200	8.95048075412	0.0	383025	332.311086092	0.2
4167.01739132	200	9.11816966802	0.0	383025	332.311086092	0.2
4167.34970241	200	9.28585858193	0.0	383025	332.311086092	0.2
4167.6820135	200	9.45354749584	0.0	383025	332.311086092	0.2
4168.01432458	200	9.62123640975	0.0	383025	332.311086092	0.2
4168.34663567	200	9.78892532366	0.0	383025	332.311086092	0.2
4168.67530608	200	9.96025491674	0.0	383025	328.670406912	0.2
4169.49883807	200	9.63672291782	0.0	383025	323.531998929	0.2
4169.82237007	200	9.81319091889	0.0	383025	323.531998929	0.2
4170.14590207	200	9.98965891996	0.0	383025	323.531998929	0.2
4170.96943407	200	9.66612692103	0.0	383025	323.531998929	0.2
4171.29645065	200	9.83911034241	0.0	383025	327.016578621	0.2
4172.12378035	200	9.51178064405	0.0	383025	327.329698358	0.2
4172.45111005	200	9.68445094569	0.0	383025	327.329698358	0.2
4172.77843974	200	9.85712124733	0.0	383025	327.329698358	0.2
4173.24625431	200	9.52979154898	0.0	383025	327.329698358	0.2
4173.56860429	200	9.70744156685	0.0	383025	322.349982131	0.2
4173.89095428	200	9.88509158471	0.0	383025	322.349982131	0.2
4174.71330426	200	9.56274160258	0.0	383025	322.349982131	0.2
4175.03565424	200	9.74039162045	0.0	383025	322.349982131	0.2
4175.35800422	200	9.91804163832	0.0	383025	322.349982131	0.2
4176.1805333	200	9.5955125643	0.0	383025	322.529074023	0.2
4176.50324515	200	9.7728007134	0.0	383025	322.711850901	0.2
4176.825957	200	9.9500888625	0.0	383025	322.711850901	0.2
4177.64866885	200	9.6273770116	0.0	383025	322.711850901	0.2
4177.97069496	200	9.8053508981	0.0	383025	322.026113497	0.2
4178.29241225	200	9.98363360643	0.0	383025	321.717291673	0.2
4179.11412955	200	9.66191631475	0.0	383025	321.717291673	0.2
4179.43584684	200	9.84019902308	0.0	383025	321.717291673	0.2
4179.97935885	200	9.51848173141	0.0	383025	321.717291673	0.2
4180.29786022	200	9.69998036703	0.0	383025	318.501364375	0.2
4180.61636158	200	9.88147900266	0.0	383025	318.501364375	0.2
4180.97216163	200	9.56297763828	0.0	383025	318.501364375	0.2
4181.29772946	200	9.7374098065	0.0	383025	325.567831786	0.2
4181.6232973	200	9.91184197471	0.0	383025	325.567831786	0.2
4182.44886513	200	9.58627414292	0.0	383025	325.567831786	0.2
4182.77443296	200	9.76070631114	0.0	383025	325.567831786	0.2
4183.10000079	200	9.93513847935	0.0	383025	325.567831786	0.2
4183.73627441	200	9.60957064757	0.0	383025	325.567831786	0.2
4184.04912481	200	9.79672025259	0.0	383025	312.850394977	0.2
4184.3619752	200	9.98386985761	0.0	383025	312.850394977	0.2
4184.99408248	200	9.67101946263	0.0	383025	312.850394977	0.2
4185.29862391	200	9.86647802905	0.0	383025	304.541433589	0.2
4185.82150503	200	9.56193659546	0.0	383025	304.541433589	0.2
4186.13560889	200	9.7478327391	0.0	383025	314.103856361	0.2
4186.44971274	200	9.93372888274	0.0	383025	314.103856361	0.2
4187.21446803	200	9.61962502637	0.0	383025	314.103856361	0.2
4187.53346358	200	9.80062947301	0.0	383025	318.995553363	0.2
4187.85245914	200	9.98163391965	0.0	383025	318.995553363	0.2
4188.67145469	200	9.66263836629	0.0	383025	318.995553363	0.2
4188.99021989	200	9.84387316648	0.0	383025	318.765199807	0.2
4189.80860517	200	9.52548788582	0.0	383025	318.385280654	0.2
4190.12702176	200	9.70707130084	0.0	383025	318.416584981	0.2
4190.44582362	200	9.8882694351	0.0	383025	318.801865748	0.2
4191.26462549	200	9.56946756935	0.0	383025	318.801865748	0.2
4191.58342735	200	9.7506657036	0.0	383025	318.801865748	0.2
4191.89717346	200	9.93691959935	0.0	383025	313.746104245	0.2

