560.2423746346765	400	0.5	0.16683225726426934	181435	166.832257264	-2.936645145285387
560.4117949029544	400	0.8305797317221488	0.0	184429	169.420268278	0.4
560.6686534658477	600	1.0737211688287762	0.0	285584	256.858562893	0.39999999999999997
561.0170008977086	800	1.225373736967963	0.0	391425	348.347431861	0.6000000000000001
561.3653483295694	800	1.3770263051071496	0.0	391425	348.347431861	0.8
561.7123680443572	800	1.5300065903194369	0.0	389889	347.019714788	0.8
562.1661410524573	1000	1.576233582219313	0.0	513389	453.7730081	0.8
562.6137346170498	1000	1.628640017626747	0.0	497055	447.593564593	1.0
563.0843826275176	1000	1.6579920071589531	0.0	520019	470.648010468	1.0
563.5827092569109	1000	1.6596653777655492	0.0	551265	498.326629393	1.0
564.0872960412025	1000	1.655078593474005	0.0	558332	504.586784292	1.0
564.5695332253432	1000	1.6728414093333328	0.0	536970	482.237184141	1.0
565.0454615557402	1000	1.6969130789363565	0.0	536970	475.928330397	1.0
565.5213898861372	1000	1.72098474853938	0.0	536970	475.928330397	1.0
565.9973182165343	1000	1.7450564181424035	0.0	536970	475.928330397	1.0
566.4732465469313	1000	1.7691280877454272	0.0	536970	475.928330397	1.0
566.9577761521854	1000	1.7845984824912933	0.0	553424	484.529605254	1.0
567.4115618123768	1000	1.830812822299873	0.0	522960	453.785660191	1.0
567.8653474725683	1000	1.8770271621084529	0.0	522960	453.785660191	1.0
568.3259606570527	1000	1.9164139776240077	0.0	532300	460.613184484	1.0
568.7610847441346	1000	1.9812898905420895	0.0	503004	435.124087082	1.0
569.1782726251902	1000	2.0641020094864704	0.0	481782	417.187881056	1.0
569.5119940139954	200	2.2303806206813084	0.0	383025	333.721388805	-0.6000000000000001
569.8458725005535	200	2.3965021341232453	0.0	383025	333.878486558	0.2
570.1821148735798	200	2.5602597610968973	0.0	383025	336.242373026	0.2
570.5183572466061	200	2.7240173880705494	0.0	383025	336.242373026	0.2
570.8545996196325	200	2.887775015044201	0.0	383025	336.242373026	0.2
571.1911481930158	200	3.0512264416608206	0.0	383025	336.548573383	0.2
571.527929669064	200	3.214444965612605	0.0	383025	336.781476048	0.2
571.8647111451122	200	3.377663489564389	0.0	383025	336.781476048	0.2
572.2014926211604	200	3.540882013516174	0.0	383025	336.781476048	0.2
572.5354105261206	200	3.7069641085559284	0.0	383025	333.91790496	0.2
572.8683368720874	200	3.8740377625890243	0.0	383025	332.926345967	0.2
573.2012632180544	200	4.041111416622121	0.0	383025	332.926345967	0.2
573.5341895640212	200	4.208185070655217	0.0	383025	332.926345967	0.2
573.8671497729767	200	4.3752248616996745	0.0	383025	332.960208956	0.2
574.2001955341186	200	4.542179100557891	0.0	383025	333.045761142	0.2
574.5332412952604	200	4.709133339416106	0.0	383025	333.045761142	0.2
574.8662870564021	200	4.876087578274323	0.0	383025	333.045761142	0.2
575.199332817544	200	5.043041817132538	0.0	383025	333.045761142	0.2
575.5293130800603	200	5.213061554616251	0.0	383025	329.980262516	0.2
575.8585030911756	200	5.383871543500899	0.0	383025	329.190011115	0.2
576.1876931022911	200	5.554681532385546	0.0	383025	329.190011115	0.2
576.5168831134065	200	5.725491521270193	0.0	383025	329.190011115	0.2
576.8566054752164	200	5.885769159460263	0.0	383025	339.72236181	0.2
577.199772175139	200	6.042602459537783	0.0	383025	343.166699922	0.2
577.5429388750615	200	6.199435759615303	0.0	383025	343.166699922	0.2
577.886105574984	200	6.356269059692823	0.0	383025	343.166699922	0.2
578.2287615936289	200	6.513613041047854	0.0	383025	342.656018645	0.2
578.5668840276139	200	6.67549060706289	0.0	383025	338.122433985	0.2
578.9050064615989	200	6.837368173077924	0.0	383025	338.122433985	0.2
579.2431288955839	200	6.999245739092959	0.0	383025	338.122433985	0.2
579.5812513295689	200	7.161123305107995	0.0	383025	338.122433985	0.2
579.9192546672888	200	7.323119967388221	0.0	383025	338.00333772	0.2
580.2471777456193	200	7.495196889057674	0.0	383025	327.923078331	0.2
580.5751008239499	200	7.667273810727126	0.0	383025	327.923078331	0.2
580.9030239022804	200	7.8393507323965785	0.0	383025	327.923078331	0.2
581.2319370195675	200	8.010437615109655	0.0	383025	328.913117287	0.2
581.5628462703091	200	8.179528364367918	0.0	383025	330.909250742	0.2
581.8937555210509	200	8.348619113626182	0.0	383025	330.909250742	0.2
582.2246647717926	200	8.517709862884447	0.0	383025	330.909250742	0.2
582.555026507803	200	8.687348126874014	0.0	383025	330.36173601	0.2
582.8800851469693	200	8.862289487707677	0.0	383025	325.058639166	0.2
583.2051437861356	200	9.037230848541341	0.0	383025	325.058639166	0.2
583.5302024253019	200	9.212172209375005	0.0	383025	325.058639166	0.2
583.8541571082485	200	9.388217526428443	0.0	383025	323.954682947	0.2
584.1780927577645	200	9.564281876912402	0.0	383025	323.935649516	0.2
584.5020284072806	200	9.740346227396362	0.0	383025	323.935649516	0.2
584.8315161404738	200	9.910858494203197	0.0	383025	329.487733193	0.2
585.6688161163527	200	9.57355851832428	0.0	383025	337.299975879	0.2
586.0061160922315	200	9.736258542445363	0.0	383025	337.299975879	0.2
586.3461515460087	200	9.89622308866819	0.0	383025	340.03545377717336	0.2
587.1873805475901	200	9.55499408708685	0.0	383025	341.229001581	0.2
587.5286095491714	200	9.71376508550551	0.0	383025	341.229001581	0.2
587.868690009058	200	9.873684625618912	0.0	383025	340.08045988659774	0.2
588.698826513244	200	9.543548121432908	0.0	383025	330.136504186	0.2
589.0336403572207	200	9.708734277456037	0.0	383025	334.8138439768715	0.2
589.3701918361726	200	9.872182798504214	0.0	383025	336.551478952	0.2
590.2067433151244	200	9.535631319552392	0.0	383025	336.551478952	0.2
590.5402961598907	200	9.702078474786106	0.0	383025	333.5528447662868	0.2
590.8656888551395	200	9.876685779537228	0.0	383025	325.392695249	0.2
591.6566205612644	200	9.551293084288348	0.0	383025	325.392695249	0.2
591.9800994390343	200	9.727814206518389	0.0	383025	323.47887777	0.2
592.2988185625577	200	9.909095082995101	0.0	383025	318.7191235232877	0.2
592.6571615613517	200	9.593792137332676	0.0	383025	315.302945662	0.2
592.970423594385	200	9.7805301042994	0.0	383025	313.262033033	0.2
593.2836856274183	200	9.967268071266124	0.0	383025	313.262033033	0.2
594.0597738031831	200	9.654006038232849	0.0	383025	313.262033033	0.2
594.3736479882058	200	9.840131853210186	0.0	383025	313.874185023	0.2
595.1920051357448	200	9.52177470567117	0.0	383025	318.35714753901686	0.2
595.5138655985304	200	9.6999142428856	0.0	383025	321.860462786	0.2
595.8290186171644	200	9.884761224251644	0.0	383025	315.1530186339545	0.2
596.6292453656897	200	9.570683333095271	0.0	383025	314.077891156	0.2
596.938642824609	200	9.761285874175911	0.0	383025	309.397458919	0.2
597.2447504478112	200	9.955178250973816	0.0	383025	306.10762320209585	0.2
597.6624854270518	200	9.652137735898753	0.0	383025	303.040515075	0.2
597.961563674457	200	9.85305948849353	0.0	383025	299.078247405	0.2
598.762371362258	200	9.552251800692629	0.0	383025	300.8076878009022	0.2
599.0722345976835	200	9.742388565267056	0.0	383025	309.8632354255728	0.2
599.3835372295578	200	9.93108593339286	0.0	383025	311.302631874	0.2
600.0718887313775	200	9.619783301518664	0.0	383025	311.302631874	0.2
600.3799564829475	200	9.811715549948808	0.0	383025	308.06775157	0.2
601.1834419587823	200	9.508230074113976	0.0	383025	303.4854758348305	0.2
601.4845005773402	200	9.707171455555933	0.0	383025	301.05861855804335	0.2
601.7861174044102	200	9.905554628485868	0.0	383025	301.61682707	0.2
602.5878112334809	200	9.603860799415168	0.0	383025	301.6938290706999	0.2
602.8971822339656	200	9.7944897989305	0.0	383025	309.37100048466635	0.2
603.206073592505	200	9.985598440391021	0.0	383025	308.891358539	0.2
603.7950900024573	200	9.676707081851541	0.0	383025	308.891358539	0.2
604.1048347660925	200	9.86696231821629	0.0	383025	309.744763635	0.2
604.9155985206098	200	9.556198563698969	0.0	383025	310.76375451732224	0.2
605.2314994730001	200	9.740297611308675	0.0	383025	315.90095239	0.2
605.5433383866932	200	9.928458697615508	0.0	383025	311.8389136931669	0.2
606.1218153108024	200	9.61840696293537	0.0	383025	310.05173468	0.2
606.4357395541751	200	9.804482719562667	0.0	383025	313.924243373	0.2
606.7496637975479	200	9.990558476189964	0.0	383025	313.924243373	0.2
607.5590485205487	200	9.681173753189096	0.0	383025	309.3847230008685	0.2
607.8695852184861	200	9.870637055251661	0.0	383025	310.5366979374343	0.2
608.273455893025	200	9.55679923793855	0.0	383025	313.837817313	0.2
608.5946323710195	200	9.73562275994406	0.0	383025	321.176477994	0.2

