6738.10439987	400	0.5	0.162026539945	181435	162.026539945	-2.84053079889
6738.50950129	1000	0.594898578518	0.0	471531	405.101421482	0.4
6738.92374516	1000	0.680654700634	0.0	482442	414.243877884	1.0
6739.34609835	1000	0.758301511682	0.0	492120	422.353188952	1.0
6739.76845154	1000	0.83594832273	0.0	492120	422.353188952	1.0
6740.18917583	1000	0.915224034451	0.0	490176	420.724288279	1.0
6740.62935057	1000	0.975049297958	0.0	513389	440.174736493	1.0
6741.05583885	1000	1.04856101393	0.0	497055	426.488284025	1.0
6741.50156894	1000	1.10283092175	0.0	520019	445.730092184	1.0
6741.97348043	1000	1.13091943531	0.0	551265	471.911486442	1.0
6742.45131344	1000	1.15308642569	0.0	558332	477.833009619	1.0
6742.91124698	1000	1.19315288941	0.0	536970	459.933536275	1.0
6743.37118051	1000	1.23321935314	0.0	536970	459.933536275	1.0
6743.83111405	1000	1.27328581686	0.0	536970	459.933536275	1.0
6744.29104758	1000	1.31335228059	0.0	536970	459.933536275	1.0
6744.75098112	1000	1.35341874431	0.0	536970	459.933536275	1.0
6745.21602457	1000	1.38837529365	0.0	553424	465.043450664	1.0
6745.65342718	1000	1.45097268579	0.0	522960	437.402607856	1.0
6746.09082979	1000	1.51357007794	0.0	522960	437.402607856	1.0
6746.53586575	1000	1.56853411312	0.0	532300	445.035964819	1.0
6746.96637886	1000	1.63802100526	0.0	503004	430.513107858	1.0
6747.38030125	1000	1.72409861738	0.0	481782	413.922387878	1.0
6747.79422364	1000	1.8101762295	0.0	481782	413.922387878	1.0
6748.23226657	1000	1.87213329105	0.0	510552	438.042938458	1.0
6748.69245816	1000	1.91194170104	0.0	536970	460.191590012	1.0
6749.15264975	1000	1.95175011102	0.0	536970	460.191590012	1.0
6749.61284134	1000	1.99155852101	0.0	536970	460.191590012	1.0
6750.07303293	1000	2.031366931	0.0	536970	460.191590012	1.0
6750.4041582	200	2.2002416656	0.0	383025	331.125265404	-0.6
6750.73486001	200	2.36953985387	0.0	383025	330.701811723	0.2
6751.0600499	200	2.54434997044	0.0	383025	325.189883433	0.2
6751.38523978	200	2.71916008701	0.0	383025	325.189883433	0.2
6751.71042966	200	2.89397020357	0.0	383025	325.189883433	0.2
6752.03561955	200	3.06878032014	0.0	383025	325.189883433	0.2
6752.36080943	200	3.24359043671	0.0	383025	325.189883433	0.2
6752.68599931	200	3.41840055328	0.0	383025	325.189883433	0.2
6753.0111892	200	3.59321066984	0.0	383025	325.189883433	0.2
6753.33483901	200	3.76956085612	0.0	383025	323.649813721	0.2
6753.65803954	200	3.94636032887	0.0	383025	323.200527248	0.2
6753.98124006	200	4.12315980163	0.0	383025	323.200527248	0.2
6754.30444059	200	4.29995927438	0.0	383025	323.200527248	0.2
6754.62764112	200	4.47675874713	0.0	383025	323.200527248	0.2
6754.95084165	200	4.65355821988	0.0	383025	323.200527248	0.2
6755.27404217	200	4.83035769264	0.0	383025	323.200527248	0.2
6755.5972427	200	5.00715716539	0.0	383025	323.200527248	0.2
6755.92044323	200	5.18395663814	0.0	383025	323.200527248	0.2
6756.24276429	200	5.361635577	0.0	383025	322.321061137	0.2
6756.56471996	200	5.53967990258	0.0	383025	321.955674421	0.2
6756.88667564	200	5.71772422816	0.0	383025	321.955674421	0.2
6757.20863131	200	5.89576855374	0.0	383025	321.955674421	0.2
6757.53058699	200	6.07381287932	0.0	383025	321.955674421	0.2
6757.84811837	200	6.25628149711	0.0	383025	317.531382212	0.2
6758.1602275	200	6.44417236337	0.0	383025	312.109133739	0.2
6758.47233664	200	6.63206322963	0.0	383025	312.109133739	0.2
6758.78444577	200	6.81995409589	0.0	383025	312.109133739	0.2
6759.09734122	200	7.00705864306	0.0	383025	312.895452833	0.2
6759.41173055	200	7.19266931538	0.0	383025	314.389327676	0.2
6759.72611988	200	7.3782799877	0.0	383025	314.389327676	0.2
6760.04050921	200	7.56389066003	0.0	383025	314.389327676	0.2
6760.35489853	200	7.74950133235	0.0	383025	314.389327676	0.2
6760.66928786	200	7.93511200467	0.0	383025	314.389327676	0.2
6760.98267758	200	8.12172228476	0.0	383025	313.389719913	0.2
6761.29575145	200	8.30864841154	0.0	383025	313.073873223	0.2
6761.60882533	200	8.49557453831	0.0	383025	313.073873223	0.2
6761.9218992	200	8.68250066509	0.0	383025	313.073873223	0.2
6762.23497307	200	8.86942679187	0.0	383025	313.073873223	0.2
6762.54707427	200	9.05732559774	0.0	383025	312.10119413	0.2
6762.85797533	200	9.24642453831	0.0	383025	310.901059425	0.2
6763.16887639	200	9.43552347889	0.0	383025	310.901059425	0.2
6763.47977745	200	9.62462241946	0.0	383025	310.901059425	0.2
6763.79067851	200	9.81372136004	0.0	383025	310.901059425	0.2
6764.60323827	200	9.50116159948	0.0	383025	312.559760561	0.2
6764.91748439	200	9.68691547349	0.0	383025	314.246125985	0.2
6765.23173052	200	9.87266934751	0.0	383025	314.246125985	0.2
6766.04744346	200	9.55695640926	0.0	383025	315.712938248	0.2
6766.36377884	200	9.74062102889	0.0	383025	316.33538037	0.2
6766.68011422	200	9.92428564852	0.0	383025	316.33538037	0.2
6767.30052608	200	9.60795026815	0.0	383025	316.33538037	0.2
6767.61696551	200	9.79151083341	0.0	383025	316.439434744	0.2
6767.93340495	200	9.97507139866	0.0	383025	316.439434744	0.2
6768.30323909	200	9.65863196392	0.0	383025	316.439434744	0.2
6768.61750209	200	9.84436897008	0.0	383025	314.262993835	0.2
6769.43176508	200	9.53010597625	0.0	383025	314.262993835	0.2
6769.74602807	200	9.71584298242	0.0	383025	314.262993835	0.2
6770.06529015	200	9.89658090281	0.0	383025	319.262079609	0.2
6770.89332484	200	9.56854621462	0.0	383025	328.034688182	0.2
6771.22135953	200	9.74051152644	0.0	383025	328.034688182	0.2
6771.54939422	200	9.91247683826	0.0	383025	328.034688182	0.2
6772.37742891	200	9.58444215008	0.0	383025	328.034688182	0.2
6772.69954228	200	9.76232878058	0.0	383025	322.113369494	0.2
6773.01795017	200	9.94392088449	0.0	383025	318.407896099	0.2
6773.83635807	200	9.62551298839	0.0	383025	318.407896099	0.2
6774.15476596	200	9.80710509229	0.0	383025	318.407896099	0.2
6774.47269641	200	9.98917464446	0.0	383025	317.930447827	0.2
6775.28770596	200	9.67416509665	0.0	383025	315.009547812	0.2
6775.60271551	200	9.85915554884	0.0	383025	315.009547812	0.2
6776.38560577	200	9.54414600102	0.0	383025	315.009547812	0.2
6776.69627315	200	9.73347861998	0.0	383025	310.667381044	0.2
6777.00694053	200	9.92281123894	0.0	383025	310.667381044	0.2
6777.79749066	200	9.61214385789	0.0	383025	310.667381044	0.2
6778.10744806	200	9.80218646026	0.0	383025	309.957397631	0.2
6778.41794076	200	9.99169375201	0.0	383025	310.492708255	0.2
6779.23193284	200	9.67770167758	0.0	383025	313.992074431	0.2
6779.54592491	200	9.86370960314	0.0	383025	313.992074431	0.2
6780.10222607	200	9.54971752871	0.0	383025	313.992074431	0.2
6780.41619678	200	9.73574681836	0.0	383025	313.970710348	0.2
6780.73016749	200	9.92177610802	0.0	383025	313.970710348	0.2
6781.54635703	200	9.60558656462	0.0	383025	316.189543397	0.2
6781.86575725	200	9.78618634583	0.0	383025	319.400218786	0.2
6782.18515747	200	9.96678612705	0.0	383025	319.400218786	0.2
6782.97919849	200	9.64738590826	0.0	383025	319.400218786	0.2
6783.30583193	200	9.82075246663	0.0	383025	326.633441633	0.2
6783.63246537	200	9.994119025	0.0	383025	326.633441633	0.2
6784.45909881	200	9.66748558336	0.0	383025	326.633441633	0.2
6784.78573226	200	9.84085214173	0.0	383025	326.633441633	0.2
6785.47017366	200	9.5142187001	0.0	383025	326.633441633	0.2
6785.79082898	200	9.69356337912	0.0	383025	320.655320977	0.2
6786.1114843	200	9.87290805814	0.0	383025	320.655320977	0.2
6786.93213962	200	9.55225273716	0.0	383025	320.655320977	0.2
6787.25279495	200	9.73159741619	0.0	383025	320.655320977	0.2

