6095.742622628149	400	0.5	0.1609991584836568	181435	160.999158484	-2.819983169673136
6095.9061135411475	400	0.8365090870009516	0.0	184429	163.490912999	0.4
6096.153790635844	600	1.0888319923036955	0.0	285584	247.677094697	0.39999999999999997
6096.489553832635	800	1.2530687955144026	0.0	391425	335.763196789	0.6000000000000001
6096.825317029424	800	1.4173055987251095	0.0	391425	335.763196789	0.8
6097.243265680505	1000	1.499356947644089	0.0	490176	417.948651081	0.8
6097.68053333545	1000	1.5620892927000811	0.0	513389	437.267654944	1.0
6098.104207029721	1000	1.6384155984288875	0.0	497055	423.673694271	1.0
6098.54699249777	1000	1.6956301303796537	0.0	520019	442.785468049	1.0
6099.015782428607	1000	1.7268401995422018	0.0	551265	468.789930837	1.0
6099.49045386551	1000	1.7521687626391949	0.0	558332	474.671436903	1.0
6099.947346792074	1000	1.7952758360761327	0.0	536970	456.892926563	1.0
6100.405119023181	1000	1.8375036049682802	0.0	536970	457.772231108	1.0
6100.862920272013	1000	1.8797023561366228	0.0	536970	457.801248832	1.0
6101.320721520845	1000	1.9219011073049654	0.0	536970	457.801248832	1.0
6101.778522769677	1000	1.964099858473308	0.0	536970	457.801248832	1.0
6102.244176477949	1000	1.9984461502009898	0.0	553424	465.653708272	1.0
6102.678013068767	1000	2.064609559383717	0.0	522960	433.836590817	1.0
6102.998438359798	200	2.244184268352307	0.0	383025	320.425291031	-0.6000000000000001
6103.318863650829	200	2.4237589773208974	0.0	383025	320.425291031	0.2
6103.639288941861	200	2.603333686289488	0.0	383025	320.425291031	0.2
6103.959714232893	200	2.7829083952580786	0.0	383025	320.425291031	0.2
6104.281741847024	200	2.96088078112684	0.0	383025	322.027614131	0.2
6104.605516285675	200	3.137106342476381	0.0	383025	323.77443865	0.2
6104.929290724325	200	3.313331903825922	0.0	383025	323.77443865	0.2
6105.253065162975	200	3.4895574651754626	0.0	383025	323.77443865	0.2
6105.576839601626	200	3.6657830265250038	0.0	383025	323.77443865	0.2
6105.900614040276	200	3.8420085878745445	0.0	383025	323.77443865	0.2
6106.225386472774	200	4.017236155376878	0.0	383025	324.772432498	0.2
6106.551084820443	200	4.19153780770779	0.0	383025	325.698347669	0.2
6106.876783168112	200	4.365839460038701	0.0	383025	325.698347669	0.2
6107.202481515781	200	4.5401411123696125	0.0	383025	325.698347669	0.2
6107.5281798634505	200	4.714442764700524	0.0	383025	325.698347669	0.2
6107.853878211119	200	4.888744417031436	0.0	383025	325.698347669	0.2
6108.1795765587885	200	5.063046069362347	0.0	383025	325.698347669	0.2
6108.505274906457	200	5.237347721693259	0.0	383025	325.698347669	0.2
6108.830973254127	200	5.4116493740241705	0.0	383025	325.698347669	0.2
6109.154673777451	200	5.587948850699936	0.0	383025	323.700523324	0.2
6109.4767690602475	200	5.765853567902867	0.0	383025	322.095282797	0.2
6109.798864343044	200	5.943758285105797	0.0	383025	322.095282797	0.2
6110.120959625841	200	6.121663002308727	0.0	383025	322.095282797	0.2
6110.443054908638	200	6.299567719511658	0.0	383025	322.095282797	0.2
6110.7754070162055	200	6.467215611944294	0.0	383025	332.352107567	0.2
6111.110128607602	200	6.6324940205476866	0.0	383025	334.721591397	0.2
6111.444850198998	200	6.79777242915108	0.0	383025	334.721591397	0.2
6111.779571790395	200	6.963050837754474	0.0	383025	334.721591397	0.2
6112.114293381791	200	7.128329246357867	0.0	383025	334.721591397	0.2
6112.449014973187	200	7.293607654961261	0.0	383025	334.721591397	0.2
6112.783736564583	200	7.458886063564655	0.0	383025	334.721591397	0.2
6113.118458155979	200	7.624164472168048	0.0	383025	334.721591397	0.2
6113.4531797473755	200	7.789442880771441	0.0	383025	334.721591397	0.2
6113.786729773919	200	7.95589285422843	0.0	383025	333.550026543	0.2
6114.106974025305	200	8.1356486028423	0.0	383025	320.244251386	0.2
6114.427218276692	200	8.31540435145617	0.0	383025	320.244251386	0.2
6114.747462528077	200	8.495160100070043	0.0	383025	320.244251386	0.2
6115.067706779464	200	8.674915848683915	0.0	383025	320.244251386	0.2
6115.387951030851	200	8.854671597297788	0.0	383025	320.244251386	0.2
6115.708195282236	200	9.03442734591166	0.0	383025	320.244251386	0.2
6116.029103373726	200	9.213519254422012	0.0	383025	320.90809149	0.2
6116.350065690538	200	9.39255693760954	0.0	383025	320.962316812	0.2
6116.67102800735	200	9.571594620797066	0.0	383025	320.962316812	0.2
6116.991990324162	200	9.750632303984593	0.0	383025	320.962316812	0.2
6117.312952640974	200	9.92966998717212	0.0	383025	320.962316812	0.2
6118.02620646501	200	9.608707670359648	0.0	383025	320.962316812	0.2
6118.351860405784	200	9.783053729586372	0.0	383025	325.653940773	0.2
6118.677514346557	200	9.957399788813095	0.0	383025	325.653940773	0.2
6119.5031682873305	200	9.63174584803982	0.0	383025	325.653940773	0.2
6119.8288222281035	200	9.806091907266543	0.0	383025	325.653940773	0.2
6120.151170511145	200	9.983743624225243	0.0	383025	322.3482830413008	0.2
6120.9694010305775	200	9.665513104792252	0.0	383025	318.230519433	0.2
6121.287631550011	200	9.84728258535926	0.0	383025	318.230519433	0.2
6122.102775199817	200	9.53213893555233	0.0	383025	315.14364980693074	0.2
6122.413794743976	200	9.721119391394256	0.0	383025	311.019544158	0.2
6122.7248142881335	200	9.91009984723618	0.0	383025	311.019544158	0.2
6123.534913450137	200	9.60000068523298	0.0	383025	310.0991620032019	0.2
6123.843214624674	200	9.791699510695308	0.0	383025	308.301174538	0.2
6124.151515799212	200	9.983398336157636	0.0	383025	308.301174538	0.2
6124.954647695499	200	9.680266439869765	0.0	383025	303.13189628787075	0.2
6125.257555405837	200	9.87735872953264	0.0	383025	302.907710337	0.2
6126.070478974048	200	9.564435161322201	0.0	383025	312.9235682104386	0.2
6126.385788901599	200	9.749125233770528	0.0	383025	315.309927552	0.2
6126.7012211316	200	9.933693003770024	0.0	383025	315.43223000050483	0.2
6127.517322437041	200	9.617591698328479	0.0	383025	316.101305442	0.2
6127.833423742483	200	9.801490392886933	0.0	383025	316.101305442	0.2
6128.149525047926	200	9.985389087445387	0.0	383025	316.101305442	0.2
6128.964754438998	200	9.670159696372515	0.0	383025	315.22939107287306	0.2
6129.279386963553	200	9.855527171816982	0.0	383025	314.632524556	0.2
6130.034124047032	200	9.54089464726145	0.0	383025	314.632524556	0.2
6130.352292426491	200	9.722726267801937	0.0	383025	318.16837946	0.2
6130.670460805951	200	9.904557888342422	0.0	383025	318.16837946	0.2
6131.203238787311	200	9.586389508882908	0.0	383025	318.16837946	0.2
6131.51446222335	200	9.77516607284402	0.0	383025	311.223436039	0.2
6131.825685659389	200	9.963942636805132	0.0	383025	311.223436039	0.2
6132.6377695984065	200	9.651858697787784	0.0	383025	312.08393901734775	0.2
6132.951184477302	200	9.838443818892243	0.0	383025	313.414878896	0.2
6133.440569574685	200	9.525028939996702	0.0	383025	313.414878896	0.2
6133.756664278952	200	9.70893423573016	0.0	383025	316.094704267	0.2
6134.072758983218	200	9.892839531463617	0.0	383025	316.094704267	0.2
6134.888430510185	200	9.5771680044969	0.0	383025	315.6715269667164	0.2
6135.2027807734885	200	9.76281774119265	0.0	383025	314.350263304	0.2
6135.517131036793	200	9.9484674778884	0.0	383025	314.350263304	0.2
6136.330466556324	200	9.635131958357892	0.0	383025	313.33551953050807	0.2
6136.6436596130325	200	9.821938901649208	0.0	383025	313.193056709	0.2
6137.4091058974855	200	9.508745844940524	0.0	383025	313.193056709	0.2
6137.721700976469	200	9.696150765957434	0.0	383025	312.595078983	0.2
6138.034296055452	200	9.883555686974345	0.0	383025	312.595078983	0.2
6138.676929627728	200	9.570960607991255	0.0	383025	312.595078983	0.2
6138.997963779657	200	9.749926456061509	0.0	383025	321.03415193	0.2
6139.318997931587	200	9.928892304131761	0.0	383025	321.03415193	0.2
6140.140032083516	200	9.607858152202015	0.0	383025	321.03415193	0.2
6140.459758141187	200	9.788132094530862	0.0	383025	319.7260576711532	0.2
6140.779252171058	200	9.968638064659224	0.0	383025	319.494029872	0.2
6141.59874620093	200	9.649144034787588	0.0	383025	319.494029872	0.2
6141.918240230801	200	9.82965000491595	0.0	383025	319.494029872	0.2
6142.733431668123	200	9.514458567594202	0.0	383025	315.1914373217483	0.2
6143.050254055015	200	9.697636180701625	0.0	383025	316.8223868925767	0.2
6143.368770757613	200	9.879119478103888	0.0	383025	318.516702598	0.2
6144.18728746021	200	9.560602775506151	0.0	383025	318.516702598	0.2
6144.505804162809	200	9.742086072908414	0.0	383025	318.516702598	0.2
6144.824216216933	200	9.923674018783698	0.0	383025	318.4120541247158	0.2

