5465.23537431	400	0.5	0.153804968956	181435	153.804968956	-2.67609937912
5465.61910871	1000	0.61626560026	0.0	471531	383.73439974	0.4
5466.01149114	1000	0.723883166699	0.0	482442	392.382433561	1.0
5466.41356713	1000	0.821807178755	0.0	492120	402.075987944	1.0
5466.81855233	1000	0.916821978301	0.0	492120	404.985200455	1.0
5467.22197724	1000	1.01339707052	0.0	490176	403.424907783	1.0
5467.64403336	1000	1.09134095194	0.0	513389	422.056118581	1.0
5468.05360377	1000	1.1817705349	0.0	497055	409.570417038	1.0
5468.48927683	1000	1.2460974784	0.0	520019	435.673056496	1.0
5468.95052699	1000	1.28484731737	0.0	551265	461.250161032	1.0
5469.42179175	1000	1.31358255692	0.0	558332	471.264760455	1.0
5469.89296068	1000	1.3424136283	0.0	536970	471.16892862	1.0
5470.36412961	1000	1.37124469968	0.0	536970	471.16892862	1.0
5470.83529854	1000	1.40007577106	0.0	536970	471.16892862	1.0
5471.30646747	1000	1.42890684244	0.0	536970	471.16892862	1.0
5471.7776364	1000	1.45773791382	0.0	536970	471.16892862	1.0
5472.26155414	1000	1.47382016687	0.0	553424	483.917746943	1.0
5472.70860303	1000	1.52677127674	0.0	522960	447.048890138	1.0
5473.15565192	1000	1.5797223866	0.0	522960	447.048890138	1.0
5473.61050645	1000	1.62486785811	0.0	532300	454.854528493	1.0
5474.04087768	1000	1.69449662525	0.0	503004	430.371232857	1.0
5474.45351324	1000	1.78186107303	0.0	481782	412.635552219	1.0
5474.85087372	1000	1.88450059121	0.0	481782	397.36048182	1.0
5475.26683466	1000	1.96853964723	0.0	510552	415.960943982	1.0
5475.70380165	1000	2.0315726623	0.0	536970	436.966984931	1.0
5476.01903338	200	2.2163409322	0.0	383025	315.2317301	-0.6
5476.33595314	200	2.39942117451	0.0	383025	316.919757681	0.2
5476.65287289	200	2.58250141683	0.0	383025	316.919757681	0.2
5476.96979265	200	2.76558165915	0.0	383025	316.919757681	0.2
5477.28671241	200	2.94866190147	0.0	383025	316.919757681	0.2
5477.60125427	200	3.13412003914	0.0	383025	314.541862334	0.2
5477.91473249	200	3.32064182319	0.0	383025	313.478215944	0.2
5478.2282107	200	3.50716360725	0.0	383025	313.478215944	0.2
5478.54138468	200	3.69398963378	0.0	383025	313.173973472	0.2
5478.8533271	200	3.88204720498	0.0	383025	311.942428795	0.2
5479.16526953	200	4.07010477619	0.0	383025	311.942428795	0.2
5479.47721196	200	4.25816234739	0.0	383025	311.942428795	0.2
5479.78915439	200	4.4462199186	0.0	383025	311.942428795	0.2
5480.10952548	200	4.62584883129	0.0	383025	320.371087303	0.2
5480.43025799	200	4.80511631815	0.0	383025	320.732513143	0.2
5480.7509905	200	4.98438380501	0.0	383025	320.732513143	0.2
5481.07172302	200	5.16365129186	0.0	383025	320.732513143	0.2
5481.39209001	200	5.34328430054	0.0	383025	320.366991326	0.2
5481.71095708	200	5.52441722499	0.0	383025	318.867075548	0.2
5482.02982416	200	5.70555014944	0.0	383025	318.867075548	0.2
5482.34869124	200	5.8866830739	0.0	383025	318.867075548	0.2
5482.66755831	200	6.06781599835	0.0	383025	318.867075548	0.2
5482.98662517	200	6.24874914115	0.0	383025	319.066857198	0.2
5483.30621943	200	6.42915488012	0.0	383025	319.594261032	0.2
5483.62581369	200	6.60956061909	0.0	383025	319.594261032	0.2
5483.94540795	200	6.78996635805	0.0	383025	319.594261032	0.2
5484.26481946	200	6.97055485062	0.0	383025	319.411507433	0.2
5484.58352176	200	7.15185254972	0.0	383025	318.702300897	0.2
5484.90222406	200	7.33315024883	0.0	383025	318.702300897	0.2
5485.22092636	200	7.51444794793	0.0	383025	318.702300897	0.2
5485.53962866	200	7.69574564703	0.0	383025	318.702300897	0.2
5485.86104882	200	7.87432549373	0.0	383025	321.420153303	0.2
5486.18546792	200	8.04990639202	0.0	383025	324.419101707	0.2
5486.50988702	200	8.22548729031	0.0	383025	324.419101707	0.2
5486.83430612	200	8.40106818861	0.0	383025	324.419101707	0.2
5487.15872522	200	8.5766490869	0.0	383025	324.419101707	0.2
5487.48005142	200	8.75532289468	0.0	383025	321.326192218	0.2
5487.79805474	200	8.93731956511	0.0	383025	318.003329571	0.2
5488.11605807	200	9.11931623554	0.0	383025	318.003329571	0.2
5488.4340614	200	9.30131290597	0.0	383025	318.003329571	0.2
5488.75206473	200	9.4833095764	0.0	383025	318.003329571	0.2
5489.07283903	200	9.66253528069	0.0	383025	320.774295708	0.2
5489.39380066	200	9.84157364785	0.0	383025	320.961632836	0.2
5489.98795517	200	9.52061201502	0.0	383025	320.961632836	0.2
5490.31585843	200	9.69270875831	0.0	383025	327.903256711	0.2
5490.64376169	200	9.86480550159	0.0	383025	327.903256711	0.2
5491.47166494	200	9.53690224488	0.0	383025	327.903256711	0.2
5491.7995682	200	9.70899898817	0.0	383025	327.903256711	0.2
5492.13542802	200	9.87313916495	0.0	383025	335.859823222	0.2
5492.97375288	200	9.53481431063	0.0	383025	338.324854319	0.2
5493.31207773	200	9.69648945631	0.0	383025	338.324854319	0.2
5493.65040259	200	9.85816460199	0.0	383025	338.324854319	0.2
5494.46269255	200	9.51983974768	0.0	383025	338.324854319	0.2
5494.80013984	200	9.6823924536	0.0	383025	337.447294075	0.2
5495.13758713	200	9.84494515952	0.0	383025	337.447294075	0.2
5495.97503443	200	9.50749786545	0.0	383025	337.447294075	0.2
5496.31248172	200	9.67005057137	0.0	383025	337.447294075	0.2
5496.64801963	200	9.83451266262	0.0	383025	335.537908753	0.2
5497.4766859	200	9.50584639204	0.0	383025	328.666270581	0.2
5497.80535217	200	9.67718012146	0.0	383025	328.666270581	0.2
5498.13401844	200	9.84851385088	0.0	383025	328.666270581	0.2
5498.78664205	200	9.5198475803	0.0	383025	328.666270581	0.2
5499.10318397	200	9.70330565885	0.0	383025	316.541921449	0.2
5499.41972589	200	9.8867637374	0.0	383025	316.541921449	0.2
5499.99985089	200	9.57022181595	0.0	383025	316.541921449	0.2
5500.31276303	200	9.75730967459	0.0	383025	312.912141363	0.2
5500.62567517	200	9.94439753323	0.0	383025	312.912141363	0.2
5501.41090676	200	9.63148539186	0.0	383025	312.912141363	0.2
5501.72951326	200	9.81287889499	0.0	383025	318.606496877	0.2
5502.04811976	200	9.99427239811	0.0	383025	318.606496877	0.2
5502.86486534	200	9.67566590123	0.0	383025	318.606496877	0.2
5503.17456148	200	9.86596975785	0.0	383025	309.696143382	0.2
5503.98932957	200	9.55120166821	0.0	383025	314.76808964	0.2
5504.30409766	200	9.73643357857	0.0	383025	314.76808964	0.2
5504.61745459	200	9.92307665281	0.0	383025	313.35692576	0.2
5505.42896795	200	9.61156329208	0.0	383025	311.513360733	0.2
5505.74048131	200	9.80004993134	0.0	383025	311.513360733	0.2
5506.0493399	200	9.99119134524	0.0	383025	308.858586109	0.2
5506.42894509	200	9.68269549582	0.0	383025	308.495849419	0.2
5506.74319946	200	9.86844111812	0.0	383025	314.254377692	0.2
5507.167072	200	9.55418674043	0.0	383025	314.254377692	0.2
5507.48631801	200	9.73494073463	0.0	383025	319.246005802	0.2
5507.80556401	200	9.91569472883	0.0	383025	319.246005802	0.2
5508.20216616	200	9.59644872303	0.0	383025	319.246005802	0.2
5508.5191957	200	9.77941918256	0.0	383025	317.029540467	0.2
5508.83622524	200	9.96238964209	0.0	383025	317.029540467	0.2
5509.3416996	200	9.64536010162	0.0	383025	317.029540467	0.2
5509.66093874	200	9.82612096019	0.0	383025	319.239141438	0.2
5510.48017789	200	9.50688181875	0.0	383025	319.239141438	0.2
5510.79941703	200	9.68764267731	0.0	383025	319.239141438	0.2
5511.12346876	200	9.8635909425	0.0	383025	324.051734808	0.2
5511.94877243	200	9.53828727684	0.0	383025	325.303665662	0.2
5512.27407609	200	9.71298361118	0.0	383025	325.303665662	0.2
5512.59897018	200	9.88808952687	0.0	383025	324.894084308	0.2
5513.41626505	200	9.57079465851	0.0	383025	317.294868358	0.2

