1844.2706584606199	400	0.5	0.1517419551761722	181435	151.741955176	-2.634839103523444
1844.4247394100023	400	0.8459190506176523	0.0	184429	154.080949382	0.4
1844.657845395766	600	1.1128130648539796	0.0	285584	233.105985764	0.39999999999999997
1844.9736372485222	800	1.297021212097713	0.0	391425	315.791852756	0.6000000000000001
1845.2820942457042	800	1.488564214915764	0.0	391425	308.456997182	0.8
1845.6638208447423	1000	1.606837615877588	0.0	490176	381.726599038	0.8
1846.0620037261467	1000	1.7086547344731948	0.0	513389	398.182881404	1.0
1846.4391697060944	1000	1.8314887545254699	0.0	497055	377.165979948	1.0
1846.8335921860153	1000	1.9370662746043565	0.0	520019	394.422479921	1.0
1847.2519467086568	1000	2.0187117519629196	0.0	551265	418.354522641	1.0
1847.5456759333215	200	2.2249825272983093	0.0	383025	293.729224665	-0.6000000000000001
1847.8409982209735	200	2.429660239646393	0.0	383025	295.322287652	0.2
1848.13794477772	200	2.632713682899857	0.0	383025	296.946556747	0.2
1848.4352375727894	200	2.835420887830248	0.0	383025	297.29279507	0.2
1848.733339724401	200	3.0373187362185536	0.0	383025	298.102151612	0.2
1849.0314418760127	200	3.2392165846068592	0.0	383025	298.102151612	0.2
1849.3260580416782	200	3.4446004189413477	0.0	383025	294.616165666	0.2
1849.6201529683633	200	3.650505492255993	0.0	383025	294.094926685	0.2
1849.9142478950487	200	3.856410565570638	0.0	383025	294.094926685	0.2
1850.2256750994	200	4.044983361219476	0.0	383025	311.427204351	0.2
1850.5373918971059	200	4.233266563513469	0.0	383025	311.716797706	0.2
1850.8491086948118	200	4.4215497658074625	0.0	383025	311.716797706	0.2
1851.161256127716	200	4.609402332903454	0.0	383025	312.147432904	0.2
1851.4747797912314	200	4.79587866938771	0.0	383025	313.523663516	0.2
1851.7883034547472	200	4.982355005871965	0.0	383025	313.523663516	0.2
1852.101827118263	200	5.1688313423562215	0.0	383025	313.523663516	0.2
1852.4123661538504	200	5.358292306768581	0.0	383025	310.539035588	0.2
1852.7187247833851	200	5.55193367723376	0.0	383025	306.358629535	0.2
1853.02508341292	200	5.74557504769894	0.0	383025	306.358629535	0.2
1853.3568251327495	200	5.913833327869344	0.0	383025	331.74171983	0.2
1853.7043971659657	200	6.066261294653036	0.0	383025	347.572033216	0.2
1854.051969199182	200	6.218689261436729	0.0	383025	347.572033216	0.2
1854.3995412323982	200	6.371117228220421	0.0	383025	347.572033216	0.2
1854.7471132656144	200	6.523545195004115	0.0	383025	347.572033216	0.2
1855.0946852988307	200	6.675973161787807	0.0	383025	347.572033216	0.2
1855.442257332047	200	6.8284011285715	0.0	383025	347.572033216	0.2
1855.7898293652631	200	6.980829095355192	0.0	383025	347.572033216	0.2
1856.1374013984794	200	7.133257062138885	0.0	383025	347.572033216	0.2
1856.4849734316956	200	7.285685028922578	0.0	383025	347.572033216	0.2
1856.832545464912	200	7.438112995706271	0.0	383025	347.572033216	0.2
1857.1801174981283	200	7.590540962489963	0.0	383025	347.572033216	0.2
1857.5276895313445	200	7.742968929273656	0.0	383025	347.572033216	0.2
1857.8753197630815	200	7.89533869753658	0.0	383025	347.630231737	0.2
1858.2259881779496	200	8.044670282668573	0.0	383025	350.668414868	0.2
1858.5766565928175	200	8.194001867800566	0.0	383025	350.668414868	0.2
1858.9273250076856	200	8.343333452932558	0.0	383025	350.668414868	0.2
1859.2779934225534	200	8.492665038064551	0.0	383025	350.668414868	0.2
1859.6286618374213	200	8.641996623196544	0.0	383025	350.668414868	0.2
1859.9793302522894	200	8.791328208328538	0.0	383025	350.668414868	0.2
1860.3299986671573	200	8.940659793460531	0.0	383025	350.668414868	0.2
1860.6806670820251	200	9.089991378592524	0.0	383025	350.668414868	0.2
1861.0313354968932	200	9.239322963724517	0.0	383025	350.668414868	0.2
1861.382003911761	200	9.38865454885651	0.0	383025	350.668414868	0.2
1861.732672326629	200	9.537986133988502	0.0	383025	350.668414868	0.2
1862.083340741497	200	9.687317719120497	0.0	383025	350.668414868	0.2
1862.434009156365	200	9.83664930425249	0.0	383025	350.668414868	0.2
1862.7846775712328	200	9.985980889384482	0.0	383025	350.668414868	0.2
1863.2117753332607	200	9.635312474516475	0.0	383025	350.668414868	0.2
1863.5598247615098	200	9.787263046267242	0.0	383025	348.049428249	0.2
1863.9078741897592	200	9.939213618018009	0.0	383025	348.049428249	0.2
1864.7559236180084	200	9.591164189768778	0.0	383025	348.049428249	0.2
1865.1039730462576	200	9.743114761519545	0.0	383025	348.049428249	0.2
1865.452022474507	200	9.895065333270312	0.0	383025	348.049428249	0.2
1866.3000719027561	200	9.547015905021079	0.0	383025	348.049428249	0.2
1866.6481213310053	200	9.698966476771846	0.0	383025	348.049428249	0.2
1866.9961707592547	200	9.850917048522613	0.0	383025	348.049428249	0.2
1867.8442201875039	200	9.502867620273381	0.0	383025	348.049428249	0.2
1868.1901432514921	200	9.656944556284943	0.0	383025	345.92306398843766	0.2
1868.5329429220897	200	9.814144885687325	0.0	383025	342.799670598	0.2
1868.8757425926872	200	9.971345215089707	0.0	383025	342.799670598	0.2
1869.7185422632847	200	9.628545544492088	0.0	383025	342.799670598	0.2
1870.0613419338824	200	9.78574587389447	0.0	383025	342.799670598	0.2
1870.40414160448	200	9.94294620329685	0.0	383025	342.799670598	0.2
1871.1885365735543	200	9.600146532699233	0.0	383025	342.799670598	0.2
1871.5221388047999	200	9.766544301453735	0.0	383025	333.602231245	0.2
1871.8557410360454	200	9.932942070208234	0.0	383025	333.602231245	0.2
1872.689343267291	200	9.599339838962736	0.0	383025	333.602231245	0.2
1873.0197437340946	200	9.768939372159094	0.0	383025	330.40046680364156	0.2
1873.3477756732664	200	9.940907432987277	0.0	383025	328.031939172	0.2
1874.175807612438	200	9.612875493815459	0.0	383025	328.031939172	0.2
1874.50339994959	200	9.785283156663555	0.0	383025	327.59233715190294	0.2
1874.8303301604826	200	9.958352945770944	0.0	383025	326.930210893	0.2
1875.657260371375	200	9.631422734878335	0.0	383025	326.930210893	0.2
1875.984398295646	200	9.804284810607477	0.0	383025	327.1379242708574	0.2
1876.3204093079205	200	9.968273798332863	0.0	383025	336.011012275	0.2
1877.1564203201951	200	9.632262786058247	0.0	383025	336.011012275	0.2
1877.4924313324698	200	9.79625177378363	0.0	383025	336.011012275	0.2
1877.8306297282477	200	9.958053378005644	0.0	383025	338.19839577798683	0.2
1878.670569703992	200	9.618113402261246	0.0	383025	339.939975744	0.2
1879.0105096797363	200	9.778173426516847	0.0	383025	339.939975744	0.2
1879.3504496554806	200	9.938233450772447	0.0	383025	339.939975744	0.2
1880.1903896312251	200	9.598293475028049	0.0	383025	339.939975744	0.2
1880.5303296069694	200	9.75835349928365	0.0	383025	339.939975744	0.2
1880.8717477444907	200	9.916935361762476	0.0	383025	341.41813752117406	0.2
1881.7135397992008	200	9.57514330705224	0.0	383025	341.79205471	0.2
1882.055331853911	200	9.733351252342002	0.0	383025	341.79205471	0.2
1882.3971239086213	200	9.891559197631766	0.0	383025	341.79205471	0.2
1883.2366867283577	200	9.551996377895472	0.0	383025	339.56281973629507	0.2
1883.5746259718521	200	9.714057134401024	0.0	383025	337.939243494	0.2
1883.9125652153466	200	9.876117890906576	0.0	383025	337.939243494	0.2
1884.4340676903053	200	9.53817864741213	0.0	383025	337.939243494	0.2
1884.7455016454055	200	9.726744692311856	0.0	383025	311.4339551	0.2
1885.056935600506	200	9.91531073721158	0.0	383025	311.4339551	0.2
1885.868368740708	200	9.603877597009419	0.0	383025	311.4331402021612	0.2
1886.1797889462584	200	9.792457391459212	0.0	383025	311.42020555	0.2
1886.4912091518086	200	9.981037185909006	0.0	383025	311.42020555	0.2
1887.2953767851961	200	9.676869552521474	0.0	383025	304.16763338753225	0.2
1887.60130422825	200	9.870942109467624	0.0	383025	305.92744305384934	0.2
1888.4096038847854	200	9.562642452932025	0.0	383025	308.299656536	0.2
1888.7125778864925	200	9.759668451224869	0.0	383025	302.9740017071559	0.2
1889.0153260078196	200	9.95692032989796	0.0	383025	302.74812132691005	0.2
1889.8166545838353	200	9.655591753882138	0.0	383025	301.328576016	0.2
1890.1184949726385	200	9.853751365078846	0.0	383025	301.8403888032917	0.2
1890.9210927645588	200	9.551153573158551	0.0	383025	302.59779192	0.2
1891.2266774767959	200	9.745568860921452	0.0	383025	305.5847122370988	0.2
1891.5328690842734	200	9.939377253443944	0.0	383025	306.191607478	0.2
1892.3276168674608	200	9.633185645966433	0.0	383025	306.191607478	0.2
1892.6352249923139	200	9.825577521113312	0.0	383025	307.608124853	0.2
1893.4481674126664	200	9.512635100760725	0.0	383025	312.9424203525855	0.2
1893.7622878783618	200	9.698514635065363	0.0	383025	314.120465695	0.2

