3371.36400365	400	0.5	0.171118265434	181435	171.118265434	-3.02236530868
3371.79273354	1000	0.571270114265	0.0	471531	428.729885735	0.4
3372.23115263	1000	0.632851020856	0.0	482442	438.419093408	1.0
3372.678166	1000	0.68583765086	0.0	492120	447.013369997	1.0
3373.12517937	1000	0.738824280863	0.0	492120	447.013369997	1.0
3373.57046643	1000	0.793537225568	0.0	490176	445.287055295	1.0
3374.0242924	1000	0.839711257256	0.0	513389	453.825968311	1.0
3374.45688716	1000	0.907116496124	0.0	497055	432.594761133	1.0
3374.90903866	1000	0.954964988707	0.0	520019	452.151507416	1.0
3375.39023567	1000	0.973767982094	0.0	551265	481.197006614	1.0
3375.87747324	1000	0.986530415594	0.0	558332	487.2375665	1.0
3376.34645151	1000	1.01755214445	0.0	536970	468.978271142	1.0
3376.8029331	1000	1.06107054898	0.0	536970	456.481595471	1.0
3377.25800814	1000	1.1059955126	0.0	536970	455.075036379	1.0
3377.71701264	1000	1.14699101589	0.0	536970	459.004496709	1.0
3378.17754962	1000	1.18645402913	0.0	536970	460.536986767	1.0
3378.6518921	1000	1.21211154935	0.0	553424	474.342479774	1.0
3379.09206099	1000	1.27194266648	0.0	522960	440.168882877	1.0
3379.52494947	1000	1.33905418637	0.0	522960	432.888480106	1.0
3379.96340991	1000	1.40059374196	0.0	532300	438.460444405	1.0
3380.37779884	1000	1.48620481393	0.0	503004	414.388928035	1.0
3380.77020489	1000	1.59379876376	0.0	481782	392.406050167	1.0
3381.16261094	1000	1.70139271359	0.0	481782	392.406050167	1.0
3381.57672859	1000	1.78727506058	0.0	510552	414.117653016	1.0
3382.01136818	1000	1.85263547283	0.0	536970	434.639587748	1.0
3382.44893055	1000	1.915073099	0.0	536970	437.562373827	1.0
3382.88795387	1000	1.9760497856	0.0	536970	439.023313404	1.0
3383.32890855	1000	2.03509510072	0.0	536970	440.954684882	1.0
3383.64735574	200	2.21664791474	0.0	383025	318.447185982	-0.6
3383.96397942	200	2.4000242331	0.0	383025	316.623681636	0.2
3384.27637335	200	2.58763030739	0.0	383025	312.393925709	0.2
3384.58876727	200	2.77523638168	0.0	383025	312.393925709	0.2
3384.90002177	200	2.96398188601	0.0	383025	311.254495674	0.2
3385.20950253	200	3.15450112314	0.0	383025	309.480762864	0.2
3385.51898329	200	3.34502036028	0.0	383025	309.480762864	0.2
3385.82797084	200	3.53603281026	0.0	383025	308.987550026	0.2
3386.13687367	200	3.72712998196	0.0	383025	308.9028283	0.2
3386.44619132	200	3.91781233439	0.0	383025	309.317647565	0.2
3386.75798497	200	4.10601868732	0.0	383025	311.79364707	0.2
3387.06977861	200	4.29422504025	0.0	383025	311.79364707	0.2
3387.40901684	200	4.45498681048	0.0	383025	339.238229768	0.2
3387.75411583	200	4.60988782776	0.0	383025	345.09898272	0.2
3388.09921481	200	4.76478884504	0.0	383025	345.09898272	0.2
3388.44431379	200	4.91968986232	0.0	383025	345.09898272	0.2
3388.78941277	200	5.0745908796	0.0	383025	345.09898272	0.2
3389.13888873	200	5.22511492551	0.0	383025	349.475954096	0.2
3389.48854803	200	5.37545562652	0.0	383025	349.659298985	0.2
3389.83820733	200	5.52579632754	0.0	383025	349.659298985	0.2
3390.18786662	200	5.67613702855	0.0	383025	349.659298985	0.2
3390.53542079	200	5.82858286259	0.0	383025	347.554165957	0.2
3390.83624142	200	6.0277622324	0.0	383025	300.820630197	0.2
3391.13706205	200	6.2269416022	0.0	383025	300.820630197	0.2
3391.4387221	200	6.42528155256	0.0	383025	301.66004964	0.2
3391.74073358	200	6.62327007503	0.0	383025	302.01147753	0.2
3392.04910806	200	6.81489559758	0.0	383025	308.374477446	0.2
3392.35855598	200	7.00544767116	0.0	383025	309.447926429	0.2
3392.6682959	200	7.1957077501	0.0	383025	309.739921052	0.2
3392.98352723	200	7.38047642634	0.0	383025	315.23132376	0.2
3393.29983089	200	7.56417276286	0.0	383025	316.303663486	0.2
3393.62219736	200	7.74180628953	0.0	383025	322.366473332	0.2
3393.94456384	200	7.91943981619	0.0	383025	322.366473332	0.2
3394.26683661	200	8.09716703842	0.0	383025	322.27277777	0.2
3394.58904406	200	8.27495958795	0.0	383025	322.207450476	0.2
3394.91125152	200	8.45275213747	0.0	383025	322.207450476	0.2
3395.22932657	200	8.63467708274	0.0	383025	318.075054736	0.2
3395.54349929	200	8.82050435942	0.0	383025	314.172723315	0.2
3395.85767202	200	9.00633163611	0.0	383025	314.172723315	0.2
3396.17694538	200	9.18705827737	0.0	383025	319.273358735	0.2
3396.50153351	200	9.36247014443	0.0	383025	324.588132943	0.2
3396.82612164	200	9.53788201149	0.0	383025	324.588132943	0.2
3397.150715	200	9.71328865346	0.0	383025	324.593358029	0.2
3397.47531708	200	9.88868656968	0.0	383025	324.602083777	0.2
3398.06695305	200	9.5640844859	0.0	383025	324.602083777	0.2
3398.38940635	200	9.74163118501	0.0	383025	322.453300895	0.2
3398.70915394	200	9.92188359576	0.0	383025	319.747589251	0.2
3399.0970776	200	9.6025390961	0.0	383025	319.344499658	0.2
3399.41138084	200	9.78823586189	0.0	383025	314.303234214	0.2
3399.72568407	200	9.97393262767	0.0	383025	314.303234214	0.2
3400.54030706	200	9.65930963758	0.0	383025	314.622990089	0.2
3400.85783161	200	9.84178508573	0.0	383025	317.524551857	0.2
3401.30871842	200	9.52100825452	0.0	383025	320.776831203	0.2
3401.62572685	200	9.70399982379	0.0	383025	317.008430732	0.2
3401.94273528	200	9.88699139306	0.0	383025	317.008430732	0.2
3402.76353393	200	9.56619273571	0.0	383025	320.798657347	0.2
3403.08805642	200	9.74167025449	0.0	383025	324.522481218	0.2
3403.41765358	200	9.91207308623	0.0	383025	329.597168265	0.2
3404.24725075	200	9.58247591796	0.0	383025	329.597168265	0.2
3404.57358712	200	9.75613954951	0.0	383025	326.336368449	0.2
3404.89861829	200	9.93110838343	0.0	383025	325.031166085	0.2
3405.60869053	200	9.60607721734	0.0	383025	325.031166085	0.2
3405.9374201	200	9.7773476421	0.0	383025	328.729575247	0.2
3406.26614968	200	9.94861806685	0.0	383025	328.729575247	0.2
3407.08581682	200	9.62895092188	0.0	383025	319.667144968	0.2
3407.41155609	200	9.80321165797	0.0	383025	325.739263911	0.2
3407.74065977	200	9.97410797379	0.0	383025	329.103684182	0.2
3408.36587745	200	9.64500428961	0.0	383025	329.103684182	0.2
3408.68526254	200	9.82561920483	0.0	383025	319.385084774	0.2
3409.48953172	200	9.50623412006	0.0	383025	319.385084774	0.2
3409.80356854	200	9.69219729597	0.0	383025	314.036824084	0.2
3410.1268128	200	9.86895304188	0.0	383025	323.24425409	0.2
3410.61546648	200	9.54570878779	0.0	383025	323.24425409	0.2
3410.94539444	200	9.71578083212	0.0	383025	329.927955673	0.2
3411.27532239	200	9.88585287645	0.0	383025	329.927955673	0.2
3412.10411418	200	9.55706108414	0.0	383025	328.791792306	0.2
3412.42371377	200	9.73746150258	0.0	383025	319.599581563	0.2
3412.74354189	200	9.91763337898	0.0	383025	319.828123604	0.2
3413.24678478	200	9.59775441039	0.0	383025	319.878968586	0.2
3413.56118447	200	9.78335472534	0.0	383025	314.39968505	0.2
3413.87558415	200	9.96895504029	0.0	383025	314.39968505	0.2
3414.21619935	200	9.66472911241	0.0	383025	304.225927883	0.2
3414.52707304	200	9.8538554166	0.0	383025	310.873695802	0.2
3415.21608341	200	9.5429817208	0.0	383025	310.873695802	0.2
3415.52777669	200	9.73128843603	0.0	383025	311.69328477	0.2
3415.84223707	200	9.91682805308	0.0	383025	314.460382953	0.2
3416.36655189	200	9.60181573103	0.0	383025	315.012322047	0.2
3416.68559271	200	9.78277491502	0.0	383025	319.040816011	0.2
3417.00463352	200	9.96373409901	0.0	383025	319.040816011	0.2
3417.82153952	200	9.64682810061	0.0	383025	316.905998401	0.2
3418.13600379	200	9.83236383704	0.0	383025	314.464263572	0.2
3418.67261173	200	9.518437071	0.0	383025	313.926766033	0.2

