1103.95896753	400	0.5	0.151825778303	181435	151.825778303	-2.63651556606
1104.33755821	1000	0.62140931425	0.0	471531	378.59068575	0.4
1104.72173553	1000	0.737232000069	0.0	482442	384.177314181	1.0
1105.11491992	1000	0.844047608232	0.0	492120	393.184391837	1.0
1105.51999558	1000	0.938971950398	0.0	492120	405.075657834	1.0
1105.9308643	1000	1.02810322807	0.0	490176	410.868722332	1.0
1106.36459347	1000	1.09437405425	0.0	513389	433.729173817	1.0
1106.78379057	1000	1.17517695779	0.0	497055	419.197096463	1.0
1107.22430651	1000	1.23466101832	0.0	520019	440.515939466	1.0
1107.69969334	1000	1.25927418935	0.0	551265	475.386828965	1.0
1108.18102246	1000	1.27794506731	0.0	558332	481.329122045	1.0
1108.60779387	1000	1.35117366158	0.0	536970	426.77140573	1.0
1109.01886809	1000	1.44009943302	0.0	536970	411.074228555	1.0
1109.43739202	1000	1.52157550512	0.0	536970	418.523927903	1.0
1109.87690913	1000	1.58205839564	0.0	536970	439.517109485	1.0
1110.31476697	1000	1.64420055416	0.0	536970	437.857841478	1.0
1110.76274493	1000	1.69622260103	0.0	553424	447.977953127	1.0
1111.18911629	1000	1.76985123455	0.0	522960	426.371366479	1.0
1111.67846929	1000	1.78049824035	0.0	522960	489.352994202	1.0
1112.17624915	1000	1.78271837464	0.0	532300	497.779865711	1.0
1112.64060937	1000	1.81835816027	0.0	503004	464.360214367	1.0
1113.08579989	1000	1.87316763933	0.0	481782	445.190520946	1.0
1113.55529019	1000	1.90367733357	0.0	481782	469.490305754	1.0
1114.05813889	1000	1.90082863905	0.0	510552	502.848694522	1.0
1114.55618355	1000	1.90278397531	0.0	536970	498.044663738	1.0
1114.9917716	1000	1.96719592647	0.0	536970	435.588048848	1.0
1115.43514172	1000	2.02382580308	0.0	536970	443.370123381	1.0
1115.76059664	200	2.1983708921	0.0	383025	325.454910982	-0.6
1116.09182028	200	2.36714724403	0.0	383025	331.223648072	0.2
1116.42430049	200	2.5346670419	0.0	383025	332.48020213	0.2
1116.75873008	200	2.70023745209	0.0	383025	334.429589815	0.2
1117.09526763	200	2.86369989436	0.0	383025	336.537557726	0.2
1117.43259483	200	3.02637269731	0.0	383025	337.327197046	0.2
1117.77263011	200	3.18633742103	0.0	383025	340.035276289	0.2
1118.11951138	200	3.3394561462	0.0	383025	346.881274822	0.2
1118.46007819	200	3.49888933863	0.0	383025	340.566807571	0.2
1118.79679355	200	3.6621739807	0.0	383025	336.715357934	0.2
1119.12981947	200	3.82914806072	0.0	383025	333.025919977	0.2
1119.46164214	200	3.99732538531	0.0	383025	331.822675412	0.2
1119.79557589	200	4.16339164071	0.0	383025	333.933744599	0.2
1120.13085913	200	4.32810839236	0.0	383025	335.283248346	0.2
1120.4642512	200	4.4947163273	0.0	383025	333.392065067	0.2
1120.78910793	200	4.66985959291	0.0	383025	324.856734388	0.2
1121.12493597	200	4.8340315586	0.0	383025	335.828034307	0.2
1121.51058505	200	4.94838247681	0.0	383025	385.649081791	0.2
1121.89623413	200	5.06273339502	0.0	383025	385.649081791	0.2
1122.28188321	200	5.17708431323	0.0	383025	385.649081791	0.2
1122.66310442	200	5.29586310834	0.0	383025	381.221204894	0.2
1122.96717949	200	5.49178804179	0.0	383025	304.075066546	0.2
1123.27198574	200	5.68698179135	0.0	383025	304.806250444	0.2
1123.57690697	200	5.8820605534	0.0	383025	304.921237943	0.2
1123.89820534	200	6.06076218902	0.0	383025	321.298364381	0.2
1124.22137445	200	6.23759307393	0.0	383025	323.169115096	0.2
1124.58980852	200	6.36915900323	0.0	383025	368.43407069	0.2
1124.97531482	200	6.48365270938	0.0	383025	385.506293857	0.2
1125.36082111	200	6.59814641552	0.0	383025	385.506293857	0.2
1125.74632741	200	6.71264012166	0.0	383025	385.506293857	0.2
1126.06642595	200	6.89254157473	0.0	383025	320.098546933	0.2
1126.38413611	200	7.07483142209	0.0	383025	317.710152639	0.2
1126.7007134	200	7.25825412362	0.0	383025	316.577298476	0.2
1127.01461419	200	7.44435333433	0.0	383025	313.900789287	0.2
1127.32374197	200	7.63522555765	0.0	383025	309.127776681	0.2
1127.6453027	200	7.81366482467	0.0	383025	321.560732979	0.2
1127.97559411	200	7.98337341882	0.0	383025	330.291405853	0.2
1128.30710693	200	8.15186059864	0.0	383025	331.51282018	0.2
1128.64542418	200	8.31354334497	0.0	383025	338.317253668	0.2
1128.98374144	200	8.4752260913	0.0	383025	338.317253668	0.2
1129.30822011	200	8.65074741332	0.0	383025	324.478677981	0.2
1129.63318013	200	8.82578739512	0.0	383025	324.960018201	0.2
1129.97028475	200	8.98868277795	0.0	383025	337.104617164	0.2
1130.30738937	200	9.15157816079	0.0	383025	337.104617164	0.2
1130.64337618	200	9.31559134883	0.0	383025	335.986811956	0.2
1130.97911316	200	9.47985436355	0.0	383025	335.736985281	0.2
1131.30769738	200	9.65127014281	0.0	383025	328.58422074	0.2
1131.63273234	200	9.82623518831	0.0	383025	325.034954498	0.2
1131.98247905	200	9.97648847856	0.0	383025	349.746709753	0.2
1132.47956533	200	9.61061393637	0.0	383025	365.87454219	0.2
1132.82301869	200	9.76716057061	0.0	383025	343.45336576	0.2
1133.16647206	200	9.92370720485	0.0	383025	343.45336576	0.2
1134.00675612	200	9.58342314225	0.0	383025	340.284062598	0.2
1134.34076759	200	9.74941167551	0.0	383025	334.011466741	0.2
1134.67475525	200	9.91542401693	0.0	383025	333.987658581	0.2
1135.2035259	200	9.59923957417	0.0	383025	316.184442758	0.2
1135.51414899	200	9.78861649202	0.0	383025	310.623082154	0.2
1135.82356778	200	9.97919769911	0.0	383025	309.418792908	0.2
1136.63284237	200	9.66992310976	0.0	383025	309.274589352	0.2
1136.93558614	200	9.8671793408	0.0	383025	302.743768955	0.2
1137.37621274	200	9.56918916966	0.0	383025	297.99017114	0.2
1137.65603816	200	9.78936374725	0.0	383025	279.825422414	0.2
1138.28456709	200	9.50633024737	0.0	383025	283.033499879	0.2
1138.58948711	200	9.70141022582	0.0	383025	304.920021552	0.2
1138.89412181	200	9.8967755336	0.0	383025	304.634692215	0.2
1139.4771767	200	9.60277312736	0.0	383025	294.002406242	0.2
1139.76641368	200	9.81353615325	0.0	383025	289.236974114	0.2
1140.09600166	200	9.52788691461	0.0	383025	285.649238635	0.2
1140.38941735	200	9.73447122658	0.0	383025	293.415688038	0.2
1140.69612604	200	9.92776253637	0.0	383025	306.708690206	0.2
1141.06187526	200	9.62191954358	0.0	383025	305.842992784	0.2
1141.35173512	200	9.8320596815	0.0	383025	289.85986209	0.2
1141.8998198	200	9.5429003206	0.0	383025	289.159360892	0.2
1142.22915214	200	9.71356797393	0.0	383025	329.332346675	0.2
1142.56101112	200	9.88170900319	0.0	383025	331.858970734	0.2
1143.39287009	200	9.54985003246	0.0	383025	331.858970734	0.2
1143.71955996	200	9.72316015975	0.0	383025	326.689872709	0.2
1144.02051461	200	9.9222055086	0.0	383025	300.954651152	0.2
1144.46197621	200	9.62128476057	0.0	383025	300.920748026	0.2
1144.76681272	200	9.81644825819	0.0	383025	304.836502385	0.2
1145.22327502	200	9.51090582379	0.0	383025	305.542434395	0.2
1145.54444536	200	9.68973548444	0.0	383025	321.17033935	0.2
1145.86509137	200	9.86908947124	0.0	383025	320.646013206	0.2
1146.5455607	200	9.56022289447	0.0	383025	308.866576764	0.2
1146.86262722	200	9.74315637757	0.0	383025	317.066516906	0.2
1147.18382913	200	9.92195446608	0.0	383025	321.201911487	0.2
1148.01586295	200	9.58992064601	0.0	383025	332.033820069	0.2
1148.36241131	200	9.74337228411	0.0	383025	346.548361901	0.2
1148.7112084	200	9.89457519523	0.0	383025	348.79708888	0.2
1149.55612428	200	9.54965931405	0.0	383025	344.915881183	0.2
1149.88119271	200	9.72459087959	0.0	383025	325.068434461	0.2
1150.20625433	200	9.899529259	0.0	383025	325.06162059	0.2
1150.66546585	200	9.57607175617	0.0	383025	323.457502825	0.2

