4634.00235908	400	0.5	0.150324513615	181435	150.324513615	-2.6064902723
4634.37704813	1000	0.625310947561	0.0	471531	374.689052439	0.4
4634.76017592	1000	0.742183166276	0.0	482442	383.127781284	1.0
4635.14947335	1000	0.852885728315	0.0	492120	389.297437961	1.0
4635.5374337	1000	0.96492537955	0.0	492120	387.960348766	1.0
4635.93609781	1000	1.06626127066	0.0	490176	398.664108889	1.0
4636.35533471	1000	1.14702437622	0.0	513389	419.236894441	1.0
4636.76202065	1000	1.24033842773	0.0	497055	406.685948493	1.0
4637.19313389	1000	1.30922519222	0.0	520019	431.11323551	1.0
4637.64955025	1000	1.35280883479	0.0	551265	456.416357428	1.0
4638.11254298	1000	1.38981609987	0.0	558332	462.992734915	1.0
4638.55893182	1000	1.44342726423	0.0	536970	446.388835642	1.0
4639.00532065	1000	1.49703842859	0.0	536970	446.388835642	1.0
4639.45164301	1000	1.55071607112	0.0	536970	446.322357468	1.0
4639.89776733	1000	1.60459174783	0.0	536970	446.124323293	1.0
4640.34419498	1000	1.65816410456	0.0	536970	446.427643269	1.0
4640.80464426	1000	1.69771482588	0.0	553424	460.449278679	1.0
4641.23919588	1000	1.76316320227	0.0	522960	434.551623616	1.0
4641.66953489	1000	1.83282419083	0.0	522960	430.339011435	1.0
4642.1073811	1000	1.89497797738	0.0	532300	437.846213452	1.0
4642.52233297	1000	1.98002611621	0.0	503004	414.951861169	1.0
4642.92054807	1000	2.08181100747	0.0	481782	398.215108737	1.0
4643.23918578	200	2.26317329991	0.0	383025	318.637707561	-0.6
4643.5581863	200	2.44417277694	0.0	383025	319.000522974	0.2
4643.87746102	200	2.62489806311	0.0	383025	319.27471383	0.2
4644.19673573	200	2.80562334928	0.0	383025	319.27471383	0.2
4644.51537947	200	2.98697961499	0.0	383025	318.643734285	0.2
4644.82651487	200	3.17584420793	0.0	383025	311.135407059	0.2
4645.13765028	200	3.36470880087	0.0	383025	311.135407059	0.2
4645.45273494	200	3.5496241382	0.0	383025	315.084662673	0.2
4645.77197429	200	3.73038479659	0.0	383025	319.239341609	0.2
4646.09121363	200	3.91114545498	0.0	383025	319.239341609	0.2
4646.41045297	200	4.09190611337	0.0	383025	319.239341609	0.2
4646.72791747	200	4.2744416096	0.0	383025	317.464503773	0.2
4647.04510625	200	4.45725283317	0.0	383025	317.188776432	0.2
4647.36229503	200	4.64006405674	0.0	383025	317.188776432	0.2
4647.68445479	200	4.81790428926	0.0	383025	322.159767474	0.2
4648.00900456	200	4.99335451838	0.0	383025	324.549770886	0.2
4648.33355433	200	5.16880474749	0.0	383025	324.549770886	0.2
4648.65810411	200	5.34425497661	0.0	383025	324.549770886	0.2
4648.9798202	200	5.52253887786	0.0	383025	321.716098747	0.2
4649.30081346	200	5.70154562076	0.0	383025	320.9932571	0.2
4649.62180672	200	5.88055236366	0.0	383025	320.9932571	0.2
4649.93919839	200	6.06316069319	0.0	383025	317.391670472	0.2
4650.25533793	200	6.24702115112	0.0	383025	316.139542063	0.2
4650.57147747	200	6.43088160906	0.0	383025	316.139542063	0.2
4650.88198658	200	6.62037249905	0.0	383025	310.509110016	0.2
4651.18628611	200	6.81607297501	0.0	383025	304.299524041	0.2
4651.49058563	200	7.01177345096	0.0	383025	304.299524041	0.2
4651.79893859	200	7.20342048694	0.0	383025	308.352964028	0.2
4652.10731162	200	7.39504746637	0.0	383025	308.373020567	0.2
4652.41775323	200	7.58460585549	0.0	383025	310.441610879	0.2
4652.74026624	200	7.76209284452	0.0	383025	322.513010969	0.2
4653.06277925	200	7.93957983355	0.0	383025	322.513010969	0.2
4653.39203536	200	8.11032372237	0.0	383025	329.256111187	0.2
4653.72829847	200	8.27406061007	0.0	383025	336.263112298	0.2
4654.06456158	200	8.43779749777	0.0	383025	336.263112298	0.2
4654.4008247	200	8.60153438547	0.0	383025	336.263112298	0.2
4654.73708781	200	8.76527127317	0.0	383025	336.263112298	0.2
4655.07146135	200	8.93089773344	0.0	383025	334.373539732	0.2
4655.39907989	200	9.10327919495	0.0	383025	327.61853849	0.2
4655.72669843	200	9.27566065646	0.0	383025	327.61853849	0.2
4656.05271958	200	9.44963950394	0.0	383025	326.021152518	0.2
4656.37782994	200	9.62452914075	0.0	383025	325.110363188	0.2
4656.7029403	200	9.79941877757	0.0	383025	325.110363188	0.2
4657.02562477	200	9.97673430872	0.0	383025	322.684468846	0.2
4657.84613061	200	9.65622846949	0.0	383025	320.505839231	0.2
4658.1626213	200	9.83973778473	0.0	383025	316.490684763	0.2
4658.9770337	200	9.52532538557	0.0	383025	314.412399159	0.2
4659.29230031	200	9.71005877597	0.0	383025	315.266609598	0.2
4659.60767789	200	9.89468119065	0.0	383025	315.377585317	0.2
4660.35407631	200	9.57930360534	0.0	383025	315.377585317	0.2
4660.66092628	200	9.77245363392	0.0	383025	306.849971411	0.2
4660.96120281	200	9.97217710026	0.0	383025	300.276533666	0.2
4661.76010466	200	9.6732752493	0.0	383025	298.901850955	0.2
4662.07052385	200	9.86285606494	0.0	383025	310.419184362	0.2
4662.87965059	200	9.55372932196	0.0	383025	309.12674298	0.2
4663.18728188	200	9.74609803762	0.0	383025	307.631284343	0.2
4663.493669	200	9.93971091577	0.0	383025	306.387121852	0.2
4664.18705668	200	9.63332379392	0.0	383025	306.387121852	0.2
4664.49369719	200	9.82668327828	0.0	383025	306.640515639	0.2
4665.30296609	200	9.51741438001	0.0	383025	309.268898267	0.2
4665.61692024	200	9.70346023562	0.0	383025	313.954144391	0.2
4665.93333906	200	9.88704140653	0.0	383025	316.418829085	0.2
4666.60945971	200	9.57062257745	0.0	383025	316.418829085	0.2
4666.91099494	200	9.76908734496	0.0	383025	301.53523249	0.2
4667.21288111	200	9.96720117222	0.0	383025	301.886172737	0.2
4667.63188673	200	9.66426002955	0.0	383025	302.941142671	0.2
4667.93805723	200	9.8580895234	0.0	383025	306.170506156	0.2
4668.68263325	200	9.55191901724	0.0	383025	306.170506156	0.2
4668.99237179	200	9.74218047137	0.0	383025	309.738545875	0.2
4669.30279368	200	9.93175857975	0.0	383025	310.421891618	0.2
4669.71327681	200	9.62079998359	0.0	383025	310.958596158	0.2
4670.02149996	200	9.81257683349	0.0	383025	308.223150103	0.2
4670.66569381	200	9.50435368338	0.0	383025	308.223150103	0.2
4670.97943536	200	9.69061213285	0.0	383025	313.741550535	0.2
4671.29206464	200	9.87798284587	0.0	383025	312.629286984	0.2
4672.10306962	200	9.56697786949	0.0	383025	311.004976374	0.2
4672.41757033	200	9.75247715644	0.0	383025	314.500713047	0.2
4672.73326542	200	9.93678206709	0.0	383025	315.695089357	0.2
4673.44819792	200	9.62108697773	0.0	383025	315.695089357	0.2
4673.76156526	200	9.80771964201	0.0	383025	313.367335724	0.2
4674.07487429	200	9.99441060981	0.0	383025	313.309032196	0.2
4674.88803589	200	9.68124900833	0.0	383025	313.16160148	0.2
4675.20865969	200	9.86062520978	0.0	383025	320.623798555	0.2
4675.60016449	200	9.53972245563	0.0	383025	320.902754148	0.2
4675.9163199	200	9.72356704448	0.0	383025	316.155411145	0.2
4676.23247531	200	9.90741163334	0.0	383025	316.155411145	0.2
4677.01769901	200	9.59125622219	0.0	383025	316.155411145	0.2
4677.33949686	200	9.76945837334	0.0	383025	321.797848847	0.2
4677.66110638	200	9.94784885311	0.0	383025	321.609520229	0.2
4678.48152788	200	9.62742735753	0.0	383025	320.421495589	0.2
4678.80273211	200	9.80622312532	0.0	383025	321.204232209	0.2
4679.12441048	200	9.98454475024	0.0	383025	321.678375078	0.2
4679.66354687	200	9.66286637516	0.0	383025	321.678375078	0.2
4679.98380863	200	9.84260461624	0.0	383025	320.261758925	0.2
4680.55205201	200	9.52234285731	0.0	383025	320.261758925	0.2
4680.87272761	200	9.70166725642	0.0	383025	320.675600888	0.2
4681.19340321	200	9.88099165554	0.0	383025	320.675600888	0.2
4682.01267876	200	9.56171610575	0.0	383025	319.275549791	0.2

