2758.3178036134304	400	0.5	0.15803374397362344	181435	158.033743974	-2.760674879472469
2758.4782801773085	400	0.8395234361214132	0.0	184429	160.476563879	0.4
2758.7212896227793	600	1.0965139906507857	0.0	285584	243.009445471	0.39999999999999997
2759.050655281196	800	1.2671483322338564	0.0	391425	329.365658417	0.6000000000000001
2759.380020939613	800	1.437782673816927	0.0	391425	329.365658417	0.8
2759.7899580437333	1000	1.5278455696969122	0.0	490176	409.93710412	0.8
2760.218834753215	1000	1.5989688602148686	0.0	513389	428.876709482	1.0
2760.6343844686003	1000	1.6834191448302436	0.0	497055	415.549715385	1.0
2761.068670628974	1000	1.7491329844564476	0.0	520019	434.286160374	1.0
2761.514969194592	1000	1.8028344188381917	0.0	551265	446.298565618	1.0
2761.957657580984	1000	1.8601460324462418	0.0	558332	442.688386392	1.0
2762.3769198995183	1000	1.9408837139120607	0.0	536970	419.262318534	1.0
2762.7817183777083	1000	2.0360852357217776	0.0	536970	404.79847819	1.0
2763.0733312929715	200	2.2444723204586654	0.0	383025	291.612915263	-0.6000000000000001
2763.3699609542628	200	2.4478426591674363	0.0	383025	296.629661291	0.2
2763.6764180077525	200	2.6413856056780434	0.0	383025	306.457053489	0.2
2763.982875061242	200	2.8349285521886505	0.0	383025	306.457053489	0.2
2764.289332114731	200	3.0284714986992576	0.0	383025	306.457053489	0.2
2764.5910412150342	200	3.226762398396711	0.0	383025	301.709100303	0.2
2764.887858682505	200	3.4299449309259993	0.0	383025	296.817467471	0.2
2765.1846761499755	200	3.633127463455288	0.0	383025	296.817467471	0.2
2765.481493617446	200	3.836309995984576	0.0	383025	296.817467471	0.2
2765.78016660083	200	4.037637012600752	0.0	383025	298.672983384	0.2
2766.0860750283136	200	4.231728585116698	0.0	383025	305.908427484	0.2
2766.391983455798	200	4.425820157632644	0.0	383025	305.908427484	0.2
2766.6978918832815	200	4.61991173014859	0.0	383025	305.908427484	0.2
2767.007504656699	200	4.810298956731284	0.0	383025	309.612773417	0.2
2767.3171410895843	200	5.000662523846065	0.0	383025	309.636432885	0.2
2767.626777522469	200	5.191026090960847	0.0	383025	309.636432885	0.2
2767.9359877590546	200	5.3818158543754695	0.0	383025	309.210236585	0.2
2768.2428863502755	200	5.574917263154701	0.0	383025	306.898591221	0.2
2768.5497849414965	200	5.768018671933932	0.0	383025	306.898591221	0.2
2768.8566835327174	200	5.961120080713163	0.0	383025	306.898591221	0.2
2769.163582123938	200	6.154221489492394	0.0	383025	306.898591221	0.2
2769.477142965579	200	6.340660647851459	0.0	383025	313.560841641	0.2
2769.7944133453507	200	6.5233902680796785	0.0	383025	317.270379772	0.2
2770.111683725123	200	6.706119888307897	0.0	383025	317.270379772	0.2
2770.4289541048947	200	6.888849508536116	0.0	383025	317.270379772	0.2
2770.7462244846665	200	7.071579128764334	0.0	383025	317.270379772	0.2
2771.063494864439	200	7.254308748992553	0.0	383025	317.270379772	0.2
2771.382678241395	200	7.435125372036303	0.0	383025	319.183376956	0.2
2771.703026223196	200	7.6147773902348534	0.0	383025	320.347981801	0.2
2772.0233742049973	200	7.7944294084334045	0.0	383025	320.347981801	0.2
2772.343722186799	200	7.974081426631955	0.0	383025	320.347981801	0.2
2772.6640701686	200	8.153733444830506	0.0	383025	320.347981801	0.2
2772.9844181504013	200	8.333385463029055	0.0	383025	320.347981801	0.2
2773.3047661322025	200	8.513037481227606	0.0	383025	320.347981801	0.2
2773.6164230412282	200	8.701380572201929	0.0	383025	311.656909026	0.2
2773.9276384346426	200	8.890165178787864	0.0	383025	311.215393414	0.2
2774.2388538280566	200	9.078949785373798	0.0	383025	311.215393414	0.2
2774.550069221471	200	9.267734391959731	0.0	383025	311.215393414	0.2
2774.8607050953888	200	9.457098518041803	0.0	383025	310.635873918	0.2
2775.171252992048	200	9.646550621382708	0.0	383025	310.547896659	0.2
2775.481800888707	200	9.836002724723613	0.0	383025	310.547896659	0.2
2775.954927624975	200	9.52545482806452	0.0	383025	310.547896659	0.2
2776.2731447608176	200	9.707237692221723	0.0	383025	318.217135843	0.2
2776.5913618966606	200	9.889020556378926	0.0	383025	318.217135843	0.2
2777.4095790325036	200	9.570803420536128	0.0	383025	318.217135843	0.2
2777.730736920407	200	9.749645532632968	0.0	383025	321.15788790315963	0.2
2778.0568051649475	200	9.923577288091742	0.0	383025	326.068244541	0.2
2778.8828734094886	200	9.597509043550517	0.0	383025	326.068244541	0.2
2779.20894165403	200	9.77144079900929	0.0	383025	326.068244541	0.2
2779.535009898571	200	9.945372554468065	0.0	383025	326.068244541	0.2
2780.361078143112	200	9.61930430992684	0.0	383025	326.068244541	0.2
2780.6844803722	200	9.795902080838541	0.0	383025	323.40222908829827	0.2
2781.007690239273	200	9.972692213765743	0.0	383025	323.209867073	0.2
2781.830900106346	200	9.649482346692947	0.0	383025	323.209867073	0.2
2782.1541099734186	200	9.82627247962015	0.0	383025	323.209867073	0.2
2782.9790694182348	200	9.501313034803937	0.0	383025	324.9594448162118	0.2
2783.3070455747898	200	9.673336878248673	0.0	383025	327.976156555	0.2
2783.635021731345	200	9.845360721693407	0.0	383025	327.976156555	0.2
2784.4629978879	200	9.517384565138142	0.0	383025	327.976156555	0.2
2784.790974044455	200	9.689408408582876	0.0	383025	327.976156555	0.2
2785.11895020101	200	9.86143225202761	0.0	383025	327.976156555	0.2
2785.9472005842945	200	9.533181868743617	0.0	383025	328.2503832839942	0.2
2786.2763459585335	200	9.704036494504413	0.0	383025	329.145374239	0.2
2786.605491332773	200	9.87489112026521	0.0	383025	329.145374239	0.2
2787.4346367070125	200	9.545745746026006	0.0	383025	329.145374239	0.2
2787.763782081252	200	9.7166003717868	0.0	383025	329.145374239	0.2
2788.0929274554915	200	9.887454997547596	0.0	383025	329.145374239	0.2
2788.9181836602093	200	9.562198792829781	0.0	383025	325.25620471781565	0.2
2789.2400159232398	200	9.740366529799193	0.0	383025	321.832263031	0.2
2789.5618481862703	200	9.918534266768603	0.0	383025	321.832263031	0.2
2789.8950121514363	200	9.596702003738015	0.0	383025	321.832263031	0.2
2790.220245999883	200	9.771468155291556	0.0	383025	325.233848446	0.2
2790.5454798483293	200	9.946234306845096	0.0	383025	325.233848446	0.2
2791.370713696776	200	9.621000458398635	0.0	383025	325.233848446	0.2
2791.6959475452227	200	9.795766609952176	0.0	383025	325.233848446	0.2
2792.015381356776	200	9.976332798398973	0.0	383025	319.43381155320253	0.2
2792.833780210679	200	9.657933944495875	0.0	383025	318.398853903	0.2
2793.152179064582	200	9.839535090592777	0.0	383025	318.398853903	0.2
2793.667475444869	200	9.52113623668968	0.0	383025	318.398853903	0.2
2793.9836314869667	200	9.704980194592297	0.0	383025	316.156042097	0.2
2794.2997875290644	200	9.888824152494916	0.0	383025	316.156042097	0.2
2795.1159635522354	200	9.572648129324264	0.0	383025	316.1760231706506	0.2
2795.4332597125776	200	9.755351968981437	0.0	383025	317.296160343	0.2
2795.7505558729204	200	9.938055808638609	0.0	383025	317.296160343	0.2
2796.5451259668407	200	9.62075964829578	0.0	383025	317.296160343	0.2
2796.862258515732	200	9.803627099404787	0.0	383025	317.132548891	0.2
2797.179391064623	200	9.986494550513793	0.0	383025	317.132548891	0.2
2797.6351952032646	200	9.6693620016228	0.0	383025	317.132548891	0.2
2797.9516886105857	200	9.852868594301606	0.0	383025	316.493407321	0.2
2798.768182017907	200	9.536375186980413	0.0	383025	316.493407321	0.2
2799.0846754252284	200	9.71988177965922	0.0	383025	316.493407321	0.2
2799.4011688325495	200	9.903388372338027	0.0	383025	316.493407321	0.2
2800.216741150848	200	9.587816054039488	0.0	383025	315.5723182985383	0.2
2800.5322970909	200	9.772260113987356	0.0	383025	315.555940052	0.2
2800.847853030952	200	9.956704173935224	0.0	383025	315.555940052	0.2
2801.6634293101424	200	9.641127894744777	0.0	383025	315.57627919044654	0.2
2801.9790433942267	200	9.825513810660722	0.0	383025	315.614084084	0.2
2802.392791438507	200	9.509899726576664	0.0	383025	315.614084084	0.2
2802.706641679183	200	9.696049485901057	0.0	383025	313.850240676	0.2
2803.020491919859	200	9.882199245225447	0.0	383025	313.850240676	0.2
2803.8347823524336	200	9.567908812650607	0.0	383025	314.2904325748402	0.2
2804.153138368161	200	9.749552796923167	0.0	383025	318.356015727	0.2
2804.4714943838885	200	9.931196781195725	0.0	383025	318.356015727	0.2
2805.2898503996157	200	9.612840765468285	0.0	383025	318.356015727	0.2
2805.606957092359	200	9.79573407272471	0.0	383025	317.1066927435758	0.2
2805.923589833398	200	9.9791013316854	0.0	383025	316.632741039	0.2
2806.7402225744377	200	9.662468590646087	0.0	383025	316.632741039	0.2

