4584.91966752	400	0.5	0.161756799336	181435	161.756799336	-2.83513598673
4585.32406792	1000	0.595599606758	0.0	471531	404.400393242	0.4
4585.73759455	1000	0.682072978569	0.0	482442	413.526628189	1.0
4586.1592161	1000	0.760451427659	0.0	492120	421.62155091	1.0
4586.58083765	1000	0.838829876749	0.0	492120	421.62155091	1.0
4587.00083319	1000	0.918834336354	0.0	490176	419.995540395	1.0
4587.44024467	1000	0.979422858665	0.0	513389	439.411477689	1.0
4587.86573967	1000	1.0539278491	0.0	497055	425.49500957	1.0
4588.3102117	1000	1.10945582413	0.0	520019	444.472024965	1.0
4588.78078953	1000	1.13887799747	0.0	551265	470.57782666	1.0
4589.25727178	1000	1.16239574462	0.0	558332	476.482252846	1.0
4589.71590624	1000	1.20376128464	0.0	536970	458.634459982	1.0
4590.1745407	1000	1.24512682466	0.0	536970	458.634459982	1.0
4590.63317516	1000	1.28649236468	0.0	536970	458.634459982	1.0
4591.09180962	1000	1.3278579047	0.0	536970	458.634459982	1.0
4591.55009001	1000	1.36957751167	0.0	536970	458.28039303	1.0
4592.02048806	1000	1.39917946626	0.0	553424	470.398045405	1.0
4592.46554285	1000	1.45412467676	0.0	522960	445.054789501	1.0
4592.91059764	1000	1.50906988726	0.0	522960	445.054789501	1.0
4593.36342245	1000	1.55624507379	0.0	532300	452.824813469	1.0
4593.78586497	1000	1.6338025525	0.0	503004	422.442521288	1.0
4594.18281535	1000	1.73685217754	0.0	481782	396.950374964	1.0
4594.57976572	1000	1.83990180258	0.0	481782	396.950374964	1.0
4594.99982315	1000	1.91984437445	0.0	510552	420.057428128	1.0
4595.41641356	1000	2.00325396397	0.0	536970	416.590410474	1.0
4595.71313673	200	2.20653079199	0.0	383025	296.723171987	-0.6
4596.0098599	200	2.40980762	0.0	383025	296.723171987	0.2
4596.31860162	200	2.60106590038	0.0	383025	308.741719624	0.2
4596.63461149	200	2.78505603395	0.0	383025	316.009866424	0.2
4596.95062136	200	2.96904616753	0.0	383025	316.009866424	0.2
4597.26663122	200	3.1530363011	0.0	383025	316.009866424	0.2
4597.58264109	200	3.33702643468	0.0	383025	316.009866424	0.2
4597.89884479	200	3.52082273406	0.0	383025	316.20370062	0.2
4598.21678422	200	3.7028833076	0.0	383025	317.939426458	0.2
4598.53472364	200	3.88494388114	0.0	383025	317.939426458	0.2
4598.85266307	200	4.06700445469	0.0	383025	317.939426458	0.2
4599.1706025	200	4.24906502823	0.0	383025	317.939426458	0.2
4599.48854192	200	4.43112560177	0.0	383025	317.939426458	0.2
4599.80330038	200	4.61636714107	0.0	383025	314.758460702	0.2
4600.11018031	200	4.80948721295	0.0	383025	306.879928119	0.2
4600.41706024	200	5.00260728483	0.0	383025	306.879928119	0.2
4600.72394017	200	5.19572735671	0.0	383025	306.879928119	0.2
4601.03118906	200	5.38847846888	0.0	383025	307.248887834	0.2
4601.33853928	200	5.58112824282	0.0	383025	307.350226055	0.2
4601.64588951	200	5.77377801677	0.0	383025	307.350226055	0.2
4601.95323973	200	5.96642779071	0.0	383025	307.350226055	0.2
4602.26238979	200	6.15727773345	0.0	383025	309.150057267	0.2
4602.57551456	200	6.34415296091	0.0	383025	313.124772531	0.2
4602.88863934	200	6.53102818838	0.0	383025	313.124772531	0.2
4603.20176411	200	6.71790341585	0.0	383025	313.124772531	0.2
4603.51488888	200	6.90477864332	0.0	383025	313.124772531	0.2
4603.82600107	200	7.09366645612	0.0	383025	311.112187206	0.2
4604.13573853	200	7.28392899602	0.0	383025	309.737460099	0.2
4604.44547599	200	7.47419153592	0.0	383025	309.737460099	0.2
4604.75521345	200	7.66445407582	0.0	383025	309.737460099	0.2
4605.06495091	200	7.85471661572	0.0	383025	309.737460099	0.2
4605.37781103	200	8.0418564907	0.0	383025	312.860125024	0.2
4605.6907023	200	8.22896522278	0.0	383025	312.891267919	0.2
4606.00359357	200	8.41607395486	0.0	383025	312.891267919	0.2
4606.31648484	200	8.60318268694	0.0	383025	312.891267919	0.2
4606.61672275	200	8.80294477116	0.0	383025	300.237915777	0.2
4606.91549587	200	9.00417165711	0.0	383025	298.773114056	0.2
4607.21426898	200	9.20539854305	0.0	383025	298.773114056	0.2
4607.51622256	200	9.40344496107	0.0	383025	301.953581981	0.2
4607.82465005	200	9.59501747707	0.0	383025	308.427483998	0.2
4608.13307753	200	9.78658999307	0.0	383025	308.427483998	0.2
4608.44150501	200	9.97816250908	0.0	383025	308.427483998	0.2
4609.25049257	200	9.66917495807	0.0	383025	308.987551004	0.2
4609.56018605	200	9.85948147479	0.0	383025	309.693483286	0.2
4610.29184833	200	9.5497879915	0.0	383025	309.693483286	0.2
4610.62483063	200	9.71680569712	0.0	383025	332.982294375	0.2
4610.95781292	200	9.88382340275	0.0	383025	332.982294375	0.2
4611.79079521	200	9.55084110837	0.0	383025	332.982294375	0.2
4612.12377751	200	9.717858814	0.0	383025	332.982294375	0.2
4612.4567598	200	9.88487651963	0.0	383025	332.982294375	0.2
4613.28112791	200	9.56050841422	0.0	383025	324.368105406	0.2
4613.59945628	200	9.74218004407	0.0	383025	318.328370145	0.2
4613.91778465	200	9.92385167393	0.0	383025	318.328370145	0.2
4614.45234656	200	9.60552330378	0.0	383025	318.328370145	0.2
4614.77489865	200	9.78297121692	0.0	383025	322.552086866	0.2
4615.09745074	200	9.96041913005	0.0	383025	322.552086866	0.2
4615.73389247	200	9.63786704319	0.0	383025	322.552086866	0.2
4616.06674623	200	9.80501329103	0.0	383025	332.853752162	0.2
4616.39959998	200	9.97215953886	0.0	383025	332.853752162	0.2
4617.23245373	200	9.6393057867	0.0	383025	332.853752162	0.2
4617.56530748	200	9.80645203454	0.0	383025	332.853752162	0.2
4617.89816123	200	9.97359828238	0.0	383025	332.853752162	0.2
4618.55202708	200	9.64074453021	0.0	383025	332.853752162	0.2
4618.8827029	200	9.81006871215	0.0	383025	330.675818067	0.2
4619.21337872	200	9.97939289408	0.0	383025	330.675818067	0.2
4620.04405454	200	9.64871707601	0.0	383025	330.675818067	0.2
4620.37473036	200	9.81804125795	0.0	383025	330.675818067	0.2
4620.70540617	200	9.98736543988	0.0	383025	330.675818067	0.2
4621.15114912	200	9.65668962181	0.0	383025	330.675818067	0.2
4621.4877226	200	9.82011614338	0.0	383025	336.573478435	0.2
4621.82429608	200	9.98354266494	0.0	383025	336.573478435	0.2
4622.66086956	200	9.64696918651	0.0	383025	336.573478435	0.2
4622.99744304	200	9.81039570807	0.0	383025	336.573478435	0.2
4623.33401651	200	9.97382222964	0.0	383025	336.573478435	0.2
4624.17058999	200	9.6372487512	0.0	383025	336.573478435	0.2
4624.50716347	200	9.80067527277	0.0	383025	336.573478435	0.2
4624.84373695	200	9.96410179433	0.0	383025	336.573478435	0.2
4625.68031043	200	9.6275283159	0.0	383025	336.573478435	0.2
4626.01688391	200	9.79095483746	0.0	383025	336.573478435	0.2
4626.35345738	200	9.95438135903	0.0	383025	336.573478435	0.2
4627.18971237	200	9.61812637084	0.0	383025	336.254988188	0.2
4627.52544671	200	9.78239203308	0.0	383025	335.734337755	0.2
4627.86118105	200	9.94665769533	0.0	383025	335.734337755	0.2
4628.69691539	200	9.61092335757	0.0	383025	335.734337755	0.2
4629.03264972	200	9.77518901982	0.0	383025	335.734337755	0.2
4629.36838406	200	9.93945468206	0.0	383025	335.734337755	0.2
4630.2041184	200	9.60372034431	0.0	383025	335.734337755	0.2
4630.53985274	200	9.76798600655	0.0	383025	335.734337755	0.2
4630.87558708	200	9.9322516688	0.0	383025	335.734337755	0.2
4631.7065608	200	9.59651733104	0.0	383025	335.734337755	0.2
4632.03565556	200	9.76742257839	0.0	383025	329.094752651	0.2
4632.36475031	200	9.93832782574	0.0	383025	329.094752651	0.2
4633.19384506	200	9.60923307309	0.0	383025	329.094752651	0.2
4633.52293982	200	9.78013832044	0.0	383025	329.094752651	0.2
4633.85203457	200	9.95104356779	0.0	383025	329.094752651	0.2

