3240.621802020687	400	0.5	0.14961042816138545	181435	149.610428161	-2.592208563227709
3240.77371626907	400	0.848085751616964	0.0	184429	151.914248383	0.4
3241.00346716893	600	1.1183348517572838	0.0	285584	229.75089986	0.39999999999999997
3241.31466049901	800	1.3071415216772535	0.0	391425	311.19333008	0.6000000000000001
3241.6258538290904	800	1.4959481915972233	0.0	391425	311.19333008	0.8
3242.0170929252454	1000	1.604709095442444	0.0	490176	391.239096155	0.8
3242.4310015703504	1000	1.6908004503374563	0.0	513389	413.908645105	1.0
3242.831601284899	1000	1.7902007357885437	0.0	497055	400.599714549	1.0
3243.2317306012715	1000	1.8900714194160417	0.0	520019	400.129316373	1.0
3243.655301331553	1000	1.9665006891348649	0.0	551265	423.570730281	1.0
3244.085222255111	1000	2.036579765576522	0.0	558332	429.920923558	1.0
3244.385529752926	200	2.2362722677616613	0.0	383025	300.307497815	-0.6000000000000001
3244.685837250741	200	2.4359647699468003	0.0	383025	300.307497815	0.2
3244.9857284251284	200	2.6360735955591363	0.0	383025	299.891174388	0.2
3245.2849752958705	200	2.8368267248170485	0.0	383025	299.246870742	0.2
3245.5842221666126	200	3.037579854074961	0.0	383025	299.246870742	0.2
3245.883469037355	200	3.2383329833328736	0.0	383025	299.246870742	0.2
3246.1860517137056	200	3.4357503069821127	0.0	383025	302.582676351	0.2
3246.492690849039	200	3.6291111716490856	0.0	383025	306.639135333	0.2
3246.799329984372	200	3.822472036316058	0.0	383025	306.639135333	0.2
3247.110366327143	200	4.011435693545315	0.0	383025	311.036342771	0.2
3247.423406474831	200	4.198395545856957	0.0	383025	313.040147688	0.2
3247.7364466225195	200	4.385355398168597	0.0	383025	313.040147688	0.2
3248.0501439671407	200	4.571658053547485	0.0	383025	313.697344621	0.2
3248.366143569072	200	4.755658451616078	0.0	383025	315.999601931	0.2
3248.682143171003	200	4.939658849684672	0.0	383025	315.999601931	0.2
3248.9981427729344	200	5.123659247753265	0.0	383025	315.999601931	0.2
3249.3141423748657	200	5.307659645821858	0.0	383025	315.999601931	0.2
3249.62674082764	200	5.495061193047287	0.0	383025	312.598452775	0.2
3249.936891893573	200	5.684910127114328	0.0	383025	310.151065933	0.2
3250.247042959506	200	5.874759061181369	0.0	383025	310.151065933	0.2
3250.557194025439	200	6.06460799524841	0.0	383025	310.151065933	0.2
3250.8704127962114	200	6.251389224476378	0.0	383025	313.218770772	0.2
3251.186907311364	200	6.434894709323546	0.0	383025	316.494515153	0.2
3251.503401826517	200	6.618400194170714	0.0	383025	316.494515153	0.2
3251.8198963416694	200	6.801905679017882	0.0	383025	316.494515153	0.2
3252.136390856822	200	6.9854111638650505	0.0	383025	316.494515153	0.2
3252.4644586413806	200	7.157343379306595	0.0	383025	328.067784558	0.2
3252.79455970455	200	7.3272423161369185	0.0	383025	330.10106317	0.2
3253.1246607677194	200	7.497141252967243	0.0	383025	330.10106317	0.2
3253.4547618308893	200	7.667040189797566	0.0	383025	330.10106317	0.2
3253.7848628940587	200	7.83693912662789	0.0	383025	330.10106317	0.2
3254.1145373254744	200	8.007264695212365	0.0	383025	329.674431416	0.2
3254.440471323989	200	8.181330696697245	0.0	383025	325.933998515	0.2
3254.7664053225044	200	8.355396698182124	0.0	383025	325.933998515	0.2
3255.092339321019	200	8.529462699667006	0.0	383025	325.933998515	0.2
3255.418273319534	200	8.703528701151885	0.0	383025	325.933998515	0.2
3255.744207318049	200	8.877594702636765	0.0	383025	325.933998515	0.2
3256.070141316564	200	9.051660704121645	0.0	383025	325.933998515	0.2
3256.383887457384	200	9.237914563301723	0.0	383025	313.74614082	0.2
3256.6957623633493	200	9.426039657335815	0.0	383025	311.874905966	0.2
3257.007637269315	200	9.614164751369907	0.0	383025	311.874905966	0.2
3257.319512175281	200	9.802289845404001	0.0	383025	311.874905966	0.2
3257.631607861967	200	9.990194158718367	0.0	383025	312.095686686	0.2
3258.443705525784	200	9.67809649490136	0.0	383025	312.097663817	0.2
3258.758285719058	200	9.863516301627277	0.0	383025	314.58019327408505	0.2
3259.5759964126128	200	9.545805608072213	0.0	383025	317.710693555	0.2
3259.8941733308034	200	9.727628689881723	0.0	383025	318.17691819048866	0.2
3260.2164361331124	200	9.905365887572916	0.0	383025	322.262802309	0.2
3261.038698935421	200	9.583103085264108	0.0	383025	322.262802309	0.2
3261.36096173773	200	9.760840282955302	0.0	383025	322.262802309	0.2
3261.687506374696	200	9.934295645989225	0.0	383025	326.5446369660764	0.2
3262.519249627529	200	9.602552393156339	0.0	383025	331.743252833	0.2
3262.850992880362	200	9.770809140323452	0.0	383025	331.743252833	0.2
3263.182736133195	200	9.939065887490566	0.0	383025	331.743252833	0.2
3263.8167672558316	200	9.60732263465768	0.0	383025	331.743252833	0.2
3264.1457146408593	200	9.778375249629761	0.0	383025	328.947385028	0.2
3264.4746620258875	200	9.94942786460184	0.0	383025	328.947385028	0.2
3265.3036094109157	200	9.620480479573922	0.0	383025	328.947385028	0.2
3265.6304127465814	200	9.79367714390825	0.0	383025	326.80333566567157	0.2
3265.9414009727607	200	9.982688917728984	0.0	383025	310.988226179	0.2
3266.5202989260515	200	9.671700691549717	0.0	383025	310.988226179	0.2
3266.8341428293684	200	9.85785678823285	0.0	383025	313.843903317	0.2
3267.647986732685	200	9.544012884915983	0.0	383025	313.843903317	0.2
3267.966979383316	200	9.725020234285102	0.0	383025	318.99265063088035	0.2
3268.2860477300133	200	9.905951887587515	0.0	383025	319.068346698	0.2
3269.067843040282	200	9.586883540889927	0.0	383025	319.068346698	0.2
3269.3833783839937	200	9.771348197178218	0.0	383025	315.535343712	0.2
3269.6989137277055	200	9.95581285346651	0.0	383025	315.535343712	0.2
3270.51994259775	200	9.634783983422235	0.0	383025	321.02887004427555	0.2
3270.8414867764886	200	9.813239804682889	0.0	383025	321.544178739	0.2
3271.163030955228	200	9.991695625943544	0.0	383025	321.544178739	0.2
3271.9849723161906	200	9.66975426498094	0.0	383025	321.9413609626053	0.2
3272.307403779494	200	9.84732280167751	0.0	383025	322.431463303	0.2
3273.1298352427975	200	9.52489133837408	0.0	383025	322.431463303	0.2
3273.4443477269115	200	9.710378854260526	0.0	383025	314.5124841135548	0.2
3273.758452980106	200	9.89627360106574	0.0	383025	314.105253195	0.2
3274.2200003516914	200	9.582168347870956	0.0	383025	314.105253195	0.2
3274.5316065698917	200	9.770562129670852	0.0	383025	311.6062182	0.2
3274.843212788092	200	9.958955911470747	0.0	383025	311.6062182	0.2
3275.5370799414827	200	9.647349693270645	0.0	383025	311.6062182	0.2
3275.8499473760317	200	9.834482258722025	0.0	383025	312.867434549	0.2
3276.6680404008084	200	9.516389233945402	0.0	383025	318.09302477662203	0.2
3276.988167887786	200	9.696261746967856	0.0	383025	320.127486978	0.2
3277.3082953747635	200	9.876134259990312	0.0	383025	320.127486978	0.2
3278.09202667899	200	9.556006773012768	0.0	383025	320.127486978	0.2
3278.4143991790625	200	9.733634272940755	0.0	383025	322.372500072	0.2
3278.7367716791346	200	9.911261772868741	0.0	383025	322.372500072	0.2
3279.2098654966712	200	9.58888927279673	0.0	383025	322.372500072	0.2
3279.5489904614838	200	9.749764307984638	0.0	383025	339.124964812	0.2
3279.888115426296	200	9.910639343172548	0.0	383025	339.124964812	0.2
3280.7272403911084	200	9.571514378360458	0.0	383025	339.124964812	0.2
3281.0663653559204	200	9.732389413548368	0.0	383025	339.124964812	0.2
3281.405490320733	200	9.893264448736277	0.0	383025	339.124964812	0.2
3282.244615285545	200	9.554139483924187	0.0	383025	339.124964812	0.2
3282.587008936803	200	9.711745832665871	0.0	383025	342.3936512583161	0.2
3282.9294481952447	200	9.86930657422434	0.0	383025	342.439258442	0.2
3283.771887453686	200	9.526867315782813	0.0	383025	342.439258442	0.2
3284.1143267121274	200	9.684428057341284	0.0	383025	342.439258442	0.2
3284.4567659705685	200	9.841988798899754	0.0	383025	342.439258442	0.2
3284.79920522901	200	9.999549540458226	0.0	383025	342.439258442	0.2
3285.6416444874512	200	9.657110282016696	0.0	383025	342.439258442	0.2
3285.984083745893	200	9.814671023575167	0.0	383025	342.439258442	0.2
3286.3249471409617	200	9.973807628505861	0.0	383025	340.86339506930483	0.2
3287.164590571022	200	9.634164198445646	0.0	383025	339.64343006	0.2
3287.5042340010823	200	9.79452076838543	0.0	383025	339.64343006	0.2
3287.8438774311426	200	9.954877338325213	0.0	383025	339.64343006	0.2
3288.683520861203	200	9.615233908264997	0.0	383025	339.64343006	0.2
3289.023164291263	200	9.775590478204782	0.0	383025	339.64343006	0.2
3289.3628077213234	200	9.935947048144566	0.0	383025	339.64343006	0.2

