895.2476605498373	400	0.5	0.16247437702691622	181435	162.474377027	-2.8494875405383246
895.4126510251077	400	0.8350095247295333	0.0	184429	164.99047527	0.4
895.6626501569667	600	1.0850103928704387	0.0	285584	249.999131859	0.39999999999999997
896.0015959669139	800	1.2460645829232913	0.0	391425	338.945809947	0.6000000000000001
896.340541776861	800	1.4071187729761439	0.0	391425	338.945809947	0.8
896.7757998891865	1000	1.4718606606505273	0.0	490176	435.258112326	0.8
897.2479349018805	1000	1.4997256479564551	0.0	513389	472.135012694	1.0
897.7053666129898	1000	1.5422939368472337	0.0	497055	457.431711109	1.0
898.183469722262	1000	1.5641908275750078	0.0	520019	478.103109272	1.0
898.699917275811	1000	1.5477432740260475	0.0	551265	516.447553549	1.0
899.2258640504349	1000	1.5217964994021245	0.0	558332	525.946774624	1.0
899.7320705003067	1000	1.5155900495303494	0.0	536970	506.206449872	1.0
900.2382769501785	1000	1.5093835996585745	0.0	536970	506.206449872	1.0
900.7444834000502	1000	1.5031771497867994	0.0	536970	506.206449872	1.0
901.250689849922	1000	1.4969706999150243	0.0	536970	506.206449872	1.0
901.7568962997938	1000	1.4907642500432494	0.0	536970	506.206449872	1.0
902.2536120722611	1000	1.4940484775758116	0.0	553424	496.715772467	1.0
902.714005961662	1000	1.5336545881749934	0.0	522960	460.393889401	1.0
903.1740267284459	1000	1.5736338213911212	0.0	522960	460.020766784	1.0
903.6335618471669	1000	1.614098702670208	0.0	532300	459.535118721	1.0
904.0683560663234	1000	1.6793044835135402	0.0	503004	434.794219157	1.0
904.485227996753	1000	1.762432553084085	0.0	481782	416.871930429	1.0
904.8956465640492	1000	1.852013985787859	0.0	481782	410.418567296	1.0
905.3263905125785	1000	1.9212700372584677	0.0	510552	430.743948529	1.0
905.779635768713	1000	1.9680247811240787	0.0	536970	453.245256134	1.0
906.2330643637339	1000	2.014596186103134	0.0	536970	453.428595021	1.0
906.5591110160157	200	2.1885495338213796	0.0	383025	326.046652282	-0.6000000000000001
906.8851185674795	200	2.3625419823575537	0.0	383025	326.007551464	0.2
907.2111261189432	200	2.5365344308937283	0.0	383025	326.007551464	0.2
907.5377060238443	200	2.7099545259925972	0.0	383025	326.579904901	0.2
907.8647654546952	200	2.882895095141672	0.0	383025	327.059430851	0.2
908.1918248855461	200	3.0558356642907465	0.0	383025	327.059430851	0.2
908.5197366182543	200	3.2279239315825192	0.0	383025	327.911732708	0.2
908.8529800643947	200	3.394680485442135	0.0	383025	333.24344614	0.2
909.1862235105352	200	3.561437039301752	0.0	383025	333.24344614	0.2
909.5194669566756	200	3.728193593161368	0.0	383025	333.24344614	0.2
909.856098913575	200	3.891561636261965	0.0	383025	336.631956899	0.2
910.1967669969765	200	4.050893552860401	0.0	383025	340.668083402	0.2
910.537435080378	200	4.2102254694588375	0.0	383025	340.668083402	0.2
910.8781031637795	200	4.369557386057273	0.0	383025	340.668083402	0.2
911.214838444491	200	4.532822105346006	0.0	383025	336.735280711	0.2
911.5513594788455	200	4.6963010709914075	0.0	383025	336.521034355	0.2
911.8878805132001	200	4.85978003663681	0.0	383025	336.521034355	0.2
912.2244015475546	200	5.023259002282212	0.0	383025	336.521034355	0.2
912.5560385426305	200	5.191622007206417	0.0	383025	331.636995076	0.2
912.8871671342183	200	5.360493415618659	0.0	383025	331.128591588	0.2
913.218295725806	200	5.5293648240309015	0.0	383025	331.128591588	0.2
913.5550226222786	200	5.692637927558338	0.0	383025	336.726896473	0.2
913.895909102503	200	5.851751447333856	0.0	383025	340.886480224	0.2
914.2367955827274	200	6.010864967109375	0.0	383025	340.886480224	0.2
914.5776820629518	200	6.169978486884893	0.0	383025	340.886480224	0.2
914.9182399059649	200	6.329420643871806	0.0	383025	340.557843013	0.2
915.2579619089651	200	6.4896986408717385	0.0	383025	339.722003	0.2
915.5976839119651	200	6.649976637871671	0.0	383025	339.722003	0.2
915.9374059149652	200	6.810254634871602	0.0	383025	339.722003	0.2
916.2831043472116	200	6.964556202625116	0.0	383025	345.698432246	0.2
916.6303492486852	200	7.117311301151619	0.0	383025	347.244901473	0.2
916.9775941501587	200	7.2700663996781225	0.0	383025	347.244901473	0.2
917.3248390516322	200	7.422821498204626	0.0	383025	347.244901473	0.2
917.6720839531057	200	7.575576596731129	0.0	383025	347.244901473	0.2
918.0137705895861	200	7.73388996025071	0.0	383025	341.68663648	0.2
918.3552325546079	200	7.892427995228909	0.0	383025	341.461965022	0.2
918.6966945196297	200	8.050966030207109	0.0	383025	341.461965022	0.2
919.0402859185891	200	8.20737463124768	0.0	383025	343.591398959	0.2
919.3950728236806	200	8.352587726156166	0.0	383025	354.786905092	0.2
919.7498597287721	200	8.49780082106465	0.0	383025	354.786905092	0.2
920.1046466338636	200	8.643013915973137	0.0	383025	354.786905092	0.2
920.4594335389551	200	8.788227010881625	0.0	383025	354.786905092	0.2
920.8142204440466	200	8.933440105790112	0.0	383025	354.786905092	0.2
921.1667989521092	200	9.080861597727434	0.0	383025	352.578508063	0.2
921.515895977634	200	9.231764572202646	0.0	383025	349.097025525	0.2
921.8649930031588	200	9.382667546677858	0.0	383025	349.097025525	0.2
922.2140900286837	200	9.53357052115307	0.0	383025	349.097025525	0.2
922.5729007920377	200	9.674759757799002	0.0	383025	358.810763354	0.2
922.9364446892026	200	9.811215860634137	0.0	383025	363.543897165	0.2
923.2999885863675	200	9.94767196346927	0.0	383025	363.543897165	0.2
924.1635324835323	200	9.584128066304405	0.0	383025	363.543897165	0.2
924.5270763806972	200	9.72058416913954	0.0	383025	363.543897165	0.2
924.890620277862	200	9.857040271974675	0.0	383025	363.543897165	0.2
925.254164175027	200	9.993496374809808	0.0	383025	363.543897165	0.2
926.1182131278463	200	9.62944742199045	0.0	383025	364.0489528193598	0.2
926.4836869417805	200	9.763973608056148	0.0	383025	365.473813934	0.2
926.8491607557147	200	9.898499794121845	0.0	383025	365.473813934	0.2
927.3140829092883	200	9.533025980187542	0.0	383025	365.473813934	0.2
927.6767714369972	200	9.670337452478709	0.0	383025	362.688527709	0.2
928.0394599647061	200	9.807648924769875	0.0	383025	362.688527709	0.2
928.402148492415	200	9.944960397061042	0.0	383025	362.688527709	0.2
929.2648370201239	200	9.582271869352208	0.0	383025	362.688527709	0.2
929.6264900813233	200	9.720618808152723	0.0	383025	361.6530611994864	0.2
929.9841684283913	200	9.862940461084705	0.0	383025	357.678347068	0.2
930.8418467754593	200	9.505262114016686	0.0	383025	357.678347068	0.2
931.1995251225273	200	9.647583766948669	0.0	383025	357.678347068	0.2
931.5572034695954	200	9.78990541988065	0.0	383025	357.678347068	0.2
931.912478927889	200	9.934629961587008	0.0	383025	355.27545829364044	0.2
932.753530859505	200	9.593578029971091	0.0	383025	341.051931616	0.2
933.0945827911208	200	9.752526098355174	0.0	383025	341.051931616	0.2
933.435166612339	200	9.911942277137088	0.0	383025	340.5838212180868	0.2
934.2724388343819	200	9.574670055094144	0.0	383025	337.272222043	0.2
934.6097110564248	200	9.7373978330512	0.0	383025	337.272222043	0.2
934.951398185761	200	9.895710703714913	0.0	383025	341.68712933628774	0.2
935.7936127124392	200	9.55349617703688	0.0	383025	342.214526678	0.2
936.1367286524337	200	9.710380237042337	0.0	383025	343.1159399945448	0.2
936.4822270190349	200	9.864881870441156	0.0	383025	345.498366601	0.2
937.140816296923	200	9.519383503839977	0.0	383025	345.498366601	0.2
937.4743430874785	200	9.685856713284632	0.0	383025	333.526790555	0.2
937.8078698780338	200	9.852329922729288	0.0	383025	333.526790555	0.2
938.6413240197251	200	9.518875781037956	0.0	383025	333.4541416913317	0.2
938.9684487785181	200	9.691751022244922	0.0	383025	327.124758793	0.2
939.2979335119187	200	9.862266288844358	0.0	383025	329.4847334005645	0.2
940.140699592057	200	9.519500208705969	0.0	383025	342.766080138	0.2
940.4834656721954	200	9.676734128567581	0.0	383025	342.766080138	0.2
940.8273466217679	200	9.83285317899513	0.0	383025	343.880949572451	0.2
941.1714943855799	200	9.98870541518318	0.0	383025	344.147763812	0.2
941.7035588178475	200	9.64455765137123	0.0	383025	344.147763812	0.2
942.0213477708197	200	9.826768698399016	0.0	383025	317.788952972	0.2
942.7726314125919	200	9.508979745426805	0.0	383025	317.788952972	0.2
943.0882711726701	200	9.69333998534847	0.0	383025	315.639760078	0.2
943.4043820760218	200	9.877229081996877	0.0	383025	316.11090335159264	0.2
943.8020835639301	200	9.5610010237077	0.0	383025	316.228058289	0.2
944.1183207792171	200	9.74476380842068	0.0	383025	316.237215287	0.2

