336.706898543	400	0.5	0.150800786734	181435	150.800786734	-2.61601573468
337.082825381	1000	0.624073162457	0.0	471531	375.926837543	0.4
337.468323869	1000	0.738574674692	0.0	482442	385.498487765	1.0
337.866239288	1000	0.840659255357	0.0	492120	397.915419335	1.0
338.280046135	1000	0.926852408843	0.0	492120	413.806846513	1.0
338.692478673	1000	1.01441987022	0.0	490176	412.432538628	1.0
339.112156813	1000	1.09474173052	0.0	513389	419.678139693	1.0
339.517102833	1000	1.18979571057	0.0	497055	404.946019954	1.0
339.955618391	1000	1.25128015277	0.0	520019	438.515557803	1.0
340.434193609	1000	1.27270493417	0.0	551265	478.575218595	1.0
340.937926834	1000	1.26897170988	0.0	558332	503.733224291	1.0
341.380293477	1000	1.32660506657	0.0	536970	442.366643306	1.0
341.819724323	1000	1.38717422064	0.0	536970	439.430845934	1.0
342.245791766	1000	1.46110677722	0.0	536970	426.06744342	1.0
342.671677585	1000	1.53522095882	0.0	536970	425.885818399	1.0
343.121133741	1000	1.58576480266	0.0	536970	449.456156158	1.0
343.608363759	1000	1.59853478447	0.0	553424	487.230018195	1.0
344.054887546	1000	1.65201099767	0.0	522960	446.5237868	1.0
344.466143659	1000	1.74075488397	0.0	522960	411.256113701	1.0
344.892393381	1000	1.81450516279	0.0	532300	426.249721174	1.0
345.31617514	1000	1.8907234031	0.0	503004	423.78175969	1.0
345.734719098	1000	1.97217944551	0.0	481782	418.543957594	1.0
346.138407658	1000	2.06849088505	0.0	481782	403.688560463	1.0
346.454824945	200	2.25207359821	0.0	383025	316.417286838	-0.6
346.770230949	200	2.43666759456	0.0	383025	315.406003646	0.2
347.086885885	200	2.62001265859	0.0	383025	316.654935968	0.2
347.408700407	200	2.79819813609	0.0	383025	321.814522502	0.2
347.729271696	200	2.9776268475	0.0	383025	320.571288587	0.2
348.044007236	200	3.16289130756	0.0	383025	314.735539942	0.2
348.355113871	200	3.35178467214	0.0	383025	311.10663542	0.2
348.662490521	200	3.54440802257	0.0	383025	307.376649573	0.2
348.968962155	200	3.737936388	0.0	383025	306.47163457	0.2
349.295530618	200	3.91136792522	0.0	383025	326.568462774	0.2
349.626938122	200	4.07996042163	0.0	383025	331.407503598	0.2
349.955743414	200	4.25115512982	0.0	383025	328.805291802	0.2
350.275497625	200	4.43140091856	0.0	383025	319.754211265	0.2
350.587199033	200	4.61969951004	0.0	383025	311.701408525	0.2
350.89845568	200	4.80844286303	0.0	383025	311.256647007	0.2
351.208998306	200	4.99790023782	0.0	383025	310.542625212	0.2
351.517878756	200	5.18901978776	0.0	383025	308.880450058	0.2
351.826793835	200	5.38010470847	0.0	383025	308.915079285	0.2
352.139561202	200	5.56733734176	0.0	383025	312.767366718	0.2
352.456294409	200	5.75060413406	0.0	383025	316.733207694	0.2
352.776168559	200	5.9307299844	0.0	383025	319.874149658	0.2
353.096277852	200	6.11062069184	0.0	383025	320.109292568	0.2
353.402894052	200	6.30400449154	0.0	383025	306.616200294	0.2
353.707507065	200	6.49939147846	0.0	383025	304.61301308	0.2
354.01281795	200	6.6940805937	0.0	383025	305.310884765	0.2
354.322708405	200	6.88419013878	0.0	383025	309.890454914	0.2
354.647940305	200	7.05895823894	0.0	383025	325.231899841	0.2
354.973632952	200	7.233265591	0.0	383025	325.692647942	0.2
355.294218775	200	7.4126797687	0.0	383025	320.585822298	0.2
355.605900984	200	7.60099755991	0.0	383025	311.682208788	0.2
355.916646667	200	7.7902518766	0.0	383025	310.745683309	0.2
356.227346712	200	7.9795518312	0.0	383025	310.700045405	0.2
356.540844398	200	8.16605414523	0.0	383025	313.497685967	0.2
356.856910129	200	8.34998841488	0.0	383025	316.065730349	0.2
357.173498785	200	8.53339975873	0.0	383025	316.588656149	0.2
357.488366743	200	8.71853180012	0.0	383025	314.867958613	0.2
357.801699583	200	8.90519896071	0.0	383025	313.33283941	0.2
358.114465388	200	9.09243315591	0.0	383025	312.7658048	0.2
358.428536095	200	9.27836244853	0.0	383025	314.070707379	0.2
358.750281288	200	9.45661725505	0.0	383025	321.745193479	0.2
359.071738487	200	9.63516005614	0.0	383025	321.457198917	0.2
359.391729996	200	9.81516854711	0.0	383025	319.991509028	0.2
359.709703717	200	9.9971948267	0.0	383025	317.973720411	0.2
360.36404435	200	9.68182747125	0.0	383025	315.367355451	0.2
360.688402442	200	9.85746937905	0.0	383025	324.358092199	0.2
361.133446932	200	9.53161286631	0.0	383025	325.856512741	0.2
361.439759457	200	9.72530034193	0.0	383025	306.312524377	0.2
361.76124262	200	9.90381717853	0.0	383025	321.483163402	0.2
362.603368254	200	9.56169154421	0.0	383025	342.125634321	0.2
362.943908306	200	9.72115149266	0.0	383025	340.540051547	0.2
363.239160675	200	9.92589912388	0.0	383025	295.252368784	0.2
363.914632235	200	9.63061412281	0.0	383025	295.285001066	0.2
364.253252711	200	9.79199364693	0.0	383025	338.620475882	0.2
364.601393446	200	9.94385291114	0.0	383025	348.140735785	0.2
365.361030609	200	9.59250820579	0.0	383025	351.344705356	0.2
365.722535273	200	9.73100354186	0.0	383025	361.504663928	0.2
366.049123508	200	9.90441530602	0.0	383025	326.588235841	0.2
366.528084573	200	9.60312754288	0.0	383025	301.287763137	0.2
366.837380294	200	9.793831821	0.0	383025	309.295721886	0.2
367.148706892	200	9.98250522328	0.0	383025	311.326597716	0.2
367.479345561	200	9.67133360844	0.0	383025	311.171614837	0.2
367.797032274	200	9.85364689618	0.0	383025	317.686712262	0.2
368.476624902	200	9.53742747491	0.0	383025	316.21942127	0.2
368.788273634	200	9.72577874273	0.0	383025	311.64873218	0.2
369.091566405	200	9.9224859713	0.0	383025	303.292771427	0.2
369.706730109	200	9.62406156044	0.0	383025	298.424410861	0.2
370.015456753	200	9.81533491649	0.0	383025	308.726643958	0.2
370.336624117	200	9.50248416003	0.0	383025	312.850756454	0.2
370.643889682	200	9.69521859574	0.0	383025	307.265564296	0.2
370.951535155	200	9.88757312212	0.0	383025	307.645473612	0.2
371.47679475	200	9.57655711896	0.0	383025	311.016003164	0.2
371.822902803	200	9.73044906557	0.0	383025	346.108053389	0.2
372.177177898	200	9.87617397122	0.0	383025	354.275094352	0.2
372.814440183	200	9.53485628383	0.0	383025	341.317687394	0.2
373.138576057	200	9.71072040981	0.0	383025	324.135874016	0.2
373.454918612	200	9.89437785549	0.0	383025	316.342554325	0.2
373.908600058	200	9.57574856951	0.0	383025	318.629285978	0.2
374.244135343	200	9.74021328377	0.0	383025	335.535285742	0.2
374.569200455	200	9.91514817257	0.0	383025	325.065111192	0.2
375.184759994	200	9.60019469556	0.0	383025	314.953477011	0.2
375.500259397	200	9.78469529326	0.0	383025	315.4994023	0.2
375.819748128	200	9.96520656216	0.0	383025	319.488731106	0.2
376.306158543	200	9.64479848101	0.0	383025	320.408081147	0.2
376.609083121	200	9.84187390309	0.0	383025	302.924577925	0.2
376.982077548	200	9.53984011255	0.0	383025	302.033790538	0.2
377.309662287	200	9.7122553735	0.0	383025	327.584739048	0.2
377.634295325	200	9.88762233518	0.0	383025	324.633038321	0.2
378.228466241	200	9.57212607438	0.0	383025	315.496260802	0.2
378.554449977	200	9.74614233876	0.0	383025	325.983735622	0.2
378.891840401	200	9.90875191409	0.0	383025	337.390424667	0.2
379.279666944	200	9.56586303142	0.0	383025	342.888882667	0.2
379.593368409	200	9.7521615667	0.0	383025	313.701464718	0.2
379.906110216	200	9.93941975911	0.0	383025	312.741807597	0.2
380.542467913	200	9.62693143872	0.0	383025	312.488320388	0.2
380.868965281	200	9.8004340711	0.0	383025	326.49736762	0.2
381.216492773	200	9.95290657918	0.0	383025	347.527491914	0.2
381.595191329	200	9.57750434288	0.0	383025	375.402236304	0.2

