3803.60199034	400	0.5	0.153840898634	181435	153.840898634	-2.67681797268
3803.98581812	1000	0.616172222704	0.0	471531	383.827777296	0.4
3804.37829609	1000	0.723694250876	0.0	482442	392.477971828	1.0
3804.77844674	1000	0.823543601686	0.0	492120	400.150649189	1.0
3805.17859739	1000	0.923392952497	0.0	492120	400.150649189	1.0
3805.57720684	1000	1.02478349826	0.0	490176	398.609454233	1.0
3805.99430633	1000	1.1076840123	0.0	513389	417.099485969	1.0
3806.39846834	1000	1.20352200601	0.0	497055	404.162006285	1.0
3806.82084067	1000	1.28114966825	0.0	520019	422.372337762	1.0
3807.26799093	1000	1.33399941647	0.0	551265	447.150251773	1.0
3807.72868599	1000	1.37330435182	0.0	558332	460.695064659	1.0
3808.17357529	1000	1.42841505412	0.0	536970	444.889297695	1.0
3808.61846459	1000	1.48352575643	0.0	536970	444.889297695	1.0
3809.06335388	1000	1.53863645873	0.0	536970	444.889297695	1.0
3809.50824318	1000	1.59374716104	0.0	536970	444.889297695	1.0
3809.95313248	1000	1.64885786334	0.0	536970	444.889297695	1.0
3810.41134779	1000	1.69064255394	0.0	553424	458.215309398	1.0
3810.84648905	1000	1.75550129039	0.0	522960	435.141263557	1.0
3811.2819844	1000	1.82000594566	0.0	522960	435.495344725	1.0
3811.72507904	1000	1.87691130746	0.0	532300	443.094638208	1.0
3812.1443376	1000	1.95765274011	0.0	503004	419.258567344	1.0
3812.54632934	1000	2.05566100428	0.0	481782	401.991735835	1.0
3812.86996255	200	2.23202779237	0.0	383025	323.633211909	-0.6
3813.19367433	200	2.40831600854	0.0	383025	323.711783824	0.2
3813.51738612	200	2.58460422472	0.0	383025	323.711783824	0.2
3813.8410979	200	2.7608924409	0.0	383025	323.711783824	0.2
3814.16480969	200	2.93718065707	0.0	383025	323.711783824	0.2
3814.48852147	200	3.11346887325	0.0	383025	323.711783824	0.2
3814.81223325	200	3.28975708943	0.0	383025	323.711783824	0.2
3815.13588401	200	3.46610632951	0.0	383025	323.650759917	0.2
3815.4571401	200	3.64485024263	0.0	383025	321.256086873	0.2
3815.77839619	200	3.82359415576	0.0	383025	321.256086873	0.2
3816.09965227	200	4.00233806889	0.0	383025	321.256086873	0.2
3816.42090836	200	4.18108198202	0.0	383025	321.256086873	0.2
3816.74216445	200	4.35982589514	0.0	383025	321.256086873	0.2
3817.06342053	200	4.53856980827	0.0	383025	321.256086873	0.2
3817.38467662	200	4.7173137214	0.0	383025	321.256086873	0.2
3817.70593271	200	4.89605763452	0.0	383025	321.256086873	0.2
3818.02800583	200	5.07398451514	0.0	383025	322.073119381	0.2
3818.35444766	200	5.24754268164	0.0	383025	326.441833501	0.2
3818.68088949	200	5.42110084814	0.0	383025	326.441833501	0.2
3819.00733133	200	5.59465901464	0.0	383025	326.441833501	0.2
3819.33377316	200	5.76821718114	0.0	383025	326.441833501	0.2
3819.660215	200	5.94177534764	0.0	383025	326.441833501	0.2
3819.98665683	200	6.11533351414	0.0	383025	326.441833501	0.2
3820.31309866	200	6.28889168063	0.0	383025	326.441833501	0.2
3820.6395405	200	6.46244984713	0.0	383025	326.441833501	0.2
3820.96598233	200	6.63600801363	0.0	383025	326.441833501	0.2
3821.29242416	200	6.80956618013	0.0	383025	326.441833501	0.2
3821.618866	200	6.98312434663	0.0	383025	326.441833501	0.2
3821.94530783	200	7.15668251313	0.0	383025	326.441833501	0.2
3822.27227107	200	7.32971926857	0.0	383025	326.963244564	0.2
3822.59923904	200	7.50275129934	0.0	383025	326.967969223	0.2
3822.92620701	200	7.67578333012	0.0	383025	326.967969223	0.2
3823.25317498	200	7.8488153609	0.0	383025	326.967969223	0.2
3823.58014295	200	8.02184739167	0.0	383025	326.967969223	0.2
3823.90711092	200	8.19487942245	0.0	383025	326.967969223	0.2
3824.23407889	200	8.36791145323	0.0	383025	326.967969223	0.2
3824.56104686	200	8.540943484	0.0	383025	326.967969223	0.2
3824.88801483	200	8.71397551478	0.0	383025	326.967969223	0.2
3825.2149828	200	8.88700754556	0.0	383025	326.967969223	0.2
3825.54195077	200	9.06003957634	0.0	383025	326.967969223	0.2
3825.86891874	200	9.23307160711	0.0	383025	326.967969223	0.2
3826.18591084	200	9.41607950516	0.0	383025	316.992101954	0.2
3826.49508832	200	9.60690201816	0.0	383025	309.177486999	0.2
3826.80426581	200	9.79772453116	0.0	383025	309.177486999	0.2
3827.1134433	200	9.98854704416	0.0	383025	309.177486999	0.2
3827.92255342	200	9.6794369218	0.0	383025	309.110122357	0.2
3828.23114625	200	9.87084409376	0.0	383025	308.592828038	0.2
3828.54132884	200	9.56225126573	0.0	383025	308.592828038	0.2
3828.84421416	200	9.75936595358	0.0	383025	302.885312151	0.2
3829.14709947	200	9.95648064142	0.0	383025	302.885312151	0.2
3829.59023047	200	9.65359532927	0.0	383025	302.885312151	0.2
3829.90448049	200	9.83934530849	0.0	383025	314.250020782	0.2
3830.71873052	200	9.52509528771	0.0	383025	314.250020782	0.2
3831.03298054	200	9.71084526693	0.0	383025	314.250020782	0.2
3831.34723056	200	9.89659524615	0.0	383025	314.250020782	0.2
3832.16332791	200	9.58049789375	0.0	383025	316.097352392	0.2
3832.48036732	200	9.76345848086	0.0	383025	317.039412893	0.2
3832.79740673	200	9.94641906797	0.0	383025	317.039412893	0.2
3833.40890732	200	9.62937965508	0.0	383025	317.039412893	0.2
3833.73047626	200	9.80781071102	0.0	383025	321.56894406	0.2
3834.0520452	200	9.98624176696	0.0	383025	321.56894406	0.2
3834.87361415	200	9.6646728229	0.0	383025	321.56894406	0.2
3835.19518309	200	9.84310387884	0.0	383025	321.56894406	0.2
3835.6790581	200	9.52153493478	0.0	383025	321.56894406	0.2
3836.00230054	200	9.69829250007	0.0	383025	323.242434708	0.2
3836.32554297	200	9.87505006536	0.0	383025	323.242434708	0.2
3837.14878541	200	9.55180763065	0.0	383025	323.242434708	0.2
3837.47202784	200	9.72856519595	0.0	383025	323.242434708	0.2
3837.79527028	200	9.90532276124	0.0	383025	323.242434708	0.2
3838.51027329	200	9.58208032653	0.0	383025	323.242434708	0.2
3838.83644764	200	9.75590597767	0.0	383025	326.174348857	0.2
3839.16262199	200	9.92973162882	0.0	383025	326.174348857	0.2
3839.98879634	200	9.60355727996	0.0	383025	326.174348857	0.2
3840.31497069	200	9.7773829311	0.0	383025	326.174348857	0.2
3840.64114504	200	9.95120858225	0.0	383025	326.174348857	0.2
3841.46731939	200	9.62503423339	0.0	383025	326.174348857	0.2
3841.79473349	200	9.7976201312	0.0	383025	327.414102195	0.2
3842.12552038	200	9.96683324533	0.0	383025	330.786885864	0.2
3842.95630726	200	9.63604635947	0.0	383025	330.786885864	0.2
3843.28709415	200	9.8052594736	0.0	383025	330.786885864	0.2
3843.61788103	200	9.97447258774	0.0	383025	330.786885864	0.2
3844.44866792	200	9.64368570188	0.0	383025	330.786885864	0.2
3844.7794548	200	9.81289881601	0.0	383025	330.786885864	0.2
3845.11024169	200	9.98211193015	0.0	383025	330.786885864	0.2
3845.66354439	200	9.65132504428	0.0	383025	330.786885864	0.2
3845.98895776	200	9.82591167883	0.0	383025	325.413365455	0.2
3846.81437112	200	9.50049831338	0.0	383025	325.413365455	0.2
3847.13978449	200	9.67508494792	0.0	383025	325.413365455	0.2
3847.46519785	200	9.84967158247	0.0	383025	325.413365455	0.2
3848.29061122	200	9.52425821701	0.0	383025	325.413365455	0.2
3848.61602459	200	9.69884485156	0.0	383025	325.413365455	0.2
3848.94143795	200	9.8734314861	0.0	383025	325.413365455	0.2
3849.76439402	200	9.55047542029	0.0	383025	322.956065812	0.2
3850.0807764	200	9.73409303863	0.0	383025	316.382381663	0.2
3850.39715878	200	9.91771065697	0.0	383025	316.382381663	0.2
3851.21675313	200	9.59811630233	0.0	383025	319.594354635	0.2
3851.53852743	200	9.77634200739	0.0	383025	321.774294942	0.2
3851.86030172	200	9.95456771245	0.0	383025	321.774294942	0.2

