2888.83096038	400	0.5	0.155895875713	181435	155.895875713	-2.71791751426
2889.22012883	1000	0.610831547547	0.0	471531	389.168452453	0.4
2889.61807106	1000	0.712889319914	0.0	482442	397.942227633	1.0
2890.02379558	1000	0.80716479953	0.0	492120	405.724520384	1.0
2890.43401162	1000	0.896948758416	0.0	492120	410.216041115	1.0
2890.84486737	1000	0.986093009899	0.0	490176	410.855748516	1.0
2891.2755004	1000	1.05545997833	0.0	513389	430.633031568	1.0
2891.69603502	1000	1.13492536107	0.0	497055	420.534617264	1.0
2892.13553638	1000	1.19542399576	0.0	520019	439.501365311	1.0
2892.60084488	1000	1.23011549713	0.0	551265	465.308498629	1.0
2893.06887812	1000	1.26208225513	0.0	558332	468.033242	1.0
2893.50650155	1000	1.32445882519	0.0	536970	437.623429939	1.0
2893.94412498	1000	1.38683539525	0.0	536970	437.623429939	1.0
2894.38883904	1000	1.44212133168	0.0	536970	444.714063574	1.0
2894.83410614	1000	1.49685423443	0.0	536970	445.267097244	1.0
2895.27937324	1000	1.55158713719	0.0	536970	445.267097244	1.0
2895.7379447	1000	1.5930156802	0.0	553424	458.57145699	1.0
2896.17179212	1000	1.6591682587	0.0	522960	433.847421495	1.0
2896.60959292	1000	1.72136745928	0.0	522960	437.800799423	1.0
2897.0631429	1000	1.76781747858	0.0	532300	453.549980705	1.0
2897.49228138	1000	1.83867899559	0.0	503004	429.138482988	1.0
2897.90640142	1000	1.92455896127	0.0	481782	414.120034322	1.0
2898.32459949	1000	2.00636088275	0.0	481782	418.198078516	1.0
2898.65912401	200	2.17183636954	0.0	383025	334.52451321	-0.6
2898.99364852	200	2.33731185633	0.0	383025	334.52451321	0.2
2899.32817303	200	2.50278734312	0.0	383025	334.52451321	0.2
2899.66269755	200	2.66826282991	0.0	383025	334.52451321	0.2
2899.99692842	200	2.83403195834	0.0	383025	334.230871567	0.2
2900.33114766	200	2.99981272019	0.0	383025	334.219238152	0.2
2900.66536689	200	3.16559348204	0.0	383025	334.219238152	0.2
2900.99958613	200	3.33137424388	0.0	383025	334.219238152	0.2
2901.33380537	200	3.49715500573	0.0	383025	334.219238152	0.2
2901.66883125	200	3.66212913029	0.0	383025	335.025875441	0.2
2902.00620293	200	3.82475744824	0.0	383025	337.371682052	0.2
2902.34357461	200	3.98738576619	0.0	383025	337.371682052	0.2
2902.68094629	200	4.15001408413	0.0	383025	337.371682052	0.2
2903.01831797	200	4.31264240208	0.0	383025	337.371682052	0.2
2903.35568966	200	4.47527072003	0.0	383025	337.371682052	0.2
2903.69349315	200	4.63746723133	0.0	383025	337.803488695	0.2
2904.03871957	200	4.79224081141	0.0	383025	345.226419928	0.2
2904.38394599	200	4.94701439148	0.0	383025	345.226419928	0.2
2904.72917241	200	5.10178797155	0.0	383025	345.226419928	0.2
2905.07439883	200	5.25656155162	0.0	383025	345.226419928	0.2
2905.41962524	200	5.4113351317	0.0	383025	345.226419928	0.2
2905.76485166	200	5.56610871177	0.0	383025	345.226419928	0.2
2906.1076509	200	5.72330947863	0.0	383025	342.799233136	0.2
2906.43480157	200	5.89615880307	0.0	383025	327.150675562	0.2
2906.76195225	200	6.06900812751	0.0	383025	327.150675562	0.2
2907.08910292	200	6.24185745195	0.0	383025	327.150675562	0.2
2907.4162536	200	6.41470677638	0.0	383025	327.150675562	0.2
2907.73920633	200	6.59175405156	0.0	383025	322.952724818	0.2
2908.05406804	200	6.77689233915	0.0	383025	314.861712418	0.2
2908.36892975	200	6.96203062673	0.0	383025	314.861712418	0.2
2908.68379146	200	7.14716891431	0.0	383025	314.861712418	0.2
2909.00283501	200	7.32812536704	0.0	383025	319.043547265	0.2
2909.32203913	200	7.50892124796	0.0	383025	319.204119089	0.2
2909.64124325	200	7.68971712887	0.0	383025	319.204119089	0.2
2909.96055558	200	7.87040479557	0.0	383025	319.312333294	0.2
2910.28597583	200	8.04498455018	0.0	383025	325.420245396	0.2
2910.61139607	200	8.21956430478	0.0	383025	325.420245396	0.2
2910.93681632	200	8.39414405939	0.0	383025	325.420245396	0.2
2911.25995785	200	8.57100253047	0.0	383025	323.141528913	0.2
2911.57867156	200	8.75228881472	0.0	383025	318.713715754	0.2
2911.89738528	200	8.93357509897	0.0	383025	318.713715754	0.2
2912.21609899	200	9.11486138321	0.0	383025	318.713715754	0.2
2912.53338637	200	9.29757400338	0.0	383025	317.287379835	0.2
2912.84950607	200	9.48145430256	0.0	383025	316.11970082	0.2
2913.16562577	200	9.66533460174	0.0	383025	316.11970082	0.2
2913.4866548	200	9.84430558141	0.0	383025	321.029020326	0.2
2914.32011208	200	9.51084829381	0.0	383025	333.457287597	0.2
2914.65356937	200	9.67739100621	0.0	383025	333.457287597	0.2
2914.98702666	200	9.84393371862	0.0	383025	333.457287597	0.2
2915.81504104	200	9.51591933273	0.0	383025	328.014385887	0.2
2916.13856364	200	9.69239673228	0.0	383025	323.522600455	0.2
2916.45109524	200	9.87986513594	0.0	383025	312.531596338	0.2
2916.80218921	200	9.5673335396	0.0	383025	312.531596338	0.2
2917.14116857	200	9.72835418456	0.0	383025	338.979355037	0.2
2917.48014792	200	9.88937482953	0.0	383025	338.979355037	0.2
2917.99462781	200	9.55039547449	0.0	383025	338.979355037	0.2
2918.32837737	200	9.7166459168	0.0	383025	333.749557687	0.2
2918.66212693	200	9.88289635911	0.0	383025	333.749557687	0.2
2919.21262563	200	9.54914680143	0.0	383025	333.749557687	0.2
2919.54690637	200	9.71486606057	0.0	383025	334.280740855	0.2
2919.88118711	200	9.88058531972	0.0	383025	334.280740855	0.2
2920.71546785	200	9.54630457886	0.0	383025	334.280740855	0.2
2921.04521345	200	9.71655898167	0.0	383025	329.745597189	0.2
2921.37370127	200	9.88807115649	0.0	383025	328.487825183	0.2
2922.2021891	200	9.55958333131	0.0	383025	328.487825183	0.2
2922.52548543	200	9.73628699683	0.0	383025	323.296334479	0.2
2922.83819637	200	9.92357606138	0.0	383025	312.710935451	0.2
2923.35593822	200	9.61086512593	0.0	383025	312.710935451	0.2
2923.66155927	200	9.80524407679	0.0	383025	305.62104914	0.2
2923.96718032	200	9.99962302765	0.0	383025	305.62104914	0.2
2924.42622295	200	9.69323819502	0.0	383025	306.384832624	0.2
2924.73077063	200	9.88869051325	0.0	383025	304.547681775	0.2
2925.31707143	200	9.58414283147	0.0	383025	304.547681775	0.2
2925.61871026	200	9.78250400757	0.0	383025	301.638823902	0.2
2925.92034908	200	9.98086518367	0.0	383025	301.638823902	0.2
2926.28319269	200	9.68195880483	0.0	383025	298.906378836	0.2
2926.58427321	200	9.8808782888	0.0	383025	301.080516034	0.2
2927.34145193	200	9.57979777277	0.0	383025	301.080516034	0.2
2927.64873859	200	9.7725111136	0.0	383025	307.286659172	0.2
2927.95447545	200	9.96677425215	0.0	383025	305.736861449	0.2
2928.37161998	200	9.66276284335	0.0	383025	304.0114088	0.2
2928.67183544	200	9.86254738385	0.0	383025	300.215459494	0.2
2929.24561486	200	9.56233192436	0.0	383025	300.215459494	0.2
2929.53812522	200	9.76982155941	0.0	383025	292.51036495	0.2
2929.83733476	200	9.97061202388	0.0	383025	299.209535526	0.2
2930.28150777	200	9.66616744847	0.0	383025	304.444575411	0.2
2930.59134666	200	9.85632856242	0.0	383025	309.838886055	0.2
2931.21059192	200	9.54648967636	0.0	383025	309.838886055	0.2
2931.51889534	200	9.73818625964	0.0	383025	308.303416723	0.2
2931.82700875	200	9.93007284664	0.0	383025	308.113413001	0.2
2932.62588632	200	9.63119528084	0.0	383025	298.8775658	0.2
2932.92251095	200	9.83457065566	0.0	383025	296.624625175	0.2
2933.62700126	200	9.53798813154	0.0	383025	296.582524124	0.2
2933.92191413	200	9.74307525891	0.0	383025	294.912872628	0.2
2934.21819425	200	9.94679514529	0.0	383025	296.28011362	0.2
2934.71206011	200	9.64941263684	0.0	383025	297.382508451	0.2
2935.01265748	200	9.8488152667	0.0	383025	300.597370136	0.2

