2354.74720713	400	0.5	0.137152963904	181435	137.152963904	-2.34305927808
2355.08766468	1000	0.659542457504	0.0	471531	340.457542496	0.4
2355.45078009	1000	0.796427040183	0.0	482442	363.115417321	1.0
2355.84684871	1000	0.900358424589	0.0	492120	396.068615595	1.0
2356.24291733	1000	1.00428980899	0.0	492120	396.068615595	1.0
2356.63746087	1000	1.10974626328	0.0	490176	394.543545716	1.0
2357.05021504	1000	1.19699209663	0.0	513389	412.754166649	1.0
2357.43855409	1000	1.30865304667	0.0	497055	388.339049957	1.0
2357.83161367	1000	1.41559346205	0.0	520019	393.059584624	1.0
2358.246079	1000	1.50112813357	0.0	551265	414.465328474	1.0
2358.66457296	1000	1.58263417444	0.0	558332	418.493959134	1.0
2359.05654027	1000	1.69066686591	0.0	536970	391.967308526	1.0
2359.44397069	1000	1.80323644061	0.0	536970	387.430425303	1.0
2359.84157024	1000	1.90563689001	0.0	536970	397.599550599	1.0
2360.24427094	1000	2.00293619331	0.0	536970	402.700696703	1.0
2360.53438749	200	2.21281964237	0.0	383025	290.116550933	-0.6
2360.83176368	200	2.41544345672	0.0	383025	297.376185653	0.2
2361.12987215	200	2.61733498379	0.0	383025	298.108472934	0.2
2361.42798062	200	2.81922651085	0.0	383025	298.108472934	0.2
2361.72787295	200	3.01933418853	0.0	383025	299.89232232	0.2
2362.05803255	200	3.18917458307	0.0	383025	330.159605465	0.2
2362.38819216	200	3.3590149776	0.0	383025	330.159605465	0.2
2362.71835176	200	3.52885537214	0.0	383025	330.159605465	0.2
2363.04851137	200	3.69869576667	0.0	383025	330.159605465	0.2
2363.37867097	200	3.86853616121	0.0	383025	330.159605465	0.2
2363.70883058	200	4.03837655574	0.0	383025	330.159605465	0.2
2364.03899018	200	4.20821695028	0.0	383025	330.159605465	0.2
2364.36914979	200	4.37805734481	0.0	383025	330.159605465	0.2
2364.69930939	200	4.54789773935	0.0	383025	330.159605465	0.2
2365.029469	200	4.71773813388	0.0	383025	330.159605465	0.2
2365.3575473	200	4.88965983354	0.0	383025	328.078300343	0.2
2365.67652177	200	5.07068536872	0.0	383025	318.97446482	0.2
2365.99549623	200	5.2517109039	0.0	383025	318.97446482	0.2
2366.3144707	200	5.43273643908	0.0	383025	318.97446482	0.2
2366.63344516	200	5.61376197426	0.0	383025	318.97446482	0.2
2366.95241962	200	5.79478750944	0.0	383025	318.97446482	0.2
2367.27139409	200	5.97581304462	0.0	383025	318.97446482	0.2
2367.59036855	200	6.1568385798	0.0	383025	318.97446482	0.2
2367.91689602	200	6.33031111923	0.0	383025	326.52746057	0.2
2368.24422628	200	6.50298085434	0.0	383025	327.33026489	0.2
2368.57155654	200	6.67565058945	0.0	383025	327.33026489	0.2
2368.89888681	200	6.84832032456	0.0	383025	327.33026489	0.2
2369.22621707	200	7.02099005967	0.0	383025	327.33026489	0.2
2369.55354734	200	7.19365979478	0.0	383025	327.33026489	0.2
2369.8808776	200	7.36632952989	0.0	383025	327.33026489	0.2
2370.20820787	200	7.538999265	0.0	383025	327.33026489	0.2
2370.53553813	200	7.71166900011	0.0	383025	327.33026489	0.2
2370.8628684	200	7.88433873522	0.0	383025	327.33026489	0.2
2371.18963289	200	8.05757424133	0.0	383025	326.76449389	0.2
2371.51621554	200	8.23099159379	0.0	383025	326.582647539	0.2
2371.84279819	200	8.40440894625	0.0	383025	326.582647539	0.2
2372.16938084	200	8.57782629871	0.0	383025	326.582647539	0.2
2372.49596348	200	8.75124365117	0.0	383025	326.582647539	0.2
2372.82254613	200	8.92466100363	0.0	383025	326.582647539	0.2
2373.14912878	200	9.09807835609	0.0	383025	326.582647539	0.2
2373.47571143	200	9.27149570855	0.0	383025	326.582647539	0.2
2373.80229407	200	9.44491306101	0.0	383025	326.582647539	0.2
2374.12887672	200	9.61833041347	0.0	383025	326.582647539	0.2
2374.45609646	200	9.79111067063	0.0	383025	327.219742844	0.2
2374.78459261	200	9.96261452121	0.0	383025	328.496149418	0.2
2375.61308876	200	9.63411837179	0.0	383025	328.496149418	0.2
2375.94158491	200	9.80562222238	0.0	383025	328.496149418	0.2
2376.27008106	200	9.97712607296	0.0	383025	328.496149418	0.2
2377.09857721	200	9.64862992354	0.0	383025	328.496149418	0.2
2377.42707336	200	9.82013377412	0.0	383025	328.496149418	0.2
2377.75121578	200	9.99599135479	0.0	383025	324.142419332	0.2
2378.57406403	200	9.67314310634	0.0	383025	322.848248451	0.2
2378.89691228	200	9.85029485789	0.0	383025	322.848248451	0.2
2379.71976052	200	9.52744660944	0.0	383025	322.848248451	0.2
2380.04260877	200	9.70459836099	0.0	383025	322.848248451	0.2
2380.36881347	200	9.87839366263	0.0	383025	326.204698353	0.2
2381.19632031	200	9.55088682555	0.0	383025	327.506837086	0.2
2381.52382715	200	9.72337998846	0.0	383025	327.506837086	0.2
2381.85133398	200	9.89587315137	0.0	383025	327.506837086	0.2
2382.67884082	200	9.56836631429	0.0	383025	327.506837086	0.2
2383.00634766	200	9.7408594772	0.0	383025	327.506837086	0.2
2383.33555549	200	9.91165164433	0.0	383025	329.207832872	0.2
2384.16950714	200	9.57769999856	0.0	383025	333.951645771	0.2
2384.50345878	200	9.74374835279	0.0	383025	333.951645771	0.2
2384.83741043	200	9.90979670702	0.0	383025	333.951645771	0.2
2385.67136207	200	9.57584506125	0.0	383025	333.951645771	0.2
2386.00531372	200	9.74189341548	0.0	383025	333.951645771	0.2
2386.33926536	200	9.9079417697	0.0	383025	333.951645771	0.2
2387.17321701	200	9.57399012393	0.0	383025	333.951645771	0.2
2387.50716866	200	9.74003847816	0.0	383025	333.951645771	0.2
2387.8411203	200	9.90608683239	0.0	383025	333.951645771	0.2
2388.67507195	200	9.57213518662	0.0	383025	333.951645771	0.2
2389.00902359	200	9.73818354085	0.0	383025	333.951645771	0.2
2389.34297524	200	9.90423189508	0.0	383025	333.951645771	0.2
2390.17467581	200	9.5725313193	0.0	383025	331.700575774	0.2
2390.5063261	200	9.7408810317	0.0	383025	331.6502876	0.2
2390.83797639	200	9.9092307441	0.0	383025	331.6502876	0.2
2391.66962668	200	9.5775804565	0.0	383025	331.6502876	0.2
2392.00127697	200	9.7459301689	0.0	383025	331.6502876	0.2
2392.33292725	200	9.9142798813	0.0	383025	331.6502876	0.2
2392.82910084	200	9.5826295937	0.0	383025	331.6502876	0.2
2393.1587108	200	9.75301963346	0.0	383025	329.60996024	0.2
2393.48832076	200	9.92340967322	0.0	383025	329.60996024	0.2
2394.31793072	200	9.59379971298	0.0	383025	329.60996024	0.2
2394.64754068	200	9.76418975274	0.0	383025	329.60996024	0.2
2394.97715065	200	9.9345797925	0.0	383025	329.60996024	0.2
2395.80676061	200	9.60496983226	0.0	383025	329.60996024	0.2
2396.13637057	200	9.77535987202	0.0	383025	329.60996024	0.2
2396.46598053	200	9.94574991178	0.0	383025	329.60996024	0.2
2397.05660346	200	9.61613995154	0.0	383025	329.60996024	0.2
2397.38444301	200	9.78830039702	0.0	383025	327.839554524	0.2
2397.71228257	200	9.96046084249	0.0	383025	327.839554524	0.2
2398.54012212	200	9.63262128797	0.0	383025	327.839554524	0.2
2398.86796168	200	9.80478173345	0.0	383025	327.839554524	0.2
2399.19459887	200	9.97814454639	0.0	383025	326.637187058	0.2
2400.01971281	200	9.65303059887	0.0	383025	325.113947517	0.2
2400.34482676	200	9.82791665135	0.0	383025	325.113947517	0.2
2401.16994071	200	9.50280270384	0.0	383025	325.113947517	0.2
2401.49518641	200	9.6775570045	0.0	383025	325.245699338	0.2
2401.82243333	200	9.85031007856	0.0	383025	327.246925933	0.2
2402.64968026	200	9.52306315263	0.0	383025	327.246925933	0.2
2402.97692719	200	9.6958162267	0.0	383025	327.246925933	0.2
2403.30417411	200	9.86856930076	0.0	383025	327.246925933	0.2
2404.13142104	200	9.54132237483	0.0	383025	327.246925933	0.2
2404.45866796	200	9.7140754489	0.0	383025	327.246925933	0.2

