3081.30612081	400	0.5	0.15337625217	181435	153.37625217	-2.6675250434
3081.68874102	1000	0.617379791319	0.0	471531	382.620208681	0.4
3082.07998348	1000	0.726137330661	0.0	482442	391.242460658	1.0
3082.47887384	1000	0.827246977543	0.0	492120	398.890353118	1.0
3082.87776419	1000	0.928356624425	0.0	492120	398.890353118	1.0
3083.27730064	1000	1.02882017597	0.0	490176	399.536448454	1.0
3083.69566224	1000	1.11045857279	0.0	513389	418.361603183	1.0
3084.1010314	1000	1.20508941476	0.0	497055	405.369158027	1.0
3084.52093181	1000	1.28518899996	0.0	520019	419.900414805	1.0
3084.96534623	1000	1.34077458506	0.0	551265	444.414414897	1.0
3085.41532966	1000	1.3907911486	0.0	558332	449.983436456	1.0
3085.84847916	1000	1.45764164996	0.0	536970	433.149498639	1.0
3086.26390226	1000	1.54221854833	0.0	536970	415.423101637	1.0
3086.67725437	1000	1.62886644536	0.0	536970	413.352102966	1.0
3087.09100576	1000	1.71511505662	0.0	536970	413.751388742	1.0
3087.50513267	1000	1.80098814656	0.0	536970	414.126910064	1.0
3087.93164296	1000	1.87447785534	0.0	553424	426.510291218	1.0
3088.3401987	1000	1.96592211266	0.0	522960	408.555742677	1.0
3088.75299289	1000	2.05312792753	0.0	522960	412.794185131	1.0
3089.05862414	200	2.24749666877	0.0	383025	305.631258764	-0.6
3089.36693568	200	2.4391851332	0.0	383025	308.311535568	0.2
3089.67524722	200	2.63087359763	0.0	383025	308.311535568	0.2
3089.98355875	200	2.82256206206	0.0	383025	308.311535568	0.2
3090.28960764	200	3.01651317007	0.0	383025	306.04889199	0.2
3090.59497332	200	3.2111474971	0.0	383025	305.365672972	0.2
3090.90033899	200	3.40578182413	0.0	383025	305.365672972	0.2
3091.20570466	200	3.60041615115	0.0	383025	305.365672972	0.2
3091.5087903	200	3.79733051382	0.0	383025	303.085637333	0.2
3091.81076032	200	3.99536048951	0.0	383025	301.970024307	0.2
3092.11273035	200	4.19339046521	0.0	383025	301.970024307	0.2
3092.41470037	200	4.3914204409	0.0	383025	301.970024307	0.2
3092.72105779	200	4.58506301973	0.0	383025	306.357421173	0.2
3093.02807255	200	4.77804826094	0.0	383025	307.014758784	0.2
3093.33508731	200	4.97103350216	0.0	383025	307.014758784	0.2
3093.64210207	200	5.16401874337	0.0	383025	307.014758784	0.2
3093.95488226	200	5.35123855348	0.0	383025	312.780189889	0.2
3094.26981124	200	5.5363095718	0.0	383025	314.928981685	0.2
3094.58474022	200	5.72138059011	0.0	383025	314.928981685	0.2
3094.8996692	200	5.90645160843	0.0	383025	314.928981685	0.2
3095.21870205	200	6.0874187636	0.0	383025	319.032844832	0.2
3095.54015364	200	6.26596716867	0.0	383025	321.451594923	0.2
3095.86160524	200	6.44451557375	0.0	383025	321.451594923	0.2
3096.18305683	200	6.62306397883	0.0	383025	321.451594923	0.2
3096.50450843	200	6.8016123839	0.0	383025	321.451594923	0.2
3096.82596002	200	6.98016078898	0.0	383025	321.451594923	0.2
3097.14512972	200	7.16099109513	0.0	383025	319.169693851	0.2
3097.45907393	200	7.34704688633	0.0	383025	313.944208806	0.2
3097.77301814	200	7.53310267752	0.0	383025	313.944208806	0.2
3098.08696234	200	7.71915846871	0.0	383025	313.944208806	0.2
3098.40090655	200	7.90521425991	0.0	383025	313.944208806	0.2
3098.71892874	200	8.08719206843	0.0	383025	318.022191483	0.2
3099.03845353	200	8.26766728548	0.0	383025	319.52478295	0.2
3099.35797831	200	8.44814250253	0.0	383025	319.52478295	0.2
3099.67750309	200	8.62861771958	0.0	383025	319.52478295	0.2
3099.99702788	200	8.80909293663	0.0	383025	319.52478295	0.2
3100.31655266	200	8.98956815368	0.0	383025	319.52478295	0.2
3100.64317634	200	9.16294447183	0.0	383025	326.623681845	0.2
3100.97045626	200	9.33566454936	0.0	383025	327.279922472	0.2
3101.29773619	200	9.50838462689	0.0	383025	327.279922472	0.2
3101.62501611	200	9.68110470441	0.0	383025	327.279922472	0.2
3101.95229603	200	9.85382478194	0.0	383025	327.279922472	0.2
3102.62640726	200	9.52654485947	0.0	383025	327.279922472	0.2
3102.95627038	200	9.69668173548	0.0	383025	329.863123986	0.2
3103.28613351	200	9.8668186115	0.0	383025	329.863123986	0.2
3104.11599663	200	9.53695548751	0.0	383025	329.863123986	0.2
3104.44585976	200	9.70709236353	0.0	383025	329.863123986	0.2
3104.77572288	200	9.87722923954	0.0	383025	329.863123986	0.2
3105.60579895	200	9.54715317378	0.0	383025	330.076065757	0.2
3105.93828076	200	9.71467136036	0.0	383025	332.481813421	0.2
3106.27076257	200	9.88218954694	0.0	383025	332.481813421	0.2
3107.10324439	200	9.54970773352	0.0	383025	332.481813421	0.2
3107.4357262	200	9.7172259201	0.0	383025	332.481813421	0.2
3107.76820801	200	9.88474410668	0.0	383025	332.481813421	0.2
3108.59997092	200	9.55298120158	0.0	383025	331.7629051	0.2
3108.93015992	200	9.7227921956	0.0	383025	330.189005981	0.2
3109.26034893	200	9.89260318962	0.0	383025	330.189005981	0.2
3110.09053794	200	9.56241418364	0.0	383025	330.189005981	0.2
3110.42072694	200	9.73222517765	0.0	383025	330.189005981	0.2
3110.75090703	200	9.9020450947	0.0	383025	330.180082954	0.2
3111.57896397	200	9.57398815194	0.0	383025	328.056942762	0.2
3111.90702091	200	9.74593120917	0.0	383025	328.056942762	0.2
3112.23507785	200	9.91787426641	0.0	383025	328.056942762	0.2
3113.03669373	200	9.58981732365	0.0	383025	328.056942762	0.2
3113.36337934	200	9.7631317202	0.0	383025	326.685603447	0.2
3113.69006494	200	9.93644611676	0.0	383025	326.685603447	0.2
3114.51675054	200	9.60976051331	0.0	383025	326.685603447	0.2
3114.84343615	200	9.78307490986	0.0	383025	326.685603447	0.2
3115.17152537	200	9.95498569302	0.0	383025	328.089216846	0.2
3116.00484665	200	9.62166440629	0.0	383025	333.321286732	0.2
3116.33816794	200	9.78834311955	0.0	383025	333.321286732	0.2
3116.67148923	200	9.95502183282	0.0	383025	333.321286732	0.2
3117.2364861	200	9.62170054609	0.0	383025	333.321286732	0.2
3117.57294091	200	9.78524574024	0.0	383025	336.454805848	0.2
3117.90939572	200	9.94879093439	0.0	383025	336.454805848	0.2
3118.74585052	200	9.61233612855	0.0	383025	336.454805848	0.2
3119.08230533	200	9.7758813227	0.0	383025	336.454805848	0.2
3119.41876013	200	9.93942651685	0.0	383025	336.454805848	0.2
3120.25521494	200	9.602971711	0.0	383025	336.454805848	0.2
3120.58862447	200	9.7695621809	0.0	383025	333.409530099	0.2
3120.91724268	200	9.94094396555	0.0	383025	328.618215348	0.2
3121.7458609	200	9.61232575021	0.0	383025	328.618215348	0.2
3122.07447911	200	9.78370753486	0.0	383025	328.618215348	0.2
3122.40309733	200	9.95508931951	0.0	383025	328.618215348	0.2
3122.92862073	200	9.62647110416	0.0	383025	328.618215348	0.2
3123.26094785	200	9.79414398931	0.0	383025	332.327114851	0.2
3123.59327496	200	9.96181687446	0.0	383025	332.327114851	0.2
3124.42560208	200	9.62948975961	0.0	383025	332.327114851	0.2
3124.75792919	200	9.79716264476	0.0	383025	332.327114851	0.2
3125.09025631	200	9.96483552991	0.0	383025	332.327114851	0.2
3125.92258342	200	9.63250841506	0.0	383025	332.327114851	0.2
3126.25228472	200	9.80280711447	0.0	383025	329.70130059	0.2
3126.55911482	200	9.99597701215	0.0	383025	306.830102317	0.2
3127.36594493	200	9.68914690984	0.0	383025	306.830102317	0.2
3127.67118234	200	9.88390949388	0.0	383025	305.237415955	0.2
3128.47626833	200	9.57882350157	0.0	383025	305.085992315	0.2
3128.78043351	200	9.77465833072	0.0	383025	304.165170848	0.2
3129.08447296	200	9.97061887542	0.0	383025	304.039455295	0.2
3129.89038003	200	9.66471180406	0.0	383025	305.907071363	0.2
3130.19816039	200	9.85693144288	0.0	383025	307.780361177	0.2
3130.91016592	200	9.54915108171	0.0	383025	307.780361177	0.2

