3900.68473186	400	0.5	0.16761226322	181435	167.61226322	-2.9522452644
3901.10435001	1000	0.580381855274	0.0	471531	419.618144726	0.4
3901.53344652	1000	0.651285344169	0.0	482442	429.096511105	1.0
3901.97095029	1000	0.713781571602	0.0	492120	437.503772567	1.0
3902.42475635	1000	0.759975517724	0.0	492120	453.806053878	1.0
3902.87831005	1000	0.806421813729	0.0	490176	453.553703995	1.0
3903.35286889	1000	0.831862976617	0.0	513389	474.558837112	1.0
3903.81264731	1000	0.872084557561	0.0	497055	459.778419056	1.0
3904.29320554	1000	0.891526322156	0.0	520019	480.558235405	1.0
3904.80203786	1000	0.882693999413	0.0	551265	508.832322743	1.0
3905.3120249	1000	0.87270696651	0.0	558332	509.987032903	1.0
3905.79971229	1000	0.885019569829	0.0	536970	487.687396681	1.0
3906.28739969	1000	0.897332173149	0.0	536970	487.687396681	1.0
3906.77508709	1000	0.909644776468	0.0	536970	487.687396681	1.0
3907.26277448	1000	0.921957379788	0.0	536970	487.687396681	1.0
3907.75046188	1000	0.934269983107	0.0	536970	487.687396681	1.0
3908.2461048	1000	0.93862706754	0.0	553424	495.642915567	1.0
3908.71402605	1000	0.970705812503	0.0	522960	467.921255038	1.0
3909.18194731	1000	1.00278455746	0.0	522960	467.921255038	1.0
3909.65804698	1000	1.02668488625	0.0	532300	476.099671211	1.0
3910.10785133	1000	1.07688052851	0.0	503004	449.804357748	1.0
3910.53316207	1000	1.15156979726	0.0	481782	425.310731244	1.0
3910.9584728	1000	1.22625906602	0.0	481782	425.310731244	1.0
3911.40858414	1000	1.2761477201	0.0	510552	450.111345916	1.0
3911.88146861	1000	1.30326325502	0.0	536970	472.884465082	1.0
3912.36375797	1000	1.32097389444	0.0	536970	482.289360582	1.0
3912.84659908	1000	1.33813277843	0.0	536970	482.841116009	1.0
3913.3294402	1000	1.35529166242	0.0	536970	482.841116009	1.0
3913.81228132	1000	1.37245054641	0.0	536970	482.841116009	1.0
3914.3096063	1000	1.37512556489	0.0	573990	497.324981526	1.0
3914.81593244	1000	1.36879942333	0.0	586715	506.326141553	1.0
3915.29226998	1000	1.39246188224	0.0	551265	476.337541095	1.0
3915.76373028	1000	1.4210015868	0.0	551265	471.46029544	1.0
3916.23299308	1000	1.45173878663	0.0	551265	469.262800172	1.0
3916.70225588	1000	1.48247598645	0.0	551265	469.262800172	1.0
3917.16988821	1000	1.51484365658	0.0	551265	467.632329873	1.0
3917.637466	1000	1.54726586125	0.0	551265	467.57779533	1.0
3918.08412784	1000	1.60060402462	0.0	527825	446.661836626	1.0
3918.48659457	1000	1.69813728984	0.0	498375	402.466734787	1.0
3918.83883502	1000	1.84589684719	0.0	434595	352.240442648	1.0
3919.18530524	1000	1.99942662602	0.0	442995	346.470221165	1.0
3919.55124836	1000	2.13348350773	0.0	469589	365.943118293	1.0
3919.84520515	200	2.33952671675	0.0	383025	293.956790986	-0.6
3920.13648581	200	2.54824605781	0.0	383025	291.280658936	0.2
3920.43463199	200	2.75009987294	0.0	383025	298.146184875	0.2
3920.73793367	200	2.94679819451	0.0	383025	303.301678422	0.2
3921.04123535	200	3.14349651609	0.0	383025	303.301678422	0.2
3921.3466023	200	3.33812955906	0.0	383025	305.366957036	0.2
3921.65208751	200	3.53264434967	0.0	383025	305.485209384	0.2
3921.96419924	200	3.72053262319	0.0	383025	312.111726486	0.2
3922.27720226	200	3.90752959918	0.0	383025	313.003024005	0.2
3922.59020529	200	4.09452657518	0.0	383025	313.003024005	0.2
3922.91078039	200	4.27395147642	0.0	383025	320.575098753	0.2
3923.23681299	200	4.44791886983	0.0	383025	326.032606597	0.2
3923.5616391	200	4.62309276397	0.0	383025	324.826105851	0.2
3923.87699897	200	4.80773288822	0.0	383025	315.35987575	0.2
3924.19235885	200	4.99237301248	0.0	383025	315.35987575	0.2
3924.50539941	200	5.17933245453	0.0	383025	313.040557945	0.2
3924.81605656	200	5.36867530561	0.0	383025	310.657148924	0.2
3925.12671371	200	5.55801815668	0.0	383025	310.657148924	0.2
3925.43653708	200	5.74819477842	0.0	383025	309.823378261	0.2
3925.74572183	200	5.93901003723	0.0	383025	309.184741192	0.2
3926.05490657	200	6.12982529604	0.0	383025	309.184741192	0.2
3926.36412519	200	6.32060667382	0.0	383025	309.218622213	0.2
3926.67338976	200	6.51134209848	0.0	383025	309.264575341	0.2
3926.98265434	200	6.70207752314	0.0	383025	309.264575341	0.2
3927.29275322	200	6.89197864499	0.0	383025	310.098878149	0.2
3927.60336887	200	7.08136299658	0.0	383025	310.615648411	0.2
3927.91398451	200	7.27074734817	0.0	383025	310.615648411	0.2
3928.2244071	200	7.46032476246	0.0	383025	310.422585713	0.2
3928.53476762	200	7.64996424644	0.0	383025	310.360516016	0.2
3928.84686829	200	7.83786357489	0.0	383025	312.100671553	0.2
3929.15917902	200	8.02555284541	0.0	383025	312.310729475	0.2
3929.47148975	200	8.21324211594	0.0	383025	312.310729475	0.2
3929.77166887	200	8.41306299177	0.0	383025	300.179124174	0.2
3930.06322176	200	8.62151009831	0.0	383025	291.552893457	0.2
3930.35494184	200	8.82979002634	0.0	383025	291.720071973	0.2
3930.64819675	200	9.03653511042	0.0	383025	293.254915911	0.2
3930.94145167	200	9.24328019451	0.0	383025	293.254915911	0.2
3931.24089738	200	9.44383448112	0.0	383025	299.445713391	0.2
3931.54070559	200	9.6440262777	0.0	383025	299.808203424	0.2
3931.84647823	200	9.83825363606	0.0	383025	305.772641636	0.2
3932.34092841	200	9.53070779672	0.0	383025	307.545839347	0.2
3932.64108659	200	9.73054961097	0.0	383025	300.15818575	0.2
3932.94048935	200	9.93114685203	0.0	383025	299.402758938	0.2
3933.27960972	200	9.6348193159	0.0	383025	296.327536133	0.2
3933.59092111	200	9.82350792444	0.0	383025	311.311391451	0.2
3934.20764821	200	9.51219653299	0.0	383025	311.311391451	0.2
3934.50864824	200	9.71119649623	0.0	383025	301.00003676	0.2
3934.81356726	200	9.90627747678	0.0	383025	304.919019453	0.2
3935.27975808	200	9.59884946397	0.0	383025	307.428012808	0.2
3935.59022812	200	9.78837941595	0.0	383025	310.470048022	0.2
3935.90069817	200	9.97790936793	0.0	383025	310.470048022	0.2
3936.7090197	200	9.66958784112	0.0	383025	308.321526806	0.2
3937.01207475	200	9.86653279319	0.0	383025	303.055047931	0.2
3937.62132917	200	9.56744535609	0.0	383025	299.087437101	0.2
3937.93471791	200	9.7540566115	0.0	383025	313.388744592	0.2
3938.24810666	200	9.94066786691	0.0	383025	313.388744592	0.2
3939.05825135	200	9.63052317137	0.0	383025	310.144695543	0.2
3939.3641147	200	9.82465982299	0.0	383025	305.863348373	0.2
3939.8454631	200	9.52046182522	0.0	383025	304.197997768	0.2
3940.14887028	200	9.7170546426	0.0	383025	303.407182621	0.2
3940.45237335	200	9.91355157517	0.0	383025	303.503067435	0.2
3940.79727756	200	9.60812980132	0.0	383025	305.421773851	0.2
3941.1066829	200	9.7987244679	0.0	383025	309.405333415	0.2
3941.41608823	200	9.98931913449	0.0	383025	309.405333415	0.2
3942.22448495	200	9.68092241935	0.0	383025	308.396715137	0.2
3942.52733192	200	9.87807544865	0.0	383025	302.846970696	0.2
3943.01153352	200	9.57574308524	0.0	383025	302.332363411	0.2
3943.31665198	200	9.77062463282	0.0	383025	305.118452421	0.2
3943.62177043	200	9.9655061804	0.0	383025	305.118452421	0.2
3944.4311937	200	9.65608291305	0.0	383025	309.423267348	0.2
3944.74833818	200	9.8389384338	0.0	383025	317.144479256	0.2
3945.08079922	200	9.51704482497	0.0	383025	321.893608825	0.2
3945.39449999	200	9.70334405341	0.0	383025	313.700771563	0.2
3945.70820077	200	9.88964328185	0.0	383025	313.700771563	0.2
3946.52359569	200	9.57424836105	0.0	383025	315.394920793	0.2
3946.85354275	200	9.74430129501	0.0	383025	329.947066041	0.2
3947.18348982	200	9.91435422897	0.0	383025	329.947066041	0.2
3948.03233907	200	9.56550498297	0.0	383025	348.849245999	0.2

