5906.98757287	400	0.5	0.1547057399	181435	154.7057399	-2.694114798
5907.37364828	1000	0.613924588746	0.0	471531	386.075411254	0.4
5907.76842589	1000	0.719146973793	0.0	482442	394.777614953	1.0
5908.17092232	1000	0.816650549621	0.0	492120	402.496424172	1.0
5908.57341874	1000	0.914154125449	0.0	492120	402.496424172	1.0
5908.97871693	1000	1.00885593492	0.0	490176	405.298190524	1.0
5909.41284419	1000	1.07472867968	0.0	513389	434.127255248	1.0
5909.8334774	1000	1.15409547005	0.0	497055	420.633209627	1.0
5910.27308191	1000	1.2144909574	0.0	520019	439.604512653	1.0
5910.73849975	1000	1.24907311369	0.0	551265	465.417843709	1.0
5911.20198368	1000	1.28558918319	0.0	558332	463.483930494	1.0
5911.64314	1000	1.34443286332	0.0	536970	441.156319875	1.0
5912.08429632	1000	1.40327654344	0.0	536970	441.156319875	1.0
5912.52545264	1000	1.46212022357	0.0	536970	441.156319875	1.0
5912.96698837	1000	1.52058449688	0.0	536970	441.53572669	1.0
5913.41071104	1000	1.57686182731	0.0	536970	443.722669574	1.0
5913.86772397	1000	1.61984889421	0.0	553424	457.012933099	1.0
5914.30013045	1000	1.68744241474	0.0	522960	432.406479469	1.0
5914.74022905	1000	1.7473438207	0.0	522960	440.098594042	1.0
5915.19967183	1000	1.78790104124	0.0	532300	459.442779458	1.0
5915.63437879	1000	1.8531940793	0.0	503004	434.706961936	1.0
5916.05116714	1000	1.93640572467	0.0	481782	416.788354636	1.0
5916.4679555	1000	2.01961737003	0.0	481782	416.788354636	1.0
5916.80135925	200	2.18621361162	0.0	383025	333.40375841	-0.6
5917.13476301	200	2.35280985321	0.0	383025	333.40375841	0.2
5917.46816677	200	2.5194060948	0.0	383025	333.40375841	0.2
5917.80157053	200	2.68600233639	0.0	383025	333.40375841	0.2
5918.13497429	200	2.85259857798	0.0	383025	333.40375841	0.2
5918.46837805	200	3.01919481957	0.0	383025	333.40375841	0.2
5918.80178181	200	3.18579106116	0.0	383025	333.40375841	0.2
5919.13518556	200	3.35238730275	0.0	383025	333.40375841	0.2
5919.4710066	200	3.51656626396	0.0	383025	335.821038785	0.2
5919.80840458	200	3.67916828277	0.0	383025	337.397981197	0.2
5920.14580256	200	3.84177030157	0.0	383025	337.397981197	0.2
5920.48320055	200	4.00437232037	0.0	383025	337.397981197	0.2
5920.82059853	200	4.16697433917	0.0	383025	337.397981197	0.2
5921.15799651	200	4.32957635798	0.0	383025	337.397981197	0.2
5921.49539449	200	4.49217837678	0.0	383025	337.397981197	0.2
5921.83279247	200	4.65478039558	0.0	383025	337.397981197	0.2
5922.17019045	200	4.81738241439	0.0	383025	337.397981197	0.2
5922.50758843	200	4.97998443319	0.0	383025	337.397981197	0.2
5922.84498641	200	5.14258645199	0.0	383025	337.397981197	0.2
5923.1823844	200	5.30518847079	0.0	383025	337.397981197	0.2
5923.51469539	200	5.47287747676	0.0	383025	332.310994034	0.2
5923.84561081	200	5.64196205893	0.0	383025	330.915417833	0.2
5924.17652623	200	5.81104664109	0.0	383025	330.915417833	0.2
5924.50744164	200	5.98013122326	0.0	383025	330.915417833	0.2
5924.83835706	200	6.14921580543	0.0	383025	330.915417833	0.2
5925.16927248	200	6.31830038759	0.0	383025	330.915417833	0.2
5925.5001879	200	6.48738496976	0.0	383025	330.915417833	0.2
5925.83110331	200	6.65646955193	0.0	383025	330.915417833	0.2
5926.16335903	200	6.82421383798	0.0	383025	332.255713947	0.2
5926.49593418	200	6.99163868895	0.0	383025	332.575149027	0.2
5926.82850933	200	7.15906353993	0.0	383025	332.575149027	0.2
5927.16108448	200	7.3264883909	0.0	383025	332.575149027	0.2
5927.49365962	200	7.49391324187	0.0	383025	332.575149027	0.2
5927.82623477	200	7.66133809285	0.0	383025	332.575149027	0.2
5928.15880992	200	7.82876294382	0.0	383025	332.575149027	0.2
5928.49138507	200	7.99618779479	0.0	383025	332.575149027	0.2
5928.82396022	200	8.16361264576	0.0	383025	332.575149027	0.2
5929.15653537	200	8.33103749674	0.0	383025	332.575149027	0.2
5929.48911052	200	8.49846234771	0.0	383025	332.575149027	0.2
5929.82157326	200	8.66599960454	0.0	383025	332.462743173	0.2
5930.15394564	200	8.83362722726	0.0	383025	332.372377276	0.2
5930.48631802	200	9.00125484999	0.0	383025	332.372377276	0.2
5930.81869039	200	9.16888247271	0.0	383025	332.372377276	0.2
5931.15106277	200	9.33651009543	0.0	383025	332.372377276	0.2
5931.48343515	200	9.50413771816	0.0	383025	332.372377276	0.2
5931.81580753	200	9.67176534088	0.0	383025	332.372377276	0.2
5932.1481799	200	9.83939296361	0.0	383025	332.372377276	0.2
5932.98055228	200	9.50702058633	0.0	383025	332.372377276	0.2
5933.31292466	200	9.67464820905	0.0	383025	332.372377276	0.2
5933.6446689	200	9.84290396831	0.0	383025	331.744240743	0.2
5934.47637172	200	9.51120114786	0.0	383025	331.702820455	0.2
5934.80807454	200	9.6794983274	0.0	383025	331.702820455	0.2
5935.13977736	200	9.84779550695	0.0	383025	331.702820455	0.2
5935.97148018	200	9.51609268649	0.0	383025	331.702820455	0.2
5936.303183	200	9.68438986603	0.0	383025	331.702820455	0.2
5936.63488582	200	9.85268704558	0.0	383025	331.702820455	0.2
5937.46912316	200	9.51844970237	0.0	383025	334.237343211	0.2
5937.80503493	200	9.68253793506	0.0	383025	335.911767311	0.2
5938.1409467	200	9.84662616775	0.0	383025	335.911767311	0.2
5938.97685847	200	9.51071440044	0.0	383025	335.911767311	0.2
5939.31277023	200	9.67480263313	0.0	383025	335.911767311	0.2
5939.648682	200	9.83889086581	0.0	383025	335.911767311	0.2
5940.48459377	200	9.5029790985	0.0	383025	335.911767311	0.2
5940.82273374	200	9.66483912265	0.0	383025	338.13997585	0.2
5941.16183566	200	9.82573720953	0.0	383025	339.101913128	0.2
5941.50093757	200	9.9866352964	0.0	383025	339.101913128	0.2
5942.34003948	200	9.64753338327	0.0	383025	339.101913128	0.2
5942.6791414	200	9.80843147014	0.0	383025	339.101913128	0.2
5943.01824331	200	9.96932955701	0.0	383025	339.101913128	0.2
5943.85734522	200	9.63022764388	0.0	383025	339.101913128	0.2
5944.19644714	200	9.79112573076	0.0	383025	339.101913128	0.2
5944.53554905	200	9.95202381763	0.0	383025	339.101913128	0.2
5945.37465096	200	9.6129219045	0.0	383025	339.101913128	0.2
5945.71375288	200	9.77381999137	0.0	383025	339.101913128	0.2
5946.05285479	200	9.93471807824	0.0	383025	339.101913128	0.2
5946.8919567	200	9.59561616511	0.0	383025	339.101913128	0.2
5947.23105861	200	9.75651425199	0.0	383025	339.101913128	0.2
5947.56554103	200	9.9220318318	0.0	383025	334.482420182	0.2
5948.39795431	200	9.5896185597	0.0	383025	332.413272106	0.2
5948.73036758	200	9.75720528759	0.0	383025	332.413272106	0.2
5949.06278085	200	9.92479201549	0.0	383025	332.413272106	0.2
5949.89519412	200	9.59237874338	0.0	383025	332.413272106	0.2
5950.2276074	200	9.75996547128	0.0	383025	332.413272106	0.2
5950.56002067	200	9.92755219917	0.0	383025	332.413272106	0.2
5951.39274702	200	9.59482584697	0.0	383025	332.726352198	0.2
5951.72719676	200	9.76037610516	0.0	383025	334.449741813	0.2
5952.0616465	200	9.92592636335	0.0	383025	334.449741813	0.2
5952.89609624	200	9.59147662153	0.0	383025	334.449741813	0.2
5953.23054599	200	9.75702687972	0.0	383025	334.449741813	0.2
5953.56499573	200	9.92257713791	0.0	383025	334.449741813	0.2
5954.39944547	200	9.58812739609	0.0	383025	334.449741813	0.2
5954.73389521	200	9.75367765428	0.0	383025	334.449741813	0.2
5955.06839548	200	9.9191773869	0.0	383025	334.500267377	0.2
5955.90583793	200	9.58173494035	0.0	383025	337.44244655	0.2
5956.24328037	200	9.7442924938	0.0	383025	337.44244655	0.2
5956.58072282	200	9.90685004725	0.0	383025	337.44244655	0.2
5957.41816527	200	9.5694076007	0.0	383025	337.44244655	0.2

