2806.8925981478633	400	0.5	0.15237557342539873	181435	152.375573425	-2.647511468507975
2807.0473231713218	400	0.8452749765410595	0.0	184429	154.725023459	0.4
2807.2814264907533	600	1.111171657109202	0.0	285584	234.103319432	0.39999999999999997
2807.5985853015013	800	1.2940128463613492	0.0	391425	317.158810748	0.6000000000000001
2807.915744112249	800	1.4768540356134963	0.0	391425	317.158810748	0.8
2808.3246678812743	1000	1.5679302665882855	0.0	490176	408.923769025	0.8
2808.7588175422716	1000	1.6337806055908883	0.0	513389	434.149660997	1.0
2809.1779744083187	1000	1.7146237395437347	0.0	497055	419.156866047	1.0
2809.595598252014	1000	1.7969998958480122	0.0	520019	417.623843696	1.0
2810.037714690442	1000	1.8548834574199504	0.0	551265	442.116438428	1.0
2810.4853706912777	1000	1.9072274565847502	0.0	558332	447.656000835	1.0
2810.9127646475736	1000	1.979833500288773	0.0	536970	427.393956296	1.0
2811.340117589633	1000	2.0524805582292984	0.0	536970	427.352942059	1.0
2811.644913940075	200	2.247684207786965	0.0	383025	304.796350442	-0.6000000000000001
2811.9497092654788	200	2.4428888823834387	0.0	383025	304.795325404	0.2
2812.2545045908823	200	2.6380935569799115	0.0	383025	304.795325404	0.2
2812.5581065518345	200	2.834491596027886	0.0	383025	303.601960952	0.2
2812.859351135101	200	3.033247012761163	0.0	383025	301.244583267	0.2
2813.1604438814425	200	3.2321542664202556	0.0	383025	301.092746341	0.2
2813.4605931454103	200	3.4320050024526023	0.0	383025	300.149263968	0.2
2813.7607424093776	200	3.6318557384849486	0.0	383025	300.149263968	0.2
2814.0638780032364	200	3.8287201446262857	0.0	383025	303.135593859	0.2
2814.367783648072	200	4.024814499790703	0.0	383025	303.905644836	0.2
2814.671689292907	200	4.2209088549551215	0.0	383025	303.905644836	0.2
2814.9833649958487	200	4.409233152013679	0.0	383025	311.675702941	0.2
2815.2978739683385	200	4.5947241795238245	0.0	383025	314.50897249	0.2
2815.6123829408284	200	4.78021520703397	0.0	383025	314.50897249	0.2
2815.9284120413004	200	4.9641861065616375	0.0	383025	316.029100472	0.2
2816.2555443983265	200	5.137053749535841	0.0	383025	327.132357026	0.2
2816.5826767553526	200	5.309921392510045	0.0	383025	327.132357026	0.2
2816.9098091123783	200	5.482789035484249	0.0	383025	327.132357026	0.2
2817.2369414694044	200	5.655656678458452	0.0	383025	327.132357026	0.2
2817.563423905827	200	5.829174242035874	0.0	383025	326.482436423	0.2
2817.8892165874513	200	6.003381560411899	0.0	383025	325.792681624	0.2
2818.2150092690754	200	6.177588878787924	0.0	383025	325.792681624	0.2
2818.5408019506995	200	6.3517961971639485	0.0	383025	325.792681624	0.2
2818.8743070069695	200	6.518291140893894	0.0	383025	333.50505627	0.2
2819.2095995985733	200	6.6829985492904065	0.0	383025	335.292591603	0.2
2819.5448921901766	200	6.847705957686918	0.0	383025	335.292591603	0.2
2819.88018478178	200	7.01241336608343	0.0	383025	335.292591603	0.2
2820.2154773733837	200	7.177120774479941	0.0	383025	335.292591603	0.2
2820.550769964987	200	7.341828182876453	0.0	383025	335.292591603	0.2
2820.882253977214	200	7.510344170649611	0.0	383025	331.484012227	0.2
2821.2132123189263	200	7.679385828937397	0.0	383025	330.958341712	0.2
2821.5441706606384	200	7.848427487225183	0.0	383025	330.958341712	0.2
2821.8751290023506	200	8.017469145512969	0.0	383025	330.958341712	0.2
2822.203276671038	200	8.1893214768255	0.0	383025	328.147668687	0.2
2822.509081919035	200	8.383516228828684	0.0	383025	305.805247997	0.2
2822.814887167032	200	8.57771098083187	0.0	383025	305.805247997	0.2
2823.120732957482	200	8.771865190382032	0.0	383025	305.84579045	0.2
2823.4520564479535	200	8.940541699910272	0.0	383025	331.323490472	0.2
2823.7833799384252	200	9.10921820943851	0.0	383025	331.323490472	0.2
2824.1147034288965	200	9.277894718966749	0.0	383025	331.323490472	0.2
2824.4460269193683	200	9.446571228494987	0.0	383025	331.323490472	0.2
2824.7826622348757	200	9.609935912987341	0.0	383025	336.635315508	0.2
2825.121183590408	200	9.77141455745511	0.0	383025	338.521355532	0.2
2825.45970494594	200	9.932893201922878	0.0	383025	338.521355532	0.2
2826.2982263014724	200	9.594371846390645	0.0	383025	338.521355532	0.2
2826.6367476570044	200	9.755850490858414	0.0	383025	338.521355532	0.2
2826.9844971183074	200	9.908101029555468	0.0	383025	347.7494613029472	0.2
2827.8323452312748	200	9.560252916588121	0.0	383025	347.848112967	0.2
2828.180193344242	200	9.712404803620773	0.0	383025	347.848112967	0.2
2828.5280414572094	200	9.864556690653426	0.0	383025	347.848112967	0.2
2829.3758895701767	200	9.516708577686078	0.0	383025	347.848112967	0.2
2829.708133572461	200	9.684464575401789	0.0	383025	332.24400228428885	0.2
2830.0287392869036	200	9.863858860959176	0.0	383025	320.605714443	0.2
2830.4684674950554	200	9.543253146516564	0.0	383025	320.605714443	0.2
2830.789544662927	200	9.722175978644962	0.0	383025	321.077167872	0.2
2831.110621830798	200	9.901098810773359	0.0	383025	321.077167872	0.2
2831.930520839116	200	9.581199802455657	0.0	383025	319.8990083177021	0.2
2832.249192433302	200	9.762528208269408	0.0	383025	318.671594186	0.2
2832.56822582957	200	9.943494812001768	0.0	383025	319.0333962676391	0.2
2832.902281672275	200	9.62090729041091	0.0	383025	322.587521591	0.2
2833.2202390664947	200	9.80294989619156	0.0	383025	317.957394219	0.2
2833.538196460714	200	9.984992501972208	0.0	383025	317.957394219	0.2
2834.3561125295932	200	9.667076433093028	0.0	383025	317.9160688791793	0.2
2834.6716868896337	200	9.851502073052654	0.0	383025	315.57436004	0.2
2835.486806071596	200	9.536382891090161	0.0	383025	315.11918196249314	0.2
2835.7993858774303	200	9.723803085255806	0.0	383025	312.579805834	0.2
2836.1135338486583	200	9.909655114028228	0.0	383025	314.14797122757744	0.2
2836.933872876379	200	9.589316086307232	0.0	383025	320.339027721	0.2
2837.253889545872	200	9.769299416814741	0.0	383025	320.01666949248965	0.2
2837.5667620756817	200	9.956426887005012	0.0	383025	312.87252981	0.2
2838.008455859822	200	9.643554357195283	0.0	383025	312.87252981	0.2
2838.3237179141297	200	9.828292302887338	0.0	383025	315.262054308	0.2
2839.1375903736425	200	9.51441984337409	0.0	383025	313.8724595132465	0.2
2839.4467353494642	200	9.705274867552523	0.0	383025	309.144975822	0.2
2839.7558327901866	200	9.896177426830272	0.0	383025	309.09744072225175	0.2
2840.564855439873	200	9.587154777143887	0.0	383025	309.022649686	0.2
2840.8682715552463	200	9.783738661770432	0.0	383025	303.41611537345443	0.2
2841.169469084944	200	9.982541132072654	0.0	383025	301.197529698	0.2
2841.9714702018723	200	9.680540015144269	0.0	383025	302.00111692838664	0.2
2842.277717456861	200	9.874292760155814	0.0	383025	306.24725498845413	0.2
2843.084907262374	200	9.56710295464262	0.0	383025	307.189805513	0.2
2843.3884783854073	200	9.763531831609152	0.0	383025	303.5711230334678	0.2
2843.6919910176266	200	9.960019199390096	0.0	383025	303.512632219	0.2
2844.4947941565056	200	9.657216060511082	0.0	383025	302.8031388790146	0.2
2844.795145280907	200	9.856864936109929	0.0	383025	300.351124401	0.2
2845.6063692268813	200	9.545640990135775	0.0	383025	311.2239459741536	0.2
2845.9177073643878	200	9.73430285262917	0.0	383025	311.3381375066031	0.2
2846.2142142042794	200	9.937796012737644	0.0	383025	296.506839892	0.2
2846.9218075210497	200	9.641289172846118	0.0	383025	296.506839892	0.2
2847.2319022261686	200	9.831194467727522	0.0	383025	310.094705119	0.2
2848.0422807042055	200	9.520815989690988	0.0	383025	310.3784780365347	0.2
2848.353570186715	200	9.709526507181103	0.0	383025	311.28948251	0.2
2848.6721389039794	200	9.890957789916996	0.0	383025	318.5687172641063	0.2
2849.493213214508	200	9.569883479387999	0.0	383025	321.074310529	0.2
2849.811584924004	200	9.751511769892097	0.0	383025	318.37170949590086	0.2
2850.1263649226125	200	9.936731771283865	0.0	383025	314.779998608	0.2
2850.7715688173707	200	9.621951772675633	0.0	383025	314.779998608	0.2
2851.106483888064	200	9.787036701981938	0.0	383025	334.915070694	0.2
2851.4413989587574	200	9.952121631288245	0.0	383025	334.915070694	0.2
2852.276314029451	200	9.61720656059455	0.0	383025	334.915070694	0.2
2852.612620741181	200	9.78089984886439	0.0	383025	336.3067117301591	0.2
2852.951301213063	200	9.942219376982784	0.0	383025	338.680471882	0.2
2853.7899816849445	200	9.603538905101178	0.0	383025	338.680471882	0.2
2854.1286621568265	200	9.764858433219572	0.0	383025	338.680471882	0.2
2854.467342628708	200	9.926177961337968	0.0	383025	338.680471882	0.2
2855.3004762327337	200	9.593044357312605	0.0	383025	333.13360402536296	0.2
2855.6325241405148	200	9.760996449531357	0.0	383025	332.047907781	0.2

