5804.157848711919	400	0.5	0.1531392538136939	181435	153.139253814	-2.662785076273878
5804.31335001785	400	0.8444986940689186	0.0	184429	155.501305931	0.4
5804.548655392564	600	1.1091933193554953	0.0	285584	235.305374713	0.39999999999999997
5804.867461755305	800	1.2903869566138793	0.0	391425	318.806362742	0.6000000000000001
5805.186268118047	800	1.471580593872263	0.0	391425	318.806362742	0.8
5805.582981965306	1000	1.5748667466135686	0.0	490176	396.713847259	0.8
5806.00074310981	1000	1.657105602110009	0.0	513389	417.761144504	1.0
5806.409877310289	1000	1.7479714016310712	0.0	497055	409.134200479	1.0
5806.837451558207	1000	1.820397153713121	0.0	520019	427.574247918	1.0
5807.289930789929	1000	1.8679179219909532	0.0	551265	452.479231722	1.0
5807.747884223254	1000	1.909964488665685	0.0	558332	457.953433325	1.0
5808.188698783574	1000	1.9691499283455365	0.0	536970	440.81456032	1.0
5808.629513343895	1000	2.0283353680253877	0.0	536970	440.81456032	1.0
5808.945554113388	200	2.2122945985325613	0.0	383025	316.040769493	-0.6000000000000001
5809.258644744312	200	2.3992039676095676	0.0	383025	313.090630923	0.2
5809.571735375235	200	2.5861133366865734	0.0	383025	313.090630923	0.2
5809.884826006159	200	2.7730227057635792	0.0	383025	313.090630923	0.2
5810.198776884962	200	2.9590718269600917	0.0	383025	313.950878803	0.2
5810.516767855742	200	3.141080856180163	0.0	383025	317.99097078	0.2
5810.834758826522	200	3.323089885400234	0.0	383025	317.99097078	0.2
5811.152749797302	200	3.505098914620305	0.0	383025	317.99097078	0.2
5811.470740768083	200	3.687107943840376	0.0	383025	317.99097078	0.2
5811.788731738862	200	3.8691169730604473	0.0	383025	317.99097078	0.2
5812.106722709643	200	4.051126002280519	0.0	383025	317.99097078	0.2
5812.427350941628	200	4.23049777029474	0.0	383025	320.628231986	0.2
5812.7492097050535	200	4.408639006869503	0.0	383025	321.858763425	0.2
5813.071068468479	200	4.586780243444266	0.0	383025	321.858763425	0.2
5813.392927231905	200	4.764921480019028	0.0	383025	321.858763425	0.2
5813.714528548786	200	4.943320163138929	0.0	383025	321.60131688	0.2
5814.03478403087	200	5.12306468105447	0.0	383025	320.255482084	0.2
5814.355039512954	200	5.302809198970012	0.0	383025	320.255482084	0.2
5814.675294995038	200	5.482553716885553	0.0	383025	320.255482084	0.2
5814.995550477122	200	5.662298234801094	0.0	383025	320.255482084	0.2
5815.315257578717	200	5.842591133205773	0.0	383025	319.707101595	0.2
5815.63445693611	200	6.023391775813375	0.0	383025	319.199357392	0.2
5815.953656293502	200	6.204192418420977	0.0	383025	319.199357392	0.2
5816.272855650895	200	6.384993061028578	0.0	383025	319.199357392	0.2
5816.5920550082865	200	6.56579370363618	0.0	383025	319.199357392	0.2
5816.911254365679	200	6.746594346243782	0.0	383025	319.199357392	0.2
5817.222741580877	200	6.93510713104624	0.0	383025	311.487215198	0.2
5817.53223740085	200	7.125611311072119	0.0	383025	309.495819974	0.2
5817.841733220824	200	7.316115491097998	0.0	383025	309.495819974	0.2
5818.151229040798	200	7.506619671123876	0.0	383025	309.495819974	0.2
5818.464652640781	200	7.693196071140142	0.0	383025	313.423599984	0.2
5818.784288102864	200	7.873560609058445	0.0	383025	319.635462082	0.2
5819.103923564945	200	8.053925146976749	0.0	383025	319.635462082	0.2
5819.423559027027	200	8.234289684895051	0.0	383025	319.635462082	0.2
5819.74319448911	200	8.414654222813354	0.0	383025	319.635462082	0.2
5820.062829951191	200	8.595018760731659	0.0	383025	319.635462082	0.2
5820.38070307284	200	8.7771456390827	0.0	383025	317.873121649	0.2
5820.697942622498	200	8.959906089425836	0.0	383025	317.239549657	0.2
5821.015182172155	200	9.142666539768973	0.0	383025	317.239549657	0.2
5821.332421721812	200	9.325426990112108	0.0	383025	317.239549657	0.2
5821.6500529746445	200	9.507795737279936	0.0	383025	317.631252832	0.2
5821.9683394561725	200	9.689509255751268	0.0	383025	318.286481529	0.2
5822.2866259377015	200	9.871222774222602	0.0	383025	318.286481529	0.2
5823.10491241923	200	9.552936292693936	0.0	383025	318.286481529	0.2
5823.419809385014	200	9.73803932690994	0.0	383025	314.89696578399577	0.2
5823.729963352529	200	9.927885359394262	0.0	383025	310.153967516	0.2
5824.540117320045	200	9.617731391878584	0.0	383025	310.153967516	0.2
5824.8523106563425	200	9.805538055580454	0.0	383025	312.19333629812866	0.2
5825.164535678673	200	9.99331303325069	0.0	383025	312.22502233	0.2
5825.478812029695	200	9.681088010920925	0.0	383025	312.22502233	0.2
5825.791368112985	200	9.868531927630666	0.0	383025	312.55608329	0.2
5826.603924196275	200	9.55597584434041	0.0	383025	312.55608329	0.2
5826.916209705623	200	9.743690334992882	0.0	383025	312.28550934752775	0.2
5827.22840942479	200	9.9314906158255	0.0	383025	312.199719167	0.2
5828.040609143957	200	9.619290896658118	0.0	383025	312.199719167	0.2
5828.356538638765	200	9.803361401850795	0.0	383025	315.9294948073244	0.2
5828.672821475118	200	9.98707856549725	0.0	383025	316.282836354	0.2
5829.001447845641	200	9.670795729143705	0.0	383025	316.282836354	0.2
5829.315724258703	200	9.856519316081952	0.0	383025	314.276413062	0.2
5830.130000671765	200	9.5422429030202	0.0	383025	314.276413062	0.2
5830.444529133384	200	9.727714441401291	0.0	383025	314.5284616189093	0.2
5830.761852200072	200	9.9103913747129	0.0	383025	317.323066688	0.2
5831.57917526676	200	9.593068308024508	0.0	383025	317.323066688	0.2
5831.897081224692	200	9.775162350092529	0.0	383025	317.90595793197815	0.2
5832.215027602498	200	9.957215972287308	0.0	383025	317.946377805	0.2
5833.032973980303	200	9.639269594482085	0.0	383025	317.946377805	0.2
5833.350920358108	200	9.821323216676864	0.0	383025	317.946377805	0.2
5834.161691119831	200	9.51055245495456	0.0	383025	310.77076172230346	0.2
5834.476792881053	200	9.695450693733006	0.0	383025	315.1017612215545	0.2
5834.793024746341	200	9.879218828445019	0.0	383025	316.231865288	0.2
5835.219408797385	200	9.56298696315703	0.0	383025	316.231865288	0.2
5835.539559509403	200	9.742836251138694	0.0	383025	320.150712018	0.2
5835.859710221421	200	9.922685539120359	0.0	383025	320.150712018	0.2
5836.679860933439	200	9.602534827102023	0.0	383025	320.150712018	0.2
5836.996731123671	200	9.78566463686925	0.0	383025	316.8701902327747	0.2
5837.309100456227	200	9.97329530431484	0.0	383025	312.369332554	0.2
5838.121469788782	200	9.660925971760433	0.0	383025	312.369332554	0.2
5838.434215078122	200	9.848180682419791	0.0	383025	312.74528934064233	0.2
5839.248344600612	200	9.534051159930195	0.0	383025	314.12952249	0.2
5839.5624741231	200	9.719921637440601	0.0	383025	314.12952249	0.2
5839.876715867031	200	9.905679893510827	0.0	383025	314.24174392977335	0.2
5840.691286645162	200	9.591109115378888	0.0	383025	314.570778132	0.2
5841.0058574232935	200	9.776538337246947	0.0	383025	314.570778132	0.2
5841.319378061179	200	9.963017699361691	0.0	383025	313.5206378852572	0.2
5841.701624876485	200	9.651955045084744	0.0	383025	311.062654277	0.2
5842.019444926357	200	9.834134995213027	0.0	383025	317.820049872	0.2
5842.837264976229	200	9.516314945341312	0.0	383025	317.820049872	0.2
5843.1550850261	200	9.698494895469596	0.0	383025	317.820049872	0.2
5843.472663264259	200	9.880916657311339	0.0	383025	317.5782381582569	0.2
5844.28873044476	200	9.564849476809718	0.0	383025	316.067180502	0.2
5844.604797625261	200	9.748782296308097	0.0	383025	316.067180502	0.2
5844.920864805763	200	9.932715115806475	0.0	383025	316.067180502	0.2
5845.736273373233	200	9.617306548335534	0.0	383025	315.40856747094057	0.2
5846.050964501349	200	9.802615420219823	0.0	383025	314.691128116	0.2
5846.365655629465	200	9.987924292104111	0.0	383025	314.691128116	0.2
5847.183582797692	200	9.66999712387725	0.0	383025	317.9271682268615	0.2
5847.501927019722	200	9.851652901847213	0.0	383025	318.34422203	0.2
5848.31998521205	200	9.53359470951919	0.0	383025	318.0581923280231	0.2
5848.635372881436	200	9.718207040132937	0.0	383025	315.387669386	0.2
5848.950760550822	200	9.902819370746682	0.0	383025	315.387669386	0.2
5849.741855724961	200	9.587431701360426	0.0	383025	315.387669386	0.2
5850.055916644265	200	9.773370782056553	0.0	383025	314.060919304	0.2
5850.369977563569	200	9.959309862752677	0.0	383025	314.060919304	0.2
5851.185204945423	200	9.644082480897978	0.0	383025	315.22738185470035	0.2
5851.508626443345	200	9.820660982975921	0.0	383025	323.421497922	0.2
5851.832047941268	200	9.997239485053866	0.0	383025	323.421497922	0.2
5852.65546943919	200	9.67381798713181	0.0	383025	323.421497922	0.2

