1150.8101877	400	0.5	0.144721846875	181435	144.721846875	-2.4944369375
1151.17031599	1000	0.639871705136	0.0	471531	360.128294864	0.4
1151.53885398	1000	0.771333719582	0.0	482442	368.537985554	1.0
1151.91638991	1000	0.893797782525	0.0	492120	377.535937057	1.0
1152.2908029	1000	1.01938479665	0.0	492120	374.412985872	1.0
1152.66469135	1000	1.14549634738	0.0	490176	373.888449278	1.0
1153.06464624	1000	1.24554145268	0.0	513389	399.954894693	1.0
1153.46227835	1000	1.34790934736	0.0	497055	397.632105326	1.0
1153.8848369	1000	1.4253507988	0.0	520019	422.55854856	1.0
1154.3365414	1000	1.47364629858	0.0	551265	451.704500216	1.0
1154.80264932	1000	1.50753837657	0.0	558332	466.107922013	1.0
1155.23792199	1000	1.57226570463	0.0	536970	435.27267194	1.0
1155.66305789	1000	1.64712980293	0.0	536970	425.135901694	1.0
1156.08606629	1000	1.72412140483	0.0	536970	423.008398102	1.0
1156.50547765	1000	1.80471005033	0.0	536970	419.411354505	1.0
1156.92118966	1000	1.88899804114	0.0	536970	415.71200919	1.0
1157.35756734	1000	1.95262035267	0.0	553424	436.377688466	1.0
1157.77158378	1000	2.03860391215	0.0	522960	414.016440524	1.0
1158.07800155	200	2.23218614284	0.0	383025	306.417769305	-0.6
1158.38445966	200	2.42572803881	0.0	383025	306.458104036	0.2
1158.69101183	200	2.61917586283	0.0	383025	306.552175972	0.2
1158.99756401	200	2.81262368686	0.0	383025	306.552175972	0.2
1159.29850273	200	3.01168496209	0.0	383025	300.938724774	0.2
1159.59836004	200	3.21182765639	0.0	383025	299.857305701	0.2
1159.89807876	200	3.41210893571	0.0	383025	299.71872068	0.2
1160.19774726	200	3.61244044126	0.0	383025	299.668494446	0.2
1160.49812587	200	3.81206182993	0.0	383025	300.37861133	0.2
1160.79924345	200	4.01094424254	0.0	383025	301.117587395	0.2
1161.10037015	200	4.20981754819	0.0	383025	301.126694349	0.2
1161.40150381	200	4.40868388273	0.0	383025	301.133665456	0.2
1161.70229099	200	4.6078967108	0.0	383025	300.787171935	0.2
1162.00238653	200	4.80780116522	0.0	383025	300.095545578	0.2
1162.29894012	200	5.0112475747	0.0	383025	296.553590518	0.2
1162.5884446	200	5.22174310052	0.0	383025	289.504474183	0.2
1162.87755693	200	5.43263076687	0.0	383025	289.112333646	0.2
1163.16599191	200	5.64419578508	0.0	383025	288.434981793	0.2
1163.47975972	200	5.83042797959	0.0	383025	313.767805484	0.2
1163.79771226	200	6.01247544059	0.0	383025	317.952539002	0.2
1164.11557997	200	6.19460773173	0.0	383025	317.867708865	0.2
1164.43223919	200	6.37794850811	0.0	383025	316.659223619	0.2
1164.74804426	200	6.56214343684	0.0	383025	315.805071271	0.2
1165.06217107	200	6.74801662198	0.0	383025	314.126814862	0.2
1165.36783459	200	6.94235310531	0.0	383025	305.663516667	0.2
1165.65011862	200	7.16006907766	0.0	383025	282.284027649	0.2
1165.93127114	200	7.37891655302	0.0	383025	281.152524637	0.2
1166.21067412	200	7.59951357583	0.0	383025	279.402977196	0.2
1166.49789193	200	7.81229577	0.0	383025	287.217805823	0.2
1166.79954742	200	8.01064028134	0.0	383025	301.655488667	0.2
1167.10173529	200	8.20845240265	0.0	383025	302.187878687	0.2
1167.40575283	200	8.40443486444	0.0	383025	304.017538208	0.2
1167.70980342	200	8.60038428142	0.0	383025	304.050583021	0.2
1168.01607804	200	8.79410965334	0.0	383025	306.274628077	0.2
1168.31823285	200	8.99195485106	0.0	383025	302.154802286	0.2
1168.61619767	200	9.19399002232	0.0	383025	297.964828741	0.2
1168.91297008	200	9.39721761598	0.0	383025	296.77240634	0.2
1169.20388361	200	9.60630408707	0.0	383025	290.913528904	0.2
1169.49499812	200	9.81518957707	0.0	383025	291.114510006	0.2
1170.03845836	200	9.51822561799	0.0	383025	296.963959077	0.2
1170.33572387	200	9.72096010382	0.0	383025	297.265514176	0.2
1170.63939833	200	9.91728564689	0.0	383025	303.67445693	0.2
1171.38418342	200	9.61361118996	0.0	383025	303.67445693	0.2
1171.69323668	200	9.80455792938	0.0	383025	309.053260572	0.2
1172.00474134	200	9.99305327154	0.0	383025	311.504657841	0.2
1172.65941921	200	9.6815486137	0.0	383025	311.504657841	0.2
1172.96603538	200	9.874932447	0.0	383025	306.616166702	0.2
1173.43909655	200	9.57329655429	0.0	383025	301.635892708	0.2
1173.73900175	200	9.7733913567	0.0	383025	299.905197596	0.2
1174.04704108	200	9.96535202952	0.0	383025	308.039327176	0.2
1174.55961416	200	9.64875045095	0.0	383025	316.60157857	0.2
1174.90872939	200	9.79963521533	0.0	383025	349.115235625	0.2
1175.25784463	200	9.9505199797	0.0	383025	349.115235625	0.2
1175.89027701	200	9.60140474408	0.0	383025	349.115235625	0.2
1176.22716676	200	9.76451499329	0.0	383025	336.889750785	0.2
1176.56405651	200	9.9276252425	0.0	383025	336.889750785	0.2
1176.88081113	200	9.61779624426	0.0	383025	309.828998247	0.2
1177.18172795	200	9.81687941994	0.0	383025	300.916824317	0.2
1177.95140416	200	9.51596259562	0.0	383025	300.916824317	0.2
1178.25033069	200	9.71703606526	0.0	383025	298.92653036	0.2
1178.5481581	200	9.91920865948	0.0	383025	297.827405781	0.2
1178.87175773	200	9.6201654104	0.0	383025	299.04324908	0.2
1179.17465205	200	9.81727109343	0.0	383025	302.894316969	0.2
1179.91789155	200	9.51437677647	0.0	383025	302.894316969	0.2
1180.22757099	200	9.70469733916	0.0	383025	309.679437309	0.2
1180.54808886	200	9.88417947339	0.0	383025	320.517865764	0.2
1181.34966696	200	9.56366160763	0.0	383025	320.517865764	0.2
1181.67831846	200	9.7350101103	0.0	383025	328.651497323	0.2
1182.01147841	200	9.90185016421	0.0	383025	333.159946097	0.2
1182.84866279	200	9.56466578042	0.0	383025	337.184383787	0.2
1183.18985374	200	9.72347482597	0.0	383025	341.190954454	0.2
1183.53336357	200	9.87996500267	0.0	383025	343.509823298	0.2
1184.12514001	200	9.53645517937	0.0	383025	343.509823298	0.2
1184.47116786	200	9.69042732645	0.0	383025	346.027852919	0.2
1184.81719572	200	9.84439947353	0.0	383025	346.027852919	0.2
1185.16322357	200	9.99837162061	0.0	383025	346.027852919	0.2
1186.0076249	200	9.65397029246	0.0	383025	344.401328154	0.2
1186.35200836	200	9.80958682502	0.0	383025	344.38346744	0.2
1186.69994151	200	9.96165367849	0.0	383025	347.933146526	0.2
1187.54842473	200	9.61317045799	0.0	383025	348.483220506	0.2
1187.90639552	200	9.75519966975	0.0	383025	357.970788238	0.2
1188.27016852	200	9.89142666671	0.0	383025	363.773003039	0.2
1189.13394153	200	9.52765366367	0.0	383025	363.773003039	0.2
1189.49771453	200	9.66388066063	0.0	383025	363.773003039	0.2
1189.86148753	200	9.80010765759	0.0	383025	363.773003039	0.2
1190.22797206	200	9.93362312552	0.0	383025	366.484532075	0.2
1191.10059542	200	9.56099976624	0.0	383025	372.623359277	0.2
1191.47321878	200	9.68837640697	0.0	383025	372.623359277	0.2
1191.84584214	200	9.81575304769	0.0	383025	372.623359277	0.2
1192.2184655	200	9.94312968841	0.0	383025	372.623359277	0.2
1193.09108886	200	9.57050632913	0.0	383025	372.623359277	0.2
1193.43203054	200	9.72956465092	0.0	383025	340.941678215	0.2
1193.75811134	200	9.90348385136	0.0	383025	326.08079956	0.2
1194.40267432	200	9.58182141477	0.0	383025	321.662436595	0.2
1194.74575995	200	9.73873578963	0.0	383025	343.085625139	0.2
1195.08884557	200	9.89565016449	0.0	383025	343.085625139	0.2
1195.69408844	200	9.55256453935	0.0	383025	343.085625139	0.2
1196.06684391	200	9.67980907004	0.0	383025	372.755469304	0.2
1196.43959938	200	9.80705360074	0.0	383025	372.755469304	0.2
1196.81235484	200	9.93429813143	0.0	383025	372.755469304	0.2
1197.68511031	200	9.56154266213	0.0	383025	372.755469304	0.2
1198.05786578	200	9.68878719282	0.0	383025	372.755469304	0.2

