4634.219122244175	400	0.5	0.1572821378530106	181435	157.282137853	-2.745642757060212
4634.378834799097	400	0.8402874450789931	0.0	184429	159.712554921	0.4
4634.620661194537	600	1.0984610496392258	0.0	285584	241.82639544	0.39999999999999997
4634.948405349794	800	1.2707168943818903	0.0	391425	327.744155257	0.6000000000000001
4635.276149505051	800	1.4429727391245548	0.0	391425	327.744155257	0.8
4635.684056023662	1000	1.5350662205132763	0.0	490176	407.906518611	0.8
4636.1108059862945	1000	1.6083162578808228	0.0	513389	426.749962632	1.0
4636.524296619472	1000	1.6948256247034967	0.0	497055	413.490633177	1.0
4636.954481028472	1000	1.7646412157037838	0.0	520019	430.184409	1.0
4637.4066821802135	1000	1.8124400639618101	0.0	551265	452.201151742	1.0
4637.864552176412	1000	1.8545700677632495	0.0	558332	457.869996199	1.0
4638.305286491943	1000	1.9138357522328102	0.0	536970	440.73431553	1.0
4638.744517789293	1000	1.9746044548821315	0.0	536970	439.231297351	1.0
4639.182973971717	1000	2.036148272457929	0.0	536970	438.456182424	1.0
4639.498595196875	200	2.220527047300043	0.0	383025	315.621225158	-0.6000000000000001
4639.814216422033	200	2.4049058221421573	0.0	383025	315.621225158	0.2
4640.1298376471905	200	2.5892845969842715	0.0	383025	315.621225158	0.2
4640.445458872348	200	2.7736633718263857	0.0	383025	315.621225158	0.2
4640.761080097506	200	2.9580421466685	0.0	383025	315.621225158	0.2
4641.072079992321	200	3.1470422518534003	0.0	383025	310.999894815	0.2
4641.381420116073	200	3.3377021281014767	0.0	383025	309.340123752	0.2
4641.690760239826	200	3.5283620043495536	0.0	383025	309.340123752	0.2
4642.000100363578	200	3.71902188059763	0.0	383025	309.340123752	0.2
4642.306424121138	200	3.912698123037262	0.0	383025	306.32375756	0.2
4642.611194824714	200	4.107927419460524	0.0	383025	304.770703577	0.2
4642.915965528291	200	4.3031567158837865	0.0	383025	304.770703577	0.2
4643.220736231867	200	4.498386012307048	0.0	383025	304.770703577	0.2
4643.525506935443	200	4.69361530873031	0.0	383025	304.770703577	0.2
4643.831799338535	200	4.887322905638712	0.0	383025	306.292403092	0.2
4644.1390838199595	200	5.080038424214987	0.0	383025	307.284481424	0.2
4644.446368301383	200	5.272753942791262	0.0	383025	307.284481424	0.2
4644.755213700515	200	5.463908543659113	0.0	383025	308.845399132	0.2
4645.067552347494	200	5.651569896681047	0.0	383025	312.338646978	0.2
4645.379890994472	200	5.839231249702981	0.0	383025	312.338646978	0.2
4645.69222964145	200	6.026892602724915	0.0	383025	312.338646978	0.2
4646.004811586799	200	6.214310657375226	0.0	383025	312.58194535	0.2
4646.318322888166	200	6.400799356007687	0.0	383025	313.511301368	0.2
4646.631834189534	200	6.5872880546401475	0.0	383025	313.511301368	0.2
4646.945345490902	200	6.7737767532726085	0.0	383025	313.511301368	0.2
4647.258856792269	200	6.9602654519050695	0.0	383025	313.511301368	0.2
4647.572368093637	200	7.1467541505375305	0.0	383025	313.511301368	0.2
4647.880694090306	200	7.338428153868889	0.0	383025	308.325996669	0.2
4648.188010290214	200	7.5311119539611315	0.0	383025	307.316199908	0.2
4648.495326490121	200	7.723795754053375	0.0	383025	307.316199908	0.2
4648.80264269003	200	7.916479554145619	0.0	383025	307.316199908	0.2
4649.111382184057	200	8.10774006011813	0.0	383025	308.739494027	0.2
4649.423500633629	200	8.295621610546123	0.0	383025	312.118449572	0.2
4649.735619083201	200	8.483503160974116	0.0	383025	312.118449572	0.2
4650.047737532772	200	8.671384711402109	0.0	383025	312.118449572	0.2
4650.359855982344	200	8.859266261830102	0.0	383025	312.118449572	0.2
4650.671399062648	200	9.047723181526685	0.0	383025	311.543080303	0.2
4650.981348284131	200	9.237773960043073	0.0	383025	309.949221484	0.2
4651.291297505614	200	9.427824738559464	0.0	383025	309.949221484	0.2
4651.6012467270975	200	9.617875517075854	0.0	383025	309.949221484	0.2
4651.911282739432	200	9.807839504742324	0.0	383025	310.036012334	0.2
4652.221493977318	200	9.99762826685614	0.0	383025	310.211237886	0.2
4653.031705215203	200	9.687417028969955	0.0	383025	310.211237886	0.2
4653.34190035744	200	9.877221886733542	0.0	383025	310.1951422364142	0.2
4654.1518709085585	200	9.567251335615486	0.0	383025	309.970551118	0.2
4654.461841459676	200	9.757280784497432	0.0	383025	309.970551118	0.2
4654.773060890067	200	9.94606135410646	0.0	383025	311.2194303909733	0.2
4655.587715922777	200	9.631406321397408	0.0	383025	314.655032709	0.2
4655.902370955486	200	9.816751288688357	0.0	383025	314.655032709	0.2
4656.542211812869	200	9.502096255979303	0.0	383025	314.655032709	0.2
4656.852916375102	200	9.691391693746517	0.0	383025	310.704562233	0.2
4657.163620937335	200	9.880687131513731	0.0	383025	310.704562233	0.2
4657.974761281682	200	9.569546787166058	0.0	383025	311.1403443476761	0.2
4658.2930407376	200	9.751267331248169	0.0	383025	318.279455918	0.2
4658.611320193518	200	9.932987875330282	0.0	383025	318.279455918	0.2
4659.022173367876	200	9.614708419412395	0.0	383025	318.279455918	0.2
4659.341932674481	200	9.794949112808228	0.0	383025	319.759306604	0.2
4659.661691981085	200	9.975189806204062	0.0	383025	319.759306604	0.2
4660.481451287688	200	9.655430499599895	0.0	383025	319.759306604	0.2
4660.802128486377	200	9.834753300911007	0.0	383025	320.67719868888855	0.2
4661.625371708235	200	9.5115100790526	0.0	383025	323.243221858	0.2
4661.948614930095	200	9.688266857194197	0.0	383025	323.243221858	0.2
4662.271858151953	200	9.865023635335794	0.0	383025	323.243221858	0.2
4662.720603060087	200	9.54178041347739	0.0	383025	323.243221858	0.2
4663.038656247927	200	9.723727225637424	0.0	383025	318.05318784	0.2
4663.356709435767	200	9.905674037797457	0.0	383025	318.05318784	0.2
4663.894423949602	200	9.58762084995749	0.0	383025	318.05318784	0.2
4664.214345473329	200	9.767699326230883	0.0	383025	319.921523727	0.2
4664.534266997055	200	9.947777802504275	0.0	383025	319.921523727	0.2
4665.3541885207815	200	9.627856278777669	0.0	383025	319.921523727	0.2
4665.674110044508	200	9.807934755051061	0.0	383025	319.921523727	0.2
4665.993235624293	200	9.9888091752657	0.0	383025	319.1255797853616	0.2
4666.81169982005	200	9.670344979509153	0.0	383025	318.464195757	0.2
4667.132331216981	200	9.849713582578826	0.0	383025	320.631396930326	0.2
4667.957802686783	200	9.52424211277716	0.0	383025	325.471469802	0.2
4668.283274156584	200	9.698770642975493	0.0	383025	325.471469802	0.2
4668.608745626386	200	9.873299173173825	0.0	383025	325.471469802	0.2
4669.233671425769	200	9.547827703372159	0.0	383025	325.471469802	0.2
4669.562675197269	200	9.718823931872285	0.0	383025	329.0037715	0.2
4669.891678968768	200	9.88982016037241	0.0	383025	329.0037715	0.2
4670.720682740268	200	9.560816388872535	0.0	383025	329.0037715	0.2
4671.049686511768	200	9.731812617372661	0.0	383025	329.0037715	0.2
4671.378690283268	200	9.902808845872787	0.0	383025	329.0037715	0.2
4671.901171032448	200	9.573805074372913	0.0	383025	329.0037715	0.2
4672.230939636828	200	9.744036469991801	0.0	383025	329.768604381	0.2
4672.56070824121	200	9.91426786561069	0.0	383025	329.768604381	0.2
4673.3904768455905	200	9.584499261229578	0.0	383025	329.768604381	0.2
4673.720245449971	200	9.754730656848466	0.0	383025	329.768604381	0.2
4674.050014054353	200	9.924962052467354	0.0	383025	329.768604381	0.2
4674.879782658733	200	9.595193448086242	0.0	383025	329.768604381	0.2
4675.209551263114	200	9.76542484370513	0.0	383025	329.768604381	0.2
4675.538252502759	200	9.936723604060143	0.0	383025	328.70123964498686	0.2
4676.366547567987	200	9.608428538832626	0.0	383025	328.295065228	0.2
4676.694842633215	200	9.780133473605108	0.0	383025	328.295065228	0.2
4677.023137698443	200	9.951838408377592	0.0	383025	328.295065228	0.2
4677.85143276367	200	9.623543343150073	0.0	383025	328.295065228	0.2
4678.179727828899	200	9.795248277922555	0.0	383025	328.295065228	0.2
4678.509466865879	200	9.965509240941723	0.0	383025	329.7390369808334	0.2
4679.3393449943105	200	9.635631112511383	0.0	383025	329.87812843	0.2
4679.669223122741	200	9.805752984081042	0.0	383025	329.87812843	0.2
4679.999101251172	200	9.975874855650702	0.0	383025	329.87812843	0.2
4680.828979379603	200	9.64599672722036	0.0	383025	329.87812843	0.2
4681.158857508033	200	9.816118598790021	0.0	383025	329.87812843	0.2
4681.48768096367	200	9.987295143153515	0.0	383025	328.8234556365066	0.2
4682.314220201146	200	9.66075590567794	0.0	383025	326.539237476	0.2
4682.640759438622	200	9.834216668202364	0.0	383025	326.539237476	0.2

