2109.52227227	400	0.5	0.147373225545	181435	147.373225545	-2.54746451089
2109.88929123	1000	0.63298104327	0.0	471531	367.01895673	0.4
2110.26457143	1000	0.757700840012	0.0	482442	375.280203258	1.0
2110.64667302	1000	0.875599252886	0.0	492120	382.101587126	1.0
2111.02081372	1000	1.00145855266	0.0	492120	374.140700229	1.0
2111.39866403	1000	1.12360823399	0.0	490176	377.85031867	1.0
2111.80837328	1000	1.21389898432	0.0	513389	409.709249667	1.0
2112.20536537	1000	1.31690689627	0.0	497055	396.992088053	1.0
2112.62023654	1000	1.40203572781	0.0	520019	414.871168457	1.0
2113.05608226	1000	1.46619001101	0.0	551265	435.845716795	1.0
2113.49734985	1000	1.52492241347	0.0	558332	441.267597546	1.0
2113.92191201	1000	1.60036025724	0.0	536970	424.562156229	1.0
2114.34605957	1000	1.67621270232	0.0	536970	424.147554915	1.0
2114.77020712	1000	1.75206514741	0.0	536970	424.147554915	1.0
2115.19435468	1000	1.82791759249	0.0	536970	424.147554915	1.0
2115.60115389	1000	1.9211183763	0.0	536970	406.799216189	1.0
2116.02108729	1000	2.00118497773	0.0	553424	419.933398571	1.0
2116.3210439	200	2.20122836587	0.0	383025	299.95661186	-0.6
2116.62100051	200	2.40127175401	0.0	383025	299.95661186	0.2
2116.92173034	200	2.60054192377	0.0	383025	300.729830249	0.2
2117.2229604	200	2.7993118692	0.0	383025	301.230054563	0.2
2117.52419045	200	2.99808181464	0.0	383025	301.230054563	0.2
2117.82506308	200	3.19720918598	0.0	383025	300.872628663	0.2
2118.11639969	200	3.40587257658	0.0	383025	291.336609394	0.2
2118.4077363	200	3.61453596719	0.0	383025	291.336609394	0.2
2118.69907291	200	3.82319935779	0.0	383025	291.336609394	0.2
2118.99799822	200	4.02427405165	0.0	383025	298.925306148	0.2
2119.297084	200	4.22518826492	0.0	383025	299.085786728	0.2
2119.59616979	200	4.42610247819	0.0	383025	299.085786728	0.2
2119.89257511	200	4.62969715659	0.0	383025	296.405321604	0.2
2120.18736449	200	4.83490777771	0.0	383025	294.789378873	0.2
2120.48235801	200	5.03991425552	0.0	383025	294.99352219	0.2
2120.7851613	200	5.23711096645	0.0	383025	302.803289076	0.2
2121.08796459	200	5.43430767737	0.0	383025	302.803289076	0.2
2121.39076788	200	5.6315043883	0.0	383025	302.803289076	0.2
2121.69003196	200	5.8322403046	0.0	383025	299.2640837	0.2
2121.98233287	200	6.03993939766	0.0	383025	292.300906939	0.2
2122.27463378	200	6.24763849072	0.0	383025	292.300906939	0.2
2122.57338199	200	6.44889027428	0.0	383025	298.748216438	0.2
2122.87946768	200	6.64280458661	0.0	383025	306.08568767	0.2
2123.18555337	200	6.83671889894	0.0	383025	306.08568767	0.2
2123.49163906	200	7.03063321127	0.0	383025	306.08568767	0.2
2123.80355258	200	7.21871969014	0.0	383025	311.91352113	0.2
2124.11858697	200	7.40368530026	0.0	383025	315.034389875	0.2
2124.43362136	200	7.58865091039	0.0	383025	315.034389875	0.2
2124.74865575	200	7.77361652051	0.0	383025	315.034389875	0.2
2125.07162423	200	7.95064804009	0.0	383025	322.968480427	0.2
2125.39679371	200	8.12547855424	0.0	383025	325.169485848	0.2
2125.7219632	200	8.30030906839	0.0	383025	325.169485848	0.2
2126.04713269	200	8.47513958254	0.0	383025	325.169485848	0.2
2126.37230217	200	8.64997009669	0.0	383025	325.169485848	0.2
2126.69747166	200	8.82480061085	0.0	383025	325.169485848	0.2
2127.01949798	200	9.00277429044	0.0	383025	322.026320408	0.2
2127.33939092	200	9.1828813525	0.0	383025	319.892937939	0.2
2127.65928385	200	9.36298841456	0.0	383025	319.892937939	0.2
2127.97917679	200	9.54309547662	0.0	383025	319.892937939	0.2
2128.29906973	200	9.72320253868	0.0	383025	319.892937939	0.2
2128.62387805	200	9.89839422235	0.0	383025	324.808316336	0.2
2129.44895096	200	9.57332131121	0.0	383025	325.072911136	0.2
2129.77402387	200	9.74824840008	0.0	383025	325.072911136	0.2
2130.09909678	200	9.92317548894	0.0	383025	325.072911136	0.2
2130.92591617	200	9.59635609643	0.0	383025	326.819392514	0.2
2131.2538964	200	9.76837587237	0.0	383025	327.980224056	0.2
2131.58187662	200	9.94039564831	0.0	383025	327.980224056	0.2
2132.41080896	200	9.61146330345	0.0	383025	328.932344866	0.2
2132.74429808	200	9.7779741894	0.0	383025	333.489114049	0.2
2133.07778719	200	9.94448507535	0.0	383025	333.489114049	0.2
2133.91127631	200	9.6109959613	0.0	383025	333.489114049	0.2
2134.24476542	200	9.77750684725	0.0	383025	333.489114049	0.2
2134.57825454	200	9.9440177332	0.0	383025	333.489114049	0.2
2135.35858814	200	9.61052861916	0.0	383025	333.489114049	0.2
2135.69398404	200	9.77513272422	0.0	383025	335.395894939	0.2
2136.02937993	200	9.93973682928	0.0	383025	335.395894939	0.2
2136.86477583	200	9.60434093434	0.0	383025	335.395894939	0.2
2137.20139476	200	9.76772199839	0.0	383025	336.618935954	0.2
2137.53853288	200	9.93058388109	0.0	383025	337.138117292	0.2
2138.375671	200	9.5934457638	0.0	383025	337.138117292	0.2
2138.71280911	200	9.75630764651	0.0	383025	337.138117292	0.2
2139.04994723	200	9.91916952922	0.0	383025	337.138117292	0.2
2139.88708535	200	9.58203141193	0.0	383025	337.138117292	0.2
2140.21966601	200	9.74945074947	0.0	383025	332.580662461	0.2
2140.55218084	200	9.91693592207	0.0	383025	332.514827394	0.2
2141.38469567	200	9.58442109468	0.0	383025	332.514827394	0.2
2141.71721049	200	9.75190626728	0.0	383025	332.514827394	0.2
2142.04972532	200	9.91939143989	0.0	383025	332.514827394	0.2
2142.6427367	200	9.5868766125	0.0	383025	332.514827394	0.2
2142.98482436	200	9.74478895934	0.0	383025	342.087653153	0.2
2143.32691201	200	9.90270130619	0.0	383025	342.087653153	0.2
2144.16899966	200	9.56061365304	0.0	383025	342.087653153	0.2
2144.51108732	200	9.71852599988	0.0	383025	342.087653153	0.2
2144.85317497	200	9.87643834673	0.0	383025	342.087653153	0.2
2145.69526262	200	9.53435069358	0.0	383025	342.087653153	0.2
2146.03735028	200	9.69226304043	0.0	383025	342.087653153	0.2
2146.37943793	200	9.85017538727	0.0	383025	342.087653153	0.2
2147.22152558	200	9.50808773412	0.0	383025	342.087653153	0.2
2147.56361324	200	9.66600008097	0.0	383025	342.087653153	0.2
2147.90570089	200	9.82391242781	0.0	383025	342.087653153	0.2
2148.24778854	200	9.98182477466	0.0	383025	342.087653153	0.2
2149.08577099	200	9.6438423254	0.0	383025	337.982449264	0.2
2149.42212177	200	9.80749154768	0.0	383025	336.350777713	0.2
2149.75847255	200	9.97114076997	0.0	383025	336.350777713	0.2
2150.59482332	200	9.63478999226	0.0	383025	336.350777713	0.2
2150.9311741	200	9.79843921454	0.0	383025	336.350777713	0.2
2151.26752488	200	9.96208843683	0.0	383025	336.350777713	0.2
2151.90551115	200	9.62573765912	0.0	383025	336.350777713	0.2
2152.24019355	200	9.79105526123	0.0	383025	334.682397887	0.2
2152.57487594	200	9.95637286334	0.0	383025	334.682397887	0.2
2153.40955834	200	9.62169046546	0.0	383025	334.682397887	0.2
2153.74424074	200	9.78700806757	0.0	383025	334.682397887	0.2
2154.07892314	200	9.95232566968	0.0	383025	334.682397887	0.2
2154.74333534	200	9.61764327179	0.0	383025	334.682397887	0.2
2155.07682741	200	9.78415120193	0.0	383025	333.49206986	0.2
2155.41031948	200	9.95065913207	0.0	383025	333.49206986	0.2
2155.81401754	200	9.61716706221	0.0	383025	333.49206986	0.2
2156.1475567	200	9.78362789809	0.0	383025	333.539164125	0.2
2156.48109587	200	9.95008873397	0.0	383025	333.539164125	0.2
2157.31463503	200	9.61654956984	0.0	383025	333.539164125	0.2
2157.64817419	200	9.78301040572	0.0	383025	333.539164125	0.2
2157.98171336	200	9.94947124159	0.0	383025	333.539164125	0.2
2158.81525252	200	9.61593207747	0.0	383025	333.539164125	0.2

