2711.981314120996	400	0.5	0.1541243634330725	181435	154.124363433	-2.68248726866145
2712.1378167926064	400	0.8434973283897917	0.0	184429	156.50267161	0.4
2712.3746727586913	600	1.106641362304579	0.0	285584	236.855966085	0.39999999999999997
2712.6956043813484	800	1.2857097396474817	0.0	391425	320.931622657	0.6000000000000001
2713.016888365714	800	1.4644257552820181	0.0	391425	321.283984365	0.8
2713.4177992545674	1000	1.5635148664283438	0.0	490176	400.910888854	0.8
2713.8426561261876	1000	1.6386579948081648	0.0	513389	424.85687162	1.0
2714.2576676343747	1000	1.7236464866212386	0.0	497055	415.011508187	1.0
2714.693675547416	1000	1.7876385735791847	0.0	520019	436.007913042	1.0
2715.1828664342447	1000	1.7984476867505412	0.0	551265	489.190886829	1.0
2715.6782003593535	1000	1.8031137616422717	0.0	558332	495.333925108	1.0
2716.1561643850964	1000	1.8251497358991464	0.0	536970	477.964025743	1.0
2716.641187799857	1000	1.840126321138734	0.0	536970	485.02341476	1.0
2717.1262112146173	1000	1.8551029063783218	0.0	536970	485.02341476	1.0
2717.6112346293776	1000	1.8700794916179093	0.0	536970	485.02341476	1.0
2718.0962580441383	1000	1.8850560768574969	0.0	536970	485.02341476	1.0
2718.6184117744488	1000	1.8629023465469945	0.0	553424	522.153730311	1.0
2719.1201609027544	1000	1.8611532182409778	0.0	522960	501.749128306	1.0
2719.62191003106	1000	1.859404089934961	0.0	522960	501.749128306	1.0
2720.132441737113	1000	1.8488723838823131	0.0	532300	510.531706053	1.0
2720.615425863116	1000	1.865888257879484	0.0	503004	482.984126003	1.0
2721.078454543194	1000	1.9028595778016015	0.0	481782	463.028680078	1.0
2721.5271616520067	1000	1.9541524689888286	0.0	481782	448.707108813	1.0
2721.9619264962976	1000	2.0193876246979716	0.0	510552	434.764844291	1.0
2722.2905924783804	200	2.190721642614843	0.0	383025	328.665982083	-0.6000000000000001
2722.6291090313316	200	2.3522050896635194	0.0	383025	338.516552951	0.2
2722.968522619538	200	2.5127915014572997	0.0	383025	339.413588206	0.2
2723.307936207744	200	2.67337791325108	0.0	383025	339.413588206	0.2
2723.6473497959505	200	2.8339643250448603	0.0	383025	339.413588206	0.2
2723.9910188726963	200	2.990295248298851	0.0	383025	343.669076746	0.2
2724.3362837522154	200	3.1450303687798025	0.0	383025	345.264879519	0.2
2724.6815486317346	200	3.299765489260754	0.0	383025	345.264879519	0.2
2725.0268135112537	200	3.4545006097417055	0.0	383025	345.264879519	0.2
2725.372078390773	200	3.609235730222657	0.0	383025	345.264879519	0.2
2725.7014186032825	200	3.7798955177129243	0.0	383025	329.34021251	0.2
2726.029469498203	200	3.951844622792172	0.0	383025	328.050894921	0.2
2726.3575203931237	200	4.12379372787142	0.0	383025	328.050894921	0.2
2726.6788195395925	200	4.302494581402763	0.0	383025	321.299146469	0.2
2726.9948321979455	200	4.4864819230496495	0.0	383025	316.012658353	0.2
2727.312519724327	200	4.668794396668263	0.0	383025	317.687526381	0.2
2727.6365840654853	200	4.844730055510334	0.0	383025	324.064341158	0.2
2727.9606484066435	200	5.020665714352407	0.0	383025	324.064341158	0.2
2728.2847127478017	200	5.196601373194479	0.0	383025	324.064341158	0.2
2728.59851718653	200	5.382796934465887	0.0	383025	313.804438729	0.2
2728.9118971628145	200	5.569416958181041	0.0	383025	313.379976285	0.2
2729.2272782064106	200	5.754035914585437	0.0	383025	315.381043596	0.2
2729.5462747802676	200	5.935039340728292	0.0	383025	318.996573857	0.2
2729.8652713541246	200	6.116042766871149	0.0	383025	318.996573857	0.2
2730.1837402704673	200	6.297573850528086	0.0	383025	318.468916343	0.2
2730.501344233188	200	6.479969887807906	0.0	383025	317.60396272	0.2
2730.8189481959084	200	6.662365925087726	0.0	383025	317.60396272	0.2
2731.1312545652922	200	6.850059555703765	0.0	383025	312.306369384	0.2
2731.4432269715385	200	7.038087149457751	0.0	383025	311.972406246	0.2
2731.7525216697622	200	7.228792451233776	0.0	383025	309.294698224	0.2
2732.0553065179397	200	7.426007603056516	0.0	383025	302.784848177	0.2
2732.3587268883052	200	7.622587232691176	0.0	383025	303.420370365	0.2
2732.6675331115816	200	7.813781009414517	0.0	383025	308.806223277	0.2
2732.976339334858	200	8.004974786137858	0.0	383025	308.806223277	0.2
2733.2861262605857	200	8.195187860410321	0.0	383025	309.786925728	0.2
2733.5964915723657	200	8.384822548630316	0.0	383025	310.36531178	0.2
2733.9076078775297	200	8.573706243466235	0.0	383025	311.116305164	0.2
2734.219049048723	200	8.762265072273223	0.0	383025	311.441171193	0.2
2734.530490219916	200	8.950823901080211	0.0	383025	311.441171193	0.2
2734.840803908877	200	9.140510212118908	0.0	383025	310.313688961	0.2
2735.151895697389	200	9.32941842360652	0.0	383025	311.091788512	0.2
2735.467051317209	200	9.51426280378667	0.0	383025	315.15561982	0.2
2735.7822069370286	200	9.699107183966818	0.0	383025	315.15561982	0.2
2736.1048133734457	200	9.87650074754971	0.0	383025	322.606436417	0.2
2736.5789786369833	200	9.553229928472456	0.0	383025	323.270819077	0.2
2736.894082891127	200	9.738125674329085	0.0	383025	315.104254143	0.2
2737.20918714527	200	9.923021420185714	0.0	383025	315.104254143	0.2
2738.0216428610206	200	9.610565704435116	0.0	383025	312.4557157505979	0.2
2738.334852988049	200	9.797355577407066	0.0	383025	313.2101270280495	0.2
2738.6492629969166	200	9.982945568539105	0.0	383025	314.410008868	0.2
2738.969249661532	200	9.668541743328147	0.0	383025	314.40382521095677	0.2
2739.2815162855804	200	9.85627511927974	0.0	383025	312.266624048	0.2
2739.8238988827306	200	9.544008495231333	0.0	383025	312.266624048	0.2
2740.1334565272455	200	9.734450850716554	0.0	383025	309.557644515	0.2
2740.4436008987027	200	9.92430647925952	0.0	383025	310.1443714570329	0.2
2740.8008126375917	200	9.605609652051822	0.0	383025	318.696827208	0.2
2741.118782728438	200	9.787639561205577	0.0	383025	317.970090846	0.2
2741.436752819284	200	9.969669470359332	0.0	383025	317.970090846	0.2
2742.250828889975	200	9.655593399668284	0.0	383025	314.07607069104836	0.2
2742.555930049032	200	9.850492240610661	0.0	383025	305.10115905762234	0.2
2743.215001370871	200	9.547772712652513	0.0	383025	302.719527958	0.2
2743.528375824476	200	9.73439825904746	0.0	383025	313.374453605	0.2
2743.841726357336	200	9.921047726187323	0.0	383025	313.3505328601346	0.2
2744.2411135005173	200	9.607892511369537	0.0	383025	313.155214818	0.2
2744.5530474324355	200	9.795958579451142	0.0	383025	311.933931918	0.2
2744.864981364354	200	9.984024647532747	0.0	383025	311.933931918	0.2
2745.677250658313	200	9.671755353573946	0.0	383025	312.26929395880234	0.2
2745.9960382934314	200	9.852967718455272	0.0	383025	318.7876351186745	0.2
2746.5366000224244	200	9.533265281347767	0.0	383025	319.702437108	0.2
2746.8477638715026	200	9.722101432269529	0.0	383025	311.163849078	0.2
2747.158921799226	200	9.910943504546527	0.0	383025	311.15792772300154	0.2
2747.6343479425977	200	9.599820948153807	0.0	383025	311.122556393	0.2
2747.948215540147	200	9.78595335060477	0.0	383025	313.867597549	0.2
2748.262083137696	200	9.972085753055733	0.0	383025	313.867597549	0.2
2749.0765842907444	200	9.657584600007633	0.0	383025	314.50115304810055	0.2
2749.3915317011283	200	9.842637189623266	0.0	383025	314.9474103843665	0.2
2749.872894001796	200	9.527699721544499	0.0	383025	314.937468079	0.2
2750.177217938869	200	9.723375784470967	0.0	383025	304.323937074	0.2
2750.4807582447747	200	9.919835478565439	0.0	383025	303.5403059055287	0.2
2750.9982728088285	200	9.618222653272502	0.0	383025	301.612825293	0.2
2751.3097867932643	200	9.806708668836796	0.0	383025	311.513984436	0.2
2751.6213595853515	200	9.995135876749389	0.0	383025	311.57279208740636	0.2
2751.9773474327803	200	9.681636248826635	0.0	383025	313.499627923	0.2
2752.286868026476	200	9.87211565513121	0.0	383025	309.520593695	0.2
2753.0479179698686	200	9.562595061435786	0.0	383025	309.520593695	0.2
2753.3554336640805	200	9.755079367223496	0.0	383025	307.51569421229067	0.2
2753.66888143246	200	9.941631598844298	0.0	383025	313.447768379	0.2
2754.2782698387064	200	9.628183830465101	0.0	383025	313.447768379	0.2
2754.591514929428	200	9.814938739743754	0.0	383025	313.245090721	0.2
2755.4030494530793	200	9.503404216092303	0.0	383025	311.5345236514496	0.2
2755.7125514266836	200	9.693902242488212	0.0	383025	309.50197360409237	0.2
2756.0218726184025	200	9.88458105076947	0.0	383025	309.321191719	0.2
2756.8347698582093	200	9.571683810962558	0.0	383025	312.89723980691184	0.2
2757.149620826893	200	9.756832842278838	0.0	383025	314.850968683719	0.2
2757.45783516672	200	9.948618502451462	0.0	383025	308.214339827	0.2
2758.1597698694563	200	9.640404162624085	0.0	383025	308.214339827	0.2

