2208.08095005	400	0.5	0.15742095678	181435	157.42095678	-2.74841913559
2208.47408203	1000	0.606868017906	0.0	471531	393.131982094	0.4
2208.8760795	1000	0.704870546466	0.0	482442	401.99747144	1.0
2209.28594061	1000	0.79500943229	0.0	492120	409.861114175	1.0
2209.68911408	1000	0.89183596665	0.0	492120	403.17346564	1.0
2210.08795949	1000	0.992990558644	0.0	490176	398.845408006	1.0
2210.50854274	1000	1.07240730576	0.0	513389	420.583252886	1.0
2210.91718885	1000	1.16376119886	0.0	497055	408.646106899	1.0
2211.36130017	1000	1.21964987706	0.0	520019	444.111321795	1.0
2211.84609126	1000	1.23485878723	0.0	551265	484.791089834	1.0
2212.33696898	1000	1.24398106278	0.0	558332	490.87772445	1.0
2212.80944814	1000	1.27150190755	0.0	536970	472.47915523	1.0
2213.28410075	1000	1.29684929763	0.0	536970	474.652609921	1.0
2213.7737924	1000	1.30715764739	0.0	536970	489.691650236	1.0
2214.26348405	1000	1.31746599716	0.0	536970	489.691650236	1.0
2214.7531757	1000	1.32777434692	0.0	536970	489.691650236	1.0
2215.25756621	1000	1.3233838375	0.0	553424	504.390509415	1.0
2215.7347423	1000	1.34620774683	0.0	522960	477.176090671	1.0
2216.21191839	1000	1.36903165616	0.0	522960	477.176090671	1.0
2216.69743819	1000	1.38351185911	0.0	532300	485.519797048	1.0
2217.15736793	1000	1.42358211343	0.0	503004	459.929745686	1.0
2217.59920162	1000	1.48174842433	0.0	481782	441.833689096	1.0
2218.04103531	1000	1.53991473524	0.0	481782	441.833689096	1.0
2218.5086563	1000	1.57229374974	0.0	510552	467.620985498	1.0
2218.99995642	1000	1.58099362638	0.0	536970	491.300123363	1.0
2219.49125654	1000	1.58969350301	0.0	536970	491.300123363	1.0
2219.98255667	1000	1.59839337965	0.0	536970	491.300123363	1.0
2220.47385679	1000	1.60709325629	0.0	536970	491.300123363	1.0
2220.9649037	1000	1.6160463407	0.0	536970	491.046915585	1.0
2221.48727198	1000	1.59367806624	0.0	573990	522.368274467	1.0
2222.02099914	1000	1.55995090696	0.0	586715	533.727159277	1.0
2222.5230821	1000	1.55786794937	0.0	551265	502.082957584	1.0
2223.02516505	1000	1.55578499179	0.0	551265	502.082957584	1.0
2223.52724801	1000	1.55370203421	0.0	551265	502.082957584	1.0
2224.02387292	1000	1.55707712728	0.0	551265	496.624906925	1.0
2224.50975693	1000	1.57119311859	0.0	551265	485.884008692	1.0
2224.99564094	1000	1.5853091099	0.0	551265	485.884008692	1.0
2225.46129017	1000	1.61965987244	0.0	527825	465.649237459	1.0
2225.90151646	1000	1.67943358774	0.0	498375	440.226284694	1.0
2226.27828619	1000	1.8026638547	0.0	434595	376.769733044	1.0
2226.65631374	1000	1.92463630184	0.0	442995	378.027552861	1.0
2227.05643483	1000	2.02451521578	0.0	469589	400.121086063	1.0
2227.38464102	200	2.19630902059	0.0	383025	328.206195182	-0.6
2227.7182197	200	2.3627303438	0.0	383025	333.578676796	0.2
2228.05277362	200	2.52817642166	0.0	383025	334.553922138	0.2
2228.38732755	200	2.69362249952	0.0	383025	334.553922138	0.2
2228.72188147	200	2.85906857738	0.0	383025	334.553922138	0.2
2229.05643539	200	3.02451465525	0.0	383025	334.553922138	0.2
2229.39267629	200	3.18827375462	0.0	383025	336.240900629	0.2
2229.73015092	200	3.35079912717	0.0	383025	337.474627449	0.2
2230.06762555	200	3.51332449972	0.0	383025	337.474627449	0.2
2230.40510017	200	3.67584987227	0.0	383025	337.474627449	0.2
2230.7425748	200	3.83837524482	0.0	383025	337.474627449	0.2
2231.07314757	200	4.00780247103	0.0	383025	330.572773789	0.2
2231.40244854	200	4.17850150346	0.0	383025	329.300967572	0.2
2231.73174951	200	4.34920053589	0.0	383025	329.300967572	0.2
2232.06105048	200	4.51989956832	0.0	383025	329.300967572	0.2
2232.397782	200	4.68316804271	0.0	383025	336.73152561	0.2
2232.7473923	200	4.8335577434	0.0	383025	349.610299312	0.2
2233.0970026	200	4.98394744408	0.0	383025	349.610299312	0.2
2233.4466129	200	5.13433714477	0.0	383025	349.610299312	0.2
2233.7962232	200	5.28472684546	0.0	383025	349.610299312	0.2
2234.1458335	200	5.43511654615	0.0	383025	349.610299312	0.2
2234.4954438	200	5.58550624684	0.0	383025	349.610299312	0.2
2234.8450541	200	5.73589594752	0.0	383025	349.610299312	0.2
2235.19667095	200	5.88427909409	0.0	383025	351.61685343	0.2
2235.55190675	200	6.02904329627	0.0	383025	355.235797824	0.2
2235.90714255	200	6.17380749845	0.0	383025	355.235797824	0.2
2236.26237834	200	6.31857170062	0.0	383025	355.235797824	0.2
2236.61761414	200	6.4633359028	0.0	383025	355.235797824	0.2
2236.97284994	200	6.60810010498	0.0	383025	355.235797824	0.2
2237.32808574	200	6.75286430715	0.0	383025	355.235797824	0.2
2237.68332154	200	6.89762850933	0.0	383025	355.235797824	0.2
2238.03855733	200	7.04239271151	0.0	383025	355.235797824	0.2
2238.39379313	200	7.18715691368	0.0	383025	355.235797824	0.2
2238.74902893	200	7.33192111586	0.0	383025	355.235797824	0.2
2239.10426473	200	7.47668531803	0.0	383025	355.235797824	0.2
2239.45523473	200	7.62571531247	0.0	383025	350.970005567	0.2
2239.78814715	200	7.79280289498	0.0	383025	332.912417483	0.2
2240.12105957	200	7.9598904775	0.0	383025	332.912417483	0.2
2240.45397199	200	8.12697806002	0.0	383025	332.912417483	0.2
2240.77422154	200	8.30672850143	0.0	383025	320.249558591	0.2
2241.08598638	200	8.49496366615	0.0	383025	311.764835275	0.2
2241.39775121	200	8.68319883088	0.0	383025	311.764835275	0.2
2241.7077618	200	8.87318824772	0.0	383025	310.010583154	0.2
2242.00801527	200	9.07293477994	0.0	383025	300.253467787	0.2
2242.30866964	200	9.2722804021	0.0	383025	300.654377842	0.2
2242.61003411	200	9.47091593542	0.0	383025	301.364466679	0.2
2242.91118378	200	9.66976626562	0.0	383025	301.149669796	0.2
2243.20904592	200	9.87190412352	0.0	383025	297.862142103	0.2
2243.85028688	200	9.57404198141	0.0	383025	297.862142103	0.2
2244.14879131	200	9.77553754646	0.0	383025	298.504434954	0.2
2244.44884613	200	9.97548272532	0.0	383025	300.054821137	0.2
2244.83769041	200	9.67202968569	0.0	383025	303.453039636	0.2
2245.15808412	200	9.85163596934	0.0	383025	320.393716351	0.2
2245.57465637	200	9.53124225299	0.0	383025	320.393716351	0.2
2245.89868936	200	9.70720926324	0.0	383025	324.032989747	0.2
2246.22272235	200	9.88317627349	0.0	383025	324.032989747	0.2
2247.04638862	200	9.55950999976	0.0	383025	323.666273733	0.2
2247.36997573	200	9.73592289056	0.0	383025	323.587109201	0.2
2247.69230669	200	9.9135919346	0.0	383025	322.330955962	0.2
2248.50466644	200	9.60123218834	0.0	383025	312.359746255	0.2
2248.81717217	200	9.7887264582	0.0	383025	312.505730141	0.2
2249.12993855	200	9.97596007664	0.0	383025	312.766381562	0.2
2249.78693205	200	9.66319369508	0.0	383025	312.766381562	0.2
2250.10736694	200	9.84275880005	0.0	383025	320.434895023	0.2
2250.92823531	200	9.52189043602	0.0	383025	320.868364036	0.2
2251.27507148	200	9.67505426081	0.0	383025	346.836175204	0.2
2251.62190766	200	9.82821808561	0.0	383025	346.836175204	0.2
2251.96874383	200	9.98138191041	0.0	383025	346.836175204	0.2
2252.81558001	200	9.6345457352	0.0	383025	346.836175204	0.2
2253.16003935	200	9.79008639688	0.0	383025	344.459338322	0.2
2253.49795129	200	9.95217445471	0.0	383025	337.911942176	0.2
2254.33586323	200	9.61426251253	0.0	383025	337.911942176	0.2
2254.67377517	200	9.77635057035	0.0	383025	337.911942176	0.2
2254.99716046	200	9.95296528489	0.0	383025	323.38528546	0.2
2255.80688326	200	9.6432424866	0.0	383025	309.722798295	0.2
2256.10746298	200	9.84266276667	0.0	383025	300.579719928	0.2
2256.68478708	200	9.54637975628	0.0	383025	296.283010389	0.2
2256.99151675	200	9.73965008775	0.0	383025	306.729668529	0.2

