4192.05335501	400	0.5	0.156181553799	181435	156.181553799	-2.72363107598
4192.44326591	1000	0.610089099433	0.0	471531	389.910900567	0.4
4192.84196777	1000	0.711387243794	0.0	482442	398.701855639	1.0
4193.24846715	1000	0.804887856931	0.0	492120	406.499386863	1.0
4193.65496654	1000	0.898388470068	0.0	492120	406.499386863	1.0
4194.05989965	1000	0.993455357301	0.0	490176	404.933112767	1.0
4194.4835354	1000	1.06981961049	0.0	513389	423.635746814	1.0
4194.89003588	1000	1.1633191336	0.0	497055	406.500476889	1.0
4195.31375693	1000	1.23959808239	0.0	520019	423.72105121	1.0
4195.76233693	1000	1.29101807801	0.0	551265	448.580004376	1.0
4196.21397749	1000	1.33937752417	0.0	558332	451.640553845	1.0
4196.62901435	1000	1.42434066211	0.0	536970	415.036862058	1.0
4197.04405121	1000	1.50930380005	0.0	536970	415.036862058	1.0
4197.45908807	1000	1.59426693799	0.0	536970	415.036862058	1.0
4197.88297479	1000	1.67038021713	0.0	536970	423.886720862	1.0
4198.31196183	1000	1.74139317997	0.0	536970	428.987037157	1.0
4198.7537876	1000	1.79956741307	0.0	553424	441.825766899	1.0
4199.16931713	1000	1.88403788216	0.0	522960	415.52953091	1.0
4199.58207804	1000	1.97127697515	0.0	522960	412.76090701	1.0
4200.0020322	1000	2.05132280887	0.0	532300	419.954166286	1.0
4200.3070213	200	2.24633371523	0.0	383025	304.989093635	-0.6
4200.61201039	200	2.4413446216	0.0	383025	304.989093635	0.2
4200.93818027	200	2.61517474096	0.0	383025	326.169880636	0.2
4201.26472747	200	2.78862753797	0.0	383025	326.547202994	0.2
4201.59127468	200	2.96208033497	0.0	383025	326.547202994	0.2
4201.91782188	200	3.13553313198	0.0	383025	326.547202994	0.2
4202.24436908	200	3.30898592899	0.0	383025	326.547202994	0.2
4202.57091628	200	3.48243872599	0.0	383025	326.547202994	0.2
4202.89746349	200	3.655891523	0.0	383025	326.547202994	0.2
4203.22165261	200	3.8317023989	0.0	383025	324.189124101	0.2
4203.54231476	200	4.01104024887	0.0	383025	320.662150024	0.2
4203.86297691	200	4.19037809885	0.0	383025	320.662150024	0.2
4204.18363906	200	4.36971594883	0.0	383025	320.662150024	0.2
4204.50430121	200	4.5490537988	0.0	383025	320.662150024	0.2
4204.82496336	200	4.72839164878	0.0	383025	320.662150024	0.2
4205.14082142	200	4.91253359542	0.0	383025	315.858053362	0.2
4205.44461058	200	5.10874443034	0.0	383025	303.789165079	0.2
4205.74839975	200	5.30495526526	0.0	383025	303.789165079	0.2
4206.05218891	200	5.50116610018	0.0	383025	303.789165079	0.2
4206.35597808	200	5.6973769351	0.0	383025	303.789165079	0.2
4206.66541982	200	5.88793519146	0.0	383025	309.441743635	0.2
4206.97634875	200	6.07700625897	0.0	383025	310.928932491	0.2
4207.28727768	200	6.26607732648	0.0	383025	310.928932491	0.2
4207.59820662	200	6.45514839399	0.0	383025	310.928932491	0.2
4207.90913555	200	6.6442194615	0.0	383025	310.928932491	0.2
4208.22317457	200	6.8301804436	0.0	383025	314.039017895	0.2
4208.54319967	200	7.0101553378	0.0	383025	320.025105806	0.2
4208.86322478	200	7.19013023199	0.0	383025	320.025105806	0.2
4209.18324988	200	7.37010512618	0.0	383025	320.025105806	0.2
4209.50327499	200	7.55008002038	0.0	383025	320.025105806	0.2
4209.8233001	200	7.73005491457	0.0	383025	320.025105806	0.2
4210.1433252	200	7.91002980877	0.0	383025	320.025105806	0.2
4210.46335031	200	8.09000470296	0.0	383025	320.025105806	0.2
4210.78410632	200	8.26924869569	0.0	383025	320.756007271	0.2
4211.10489643	200	8.44845857884	0.0	383025	320.790116848	0.2
4211.42568655	200	8.62766846199	0.0	383025	320.790116848	0.2
4211.74647667	200	8.80687834514	0.0	383025	320.790116848	0.2
4212.06726678	200	8.98608822829	0.0	383025	320.790116848	0.2
4212.3880569	200	9.16529811145	0.0	383025	320.790116848	0.2
4212.7108408	200	9.3425142121	0.0	383025	322.783899344	0.2
4213.03455829	200	9.51879672021	0.0	383025	323.717491893	0.2
4213.35827578	200	9.69507922831	0.0	383025	323.717491893	0.2
4213.68199327	200	9.87136173642	0.0	383025	323.717491893	0.2
4214.50571077	200	9.54764424453	0.0	383025	323.717491893	0.2
4214.82942826	200	9.72392675263	0.0	383025	323.717491893	0.2
4215.15314575	200	9.90020926074	0.0	383025	323.717491893	0.2
4215.97627513	200	9.57707988018	0.0	383025	323.129380564	0.2
4216.29690163	200	9.75645337808	0.0	383025	320.626502096	0.2
4216.61752813	200	9.93582687598	0.0	383025	320.626502096	0.2
4217.43815464	200	9.61520037389	0.0	383025	320.626502096	0.2
4217.76067657	200	9.7926784388	0.0	383025	322.52193509	0.2
4218.08773017	200	9.96562484085	0.0	383025	327.053597949	0.2
4218.91478377	200	9.6385712429	0.0	383025	327.053597949	0.2
4219.24183737	200	9.81151764495	0.0	383025	327.053597949	0.2
4219.56889096	200	9.984464047	0.0	383025	327.053597949	0.2
4220.39594456	200	9.65741044906	0.0	383025	327.053597949	0.2
4220.72299816	200	9.83035685111	0.0	383025	327.053597949	0.2
4221.43293005	200	9.50330325316	0.0	383025	327.053597949	0.2
4221.76427299	200	9.67196031541	0.0	383025	331.342937752	0.2
4222.09561592	200	9.84061737765	0.0	383025	331.342937752	0.2
4222.92695886	200	9.5092744399	0.0	383025	331.342937752	0.2
4223.2583018	200	9.67793150215	0.0	383025	331.342937752	0.2
4223.58964474	200	9.8465885644	0.0	383025	331.342937752	0.2
4224.42098768	200	9.51524562665	0.0	383025	331.342937752	0.2
4224.75233061	200	9.6839026889	0.0	383025	331.342937752	0.2
4225.08337462	200	9.85285867846	0.0	383025	331.044010434	0.2
4225.91186053	200	9.52437276859	0.0	383025	328.485909874	0.2
4226.24034644	200	9.69588685871	0.0	383025	328.485909874	0.2
4226.56883235	200	9.86740094884	0.0	383025	328.485909874	0.2
4227.39731826	200	9.53891503897	0.0	383025	328.485909874	0.2
4227.72580417	200	9.71042912909	0.0	383025	328.485909874	0.2
4228.05429008	200	9.88194321922	0.0	383025	328.485909874	0.2
4228.43550035	200	9.55345730934	0.0	383025	328.485909874	0.2
4228.75563212	200	9.7333255388	0.0	383025	320.131770543	0.2
4229.07576389	200	9.91319376826	0.0	383025	320.131770543	0.2
4229.89589566	200	9.59306199771	0.0	383025	320.131770543	0.2
4230.21602743	200	9.77293022717	0.0	383025	320.131770543	0.2
4230.53403202	200	9.95492564296	0.0	383025	318.00458421	0.2
4231.34517386	200	9.64378380262	0.0	383025	311.141840343	0.2
4231.6563157	200	9.83264196227	0.0	383025	311.141840343	0.2
4232.40213891	200	9.52150012193	0.0	383025	311.141840343	0.2
4232.71231397	200	9.7113250654	0.0	383025	310.175056527	0.2
4233.02248903	200	9.90115000888	0.0	383025	310.175056527	0.2
4233.83229599	200	9.59134304578	0.0	383025	309.806963099	0.2
4234.14195762	200	9.78168141419	0.0	383025	309.661631588	0.2
4234.45161925	200	9.9720197826	0.0	383025	309.661631588	0.2
4235.26129855	200	9.6623404859	0.0	383025	309.679296701	0.2
4235.57234472	200	9.85129431217	0.0	383025	311.046173728	0.2
4236.38369204	200	9.53994699274	0.0	383025	311.347319433	0.2
4236.69579321	200	9.72784582984	0.0	383025	312.101162899	0.2
4237.00789437	200	9.91574466694	0.0	383025	312.101162899	0.2
4237.81964955	200	9.60398948121	0.0	383025	311.755185735	0.2
4238.13110767	200	9.7925313683	0.0	383025	311.458112909	0.2
4238.44256578	200	9.98107325539	0.0	383025	311.458112909	0.2
4239.25059039	200	9.66961514248	0.0	383025	311.458112909	0.2
4239.56660396	200	9.85360156809	0.0	383025	316.013574393	0.2
4240.38261754	200	9.53758799369	0.0	383025	316.013574393	0.2
4240.69863111	200	9.7215744193	0.0	383025	316.013574393	0.2
4241.01700145	200	9.90320407876	0.0	383025	318.370340539	0.2
4241.83700794	200	9.58319759075	0.0	383025	320.006488015	0.2

