2902.7444652684785	400	0.5	0.15355343584161849	181435	153.553435842	-2.67106871683237
2902.9003875911776	400	0.8440776773013263	0.0	184429	155.922322699	0.4
2903.136344900525	600	1.1081203679542169	0.0	285584	235.957309347	0.39999999999999997
2903.4560448130237	800	1.288420455454944	0.0	391425	319.699912499	0.6000000000000001
2903.775744725523	800	1.4687205429556716	0.0	391425	319.699912499	0.8
2904.173577552525	1000	1.5708877159537082	0.0	490176	397.832827002	0.8
2904.5957768220283	1000	1.648688446450508	0.0	513389	422.199269503	1.0
2905.005449513642	1000	1.7390157548365046	0.0	497055	409.672691614	1.0
2905.4335871310495	1000	1.8108781374291303	0.0	520019	428.137617407	1.0
2905.8868490765935	1000	1.857616191884686	0.0	551265	453.261945544	1.0
2906.3457934655535	1000	1.8986718029252552	0.0	558332	458.944388959	1.0
2906.787561067159	1000	1.9569042013198563	0.0	536970	441.767601605	1.0
2907.2342232064875	1000	2.010242061991019	0.0	536970	446.662139329	1.0
2907.559439284722	200	2.1850259837568182	0.0	383025	325.216078234	-0.6000000000000001
2907.8846553629564	200	2.3598099055226176	0.0	383025	325.216078234	0.2
2908.2098714411904	200	2.534593827288417	0.0	383025	325.216078234	0.2
2908.535087519425	200	2.709377749054216	0.0	383025	325.216078234	0.2
2908.8603035976594	200	2.8841616708200153	0.0	383025	325.216078234	0.2
2909.185519675894	200	3.0589455925858147	0.0	383025	325.216078234	0.2
2909.5107357541283	200	3.233729514351614	0.0	383025	325.216078234	0.2
2909.8359518323623	200	3.4085134361174134	0.0	383025	325.216078234	0.2
2910.1611679105968	200	3.5832973578832124	0.0	383025	325.216078234	0.2
2910.486383988831	200	3.7580812796490117	0.0	383025	325.216078234	0.2
2910.81087548982	200	3.9335897786602656	0.0	383025	324.491500989	0.2
2911.134028131387	200	4.110437137093321	0.0	383025	323.152641567	0.2
2911.4571807729535	200	4.287284495526375	0.0	383025	323.152641567	0.2
2911.7803334145206	200	4.46413185395943	0.0	383025	323.152641567	0.2
2912.1034860560876	200	4.6409792123924865	0.0	383025	323.152641567	0.2
2912.4266386976547	200	4.8178265708255426	0.0	383025	323.152641567	0.2
2912.7497913392212	200	4.994673929258598	0.0	383025	323.152641567	0.2
2913.0729439807883	200	5.171521287691654	0.0	383025	323.152641567	0.2
2913.3960966223553	200	5.34836864612471	0.0	383025	323.152641567	0.2
2913.7192492639224	200	5.525216004557766	0.0	383025	323.152641567	0.2
2914.042401905489	200	5.702063362990821	0.0	383025	323.152641567	0.2
2914.365554547056	200	5.878910721423877	0.0	383025	323.152641567	0.2
2914.688707188623	200	6.0557580798569335	0.0	383025	323.152641567	0.2
2915.01185983019	200	6.23260543828999	0.0	383025	323.152641567	0.2
2915.3365852244133	200	6.40788004406658	0.0	383025	324.725394223	0.2
2915.6616761194505	200	6.582789149029322	0.0	383025	325.090895037	0.2
2915.9867670144877	200	6.757698253992064	0.0	383025	325.090895037	0.2
2916.311857909525	200	6.932607358954807	0.0	383025	325.090895037	0.2
2916.636948804562	200	7.107516463917549	0.0	383025	325.090895037	0.2
2916.9620396995992	200	7.282425568880291	0.0	383025	325.090895037	0.2
2917.2871305946364	200	7.457334673843033	0.0	383025	325.090895037	0.2
2917.6122214896736	200	7.632243778805776	0.0	383025	325.090895037	0.2
2917.937312384711	200	7.807152883768518	0.0	383025	325.090895037	0.2
2918.26302498771	200	7.981440280769002	0.0	383025	325.712603	0.2
2918.58950037943	200	8.154964889049527	0.0	383025	326.475391719	0.2
2918.915975771149	200	8.328489497330052	0.0	383025	326.475391719	0.2
2919.2424511628687	200	8.502014105610579	0.0	383025	326.475391719	0.2
2919.568926554588	200	8.675538713891102	0.0	383025	326.475391719	0.2
2919.8954019463076	200	8.849063322171627	0.0	383025	326.475391719	0.2
2920.2218773380273	200	9.02258793045215	0.0	383025	326.475391719	0.2
2920.5483527297465	200	9.196112538732676	0.0	383025	326.475391719	0.2
2920.874828121466	200	9.3696371470132	0.0	383025	326.475391719	0.2
2921.2013035131854	200	9.543161755293724	0.0	383025	326.475391719	0.2
2921.527778904905	200	9.716686363574249	0.0	383025	326.475391719	0.2
2921.8542542966247	200	9.890210971854772	0.0	383025	326.475391719	0.2
2922.670618953363	200	9.573846315116493	0.0	383025	316.364656738	0.2
2922.985659052175	200	9.758806216304675	0.0	383025	315.040098812	0.2
2923.300699150987	200	9.94376611749286	0.0	383025	315.040098812	0.2
2924.115739249799	200	9.628726018681043	0.0	383025	315.040098812	0.2
2924.433870001488	200	9.810595266992177	0.0	383025	318.13075168886604	0.2
2924.753011476405	200	9.991453792075275	0.0	383025	319.141474917	0.2
2925.572152951322	200	9.672312317158374	0.0	383025	319.141474917	0.2
2925.8912944262393	200	9.853170842241472	0.0	383025	319.141474917	0.2
2926.710435901156	200	9.534029367324571	0.0	383025	319.141474917	0.2
2927.0295697001	200	9.7148955683807	0.0	383025	319.13379894387043	0.2
2927.3484373362617	200	9.896027932218683	0.0	383025	318.867636162	0.2
2928.1673049724236	200	9.577160296056666	0.0	383025	318.867636162	0.2
2928.4861726085855	200	9.75829265989465	0.0	383025	318.867636162	0.2
2928.8050402447475	200	9.939425023732634	0.0	383025	318.867636162	0.2
2929.6239078809094	200	9.620557387570617	0.0	383025	318.867636162	0.2
2929.9442108297794	200	9.800254438700428	0.0	383025	320.3029488701897	0.2
2930.2653890742304	200	9.979076194249322	0.0	383025	321.178244451	0.2
2931.086567318682	200	9.657897949798215	0.0	383025	321.178244451	0.2
2931.4077455631327	200	9.836719705347107	0.0	383025	321.178244451	0.2
2932.2289238075837	200	9.515541460896001	0.0	383025	321.178244451	0.2
2932.551636220692	200	9.692829047787477	0.0	383025	322.71241310852497	0.2
2932.8747302708953	200	9.869734997584285	0.0	383025	323.094050203	0.2
2933.6978243210983	200	9.546640947381093	0.0	383025	323.094050203	0.2
2934.020918371301	200	9.7235468971779	0.0	383025	323.094050203	0.2
2934.344012421504	200	9.900452846974709	0.0	383025	323.094050203	0.2
2935.167106471707	200	9.577358796771518	0.0	383025	323.094050203	0.2
2935.49020052191	200	9.754264746568326	0.0	383025	323.094050203	0.2
2935.813294572113	200	9.931170696365134	0.0	383025	323.094050203	0.2
2936.6360829975465	200	9.608382270931834	0.0	383025	322.7884254333005	0.2
2936.9585987836213	200	9.785866484857038	0.0	383025	322.515786075	0.2
2937.2811145696955	200	9.963350698782245	0.0	383025	322.515786075	0.2
2938.1036303557703	200	9.640834912707449	0.0	383025	322.515786075	0.2
2938.4261461418446	200	9.818319126632653	0.0	383025	322.515786075	0.2
2938.7486619279193	200	9.99580334055786	0.0	383025	322.515786075	0.2
2939.4814437288524	200	9.673287554483064	0.0	383025	322.515786075	0.2
2939.7972767020424	200	9.857454581293357	0.0	383025	315.83297319	0.2
2940.613109675232	200	9.54162160810365	0.0	383025	315.83297319	0.2
2940.9289426484215	200	9.725788634913945	0.0	383025	315.83297319	0.2
2941.244775621611	200	9.909955661724238	0.0	383025	315.83297319	0.2
2942.0613679155226	200	9.593363367812401	0.0	383025	316.592293911838	0.2
2942.378995094529	200	9.775736188806308	0.0	383025	317.627179006	0.2
2942.696622273535	200	9.958109009800214	0.0	383025	317.627179006	0.2
2943.514249452541	200	9.640481830794123	0.0	383025	317.627179006	0.2
2943.8318547240037	200	9.822876559331275	0.0	383025	317.60527146284744	0.2
2944.6494594906962	200	9.505271792639006	0.0	383025	317.604766692	0.2
2944.9670642573888	200	9.687667025946736	0.0	383025	317.604766692	0.2
2945.2846690240813	200	9.870062259254466	0.0	383025	317.604766692	0.2
2945.6833696959534	200	9.552457492562196	0.0	383025	317.604766692	0.2
2945.997367278103	200	9.738459910413177	0.0	383025	313.997582149	0.2
2946.311364860252	200	9.924462328264156	0.0	383025	313.997582149	0.2
2947.125362442401	200	9.610464746115134	0.0	383025	313.997582149	0.2
2947.4393600245503	200	9.796467163966113	0.0	383025	313.997582149	0.2
2947.752588989813	200	9.983238198703496	0.0	383025	313.228965262617	0.2
2948.5656916195217	200	9.670135568995137	0.0	383025	313.102629708	0.2
2948.87879424923	200	9.857032939286778	0.0	383025	313.102629708	0.2
2949.4415199766017	200	9.54393030957842	0.0	383025	313.102629708	0.2
2949.754422314705	200	9.731027971475207	0.0	383025	312.902338103	0.2
2950.0673246528086	200	9.918125633371995	0.0	383025	312.902338103	0.2
2950.608557274585	200	9.60522329526878	0.0	383025	312.902338103	0.2
2950.922475787026	200	9.791304782828222	0.0	383025	313.918512441	0.2
2951.2363942994666	200	9.977386270387662	0.0	383025	313.918512441	0.2
2952.0503128119076	200	9.663467757947103	0.0	383025	313.918512441	0.2

