1655.439162603406	400	0.5	0.15043935817038606	181435	150.43935817	-2.608787163407721
1655.5919194606165	400	0.8472431427893949	0.0	184429	152.756857211	0.4
1655.8229751205706	600	1.1161874828355187	0.0	285584	231.055659954	0.39999999999999997
1656.1359567711443	800	1.303205832261796	0.0	391425	312.981650574	0.6000000000000001
1656.4435821934076	800	1.4955804099986185	0.0	391425	307.625422263	0.8
1656.8250566046981	1000	1.6141059987079243	0.0	490176	381.474411291	0.8
1657.2239480850212	1000	1.715214518384694	0.0	513389	398.891480323	1.0
1657.6091074393871	1000	1.8300551640188	0.0	497055	385.159354366	1.0
1658.0140763991722	1000	1.9250862042337678	0.0	520019	404.968959785	1.0
1658.4498464655076	1000	1.989316137898372	0.0	551265	435.770066335	1.0
1658.8916569069702	1000	2.0475056964359193	0.0	558332	441.810441462	1.0
1659.1983377543986	200	2.2408248490075	0.0	383025	306.680847428	-0.6000000000000001
1659.5150621012524	200	2.4241005021537103	0.0	383025	316.724346854	0.2
1659.8321507874289	200	2.607011815977119	0.0	383025	317.088686177	0.2
1660.1478793923975	200	2.7912832110085657	0.0	383025	315.728604969	0.2
1660.4632315404463	200	2.9759310629599125	0.0	383025	315.352148049	0.2
1660.776479050309	200	3.162683553097118	0.0	383025	313.247509863	0.2
1661.0810952990976	200	3.358067304308593	0.0	383025	304.616248789	0.2
1661.385711547886	200	3.553451055520068	0.0	383025	304.616248789	0.2
1661.6849319648109	200	3.7542306385952475	0.0	383025	299.220416925	0.2
1661.9839030627475	200	3.955259540658597	0.0	383025	298.971097937	0.2
1662.2846080548054	200	4.154554548600923	0.0	383025	300.704992058	0.2
1662.585745799127	200	4.3534168042790915	0.0	383025	301.137744322	0.2
1662.8887390297373	200	4.55042357366889	0.0	383025	302.99323061	0.2
1663.1917322603474	200	4.747430343058688	0.0	383025	302.99323061	0.2
1663.499348079718	200	4.939814523688169	0.0	383025	307.615819371	0.2
1663.808080185522	200	5.131082417884374	0.0	383025	308.732105804	0.2
1664.117062644731	200	5.32209995867523	0.0	383025	308.982459209	0.2
1664.4261723012144	200	5.512990302191778	0.0	383025	309.109656483	0.2
1664.733726719182	200	5.70543588422426	0.0	383025	307.554417968	0.2
1665.0384708224244	200	5.9006917809817585	0.0	383025	304.744103243	0.2
1665.3419014135297	200	6.097261189876583	0.0	383025	303.430591105	0.2
1665.644139554236	200	6.295023049170063	0.0	383025	302.238140707	0.2
1665.9452721345192	200	6.493890468886895	0.0	383025	301.132580283	0.2
1666.2445091262923	200	6.694653477113679	0.0	383025	299.236991773	0.2
1666.5441874364753	200	6.894975166930476	0.0	383025	299.678310183	0.2
1666.8443046039536	200	7.094857999452366	0.0	383025	300.117167478	0.2
1667.144268420821	200	7.294894182585258	0.0	383025	299.963816867	0.2
1667.4440577314226	200	7.495104871983512	0.0	383025	299.789310602	0.2
1667.7471459585167	200	7.692016644889457	0.0	383025	303.088227094	0.2
1668.050541099564	200	7.888621503842211	0.0	383025	303.395141047	0.2
1668.3506051627817	200	8.088557440624466	0.0	383025	300.064063218	0.2
1668.6496030804547	200	8.289559522951489	0.0	383025	298.997917673	0.2
1668.951341566622	200	8.487821036784114	0.0	383025	301.738486167	0.2
1669.2528611548614	200	8.686301448544693	0.0	383025	301.519588239	0.2
1669.5541572579777	200	8.885005345428485	0.0	383025	301.296103116	0.2
1669.8604443552294	200	9.078718248176683	0.0	383025	306.287097252	0.2
1670.1741953194546	200	9.264967283951368	0.0	383025	313.750964225	0.2
1670.48794628368	200	9.451216319726052	0.0	383025	313.750964225	0.2
1670.8137129447514	200	9.625449658654526	0.0	383025	325.766661072	0.2
1671.1408343383737	200	9.798328265032271	0.0	383025	327.121393622	0.2
1671.4685263902657	200	9.970636213140326	0.0	383025	327.692051892	0.2
1671.8762195866318	200	9.641691139772403	0.0	383025	328.945073368	0.2
1672.2009718275322	200	9.816938898871992	0.0	383025	324.7522409	0.2
1672.529705190387	200	9.988205536017237	0.0	383025	328.73336285475654	0.2
1672.865502878249	200	9.656423569762785	0.0	383025	331.781966254	0.2
1673.1786216354747	200	9.843304812536967	0.0	383025	313.118757226	0.2
1673.8619936192597	200	9.530186055311152	0.0	383025	313.118757226	0.2
1674.170707274087	200	9.721472400483716	0.0	383025	308.7136548274356	0.2
1674.4762533807063	200	9.91592629386449	0.0	383025	305.546106619	0.2
1674.7884614952652	200	9.612078730588024	0.0	383025	303.84756327646676	0.2
1675.086058802299	200	9.81448142355429	0.0	383025	297.597307034	0.2
1675.884134440859	200	9.516405784994213	0.0	383025	298.07563856007636	0.2
1676.1859945381036	200	9.714545687749569	0.0	383025	301.8600972446438	0.2
1676.4880420217066	200	9.912498204146523	0.0	383025	302.047483603	0.2
1676.8422885744956	200	9.609345423714077	0.0	383025	303.1527804324472	0.2
1677.1498700039715	200	9.801763994238183	0.0	383025	307.581429476	0.2
1677.457498170646	200	9.994135827563884	0.0	383025	307.62816667429774	0.2
1677.9234102233602	200	9.684331504509963	0.0	383025	309.804323054	0.2
1678.230276920936	200	9.877464806934412	0.0	383025	306.866697576	0.2
1678.5682412833924	200	9.56996982502415	0.0	383025	307.4949819102618	0.2
1678.8800897475192	200	9.75812136089724	0.0	383025	311.848464127	0.2
1679.1919382116462	200	9.946272896770328	0.0	383025	311.848464127	0.2
1679.526779440101	200	9.635935513242979	0.0	383025	310.33738352734787	0.2
1679.8365614556265	200	9.826153497717506	0.0	383025	309.782015525	0.2
1680.6104112613305	200	9.516371482192032	0.0	383025	309.782015525	0.2
1680.9338837653415	200	9.692898978181018	0.0	383025	323.4725040110127	0.2
1681.2759686611537	200	9.850814082368903	0.0	383025	342.084895812	0.2
1681.8897635664796	200	9.508729186556788	0.0	383025	342.084895812	0.2
1682.2344659210519	200	9.664026831984577	0.0	383025	344.702354572	0.2
1682.579168275624	200	9.819324477412366	0.0	383025	344.702354572	0.2
1682.9252936974272	200	9.97319905560908	0.0	383025	346.1254218032856	0.2
1683.774497246455	200	9.623995506581458	0.0	383025	349.203549028	0.2
1684.1169653832462	200	9.78152736978998	0.0	383025	342.4681367914773	0.2
1684.4464133888737	200	9.952079364162655	0.0	383025	329.448005627	0.2
1685.2336693560362	200	9.62263135853533	0.0	383025	329.448005627	0.2
1685.586872457235	200	9.769428257336681	0.0	383025	353.203101199	0.2
1685.9400755584336	200	9.916225156138035	0.0	383025	353.203101199	0.2
1686.7938765358667	200	9.562424178704838	0.0	383025	353.8009774331962	0.2
1687.1484715580866	200	9.707829156484898	0.0	383025	354.59502222	0.2
1687.5030665803065	200	9.85323413426496	0.0	383025	354.59502222	0.2
1687.8625847541994	200	9.99371596037224	0.0	383025	359.51817389271935	0.2
1688.7234214698028	200	9.632879244768773	0.0	383025	360.836715603	0.2
1689.0830249729443	200	9.773275741627222	0.0	383025	359.60350314155187	0.2
1689.4203436135529	200	9.93595710101859	0.0	383025	337.318640609	0.2
1689.9894630184217	200	9.598638460409958	0.0	383025	337.318640609	0.2
1690.3137795863602	200	9.774321892471658	0.0	383025	324.316567938	0.2
1690.6356205475154	200	9.952480931316483	0.0	383025	321.84096115517616	0.2
1691.1950032195837	200	9.636768703809308	0.0	383025	315.712227507	0.2
1691.5070429800726	200	9.824728943320517	0.0	383025	312.039760489	0.2
1692.3227887410087	200	9.508983182384416	0.0	383025	315.7457609361012	0.2
1692.6515613061686	200	9.680210617224585	0.0	383025	328.77256515983066	0.2
1692.9873217222696	200	9.844450201123578	0.0	383025	335.760416101	0.2
1693.4950957540896	200	9.5085577303369	0.0	383025	335.8924707866793	0.2
1693.8091781493176	200	9.69447533510873	0.0	383025	314.082395228	0.2
1694.1232605445457	200	9.880392939880563	0.0	383025	314.082395228	0.2
1694.9406654462578	200	9.562988038168658	0.0	383025	317.4049017119044	0.2
1695.25958479859	200	9.744068685836456	0.0	383025	318.9193523322002	0.2
1695.5785032157178	200	9.925150268708334	0.0	383025	318.918417128	0.2
1695.9904383717014	200	9.606827163897597	0.0	383025	318.3231048107364	0.2
1696.3107665921714	200	9.786498943427643	0.0	383025	320.3282204699528	0.2
1696.6383354876739	200	9.95893004792501	0.0	383025	327.568895503	0.2
1697.4659043831766	200	9.631361152422379	0.0	383025	327.568895503	0.2
1697.7934732786794	200	9.803792256919746	0.0	383025	327.568895503	0.2
1698.121042174182	200	9.976223361417112	0.0	383025	327.568895503	0.2
1698.9525099279538	200	9.644755607645534	0.0	383025	331.4677537715794	0.2
1699.287731927576	200	9.809533608023266	0.0	383025	335.221999622	0.2
1699.6205757751802	200	9.976689760419044	0.0	383025	332.84384760422336	0.2
1700.2664586489377	200	9.645623122416007	0.0	383025	331.066638003	0.2
1700.6098599278635	200	9.802221843490468	0.0	383025	343.401278926	0.2

