4291.40379827	400	0.5	0.158810483461	181435	158.810483461	-2.77620966921
4291.80054149	1000	0.603256780243	0.0	471531	396.743219757	0.4
4292.20623376	1000	0.697564508841	0.0	482442	405.692271401	1.0
4292.6198638	1000	0.783934475382	0.0	492120	413.630033459	1.0
4293.03349383	1000	0.870304441923	0.0	492120	413.630033459	1.0
4293.44552942	1000	0.95826885044	0.0	490176	412.035591483	1.0
4293.87660399	1000	1.02719427666	0.0	513389	431.074573778	1.0
4294.29226937	1000	1.11152890299	0.0	497055	415.665373673	1.0
4294.71795798	1000	1.18584028855	0.0	520019	425.688614443	1.0
4295.16862377	1000	1.23517449741	0.0	551265	450.665791137	1.0
4295.62493873	1000	1.27885954453	0.0	558332	456.314952876	1.0
4296.06283984	1000	1.34095842575	0.0	536970	437.901118783	1.0
4296.49986336	1000	1.40393491019	0.0	536970	437.023515559	1.0
4296.93688688	1000	1.46691139463	0.0	536970	437.023515559	1.0
4297.37391039	1000	1.52988787907	0.0	536970	437.023515559	1.0
4297.81093391	1000	1.59286436351	0.0	536970	437.023515559	1.0
4298.24999053	1000	1.65380774045	0.0	553424	439.056623067	1.0
4298.65792226	1000	1.74587600555	0.0	522960	407.931734896	1.0
4299.06750642	1000	1.83629185029	0.0	522960	409.58415526	1.0
4299.49892282	1000	1.90487544631	0.0	532300	431.416403977	1.0
4299.90714589	1000	1.9966523825	0.0	503004	408.22306381	1.0
4300.29856771	1000	2.10523055658	0.0	481782	391.421825927	1.0
4300.61180464	200	2.29199362602	0.0	383025	313.236930553	-0.6
4300.92504158	200	2.47875669547	0.0	383025	313.236930553	0.2
4301.24215137	200	2.66164689672	0.0	383025	317.109798749	0.2
4301.55953386	200	2.84426441269	0.0	383025	317.382484027	0.2
4301.87691634	200	3.02688192867	0.0	383025	317.382484027	0.2
4302.19429883	200	3.20949944464	0.0	383025	317.382484027	0.2
4302.51122149	200	3.39257677667	0.0	383025	316.92266797	0.2
4302.8278854	200	3.57591286934	0.0	383025	316.663907334	0.2
4303.14454931	200	3.759248962	0.0	383025	316.663907334	0.2
4303.46121322	200	3.94258505467	0.0	383025	316.663907334	0.2
4303.77805436	200	4.12574390963	0.0	383025	316.841145042	0.2
4304.09709282	200	4.30670544673	0.0	383025	319.038462895	0.2
4304.41613129	200	4.48766698384	0.0	383025	319.038462895	0.2
4304.73516975	200	4.66862852094	0.0	383025	319.038462895	0.2
4305.05420821	200	4.84959005805	0.0	383025	319.038462895	0.2
4305.37324668	200	5.03055159515	0.0	383025	319.038462895	0.2
4305.69228514	200	5.21151313226	0.0	383025	319.038462895	0.2
4306.00893457	200	5.39486370422	0.0	383025	316.649428036	0.2
4306.32471105	200	5.57908722277	0.0	383025	315.776481454	0.2
4306.64048753	200	5.76331074131	0.0	383025	315.776481454	0.2
4306.95626401	200	5.94753425986	0.0	383025	315.776481454	0.2
4307.27204049	200	6.1317577784	0.0	383025	315.776481454	0.2
4307.58779186	200	6.31600640684	0.0	383025	315.75137156	0.2
4307.90323202	200	6.50056624822	0.0	383025	315.440158624	0.2
4308.21867218	200	6.6851260896	0.0	383025	315.440158624	0.2
4308.53411234	200	6.86968593097	0.0	383025	315.440158624	0.2
4308.8495525	200	7.05424577235	0.0	383025	315.440158624	0.2
4309.16499266	200	7.23880561372	0.0	383025	315.440158624	0.2
4309.4895889	200	7.41420937369	0.0	383025	324.596240038	0.2
4309.82096929	200	7.58282898452	0.0	383025	331.380389164	0.2
4310.15234968	200	7.75144859536	0.0	383025	331.380389164	0.2
4310.48373006	200	7.92006820619	0.0	383025	331.380389164	0.2
4310.81511045	200	8.08868781703	0.0	383025	331.380389164	0.2
4311.14649084	200	8.25730742786	0.0	383025	331.380389164	0.2
4311.47787123	200	8.4259270387	0.0	383025	331.380389164	0.2
4311.80925162	200	8.59454664953	0.0	383025	331.380389164	0.2
4312.14063201	200	8.76316626037	0.0	383025	331.380389164	0.2
4312.47353466	200	8.93026360837	0.0	383025	332.902652001	0.2
4312.80803065	200	9.09576762156	0.0	383025	334.495986807	0.2
4313.14252664	200	9.26127163475	0.0	383025	334.495986807	0.2
4313.47702262	200	9.42677564795	0.0	383025	334.495986807	0.2
4313.81151861	200	9.59227966114	0.0	383025	334.495986807	0.2
4314.1460146	200	9.75778367433	0.0	383025	334.495986807	0.2
4314.48051058	200	9.92328768753	0.0	383025	334.495986807	0.2
4315.31500657	200	9.58879170072	0.0	383025	334.495986807	0.2
4315.64950256	200	9.75429571391	0.0	383025	334.495986807	0.2
4315.98399854	200	9.9197997271	0.0	383025	334.495986807	0.2
4316.81849453	200	9.5853037403	0.0	383025	334.495986807	0.2
4317.15299052	200	9.75080775349	0.0	383025	334.495986807	0.2
4317.47082059	200	9.9329776819	0.0	383025	317.830071585	0.2
4318.28854746	200	9.61525081425	0.0	383025	317.726867655	0.2
4318.60627432	200	9.79752394659	0.0	383025	317.726867655	0.2
4318.92408937	200	9.97970889701	0.0	383025	317.815049583	0.2
4319.74275153	200	9.66104674392	0.0	383025	318.662153089	0.2
4320.06141368	200	9.84238459083	0.0	383025	318.662153089	0.2
4320.43516393	200	9.52372243774	0.0	383025	318.662153089	0.2
4320.7468464	200	9.71203996836	0.0	383025	311.682469387	0.2
4321.05852886	200	9.90035749897	0.0	383025	311.682469387	0.2
4321.59034683	200	9.58867502958	0.0	383025	311.682469387	0.2
4321.91045354	200	9.76856831324	0.0	383025	320.106716343	0.2
4322.23056026	200	9.9484615969	0.0	383025	320.106716343	0.2
4323.05066698	200	9.62835488055	0.0	383025	320.106716343	0.2
4323.37069209	200	9.80832976568	0.0	383025	320.02511487	0.2
4323.68840301	200	9.99061884777	0.0	383025	317.710917914	0.2
4324.50611393	200	9.67290792986	0.0	383025	317.710917914	0.2
4324.82382484	200	9.85519701194	0.0	383025	317.710917914	0.2
4325.63824415	200	9.5407777099	0.0	383025	314.419302045	0.2
4325.94878811	200	9.73023374688	0.0	383025	310.543963013	0.2
4326.25933207	200	9.91968978387	0.0	383025	310.543963013	0.2
4327.07183643	200	9.60718542573	0.0	383025	312.504358145	0.2
4327.38565975	200	9.79336210723	0.0	383025	313.823318497	0.2
4327.70194834	200	9.97707352012	0.0	383025	316.288587105	0.2
4328.52047435	200	9.65854750959	0.0	383025	318.526010535	0.2
4328.83900036	200	9.84002149905	0.0	383025	318.526010535	0.2
4329.2848414	200	9.52149548852	0.0	383025	318.526010535	0.2
4329.6013272	200	9.70500969371	0.0	383025	316.485794808	0.2
4329.91781299	200	9.8885238989	0.0	383025	316.485794808	0.2
4330.6810713	200	9.5720381041	0.0	383025	316.485794808	0.2
4330.99695616	200	9.75615324642	0.0	383025	315.884857675	0.2
4331.31284101	200	9.94026838874	0.0	383025	315.884857675	0.2
4332.12874919	200	9.62436021018	0.0	383025	315.908178567	0.2
4332.44624543	200	9.80686397131	0.0	383025	317.496238869	0.2
4332.76374167	200	9.98936773244	0.0	383025	317.496238869	0.2
4333.27817688	200	9.67187149357	0.0	383025	317.496238869	0.2
4333.60408349	200	9.84596487967	0.0	383025	325.906613903	0.2
4334.42999011	200	9.52005826577	0.0	383025	325.906613903	0.2
4334.75589672	200	9.69415165186	0.0	383025	325.906613903	0.2
4335.08180333	200	9.86824503796	0.0	383025	325.906613903	0.2
4335.45418197	200	9.54233842406	0.0	383025	325.906613903	0.2
4335.78158718	200	9.71493321825	0.0	383025	327.40520581	0.2
4336.10899238	200	9.88752801244	0.0	383025	327.40520581	0.2
4336.93639759	200	9.56012280663	0.0	383025	327.40520581	0.2
4337.26380279	200	9.73271760082	0.0	383025	327.40520581	0.2
4337.591208	200	9.90531239501	0.0	383025	327.40520581	0.2
4338.2195166	200	9.5779071892	0.0	383025	327.40520581	0.2
4338.5416183	200	9.75580548924	0.0	383025	322.101699958	0.2
4338.86372	200	9.93370378928	0.0	383025	322.101699958	0.2
4339.6858217	200	9.61160208932	0.0	383025	322.101699958	0.2

