5563.17936541	400	0.5	0.16129754956	181435	161.29754956	-2.8259509912
5563.58257226	1000	0.596793149935	0.0	471531	403.206850065	0.4
5563.99487773	1000	0.684487682937	0.0	482442	412.305466998	1.0
5564.41525362	1000	0.764111790251	0.0	492120	420.375892686	1.0
5564.83562952	1000	0.843735897565	0.0	492120	420.375892686	1.0
5565.25438432	1000	0.924981094726	0.0	490176	418.754802839	1.0
5565.6924963	1000	0.986869111531	0.0	513389	438.111983195	1.0
5566.11698746	1000	1.06237795218	0.0	497055	424.491159349	1.0
5566.56062816	1000	1.11873725207	0.0	520019	443.640700111	1.0
5567.03375415	1000	1.14561125892	0.0	551265	473.125993146	1.0
5567.51414949	1000	1.16521592203	0.0	558332	480.395336897	1.0
5567.97654732	1000	1.20281809412	0.0	536970	462.397827911	1.0
5568.43894515	1000	1.2404202662	0.0	536970	462.397827911	1.0
5568.90134298	1000	1.27802243829	0.0	536970	462.397827911	1.0
5569.3637408	1000	1.31562461038	0.0	536970	462.397827911	1.0
5569.82493968	1000	1.35442573075	0.0	536970	461.198879632	1.0
5570.27026508	1000	1.40910033508	0.0	553424	445.325395672	1.0
5570.69162738	1000	1.48773803615	0.0	522960	421.362298926	1.0
5571.11298968	1000	1.56637573723	0.0	522960	421.362298926	1.0
5571.53777357	1000	1.64159184856	0.0	532300	424.783888663	1.0
5571.9361684	1000	1.74319701829	0.0	503004	398.39483027	1.0
5572.31817665	1000	1.86118876763	0.0	481782	382.008250665	1.0
5572.70843158	1000	1.97093383016	0.0	481782	390.254937466	1.0
5573.12307068	1000	2.05629473081	0.0	510552	414.639099358	1.0
5573.43663798	200	2.24272743299	0.0	383025	313.56729781	-0.6
5573.75020528	200	2.42916013518	0.0	383025	313.56729781	0.2
5574.06377258	200	2.61559283737	0.0	383025	313.56729781	0.2
5574.37593901	200	2.80342640366	0.0	383025	312.166433716	0.2
5574.68747423	200	2.99189118025	0.0	383025	311.535223405	0.2
5574.99900946	200	3.18035595685	0.0	383025	311.535223405	0.2
5575.31013279	200	3.36923262464	0.0	383025	311.123332209	0.2
5575.62045604	200	3.55890937833	0.0	383025	310.323246314	0.2
5575.93077928	200	3.74858613201	0.0	383025	310.323246314	0.2
5576.24110253	200	3.9382628857	0.0	383025	310.323246314	0.2
5576.55153476	200	4.12783065122	0.0	383025	310.432234478	0.2
5576.86199827	200	4.31736714102	0.0	383025	310.463510194	0.2
5577.17246178	200	4.50690363083	0.0	383025	310.463510194	0.2
5577.48292529	200	4.69644012063	0.0	383025	310.463510194	0.2
5577.79331953	200	4.88604588568	0.0	383025	310.394234953	0.2
5578.10356467	200	5.07580073962	0.0	383025	310.245146064	0.2
5578.41380982	200	5.26555559355	0.0	383025	310.245146064	0.2
5578.72405497	200	5.45531044749	0.0	383025	310.245146064	0.2
5579.03430011	200	5.64506530143	0.0	383025	310.245146064	0.2
5579.34579764	200	5.83356777187	0.0	383025	311.497529559	0.2
5579.65745387	200	6.02191154212	0.0	383025	311.656229751	0.2
5579.9691101	200	6.21025531236	0.0	383025	311.656229751	0.2
5580.28076633	200	6.39859908261	0.0	383025	311.656229751	0.2
5580.59307388	200	6.58629153094	0.0	383025	312.30755167	0.2
5580.90661288	200	6.77275253656	0.0	383025	313.538994385	0.2
5581.22015187	200	6.95921354217	0.0	383025	313.538994385	0.2
5581.53369087	200	7.14567454779	0.0	383025	313.538994385	0.2
5581.84507075	200	7.33429466461	0.0	383025	311.379883176	0.2
5582.15390031	200	7.52546510831	0.0	383025	308.829556301	0.2
5582.46272986	200	7.71663555201	0.0	383025	308.829556301	0.2
5582.77155942	200	7.90780599571	0.0	383025	308.829556301	0.2
5583.08069279	200	8.09867262055	0.0	383025	309.133375155	0.2
5583.39358981	200	8.28577560836	0.0	383025	312.897012195	0.2
5583.70648682	200	8.47287859616	0.0	383025	312.897012195	0.2
5584.01938383	200	8.65998158397	0.0	383025	312.897012195	0.2
5584.33228084	200	8.84708457177	0.0	383025	312.897012195	0.2
5584.64418624	200	9.03517917288	0.0	383025	311.905398891	0.2
5584.95563303	200	9.22373238829	0.0	383025	311.446784593	0.2
5585.26707981	200	9.41228560369	0.0	383025	311.446784593	0.2
5585.57852659	200	9.6008388191	0.0	383025	311.446784593	0.2
5585.89179888	200	9.78756653138	0.0	383025	313.272287724	0.2
5586.21384749	200	9.96551792812	0.0	383025	322.048603255	0.2
5587.03589609	200	9.64346932487	0.0	383025	322.048603255	0.2
5587.35794469	200	9.82142072161	0.0	383025	322.048603255	0.2
5588.17799693	200	9.50136848602	0.0	383025	320.05223559	0.2
5588.49735948	200	9.68200593476	0.0	383025	319.36255126	0.2
5588.81672203	200	9.8626433835	0.0	383025	319.36255126	0.2
5589.59410124	200	9.54328083224	0.0	383025	319.36255126	0.2
5589.90968737	200	9.72769470504	0.0	383025	315.586127201	0.2
5590.2252735	200	9.91210857784	0.0	383025	315.586127201	0.2
5591.04088211	200	9.59649995905	0.0	383025	315.608618792	0.2
5591.35666589	200	9.78071618719	0.0	383025	315.783771855	0.2
5591.67244966	200	9.96493241534	0.0	383025	315.783771855	0.2
5592.48038233	200	9.64914864348	0.0	383025	315.783771855	0.2
5592.79180579	200	9.83772518417	0.0	383025	311.423459311	0.2
5593.60330696	200	9.52622400748	0.0	383025	311.501176686	0.2
5593.91491784	200	9.71461313513	0.0	383025	311.610872349	0.2
5594.22652871	200	9.90300226279	0.0	383025	311.610872349	0.2
5595.03985188	200	9.58967909179	0.0	383025	313.323170994	0.2
5595.35616174	200	9.77336923524	0.0	383025	316.309856551	0.2
5595.67443601	200	9.9550949612	0.0	383025	318.274274045	0.2
5596.4933147	200	9.63621626565	0.0	383025	318.878695544	0.2
5596.81192614	200	9.81760482663	0.0	383025	318.611439025	0.2
5597.6248915	200	9.50463946861	0.0	383025	312.965358015	0.2
5597.93785686	200	9.6916741106	0.0	383025	312.965358015	0.2
5598.25023123	200	9.87929973857	0.0	383025	312.374372029	0.2
5599.06033588	200	9.56919508564	0.0	383025	310.10465293	0.2
5599.37044054	200	9.75909043271	0.0	383025	310.10465293	0.2
5599.68241649	200	9.94711448042	0.0	383025	311.975952289	0.2
5600.49934381	200	9.63018715837	0.0	383025	316.92732205	0.2
5600.81627113	200	9.81325983632	0.0	383025	316.92732205	0.2
5601.13319698	200	9.99633398598	0.0	383025	316.925850337	0.2
5601.95003333	200	9.67949764281	0.0	383025	316.836343168	0.2
5602.26686967	200	9.86266129964	0.0	383025	316.836343168	0.2
5603.01917855	200	9.54582495648	0.0	383025	316.836343168	0.2
5603.33247107	200	9.73253243409	0.0	383025	313.292522387	0.2
5603.6462288	200	9.91877470944	0.0	383025	313.757724648	0.2
5604.46029631	200	9.6047071999	0.0	383025	314.067509538	0.2
5604.77436382	200	9.79063969037	0.0	383025	314.067509538	0.2
5605.08963938	200	9.97536412664	0.0	383025	315.275563725	0.2
5605.914285	200	9.65071850284	0.0	383025	324.645623806	0.2
5606.23893063	200	9.82607287903	0.0	383025	324.645623806	0.2
5607.06357625	200	9.50142725522	0.0	383025	324.645623806	0.2
5607.38655746	200	9.67844604295	0.0	383025	322.981212275	0.2
5607.70619237	200	9.85881113497	0.0	383025	319.634907978	0.2
5608.52582728	200	9.53917622699	0.0	383025	319.634907978	0.2
5608.84579541	200	9.71920810013	0.0	383025	319.968126864	0.2
5609.17017268	200	9.89483082984	0.0	383025	324.377270291	0.2
5609.99454995	200	9.57045355955	0.0	383025	324.377270291	0.2
5610.31892722	200	9.74607628925	0.0	383025	324.377270291	0.2
5610.64611884	200	9.91888466279	0.0	383025	327.191626466	0.2
5611.48037094	200	9.58463256971	0.0	383025	334.252093081	0.2
5611.81462303	200	9.75038047663	0.0	383025	334.252093081	0.2
5612.14887512	200	9.91612838354	0.0	383025	334.252093081	0.2
5612.98312722	200	9.58187629046	0.0	383025	334.252093081	0.2
5613.31737931	200	9.74762419738	0.0	383025	334.252093081	0.2

