668.614431363	400	0.5	0.168341419834	181435	168.341419834	-2.96682839668
669.035944511	1000	0.578486851844	0.0	471531	421.513148156	0.4
669.466979875	1000	0.647451487842	0.0	482442	431.035364001	1.0
669.906461395	1000	0.707969968131	0.0	492120	439.481519711	1.0
670.338462083	1000	0.775969280359	0.0	492120	432.000687773	1.0
670.754891553	1000	0.859539810403	0.0	490176	416.429469955	1.0
671.18094059	1000	0.933490772631	0.0	513389	426.049037772	1.0
671.577388538	1000	1.03704282471	0.0	497055	396.447947918	1.0
671.991063869	1000	1.12336749387	0.0	520019	413.675330846	1.0
672.427520704	1000	1.18691065868	0.0	551265	436.456835185	1.0
672.867654457	1000	1.24677690601	0.0	558332	440.133752675	1.0
673.290887034	1000	1.32354432879	0.0	536970	423.232577222	1.0
673.710136876	1000	1.4042944867	0.0	536970	419.249842081	1.0
674.118616749	1000	1.49581461428	0.0	536970	408.479872424	1.0
674.521214088	1000	1.5932172746	0.0	536970	402.597339679	1.0
674.93114879	1000	1.68328257303	0.0	536970	409.934701574	1.0
675.366868661	1000	1.74756270195	0.0	553424	435.719871082	1.0
675.784715315	1000	1.829716048	0.0	522960	417.84665395	1.0
676.21120663	1000	1.9032247334	0.0	522960	426.491314595	1.0
676.646404538	1000	1.96802682525	0.0	532300	435.197908154	1.0
677.05150991	1000	2.06292145318	0.0	503004	405.105372068	1.0
677.361861129	200	2.252570234	0.0	383025	310.351219183	-0.6
677.672711097	200	2.44172026619	0.0	383025	310.849967808	0.2
677.983561065	200	2.63087029838	0.0	383025	310.849967808	0.2
678.29661317	200	2.81781819335	0.0	383025	313.052105025	0.2
678.61262606	200	3.00180530313	0.0	383025	316.012890221	0.2
678.92863895	200	3.18579241291	0.0	383025	316.012890221	0.2
679.248815738	200	3.36561562487	0.0	383025	320.176788038	0.2
679.569573182	200	3.54485818072	0.0	383025	320.757444155	0.2
679.890330626	200	3.72410073656	0.0	383025	320.757444155	0.2
680.213607264	200	3.90082409912	0.0	383025	323.276637447	0.2
680.53693147	200	4.07749989264	0.0	383025	323.324206476	0.2
680.856114203	200	4.25831716049	0.0	383025	319.182732155	0.2
681.170437501	200	4.44399386214	0.0	383025	314.323298345	0.2
681.484760799	200	4.6296705638	0.0	383025	314.323298345	0.2
681.798943195	200	4.81548816851	0.0	383025	314.182395281	0.2
682.113103447	200	5.00132791581	0.0	383025	314.160252707	0.2
682.431914965	200	5.18251639778	0.0	383025	318.811518028	0.2
682.755433511	200	5.35899785246	0.0	383025	323.518545319	0.2
683.078952056	200	5.53547930714	0.0	383025	323.518545319	0.2
683.397729688	200	5.71670167509	0.0	383025	318.777632046	0.2
683.714046184	200	5.90038517879	0.0	383025	316.316496303	0.2
684.032566947	200	6.08186441591	0.0	383025	318.520762885	0.2
684.35203458	200	6.26239678309	0.0	383025	319.467632811	0.2
684.671502213	200	6.44292915028	0.0	383025	319.467632811	0.2
684.986190527	200	6.6282408359	0.0	383025	314.688314379	0.2
685.298924593	200	6.81550677037	0.0	383025	312.734065537	0.2
685.595965493	200	7.01846586995	0.0	383025	297.040900421	0.2
685.896621693	200	7.21780967029	0.0	383025	300.656199656	0.2
686.211895215	200	7.40253614762	0.0	383025	315.273522673	0.2
686.527168738	200	7.58726262494	0.0	383025	315.273522673	0.2
686.847640713	200	7.76679065027	0.0	383025	320.471974675	0.2
687.171430085	200	7.94300127852	0.0	383025	323.789371753	0.2
687.495219456	200	8.11921190676	0.0	383025	323.789371753	0.2
687.822767349	200	8.29166401433	0.0	383025	327.547892431	0.2
688.154808831	200	8.45962253211	0.0	383025	332.04148222	0.2
688.486850313	200	8.62758104989	0.0	383025	332.04148222	0.2
688.822307857	200	8.79212350584	0.0	383025	335.457544054	0.2
689.167635406	200	8.94679595663	0.0	383025	345.327549214	0.2
689.512962956	200	9.10146840741	0.0	383025	345.327549214	0.2
689.858290505	200	9.2561408582	0.0	383025	345.327549214	0.2
690.202589427	200	9.41184193638	0.0	383025	344.298921816	0.2
690.54397622	200	9.57045514303	0.0	383025	341.386793347	0.2
690.885363013	200	9.72906834969	0.0	383025	341.386793347	0.2
691.234052635	200	9.88037872782	0.0	383025	348.689621865	0.2
692.08406218	200	9.53036918353	0.0	383025	350.009544289	0.2
692.434071724	200	9.68035963924	0.0	383025	350.009544289	0.2
692.786833275	200	9.82759808826	0.0	383025	352.761550987	0.2
693.147476911	200	9.9669544521	0.0	383025	360.643636161	0.2
694.008120547	200	9.60631081593	0.0	383025	360.643636161	0.2
694.368764183	200	9.74566717977	0.0	383025	360.643636161	0.2
694.729407819	200	9.88502354361	0.0	383025	360.643636161	0.2
695.58995475	200	9.52447661329	0.0	383025	360.546930328	0.2
695.949183238	200	9.66524812553	0.0	383025	359.228487758	0.2
696.308411725	200	9.80601963777	0.0	383025	359.228487758	0.2
696.667640213	200	9.94679115001	0.0	383025	359.228487758	0.2
697.529287001	200	9.58514436212	0.0	383025	361.646787888	0.2
697.896895604	200	9.71753575896	0.0	383025	367.608603163	0.2
698.264504207	200	9.8499271558	0.0	383025	367.608603163	0.2
698.63211281	200	9.98231855264	0.0	383025	367.608603163	0.2
699.15335297	200	9.61470994947	0.0	383025	367.608603163	0.2
699.520648135	200	9.74741478436	0.0	383025	367.295165113	0.2
699.8879433	200	9.88011961925	0.0	383025	367.295165113	0.2
700.755238465	200	9.51282445413	0.0	383025	367.295165113	0.2
701.12253363	200	9.64552928902	0.0	383025	367.295165113	0.2
701.489828795	200	9.77823412391	0.0	383025	367.295165113	0.2
701.85712396	200	9.9109389588	0.0	383025	367.295165113	0.2
702.725934652	200	9.54212826673	0.0	383025	368.810692069	0.2
703.094800731	200	9.6732621879	0.0	383025	368.86607883	0.2
703.46366681	200	9.80439610907	0.0	383025	368.86607883	0.2
703.832532889	200	9.93553003024	0.0	383025	368.86607883	0.2
704.701398968	200	9.56666395141	0.0	383025	368.86607883	0.2
705.06571933	200	9.70234358935	0.0	383025	364.320362055	0.2
705.428555683	200	9.83950723644	0.0	383025	362.836352911	0.2
705.791392036	200	9.97667088353	0.0	383025	362.836352911	0.2
706.654228389	200	9.61383453062	0.0	383025	362.836352911	0.2
707.017064742	200	9.75099817771	0.0	383025	362.836352911	0.2
707.379901094	200	9.8881618248	0.0	383025	362.836352911	0.2
708.23265923	200	9.53540368884	0.0	383025	352.75813596	0.2
708.576065816	200	9.69199710298	0.0	383025	343.406585853	0.2
708.919893441	200	9.84816947868	0.0	383025	343.827624306	0.2
709.764864096	200	9.50319882315	0.0	383025	344.970655525	0.2
710.109834752	200	9.65822816763	0.0	383025	344.970655525	0.2
710.449878013	200	9.81818490651	0.0	383025	340.043261121	0.2
710.789255234	200	9.9788076852	0.0	383025	339.377221307	0.2
711.387543612	200	9.63943046389	0.0	383025	339.377221307	0.2
711.729406623	200	9.79756745269	0.0	383025	341.863011206	0.2
712.071269634	200	9.95570444148	0.0	383025	341.863011206	0.2
712.912156339	200	9.61481773616	0.0	383025	340.886705321	0.2
713.231674814	200	9.79529926172	0.0	383025	319.518474441	0.2
713.56200629	200	9.9649677859	0.0	383025	330.331475821	0.2
714.098975447	200	9.63317012441	0.0	383025	331.797661488	0.2
714.415378629	200	9.81676694257	0.0	383025	316.40318184	0.2
715.149759574	200	9.50036376073	0.0	383025	316.40318184	0.2
715.476789093	200	9.67333424175	0.0	383025	327.029518982	0.2
715.810943339	200	9.83917999589	0.0	383025	334.154245858	0.2
716.156481619	200	9.99364171616	0.0	383025	345.538279735	0.2
717.002019899	200	9.64810343642	0.0	383025	345.538279735	0.2
717.356888815	200	9.79323452007	0.0	383025	354.868916349	0.2
717.713779719	200	9.93634361666	0.0	383025	356.890903409	0.2

