2373.4333172255315	400	0.5	0.14620858834247724	181435	146.208588342	-2.524171766849545
2373.5817734976918	400	0.8515437278396409	0.0	184429	148.45627216	0.4
2373.806169802116	600	1.127147423415478	0.0	285584	224.396304424	0.39999999999999997
2374.110024056764	800	1.3232931687680607	0.0	391425	303.854254647	0.6000000000000001
2374.4138783114113	800	1.5194389141206435	0.0	391425	303.854254647	0.8
2374.797895783829	1000	1.6354214417032662	0.0	490176	384.017472417	0.8
2375.2020870137567	1000	1.731230211775324	0.0	513389	404.191229928	1.0
2375.598203094271	1000	1.8351141312610477	0.0	497055	396.116080514	1.0
2376.0147160061842	1000	1.918601219347684	0.0	520019	416.512911913	1.0
2376.4556547610878	1000	1.9776624644446508	0.0	551265	440.938754903	1.0
2376.9042481900506	1000	2.029069035481991	0.0	558332	448.593428963	1.0
2377.219743204574	200	2.2135740209582866	0.0	383025	315.495014524	-0.6000000000000001
2377.5352382190977	200	2.398079006434582	0.0	383025	315.495014524	0.2
2377.850733233621	200	2.5825839919108775	0.0	383025	315.495014524	0.2
2378.1662282481448	200	2.767088977387173	0.0	383025	315.495014524	0.2
2378.4779220094842	200	2.9553952160479344	0.0	383025	311.693761339	0.2
2378.7853869729615	200	3.147930252570989	0.0	383025	307.464963477	0.2
2379.0928519364384	200	3.3404652890940443	0.0	383025	307.464963477	0.2
2379.4003168999157	200	3.5330003256170994	0.0	383025	307.464963477	0.2
2379.707781863393	200	3.7255353621401546	0.0	383025	307.464963477	0.2
2380.0173871321176	200	3.9159300934152075	0.0	383025	309.605268725	0.2
2380.3279109559044	200	4.105406269628294	0.0	383025	310.523823787	0.2
2380.6384347796916	200	4.294882445841382	0.0	383025	310.523823787	0.2
2380.946323458118	200	4.486993767415204	0.0	383025	307.888678426	0.2
2381.2519543311582	200	4.681362894374755	0.0	383025	305.63087304	0.2
2381.5575852041984	200	4.875732021334304	0.0	383025	305.63087304	0.2
2381.8638311135137	200	5.069486112019031	0.0	383025	306.245909315	0.2
2382.1707978710047	200	5.26251935452783	0.0	383025	306.966757491	0.2
2382.477764628496	200	5.455552597036631	0.0	383025	306.966757491	0.2
2382.7847313859875	200	5.64858583954543	0.0	383025	306.966757491	0.2
2383.0903307966473	200	5.8429864288853395	0.0	383025	305.59941066	0.2
2383.3942805563834	200	6.039036669149132	0.0	383025	303.949759736	0.2
2383.69823031612	200	6.2350869094129235	0.0	383025	303.949759736	0.2
2384.002180075856	200	6.431137149676716	0.0	383025	303.949759736	0.2
2384.3059092428753	200	6.627407982657308	0.0	383025	303.729167019	0.2
2384.6095331921656	200	6.823784033367131	0.0	383025	303.62394929	0.2
2384.913157141456	200	7.020160084076954	0.0	383025	303.62394929	0.2
2385.2173006419866	200	7.216016583546121	0.0	383025	304.143500531	0.2
2385.536696399883	200	7.396620825649619	0.0	383025	319.395757897	0.2
2385.856092157779	200	7.577225067753117	0.0	383025	319.395757897	0.2
2386.1754879156756	200	7.757829309856615	0.0	383025	319.395757897	0.2
2386.494883673572	200	7.938433551960114	0.0	383025	319.395757897	0.2
2386.8130348793106	200	8.120282346221547	0.0	383025	318.151205739	0.2
2387.1304777167447	200	8.302839508787184	0.0	383025	317.442837434	0.2
2387.4479205541793	200	8.48539667135282	0.0	383025	317.442837434	0.2
2387.7653633916134	200	8.667953833918459	0.0	383025	317.442837434	0.2
2388.082806229048	200	8.850510996484095	0.0	383025	317.442837434	0.2
2388.4046092825433	200	9.028707942988706	0.0	383025	321.803053495	0.2
2388.7321205657895	200	9.201196659743035	0.0	383025	327.511283246	0.2
2389.059631849035	200	9.373685376497361	0.0	383025	327.511283246	0.2
2389.387143132281	200	9.54617409325169	0.0	383025	327.511283246	0.2
2389.714654415527	200	9.718662810006016	0.0	383025	327.511283246	0.2
2390.042165698773	200	9.891151526760344	0.0	383025	327.511283246	0.2
2390.822245412646	200	9.563640243514673	0.0	383025	327.511283246	0.2
2391.1376743519186	200	9.748211304242261	0.0	383025	315.428939272	0.2
2391.4531032911905	200	9.93278236496985	0.0	383025	315.428939272	0.2
2392.157387459908	200	9.617353425697438	0.0	383025	315.428939272	0.2
2392.4666085077415	200	9.808132377863659	0.0	383025	309.221047834	0.2
2392.7758295555755	200	9.998911330029882	0.0	383025	309.221047834	0.2
2393.590099416716	200	9.684641468889183	0.0	383025	314.26986114069933	0.2
2393.9052097543586	200	9.869531131246536	0.0	383025	315.110337643	0.2
2394.6721079058398	200	9.55442079360389	0.0	383025	315.110337643	0.2
2394.9821918788225	200	9.74433682062084	0.0	383025	310.083972983	0.2
2395.2922758518057	200	9.934252847637788	0.0	383025	310.083972983	0.2
2396.1204977210846	200	9.60603097835917	0.0	383025	328.22186927861657	0.2
2396.4521770586703	200	9.774351640773535	0.0	383025	331.679337586	0.2
2396.783856396256	200	9.9426723031879	0.0	383025	331.679337586	0.2
2397.6155357338416	200	9.610992965602263	0.0	383025	331.679337586	0.2
2397.9472150714278	200	9.779313628016627	0.0	383025	331.679337586	0.2
2398.281166695852	200	9.945362003592525	0.0	383025	333.9516244241029	0.2
2399.1152941605765	200	9.611234538867711	0.0	383025	334.127464725	0.2
2399.449421625301	200	9.777107074142897	0.0	383025	334.127464725	0.2
2399.783549090026	200	9.942979609418083	0.0	383025	334.127464725	0.2
2400.5150331414998	200	9.60885214469327	0.0	383025	334.127464725	0.2
2400.841101755122	200	9.782783531070795	0.0	383025	326.068613622	0.2
2401.1671703687443	200	9.956714917448318	0.0	383025	326.068613622	0.2
2401.993238982367	200	9.630646303825843	0.0	383025	326.068613622	0.2
2402.3193075959894	200	9.804577690203367	0.0	383025	326.068613622	0.2
2402.6590034130354	200	9.964881873156815	0.0	383025	339.6958170465517	0.2
2403.5017857928283	200	9.622099493364193	0.0	383025	342.782379793	0.2
2403.8445681726207	200	9.779317113571569	0.0	383025	342.782379793	0.2
2404.187350552413	200	9.936534733778947	0.0	383025	342.782379793	0.2
2405.0301329322056	200	9.593752353986323	0.0	383025	342.782379793	0.2
2405.3729153119984	200	9.7509699741937	0.0	383025	342.782379793	0.2
2405.715697691791	200	9.908187594401078	0.0	383025	342.782379793	0.2
2406.2592834644174	200	9.565405214608454	0.0	383025	342.782379793	0.2
2406.599814036266	200	9.724874642759834	0.0	383025	340.530571849	0.2
2406.9403446081146	200	9.884344070911215	0.0	383025	340.530571849	0.2
2407.780875179963	200	9.543813499062596	0.0	383025	340.530571849	0.2
2408.121405751812	200	9.703282927213975	0.0	383025	340.530571849	0.2
2408.46193632366	200	9.862752355365355	0.0	383025	340.530571849	0.2
2409.302466895509	200	9.522221783516736	0.0	383025	340.530571849	0.2
2409.642997467358	200	9.681691211668117	0.0	383025	340.530571849	0.2
2409.9835280392062	200	9.841160639819496	0.0	383025	340.530571849	0.2
2410.8205859474942	200	9.50410273153161	0.0	383025	337.0579082878873	0.2
2411.156442569464	200	9.668246109561737	0.0	383025	335.85662197	0.2
2411.492299191434	200	9.832389487591866	0.0	383025	335.85662197	0.2
2411.828155813404	200	9.996532865621996	0.0	383025	335.85662197	0.2
2412.664012435374	200	9.660676243652125	0.0	383025	335.85662197	0.2
2412.999869057344	200	9.824819621682252	0.0	383025	335.85662197	0.2
2413.335725679314	200	9.988962999712381	0.0	383025	335.85662197	0.2
2414.1731434193143	200	9.651545259711982	0.0	383025	337.41774000039857	0.2
2414.5116344004196	200	9.8130542786066	0.0	383025	338.490981105	0.2
2414.850125381525	200	9.974563297501218	0.0	383025	338.490981105	0.2
2415.68861636263	200	9.636072316395836	0.0	383025	338.490981105	0.2
2416.027107343735	200	9.797581335290454	0.0	383025	338.490981105	0.2
2416.3655983248404	200	9.95909035418507	0.0	383025	338.490981105	0.2
2417.2040893059457	200	9.620599373079688	0.0	383025	338.490981105	0.2
2417.542580287051	200	9.782108391974306	0.0	383025	338.490981105	0.2
2417.881071268156	200	9.943617410868924	0.0	383025	338.490981105	0.2
2418.7200645673784	200	9.604624111646814	0.0	383025	338.9932992221111	0.2
2419.0593372677654	200	9.765351411259898	0.0	383025	339.272700387	0.2
2419.3986099681524	200	9.926078710872984	0.0	383025	339.272700387	0.2
2420.2378826685394	200	9.586806010486068	0.0	383025	339.272700387	0.2
2420.5771553689265	200	9.747533310099154	0.0	383025	339.272700387	0.2
2420.9164280693135	200	9.908260609712238	0.0	383025	339.272700387	0.2
2421.7557007697005	200	9.568987909325324	0.0	383025	339.272700387	0.2
2422.0949734700876	200	9.729715208938408	0.0	383025	339.272700387	0.2
2422.432468358101	200	9.892220320925201	0.0	383025	337.4948880132085	0.2
2423.267982952716	200	9.556705726310108	0.0	383025	335.514594615	0.2

