3194.372776122316	400	0.5	0.15005324325511796	181435	150.053243255	-2.601064865102359
3194.5251404930286	400	0.8476356292870827	0.0	184429	152.364370713	0.4
3194.7555883968057	600	1.11718772551014	0.0	285584	230.447903777	0.39999999999999997
3195.067737049167	800	1.3050390731490489	0.0	391425	312.148652361	0.6000000000000001
3195.3755047602044	800	1.4972713621118146	0.0	391425	307.767711037	0.8
3195.7551568800777	1000	1.6176192422381415	0.0	490176	379.652119874	0.8
3196.1509585462436	1000	1.7218175760725136	0.0	513389	395.801666166	1.0
3196.5452441766643	1000	1.8275319456517585	0.0	497055	394.285630421	1.0
3196.9756855394953	1000	1.897090582821026	0.0	520019	430.441362831	1.0
3197.433930186154	1000	1.9388459361619839	0.0	551265	458.244646659	1.0
3197.8999600157968	1000	1.9728161065199021	0.0	558332	466.029829642	1.0
3198.3485419663616	1000	2.0242341559548107	0.0	536970	448.581950565	1.0
3198.6676472438726	200	2.205128878443488	0.0	383025	319.105277511	-0.6000000000000001
3198.9862939233326	200	2.3864821989832117	0.0	383025	318.64667946	0.2
3199.298177304296	200	2.574598818019882	0.0	383025	311.883380963	0.2
3199.6031102554907	200	2.7696658668257785	0.0	383025	304.932951194	0.2
3199.907015385357	200	2.965760736959175	0.0	383025	303.905129867	0.2
3200.209862333574	200	3.16291378874208	0.0	383025	302.846948217	0.2
3200.511953761413	200	3.360822360903357	0.0	383025	302.091427839	0.2
3200.807422261949	200	3.5653538603679507	0.0	383025	295.468500535	0.2
3201.102890762484	200	3.7698853598325446	0.0	383025	295.468500535	0.2
3201.4084186804207	200	3.9643574418962633	0.0	383025	305.527917936	0.2
3201.7155778238543	200	4.157198298462545	0.0	383025	307.159143434	0.2
3202.0271674343194	200	4.345608687997601	0.0	383025	311.589610465	0.2
3202.346293721051	200	4.526482401265877	0.0	383025	319.126286732	0.2
3202.6653892311015	200	4.707386891215133	0.0	383025	319.095510051	0.2
3202.98376621943	200	4.889009902886391	0.0	383025	318.376988329	0.2
3203.3021432077585	200	5.07063291455765	0.0	383025	318.376988329	0.2
3203.620192712682	200	5.252583409634011	0.0	383025	318.049504924	0.2
3203.936456847501	200	5.436319274815157	0.0	383025	316.264134819	0.2
3204.2527209823197	200	5.620055139996305	0.0	383025	316.264134819	0.2
3204.5674436632207	200	5.805332459095211	0.0	383025	314.722680901	0.2
3204.8811732400845	200	5.991602882231345	0.0	383025	313.729576864	0.2
3205.1949028169483	200	6.177873305367481	0.0	383025	313.729576864	0.2
3205.5047383202054	200	6.368037802110396	0.0	383025	309.835503257	0.2
3205.814331113708	200	6.558445008608013	0.0	383025	309.592793502	0.2
3206.1163417538305	200	6.756434368485298	0.0	383025	302.010640123	0.2
3206.4168917483216	200	6.955884373994094	0.0	383025	300.549994491	0.2
3206.7266951045926	200	7.146081017723226	0.0	383025	309.803356271	0.2
3207.0435672438975	200	7.329208878418193	0.0	383025	316.872139305	0.2
3207.361245175642	200	7.51153094667377	0.0	383025	317.677931744	0.2
3207.683299496675	200	7.689476625640898	0.0	383025	322.054321033	0.2
3208.005353817708	200	7.867422304608027	0.0	383025	322.054321033	0.2
3208.3273269323836	200	8.045449189932276	0.0	383025	321.973114676	0.2
3208.6491602935753	200	8.22361582874065	0.0	383025	321.833361192	0.2
3208.968978577048	200	8.403797545267874	0.0	383025	319.818283473	0.2
3209.2827837980003	200	8.589992324315498	0.0	383025	313.805220952	0.2
3209.5965890189527	200	8.77618710336312	0.0	383025	313.805220952	0.2
3209.912037768903	200	8.96073835341312	0.0	383025	315.44874995	0.2
3210.229224236782	200	9.143551885533697	0.0	383025	317.186467879	0.2
3210.5467468402608	200	9.326029282054803	0.0	383025	317.522603479	0.2
3210.8644165194623	200	9.508359602853503	0.0	383025	317.669679201	0.2
3211.1797896653306	200	9.692986456984755	0.0	383025	315.373145869	0.2
3211.4923893254536	200	9.880386796861933	0.0	383025	312.599660123	0.2
3212.2872549013923	200	9.56778713673911	0.0	383025	312.599660123	0.2
3212.591828848786	200	9.763213189345407	0.0	383025	304.5739473937017	0.2
3212.896288284672	200	9.958753753459332	0.0	383025	304.459435886	0.2
3213.6565066081407	200	9.654294317573257	0.0	383025	304.459435886	0.2
3213.965177485557	200	9.845623440156963	0.0	383025	308.6708774162919	0.2
3214.6420662674027	200	9.529393907883168	0.0	383025	316.229532274	0.2
3214.9572038598717	200	9.714256315414314	0.0	383025	315.137592469	0.2
3215.271481602338	200	9.899978572948063	0.0	383025	314.27774246625063	0.2
3215.6666324369485	200	9.587440419246402	0.0	383025	312.538153702	0.2
3215.9638557347625	200	9.790217121432063	0.0	383025	297.223297814	0.2
3216.274851295564	200	9.979221560631158	0.0	383025	310.99556080090434	0.2
3217.112830228483	200	9.641242627712266	0.0	383025	337.978932919	0.2
3217.440725651041	200	9.813347205154201	0.0	383025	327.89542255806606	0.2
3217.7667562277934	200	9.987316628401476	0.0	383025	326.030576753	0.2
3218.5415538530524	200	9.661286051648753	0.0	383025	326.030576753	0.2
3218.848942656775	200	9.853897247925904	0.0	383025	307.38880372284774	0.2
3219.243745693524	200	9.54957363186601	0.0	383025	304.32361606	0.2
3219.5538063986296	200	9.73951292676036	0.0	383025	310.060705106	0.2
3219.8638671037356	200	9.92945222165471	0.0	383025	310.060705106	0.2
3220.3046689357925	200	9.624351768726328	0.0	383025	305.10045292838225	0.2
3220.6054848255526	200	9.823535878966382	0.0	383025	300.81588976	0.2
3221.413906933615	200	9.51511377090391	0.0	383025	308.422108062472	0.2
3221.743326493295	200	9.68569421122364	0.0	383025	329.41955968	0.2
3222.061220363977	200	9.867800340542153	0.0	383025	317.89387068148585	0.2
3222.6243984118382	200	9.552337677367825	0.0	383025	315.462663174	0.2
3222.946567345635	200	9.73016874357179	0.0	383025	322.168933796	0.2
3223.2696602233905	200	9.90707586581595	0.0	383025	323.0928777558398	0.2
3224.0944031706176	200	9.582332918588806	0.0	383025	324.742947227	0.2
3224.415444844366	200	9.76129124484045	0.0	383025	321.0416737483561	0.2
3224.734704723873	200	9.942031365333447	0.0	383025	319.259879507	0.2
3225.553660229054	200	9.623075860152902	0.0	383025	318.9555051805451	0.2
3225.869158492068	200	9.807577597139002	0.0	383025	315.49826301390016	0.2
3226.1930521248314	200	9.983683964375583	0.0	383025	323.893632763	0.2
3226.8372084689377	200	9.659790331612164	0.0	383025	323.893632763	0.2
3227.1603548354997	200	9.836643965050454	0.0	383025	323.146366562	0.2
3227.9829824962503	200	9.514016304299444	0.0	383025	322.6276607510093	0.2
3228.304018707433	200	9.692980093116917	0.0	383025	321.0362111825279	0.2
3228.6153389344886	200	9.881659866061165	0.0	383025	311.320227056	0.2
3229.316372536894	200	9.570339639005413	0.0	383025	311.320227056	0.2
3229.6243624397785	200	9.76234973612074	0.0	383025	307.9899028846743	0.2
3229.94364159518	200	9.943070580719349	0.0	383025	319.279155401	0.2
3230.619182530419	200	9.623791425317958	0.0	383025	319.279155401	0.2
3230.94239527833	200	9.800578677407142	0.0	383025	323.212747911	0.2
3231.265774958132	200	9.977198997604754	0.0	383025	323.3796798023879	0.2
3231.6464932876984	200	9.653266931796972	0.0	383025	323.932065808	0.2
3231.9703790771514	200	9.829381142343744	0.0	383025	323.885789453	0.2
3232.6188225757687	200	9.505495352890515	0.0	383025	323.885789453	0.2
3232.9432409926007	200	9.681076936059068	0.0	383025	324.418416831	0.2
3233.267510895072	200	9.856807033587451	0.0	383025	324.26990247161746	0.2
3233.668474066904	200	9.53294855250545	0.0	383025	323.858481082	0.2
3233.945094304643	200	9.756328314766291	0.0	383025	276.620237739	0.2
3234.2248014467177	200	9.97662117269164	0.0	383025	279.7071420746514	0.2
3234.814873699892	200	9.688301005086148	0.0	383025	288.320167605	0.2
3235.1423953803787	200	9.86077932459934	0.0	383025	327.521680487	0.2
3235.781854369943	200	9.530686774845053	0.0	383025	330.0925497542864	0.2
3236.1134446968017	200	9.69909644798633	0.0	383025	331.590326859	0.2
3236.4450350236602	200	9.867506121127608	0.0	383025	331.590326859	0.2
3237.2407625897054	200	9.535915794268885	0.0	383025	331.590326859	0.2
3237.5651345035217	200	9.711543880452455	0.0	383025	324.371913816	0.2
3237.8839753210877	200	9.892703062886243	0.0	383025	318.84081756621106	0.2
3238.4144661673504	200	9.576132710889315	0.0	383025	316.570351997	0.2
3238.726850859142	200	9.763748019097484	0.0	383025	312.38469179183113	0.2
3239.0387920307935	200	9.951806847445667	0.0	383025	311.94117165181757	0.2
3239.8470018655516	200	9.64359701268742	0.0	383025	308.2098347582466	0.2
3240.151685263503	200	9.838913614735828	0.0	383025	304.683397952	0.2
3240.4721915925256	200	9.534230216784236	0.0	383025	304.683397952	0.2

