5412.359373185556	400	0.5	0.1538049689560736	181435	153.804968956	-2.676099379121472
5412.515551192113	400	0.8438219934433837	0.0	184429	156.178006557	0.4
5412.751904421944	600	1.1074687636125833	0.0	285584	236.353229831	0.39999999999999997
5413.072146988007	800	1.2872261975496344	0.0	391425	320.242566063	0.6000000000000001
5413.392475804649	800	1.466897380908844	0.0	391425	320.328816641	0.8
5413.795900712432	1000	1.5634724731261622	0.0	490176	403.424907783	0.8
5414.217956831013	1000	1.6414163545449931	0.0	513389	422.056118581	1.0
5414.626902959623	1000	1.7324702259342066	0.0	497055	408.946128611	1.0
5415.05428044673	1000	1.8050927388270404	0.0	520019	427.377487107	1.0
5415.513517464129	1000	1.8458557214286189	0.0	551265	459.237017398	1.0
5415.98055247435	1000	1.878820711208361	0.0	558332	467.03501022	1.0
5416.430101146892	1000	1.92927203866591	0.0	536970	449.548672542	1.0
5416.899525537432	1000	1.9598476481264837	0.0	536970	469.424390539	1.0
5417.370694466052	1000	1.988678719506742	0.0	536970	471.16892862	1.0
5417.841863394671	1000	2.017509790887	0.0	536970	471.16892862	1.0
5418.180818883589	200	2.178554301968482	0.0	383025	338.955488919	-0.6000000000000001
5418.5197743725075	200	2.3395988130499634	0.0	383025	338.955488919	0.2
5418.858729861427	200	2.5006433241314454	0.0	383025	338.955488919	0.2
5419.197685350345	200	2.661687835212927	0.0	383025	338.955488919	0.2
5419.532036710278	200	2.8273364752788606	0.0	383025	334.351359934	0.2
5419.862138919138	200	2.997234266419492	0.0	383025	330.102208859	0.2
5420.192241127997	200	3.167132057560124	0.0	383025	330.102208859	0.2
5420.522343336856	200	3.3370298487007557	0.0	383025	330.102208859	0.2
5420.852445545715	200	3.5069276398413876	0.0	383025	330.102208859	0.2
5421.182547754574	200	3.6768254309820194	0.0	383025	330.102208859	0.2
5421.512649963433	200	3.8467232221226513	0.0	383025	330.102208859	0.2
5421.836576486623	200	4.022796698933212	0.0	383025	323.926523189	0.2
5422.151135455286	200	4.208237730270141	0.0	383025	314.558968663	0.2
5422.46569442395	200	4.3936787616070685	0.0	383025	314.558968663	0.2
5422.780253392612	200	4.579119792943997	0.0	383025	314.558968663	0.2
5423.094812361276	200	4.764560824280925	0.0	383025	314.558968663	0.2
5423.411648743756	200	4.947724441801021	0.0	383025	316.83638248	0.2
5423.728568501438	200	5.1308046841195845	0.0	383025	316.919757681	0.2
5424.04548825912	200	5.313884926438149	0.0	383025	316.919757681	0.2
5424.362408016802	200	5.496965168756713	0.0	383025	316.919757681	0.2
5424.678052169845	200	5.6813210157135865	0.0	383025	315.644153043	0.2
5424.991530385789	200	5.867842799769657	0.0	383025	313.478215944	0.2
5425.305008601733	200	6.054364583825728	0.0	383025	313.478215944	0.2
5425.618486817677	200	6.2408863678817985	0.0	383025	313.478215944	0.2
5425.930616900955	200	6.428756284602794	0.0	383025	312.130083279	0.2
5426.24255932975	200	6.616813855808049	0.0	383025	311.942428795	0.2
5426.554501758545	200	6.804871427013304	0.0	383025	311.942428795	0.2
5426.86644418734	200	6.992928998218559	0.0	383025	311.942428795	0.2
5427.1839999003005	200	7.175373285258322	0.0	383025	317.55571296	0.2
5427.504732413443	200	7.354640772115186	0.0	383025	320.732513143	0.2
5427.8254649265855	200	7.5339082589720485	0.0	383025	320.732513143	0.2
5428.146197439728	200	7.713175745828911	0.0	383025	320.732513143	0.2
5428.466929952871	200	7.892443232685774	0.0	383025	320.732513143	0.2
5428.786028987232	200	8.073344198324229	0.0	383025	319.099034362	0.2
5429.10489606278	200	8.25447712277653	0.0	383025	318.867075548	0.2
5429.423763138328	200	8.435610047228833	0.0	383025	318.867075548	0.2
5429.742630213876	200	8.616742971681134	0.0	383025	318.867075548	0.2
5430.061497289423	200	8.797875896133437	0.0	383025	318.867075548	0.2
5430.381058422013	200	8.978314763543285	0.0	383025	319.56113259	0.2
5430.700652683045	200	9.158720502511247	0.0	383025	319.594261032	0.2
5431.0202469440765	200	9.339126241479208	0.0	383025	319.594261032	0.2
5431.339841205108	200	9.519531980447171	0.0	383025	319.594261032	0.2
5431.658646438138	200	9.700726747417182	0.0	383025	318.80523303	0.2
5431.977348739035	200	9.882024446520125	0.0	383025	318.702300897	0.2
5432.796051039932	200	9.563322145623067	0.0	383025	318.702300897	0.2
5433.119182766962	200	9.740190418592956	0.0	383025	323.13172703011196	0.2
5433.443601868668	200	9.915771316885948	0.0	383025	324.419101707	0.2
5434.268020970375	200	9.59135221517894	0.0	383025	324.419101707	0.2
5434.590055285485	200	9.769317900069842	0.0	383025	322.0343151090987	0.2
5434.908058615056	200	9.951314570498354	0.0	383025	318.003329571	0.2
5435.726061944627	200	9.633311240926869	0.0	383025	318.003329571	0.2
5436.045395507813	200	9.813977677741136	0.0	383025	319.3335631857341	0.2
5436.366357140649	200	9.99301604490468	0.0	383025	320.961632836	0.2
5436.809069254074	200	9.672054412068224	0.0	383025	320.961632836	0.2
5437.136972510784	200	9.844151155357162	0.0	383025	327.903256711	0.2
5437.964875767495	200	9.5162478986461	0.0	383025	327.903256711	0.2
5438.292779024205	200	9.688344641935037	0.0	383025	327.903256711	0.2
5438.620682280915	200	9.860441385223973	0.0	383025	327.903256711	0.2
5439.451577475152	200	9.529546190987848	0.0	383025	330.8951942361278	0.2
5439.789902329471	200	9.691221336669013	0.0	383025	338.324854319	0.2
5440.12822718379	200	9.85289648235018	0.0	383025	338.324854319	0.2
5440.966552038109	200	9.514571628031348	0.0	383025	338.324854319	0.2
5441.304028110062	200	9.67709555607871	0.0	383025	337.47607195263765	0.2
5441.641475404137	200	9.839648262003312	0.0	383025	337.447294075	0.2
5442.478922698212	200	9.502200967927912	0.0	383025	337.447294075	0.2
5442.816369992287	200	9.664753673852514	0.0	383025	337.447294075	0.2
5443.153817286362	200	9.827306379777115	0.0	383025	337.447294075	0.2
5443.491264580437	200	9.989859085701717	0.0	383025	337.447294075	0.2
5444.322238531993	200	9.658885134145823	0.0	383025	330.97395155589317	0.2
5444.650904802573	200	9.830218863565268	0.0	383025	328.666270581	0.2
5445.479571073153	200	9.501552592984712	0.0	383025	328.666270581	0.2
5445.801734375451	200	9.679389290686888	0.0	383025	322.16330229782324	0.2
5446.118276296899	200	9.862847369237809	0.0	383025	316.541921449	0.2
5446.9348182183485	200	9.546305447788729	0.0	383025	316.541921449	0.2
5447.250128180143	200	9.730995485993997	0.0	383025	315.30996179473124	0.2
5447.563040321506	200	9.918083344631071	0.0	383025	312.912141363	0.2
5447.8845861045575	200	9.605171203268146	0.0	383025	312.912141363	0.2
5448.203192601435	200	9.786564706391127	0.0	383025	318.606496877	0.2
5448.521799098312	200	9.967958209514109	0.0	383025	318.606496877	0.2
5448.874858870608	200	9.64935171263709	0.0	383025	318.606496877	0.2
5449.180367150157	200	9.843843433087724	0.0	383025	305.508279549	0.2
5449.951345178324	200	9.538335153538359	0.0	383025	305.508279549	0.2
5450.266113267964	200	9.723567063898692	0.0	383025	314.76808964	0.2
5450.580881357604	200	9.908798974259025	0.0	383025	314.76808964	0.2
5451.355423388481	200	9.59403088461936	0.0	383025	314.76808964	0.2
5451.666936749212	200	9.782517523886773	0.0	383025	311.513360733	0.2
5451.978450109945	200	9.971004163154186	0.0	383025	311.513360733	0.2
5452.789019586501	200	9.660434686598562	0.0	383025	310.56947655562567	0.2
5453.09751543592	200	9.851938837179134	0.0	383025	308.495849419	0.2
5453.90987663009	200	9.539577643008604	0.0	383025	312.3611941705295	0.2
5454.2241310077825	200	9.72532326531623	0.0	383025	314.254377692	0.2
5454.542367737092	200	9.907086536005902	0.0	383025	318.2367293103296	0.2
5455.3616137428935	200	9.587840530204248	0.0	383025	319.246005802	0.2
5455.680859748695	200	9.768594524402594	0.0	383025	319.246005802	0.2
5455.998568677068	200	9.95088559602954	0.0	383025	317.70892837305496	0.2
5456.815598217535	200	9.633856055562093	0.0	383025	317.029540467	0.2
5457.13274994658	200	9.816704326517367	0.0	383025	317.15172904472615	0.2
5457.451989088017	200	9.997465185079385	0.0	383025	319.239141438	0.2
5458.271228229456	200	9.678226043641404	0.0	383025	319.239141438	0.2
5458.590467370894	200	9.858986902203421	0.0	383025	319.239141438	0.2
5459.411158854481	200	9.53829541861637	0.0	383025	320.6914835870527	0.2
5459.736462520143	200	9.712991752954384	0.0	383025	325.303665662	0.2
5460.061766185805	200	9.887688087292398	0.0	383025	325.303665662	0.2
5460.728490455994	200	9.562384421630412	0.0	383025	325.303665662	0.2
5461.045785324351	200	9.745089553272479	0.0	383025	317.294868358	0.2

