3515.54966928	400	0.5	0.146920144787	181435	146.920144787	-2.53840289575
3515.91551073	1000	0.634158553798	0.0	471531	365.841446202	0.4
3516.28958618	1000	0.760083108093	0.0	482442	374.075445705	1.0
3516.6727531	1000	0.876916181056	0.0	492120	383.166927037	1.0
3517.05633768	1000	0.993331603876	0.0	492120	383.584577179	1.0
3517.43869664	1000	1.11097264922	0.0	490176	382.35895466	1.0
3517.84258198	1000	1.20708730873	0.0	513389	403.885340487	1.0
3518.23852081	1000	1.31114846975	0.0	497055	395.938838978	1.0
3518.65945356	1000	1.39021572864	0.0	520019	420.932741116	1.0
3519.10845246	1000	1.44121682685	0.0	551265	448.99890179	1.0
3519.56456282	1000	1.48510646386	0.0	558332	456.110362985	1.0
3520.01119881	1000	1.53847047205	0.0	536970	446.635991812	1.0
3520.45662446	1000	1.59304482694	0.0	536970	445.425645111	1.0
3520.89153871	1000	1.65813057149	0.0	536970	434.91425545	1.0
3521.32270444	1000	1.72696484813	0.0	536970	431.165723357	1.0
3521.7493958	1000	1.80027348671	0.0	536970	426.691361424	1.0
3522.20037574	1000	1.84929353975	0.0	553424	450.979946952	1.0
3522.6359962	1000	1.91367308446	0.0	522960	435.62045529	1.0
3523.06793395	1000	1.9817353316	0.0	522960	431.937752868	1.0
3523.49320304	1000	2.05646624734	0.0	532300	425.269084255	1.0
3523.80201657	200	2.24765271926	0.0	383025	308.813528079	-0.6
3524.10947561	200	2.44019367713	0.0	383025	307.459042132	0.2
3524.41693132	200	2.63273796409	0.0	383025	307.455713038	0.2
3524.73088788	200	2.81878140723	0.0	383025	313.956556862	0.2
3525.0466916	200	3.00297768904	0.0	383025	315.803718185	0.2
3525.36249531	200	3.18717397086	0.0	383025	315.803718185	0.2
3525.67858075	200	3.37108853805	0.0	383025	316.085432813	0.2
3525.9947502	200	3.55491908222	0.0	383025	316.169455822	0.2
3526.31091966	200	3.7387496264	0.0	383025	316.169455822	0.2
3526.63270553	200	3.916963752	0.0	383025	321.785874399	0.2
3526.95452517	200	4.09514411328	0.0	383025	321.819638728	0.2
3527.27634481	200	4.27332447455	0.0	383025	321.819638728	0.2
3527.58268219	200	4.46698709719	0.0	383025	306.337377363	0.2
3527.88483037	200	4.66483891092	0.0	383025	302.148186262	0.2
3528.18363064	200	4.86603864774	0.0	383025	298.800263187	0.2
3528.48074308	200	5.06892620581	0.0	383025	297.112441928	0.2
3528.77510007	200	5.27456921069	0.0	383025	294.356995119	0.2
3529.06389421	200	5.48577507262	0.0	383025	288.794138065	0.2
3529.35462993	200	5.69503935693	0.0	383025	290.735715699	0.2
3529.6483477	200	5.90132158246	0.0	383025	293.717774469	0.2
3529.94222139	200	6.10744789939	0.0	383025	293.873683065	0.2
3530.23683611	200	6.31283317701	0.0	383025	294.614722382	0.2
3530.52717482	200	6.52249446958	0.0	383025	290.338707433	0.2
3530.81301518	200	6.73665410601	0.0	383025	285.840363569	0.2
3531.09862431	200	6.95104497499	0.0	383025	285.609131015	0.2
3531.38349981	200	7.16616947011	0.0	383025	284.875504885	0.2
3531.67255681	200	7.37711247444	0.0	383025	289.056995669	0.2
3531.96252654	200	7.5871427457	0.0	383025	289.969728735	0.2
3532.25209936	200	7.79756992146	0.0	383025	289.572824246	0.2
3532.54167187	200	8.00799741327	0.0	383025	289.57250819	0.2
3532.82812377	200	8.22154551838	0.0	383025	286.451894888	0.2
3533.11418539	200	8.43548389417	0.0	383025	286.061624212	0.2
3533.40374816	200	8.64592112719	0.0	383025	289.562766974	0.2
3533.6952551	200	8.85441418568	0.0	383025	291.50694151	0.2
3533.99038141	200	9.05928787401	0.0	383025	295.126311672	0.2
3534.28896326	200	9.26070602072	0.0	383025	298.581853287	0.2
3534.58648172	200	9.46318756897	0.0	383025	297.51845175	0.2
3534.88032748	200	9.6693418012	0.0	383025	293.845767776	0.2
3535.17334506	200	9.87632422836	0.0	383025	293.017572836	0.2
3535.77950907	200	9.58354013209	0.0	383025	292.784096273	0.2
3536.08419216	200	9.77885704276	0.0	383025	304.683089333	0.2
3536.38905181	200	9.97399739034	0.0	383025	304.859652412	0.2
3536.9521245	200	9.66892234865	0.0	383025	305.075041697	0.2
3537.25961865	200	9.86142819733	0.0	383025	307.494151319	0.2
3538.08488634	200	9.53616050289	0.0	383025	325.267694438	0.2
3538.41720618	200	9.7038406675	0.0	383025	332.319835392	0.2
3538.73438656	200	9.88666028228	0.0	383025	317.180385216	0.2
3539.29177125	200	9.57809781633	0.0	383025	308.562465947	0.2
3539.60403529	200	9.76583377731	0.0	383025	312.264039028	0.2
3539.91629933	200	9.95356973828	0.0	383025	312.264039028	0.2
3540.72989058	200	9.63997848979	0.0	383025	313.591248492	0.2
3541.04504838	200	9.82482068651	0.0	383025	315.157803275	0.2
3541.57811673	200	9.50933621126	0.0	383025	315.484475249	0.2
3541.89239603	200	9.69505691532	0.0	383025	314.279295944	0.2
3542.20667533	200	9.88077761937	0.0	383025	314.279295944	0.2
3543.02122512	200	9.56622782282	0.0	383025	314.549796553	0.2
3543.34357242	200	9.74388052088	0.0	383025	322.347301937	0.2
3543.66644729	200	9.92100565276	0.0	383025	322.874868121	0.2
3544.42811135	200	9.59813078464	0.0	383025	322.874868121	0.2
3544.74797263	200	9.7782695053	0.0	383025	319.861279343	0.2
3545.06341085	200	9.96283127956	0.0	383025	315.438225743	0.2
3545.48661885	200	9.64827162696	0.0	383025	314.559652592	0.2
3545.82429919	200	9.81059129325	0.0	383025	337.680333714	0.2
3546.16197952	200	9.97291095954	0.0	383025	337.680333714	0.2
3546.81134923	200	9.63523062582	0.0	383025	337.680333714	0.2
3547.1601003	200	9.78647955541	0.0	383025	348.751070408	0.2
3547.50885137	200	9.93772848501	0.0	383025	348.751070408	0.2
3547.92554504	200	9.5889774146	0.0	383025	348.751070408	0.2
3548.27130263	200	9.74321982341	0.0	383025	345.757591184	0.2
3548.61706022	200	9.89746223223	0.0	383025	345.757591184	0.2
3549.46281781	200	9.55170464105	0.0	383025	345.757591184	0.2
3549.79637057	200	9.71815188244	0.0	383025	333.552758605	0.2
3550.1297469	200	9.88477555716	0.0	383025	333.376325279	0.2
3550.77864398	200	9.55139923188	0.0	383025	333.376325279	0.2
3551.11535138	200	9.71469183219	0.0	383025	336.707399697	0.2
3551.45205878	200	9.87798443249	0.0	383025	336.707399697	0.2
3552.24440923	200	9.54127703279	0.0	383025	336.707399697	0.2
3552.58356341	200	9.7021228498	0.0	383025	339.154182996	0.2
3552.92271759	200	9.8629686668	0.0	383025	339.154182996	0.2
3553.75982175	200	9.525864512	0.0	383025	337.104154801	0.2
3554.09390646	200	9.69177980087	0.0	383025	334.084711128	0.2
3554.43297512	200	9.85271113337	0.0	383025	339.068667503	0.2
3555.27607211	200	9.50961414749	0.0	383025	343.096985874	0.2
3555.6191691	200	9.66651716162	0.0	383025	343.096985874	0.2
3555.96224973	200	9.82343652611	0.0	383025	343.080635507	0.2
3556.30531341	200	9.98037285072	0.0	383025	343.063675394	0.2
3557.14837708	200	9.63730917532	0.0	383025	343.063675394	0.2
3557.49240125	200	9.79328501027	0.0	383025	344.024165056	0.2
3557.83891683	200	9.9467694258	0.0	383025	346.51558447	0.2
3558.68543242	200	9.60025384133	0.0	383025	346.51558447	0.2
3559.03064251	200	9.75504375307	0.0	383025	345.210088255	0.2
3559.37244344	200	9.91324281971	0.0	383025	341.800933359	0.2
3560.21424437	200	9.57144188635	0.0	383025	341.800933359	0.2
3560.56039592	200	9.72529033312	0.0	383025	346.151553238	0.2
3560.90990482	200	9.87578143766	0.0	383025	349.50889546	0.2
3561.75941372	200	9.5262725422	0.0	383025	349.50889546	0.2
3562.10892261	200	9.67676364673	0.0	383025	349.50889546	0.2
3562.45905874	200	9.82662752117	0.0	383025	350.13612556	0.2
3562.80925531	200	9.97643094697	0.0	383025	350.196574207	0.2
3563.65945189	200	9.62623437276	0.0	383025	350.196574207	0.2

