1224.9908817011706	400	0.5	0.14381775513733625	181435	143.817755137	-2.476355102746725
1225.136907687128	400	0.8539740140423635	0.0	184429	146.025985958	0.4
1225.3575407501157	600	1.1333409510548418	0.0	285584	220.633062988	0.39999999999999997
1225.656237059012	800	1.3346446421583673	0.0	391425	298.696308896	0.6000000000000001
1225.960355584746	800	1.5305261164245167	0.0	391425	304.118525734	0.8
1226.3423202547667	1000	1.6485614464039031	0.0	490176	381.964670021	0.8
1226.7459457563036	1000	1.744935944866921	0.0	513389	403.625501537	1.0
1227.1370959427306	1000	1.8537857584400121	0.0	497055	391.150186427	1.0
1227.5478775108277	1000	1.9430041903427304	0.0	520019	410.781568097	1.0
1227.9836113023796	1000	2.0072703987909013	0.0	551265	435.733791552	1.0
1228.3007946329199	200	2.190087068250701	0.0	383025	317.18333054	-0.6000000000000001
1228.6179779634601	200	2.3729037377105016	0.0	383025	317.18333054	0.2
1228.9351612940004	200	2.555720407170302	0.0	383025	317.18333054	0.2
1229.2517703100825	200	2.7391113910883416	0.0	383025	316.609016082	0.2
1229.5619751928496	200	2.928906508321343	0.0	383025	310.204882767	0.2
1229.8721800756166	200	3.118701625554344	0.0	383025	310.204882767	0.2
1230.1807743472662	200	3.3101073539048005	0.0	383025	308.59427165	0.2
1230.487406146954	200	3.5034755542168914	0.0	383025	306.631799688	0.2
1230.794037946642	200	3.6968437545289823	0.0	383025	306.631799688	0.2
1231.0997618246417	200	3.891119876529008	0.0	383025	305.723878	0.2
1231.4052407489862	200	4.085640952184777	0.0	383025	305.478924344	0.2
1231.7107196733305	200	4.280162027840547	0.0	383025	305.478924344	0.2
1232.0201316789353	200	4.470750022235641	0.0	383025	309.412005605	0.2
1232.3324817114644	200	4.658399989706568	0.0	383025	312.350032529	0.2
1232.6448317439936	200	4.846049957177497	0.0	383025	312.350032529	0.2
1232.9578515134287	200	5.03303018774213	0.0	383025	313.019769435	0.2
1233.273089468921	200	5.217792232250117	0.0	383025	315.237955492	0.2
1233.588327424413	200	5.402554276758104	0.0	383025	315.237955492	0.2
1233.9036167606985	200	5.5872649404724735	0.0	383025	315.289336286	0.2
1234.219805140773	200	5.771076560398119	0.0	383025	316.188380074	0.2
1234.5359935208473	200	5.954888180323764	0.0	383025	316.188380074	0.2
1234.860559741683	200	6.130321959488304	0.0	383025	324.566220835	0.2
1235.199031318206	200	6.291850382965271	0.0	383025	338.471576523	0.2
1235.537502894729	200	6.453378806442238	0.0	383025	338.471576523	0.2
1235.875974471252	200	6.614907229919205	0.0	383025	338.471576523	0.2
1236.214446047775	200	6.776435653396172	0.0	383025	338.471576523	0.2
1236.5483754751294	200	6.9425062260417505	0.0	383025	333.929427354	0.2
1236.867178042245	200	7.123703658926077	0.0	383025	318.802567116	0.2
1237.1859806093607	200	7.304901091810403	0.0	383025	318.802567116	0.2
1237.5050433214794	200	7.485838379691906	0.0	383025	319.062712118	0.2
1237.826744002964	200	7.664137698207059	0.0	383025	321.700681485	0.2
1238.1484446844488	200	7.8424370167222115	0.0	383025	321.700681485	0.2
1238.4701453659336	200	8.020736335237364	0.0	383025	321.700681485	0.2
1238.7862832763826	200	8.20459842478847	0.0	383025	316.137910449	0.2
1239.0974614641898	200	8.393420236981324	0.0	383025	311.178187807	0.2
1239.4085935383225	200	8.582288162848585	0.0	383025	311.132074133	0.2
1239.7109581578623	200	8.7799235433087	0.0	383025	302.36461954	0.2
1240.0133227774022	200	8.977558923768814	0.0	383025	302.36461954	0.2
1240.3134082361005	200	9.177473465070413	0.0	383025	300.085458698	0.2
1240.6096383906847	200	9.381243310486223	0.0	383025	296.230154584	0.2
1240.907233946121	200	9.583647755049853	0.0	383025	297.595555436	0.2
1241.211471929949	200	9.779409771221856	0.0	383025	304.237983828	0.2
1241.5157099137768	200	9.975171787393858	0.0	383025	304.237983828	0.2
1241.838982923358	200	9.667858228325123	0.0	383025	307.313559069	0.2
1242.150957353723	200	9.855883797960061	0.0	383025	311.974430365	0.2
1242.6328400476305	200	9.543909367594999	0.0	383025	311.974430365	0.2
1242.9275842585548	200	9.749165156670747	0.0	383025	294.744210924	0.2
1243.2394867687085	200	9.937262646517022	0.0	383025	311.9025101537262	0.2
1243.9105037434567	200	9.625031746853136	0.0	383025	312.230899664	0.2
1244.2241799397925	200	9.811355550517426	0.0	383025	313.676196336	0.2
1245.0348256202617	200	9.500709870048297	0.0	383025	310.6456804691292	0.2
1245.33467663126	200	9.700858859050015	0.0	383025	299.851010998281	0.2
1245.642440789451	200	9.893094700858757	0.0	383025	307.764158191	0.2
1246.318692207812	200	9.5853305426675	0.0	383025	307.764158191	0.2
1246.6128823630906	200	9.791140387388934	0.0	383025	294.190155279	0.2
1246.9054188261325	200	9.998603924347101	0.0	383025	292.53646304183434	0.2
1247.7046118115031	200	9.699410938976554	0.0	383025	299.1929853705467	0.2
1248.0121618023118	200	9.891860948167865	0.0	383025	307.54999080869	0.2
1248.8227058040977	200	9.581316946381817	0.0	383025	310.544001786	0.2
1249.1281941299417	200	9.775828620537805	0.0	383025	305.48832584401106	0.2
1249.431254792019	200	9.972767958460485	0.0	383025	303.060662077	0.2
1250.2347836064428	200	9.669239144036606	0.0	383025	303.5288144238784	0.2
1250.5476120411543	200	9.856410709325205	0.0	383025	312.8284347114002	0.2
1250.9563971508117	200	9.540721686952551	0.0	383025	315.689022373	0.2
1251.2534226913187	200	9.743696146445563	0.0	383025	297.025540507	0.2
1251.5504482318256	200	9.946670605938577	0.0	383025	297.025540507	0.2
1252.354216797818	200	9.642902039946263	0.0	383025	303.7685659923144	0.2
1252.6645379316265	200	9.832580906137906	0.0	383025	310.32113380835636	0.2
1253.1230156216873	200	9.518960457007237	0.0	383025	313.620449131	0.2
1253.4369523277348	200	9.7050237509598	0.0	383025	313.936706047	0.2
1253.7508890337822	200	9.89108704491236	0.0	383025	313.936706047	0.2
1254.5735877358904	200	9.568388342804324	0.0	383025	322.6987021080375	0.2
1254.9010655339277	200	9.740910544767047	0.0	383025	327.477798037	0.2
1255.2339891682036	200	9.90798691049104	0.0	383025	332.9236342760061	0.2
1256.0722468534673	200	9.569729225227363	0.0	383025	338.257685264	0.2
1256.410504538731	200	9.731471539963684	0.0	383025	338.257685264	0.2
1256.7447630728354	200	9.89721300585911	0.0	383025	334.2585341045741	0.2
1257.5721359360134	200	9.569840142681125	0.0	383025	327.372863178	0.2
1257.9004511376	200	9.741524941094601	0.0	383025	328.3152015865237	0.2
1258.235056634528	200	9.906919444166542	0.0	383025	334.605496928	0.2
1259.0696621314562	200	9.572313947238483	0.0	383025	334.605496928	0.2
1259.3966267931992	200	9.745349285495362	0.0	383025	326.96466174312155	0.2
1259.7225633741787	200	9.919412704515912	0.0	383025	325.936580979	0.2
1260.158841586759	200	9.59347612353646	0.0	383025	325.936580979	0.2
1260.4881550636562	200	9.764162646639267	0.0	383025	329.313476897	0.2
1260.8174685405531	200	9.934849169742076	0.0	383025	329.313476897	0.2
1261.5050640416428	200	9.605535692844883	0.0	383025	329.313476897	0.2
1261.8217993238432	200	9.788800410644454	0.0	383025	316.7352822	0.2
1262.139101279854	200	9.971498454633581	0.0	383025	317.3019560108707	0.2
1262.963827299873	200	9.646772434614817	0.0	383025	324.726020019	0.2
1263.2913148516284	200	9.819284882859398	0.0	383025	327.48755175541834	0.2
1263.6266696089272	200	9.983930125560699	0.0	383025	335.354757299	0.2
1264.4620243662257	200	9.648575368262	0.0	383025	335.354757299	0.2
1264.790447199244	200	9.820152535243755	0.0	383025	328.4228330182458	0.2
1265.1125817107286	200	9.99801802375931	0.0	383025	322.134511484	0.2
1265.6126504459755	200	9.675883512274863	0.0	383025	322.134511484	0.2
1265.937800347191	200	9.85073361105971	0.0	383025	325.149901215	0.2
1266.4911843508987	200	9.52558370984456	0.0	383025	325.149901215	0.2
1266.8248601362998	200	9.691907924443518	0.0	383025	333.675785401	0.2
1267.158535921701	200	9.858232139042476	0.0	383025	333.675785401	0.2
1267.931473175398	200	9.524556353641435	0.0	383025	333.675785401	0.2
1268.2512774303877	200	9.704752098651726	0.0	383025	319.80425499	0.2
1268.5724226215566	200	9.883606907482873	0.0	383025	321.1451911688523	0.2
1269.4007275484898	200	9.555301980549517	0.0	383025	328.304926933	0.2
1269.729032475423	200	9.72699705361616	0.0	383025	328.304926933	0.2
1270.0565363137853	200	9.899493215254058	0.0	383025	327.503838362102	0.2
1270.8838417709107	200	9.572187758128678	0.0	383025	327.305457125	0.2
1271.2044709601946	200	9.751558568844608	0.0	383025	320.62918928406924	0.2
1271.5249192671313	200	9.931110261907962	0.0	383025	320.448306937	0.2
1272.2885232693338	200	9.610661954971318	0.0	383025	320.448306937	0.2

