4779.09323515	400	0.5	0.158031392935	181435	158.031392935	-2.7606278587
4779.48795359	1000	0.6052815568	0.0	471531	394.7184432	0.4
4779.89157424	1000	0.70166091431	0.0	482442	403.620642491	1.0
4780.30309108	1000	0.790144067554	0.0	492120	411.516846756	1.0
4780.71460793	1000	0.878627220798	0.0	492120	411.516846756	1.0
4781.12453868	1000	0.96869646839	0.0	490176	409.930752408	1.0
4781.55340874	1000	1.03982641141	0.0	513389	428.870056976	1.0
4781.96895201	1000	1.12428313688	0.0	497055	415.543274535	1.0
4782.40067096	1000	1.19256418923	0.0	520019	431.718947649	1.0
4782.85431895	1000	1.23891620155	0.0	551265	453.647987684	1.0
4783.31365433	1000	1.27958082154	0.0	558332	459.335380007	1.0
4783.75745727	1000	1.33577787687	0.0	536970	443.802944671	1.0
4784.20271053	1000	1.39052462094	0.0	536970	445.25325593	1.0
4784.64796379	1000	1.44527136501	0.0	536970	445.25325593	1.0
4785.09321704	1000	1.50001810908	0.0	536970	445.25325593	1.0
4785.5384703	1000	1.55476485315	0.0	536970	445.25325593	1.0
4785.9956251	1000	1.59761004729	0.0	553424	457.154805858	1.0
4786.42788571	1000	1.66534943951	0.0	522960	432.260607776	1.0
4786.86014632	1000	1.73308883174	0.0	522960	432.260607776	1.0
4787.29939666	1000	1.79383849229	0.0	532300	439.250339448	1.0
4787.71053532	1000	1.88269983175	0.0	503004	411.138660536	1.0
4788.10474973	1000	1.98848541964	0.0	481782	394.214412113	1.0
4788.49896414	1000	2.09427100753	0.0	481782	394.214412113	1.0
4788.81442123	200	2.27881392279	0.0	383025	315.457084739	-0.6
4789.12987831	200	2.46335683805	0.0	383025	315.457084739	0.2
4789.44438328	200	2.64885186833	0.0	383025	314.504969724	0.2
4789.75831074	200	2.83492440901	0.0	383025	313.927459318	0.2
4790.0722382	200	3.02099694969	0.0	383025	313.927459318	0.2
4790.38616566	200	3.20706949037	0.0	383025	313.927459318	0.2
4790.68908819	200	3.40414695686	0.0	383025	302.922533512	0.2
4790.99084821	200	3.60238693761	0.0	383025	301.76001925	0.2
4791.29260823	200	3.80062691836	0.0	383025	301.76001925	0.2
4791.59713348	200	3.99610167156	0.0	383025	304.525246795	0.2
4791.90213145	200	4.19110370062	0.0	383025	304.997970943	0.2
4792.20712942	200	4.38610572968	0.0	383025	304.997970943	0.2
4792.51212739	200	4.58110775873	0.0	383025	304.997970943	0.2
4792.82613608	200	4.76709906922	0.0	383025	314.008689511	0.2
4793.1436771	200	4.94955804919	0.0	383025	317.54102003	0.2
4793.46121812	200	5.13201702916	0.0	383025	317.54102003	0.2
4793.77875914	200	5.31447600913	0.0	383025	317.54102003	0.2
4794.09630016	200	5.4969349891	0.0	383025	317.54102003	0.2
4794.41404029	200	5.67919485628	0.0	383025	317.740132818	0.2
4794.73486692	200	5.85836823063	0.0	383025	320.826625652	0.2
4795.05569355	200	6.03754160498	0.0	383025	320.826625652	0.2
4795.37652017	200	6.21671497933	0.0	383025	320.826625652	0.2
4795.6973468	200	6.39588835368	0.0	383025	320.826625652	0.2
4796.01817342	200	6.57506172802	0.0	383025	320.826625652	0.2
4796.33900005	200	6.75423510237	0.0	383025	320.826625652	0.2
4796.65524565	200	6.93798949834	0.0	383025	316.245604029	0.2
4796.9706914	200	7.12254375076	0.0	383025	315.445747581	0.2
4797.28613715	200	7.30709800318	0.0	383025	315.445747581	0.2
4797.6015829	200	7.4916522556	0.0	383025	315.445747581	0.2
4797.92237592	200	7.67085922769	0.0	383025	320.793027909	0.2
4798.2473273	200	7.8459078502	0.0	383025	324.951377491	0.2
4798.57227868	200	8.02095647271	0.0	383025	324.951377491	0.2
4798.89723006	200	8.19600509521	0.0	383025	324.951377491	0.2
4799.22218143	200	8.37105371772	0.0	383025	324.951377491	0.2
4799.54713281	200	8.54610234023	0.0	383025	324.951377491	0.2
4799.87208419	200	8.72115096274	0.0	383025	324.951377491	0.2
4800.19714788	200	8.89608727074	0.0	383025	325.063691997	0.2
4800.52508899	200	9.06814616468	0.0	383025	327.941106066	0.2
4800.85303009	200	9.24020505861	0.0	383025	327.941106066	0.2
4801.1809712	200	9.41226395255	0.0	383025	327.941106066	0.2
4801.5089123	200	9.58432284648	0.0	383025	327.941106066	0.2
4801.83685341	200	9.75638174041	0.0	383025	327.941106066	0.2
4802.16479452	200	9.92844063435	0.0	383025	327.941106066	0.2
4802.75026737	200	9.60049952828	0.0	383025	327.941106066	0.2
4803.07824923	200	9.77251767391	0.0	383025	327.981854376	0.2
4803.40623108	200	9.94453581953	0.0	383025	327.981854376	0.2
4804.23421294	200	9.61655396515	0.0	383025	327.981854376	0.2
4804.56219479	200	9.78857211078	0.0	383025	327.981854376	0.2
4804.89017664	200	9.9605902564	0.0	383025	327.981854376	0.2
4805.70358155	200	9.63260840203	0.0	383025	327.981854376	0.2
4806.03087614	200	9.80531380481	0.0	383025	327.294597214	0.2
4806.35817074	200	9.9780192076	0.0	383025	327.294597214	0.2
4807.18546534	200	9.65072461038	0.0	383025	327.294597214	0.2
4807.51166122	200	9.82452873192	0.0	383025	326.19587846	0.2
4807.83636581	200	9.99982413563	0.0	383025	324.704596294	0.2
4808.66107041	200	9.67511953934	0.0	383025	324.704596294	0.2
4808.98577501	200	9.85041494304	0.0	383025	324.704596294	0.2
4809.48280055	200	9.52571034675	0.0	383025	324.704596294	0.2
4809.79153167	200	9.71697923146	0.0	383025	308.731115289	0.2
4810.10026278	200	9.90824811617	0.0	383025	308.731115289	0.2
4810.82750834	200	9.59951700088	0.0	383025	308.731115289	0.2
4811.1360769	200	9.79094843863	0.0	383025	308.568562253	0.2
4811.44464546	200	9.98237987637	0.0	383025	308.568562253	0.2
4812.25166988	200	9.67535546248	0.0	383025	307.024413897	0.2
4812.55455542	200	9.87246992404	0.0	383025	302.885538432	0.2
4813.35972089	200	9.56730444703	0.0	383025	305.165477017	0.2
4813.66488637	200	9.76213897001	0.0	383025	305.165477017	0.2
4813.97504215	200	9.95198319076	0.0	383025	310.155779249	0.2
4814.35684039	200	9.63910818672	0.0	383025	312.875004037	0.2
4814.68317838	200	9.81277019321	0.0	383025	326.337993518	0.2
4815.00951637	200	9.98643219969	0.0	383025	326.337993518	0.2
4815.83585437	200	9.66009420617	0.0	383025	326.337993518	0.2
4816.16219236	200	9.83375621265	0.0	383025	326.337993518	0.2
4816.98537298	200	9.5105755949	0.0	383025	323.180617748	0.2
4817.30696864	200	9.68897993556	0.0	383025	321.595659345	0.2
4817.6285643	200	9.86738427621	0.0	383025	321.595659345	0.2
4818.18240262	200	9.54578861687	0.0	383025	321.595659345	0.2
4818.50399441	200	9.72419682829	0.0	383025	321.59178858	0.2
4818.8255862	200	9.90260503971	0.0	383025	321.59178858	0.2
4819.64717799	200	9.58101325113	0.0	383025	321.59178858	0.2
4819.96876977	200	9.75942146255	0.0	383025	321.59178858	0.2
4820.28973767	200	9.93845356696	0.0	383025	320.967895595	0.2
4821.11030739	200	9.6178838509	0.0	383025	320.569716058	0.2
4821.4308771	200	9.79731413484	0.0	383025	320.569716058	0.2
4821.75144682	200	9.97674441878	0.0	383025	320.569716058	0.2
4822.57099791	200	9.65719332407	0.0	383025	319.551094707	0.2
4822.88916841	200	9.83902282549	0.0	383025	318.170498585	0.2
4823.3145179	200	9.5208523269	0.0	383025	318.170498585	0.2
4823.63198754	200	9.70338268397	0.0	383025	317.469642937	0.2
4823.94945719	200	9.88591304103	0.0	383025	317.469642937	0.2
4824.76651478	200	9.56844339809	0.0	383025	317.469642937	0.2
4825.08067633	200	9.75428184289	0.0	383025	314.1615552	0.2
4825.39483789	200	9.94012028769	0.0	383025	314.1615552	0.2
4825.98107219	200	9.62595873249	0.0	383025	314.1615552	0.2
4826.30109002	200	9.80594090246	0.0	383025	320.017830032	0.2
4826.62110785	200	9.98592307243	0.0	383025	320.017830032	0.2
4827.44112568	200	9.6659052424	0.0	383025	320.017830032	0.2

