192.642205576	400	0.5	0.159401243234	181435	159.401243234	-2.78802486469
193.04048412	1000	0.601721456039	0.0	471531	398.278543961	0.4
193.447747242	1000	0.694458333772	0.0	482442	407.263122267	1.0
193.862979638	1000	0.779225937484	0.0	492120	415.232396288	1.0
194.278212034	1000	0.863993541196	0.0	492120	415.232396288	1.0
194.691843659	1000	0.950361916627	0.0	490176	413.631624569	1.0
195.12452052	1000	1.01768505592	0.0	513389	432.676860702	1.0
195.54140887	1000	1.10079670523	0.0	497055	416.888350692	1.0
195.977095511	1000	1.16511006444	0.0	520019	435.686640792	1.0
196.438360073	1000	1.20384550288	0.0	551265	461.264561556	1.0
196.905114875	1000	1.23709070071	0.0	558332	466.754802173	1.0
197.344397638	1000	1.2978079373	0.0	536970	439.282763416	1.0
197.783680402	1000	1.35852517388	0.0	536970	439.282763416	1.0
198.222963165	1000	1.41924241047	0.0	536970	439.282763416	1.0
198.662351203	1000	1.47985437295	0.0	536970	439.38803752	1.0
199.102046902	1000	1.54015867339	0.0	536970	439.695699552	1.0
199.55490947	1000	1.58729610597	0.0	553424	452.862567422	1.0
199.983833765	1000	1.65837181105	0.0	522960	428.924294923	1.0
200.415355414	1000	1.72685016206	0.0	522960	431.521648989	1.0
200.854405386	1000	1.78780018929	0.0	532300	439.049972764	1.0
201.269841893	1000	1.87236368263	0.0	503004	415.43650667	1.0
201.668172823	1000	1.97403275274	0.0	481782	398.330929886	1.0
202.064286971	1000	2.07791860453	0.0	481782	396.114148212	1.0
202.3774841	200	2.26472147558	0.0	383025	313.197128946	-0.6
202.690681229	200	2.45152434664	0.0	383025	313.197128946	0.2
203.003895898	200	2.63830967755	0.0	383025	313.214669081	0.2
203.322044559	200	2.82016101677	0.0	383025	318.148660786	0.2
203.64019322	200	3.00201235598	0.0	383025	318.148660786	0.2
203.95834188	200	3.1838636952	0.0	383025	318.148660786	0.2
204.276490541	200	3.36571503441	0.0	383025	318.148660786	0.2
204.591660959	200	3.55054461713	0.0	383025	315.170417283	0.2
204.906165396	200	3.73604017941	0.0	383025	314.504437715	0.2
205.220669834	200	3.9215357417	0.0	383025	314.504437715	0.2
205.535174272	200	4.10703130399	0.0	383025	314.504437715	0.2
205.849678709	200	4.29252686627	0.0	383025	314.504437715	0.2
206.16859587	200	4.47360970603	0.0	383025	318.917160244	0.2
206.487558794	200	4.65464678138	0.0	383025	318.962924648	0.2
206.806521719	200	4.83568385673	0.0	383025	318.962924648	0.2
207.125484644	200	5.01672093208	0.0	383025	318.962924648	0.2
207.444447568	200	5.19775800743	0.0	383025	318.962924648	0.2
207.75903459	200	5.38317098603	0.0	383025	314.587021408	0.2
208.070511655	200	5.5716939206	0.0	383025	311.477065429	0.2
208.381988721	200	5.76021685517	0.0	383025	311.477065429	0.2
208.693465786	200	5.94873978974	0.0	383025	311.477065429	0.2
209.006474503	200	6.13573107279	0.0	383025	313.008716947	0.2
209.324352556	200	6.31785301921	0.0	383025	317.878053579	0.2
209.64223061	200	6.49997496563	0.0	383025	317.878053579	0.2
209.960108664	200	6.68209691205	0.0	383025	317.878053579	0.2
210.278002767	200	6.86420280828	0.0	383025	317.894103771	0.2
210.596834375	200	7.04537120068	0.0	383025	318.831607605	0.2
210.915665983	200	7.22653959307	0.0	383025	318.831607605	0.2
211.23449759	200	7.40770798547	0.0	383025	318.831607605	0.2
211.553329198	200	7.58887637787	0.0	383025	318.831607605	0.2
211.872160805	200	7.77004477026	0.0	383025	318.831607605	0.2
212.187453385	200	7.95475219023	0.0	383025	315.29258003	0.2
212.500151229	200	8.14205434695	0.0	383025	312.697843276	0.2
212.812849072	200	8.32935650368	0.0	383025	312.697843276	0.2
213.125546915	200	8.5166586604	0.0	383025	312.697843276	0.2
213.438979069	200	8.70322650663	0.0	383025	313.432153769	0.2
213.753784967	200	8.88842060869	0.0	383025	314.805897945	0.2
214.068590865	200	9.07361471074	0.0	383025	314.805897945	0.2
214.383396763	200	9.2588088128	0.0	383025	314.805897945	0.2
214.698202661	200	9.44400291485	0.0	383025	314.805897945	0.2
215.018104554	200	9.62410102187	0.0	383025	319.901892987	0.2
215.342036486	200	9.80016908963	0.0	383025	323.931932235	0.2
215.665968418	200	9.9762371574	0.0	383025	323.931932235	0.2
216.489900351	200	9.65230522516	0.0	383025	323.931932235	0.2
216.815249865	200	9.8269557108	0.0	383025	325.349514364	0.2
217.640612616	200	9.50159296016	0.0	383025	325.362750638	0.2
217.965975366	200	9.67623020952	0.0	383025	325.362750638	0.2
218.291338117	200	9.85086745888	0.0	383025	325.362750638	0.2
219.116363296	200	9.52584227964	0.0	383025	325.025179245	0.2
219.43930085	200	9.70290472597	0.0	383025	322.937553665	0.2
219.762238403	200	9.87996717231	0.0	383025	322.937553665	0.2
220.40754761	200	9.55702961864	0.0	383025	322.937553665	0.2
220.731620071	200	9.73295715745	0.0	383025	324.072461191	0.2
221.055692533	200	9.90888469626	0.0	383025	324.072461191	0.2
221.879764994	200	9.58481223507	0.0	383025	324.072461191	0.2
222.202930411	200	9.76164681829	0.0	383025	323.165416778	0.2
222.525700046	200	9.93887718292	0.0	383025	322.769635371	0.2
222.861763348	200	9.61610754755	0.0	383025	322.769635371	0.2
223.183698239	200	9.79417265662	0.0	383025	321.934890931	0.2
223.50563313	200	9.97223776569	0.0	383025	321.934890931	0.2
224.327568021	200	9.65030287476	0.0	383025	321.934890931	0.2
224.649502912	200	9.82836798382	0.0	383025	321.934890931	0.2
225.46928711	200	9.50858378572	0.0	383025	319.784198108	0.2
225.786836274	200	9.69103462207	0.0	383025	317.549163643	0.2
226.100191221	200	9.87767967519	0.0	383025	313.354946888	0.2
226.912889494	200	9.56498140208	0.0	383025	312.698273107	0.2
227.218162549	200	9.75970834666	0.0	383025	305.27305542	0.2
227.523032682	200	9.95483821355	0.0	383025	304.870133106	0.2
228.117335788	200	9.64996808045	0.0	383025	304.870133106	0.2
228.421141027	200	9.84616284116	0.0	383025	303.805239284	0.2
228.941989869	200	9.54235760188	0.0	383025	303.805239284	0.2
229.249417446	200	9.73493002517	0.0	383025	307.427576704	0.2
229.556845023	200	9.92750244847	0.0	383025	307.427576704	0.2
230.353598809	200	9.62007487177	0.0	383025	307.427576704	0.2
230.668163492	200	9.80551018917	0.0	383025	314.5646826	0.2
230.982728174	200	9.99094550657	0.0	383025	314.5646826	0.2
231.796928074	200	9.67674560662	0.0	383025	314.199899946	0.2
232.109609219	200	9.86406446187	0.0	383025	312.681144745	0.2
232.923903052	200	9.54977062839	0.0	383025	314.293833481	0.2
233.238196886	200	9.73547679491	0.0	383025	314.293833481	0.2
233.552490719	200	9.92118296143	0.0	383025	314.293833481	0.2
234.365453982	200	9.60821969819	0.0	383025	312.96326324	0.2
234.67792821	200	9.7957454702	0.0	383025	312.474227988	0.2
234.990402438	200	9.98327124221	0.0	383025	312.474227988	0.2
235.804202484	200	9.66947119705	0.0	383025	313.800045166	0.2
236.118430947	200	9.8552427336	0.0	383025	314.228463447	0.2
236.931344149	200	9.54232953129	0.0	383025	312.913202306	0.2
237.241880839	200	9.7317928417	0.0	383025	310.536689598	0.2
237.554857046	200	9.91881663426	0.0	383025	312.976207439	0.2
238.370029762	200	9.60364391842	0.0	383025	315.172715842	0.2
238.685202478	200	9.78847120257	0.0	383025	315.172715842	0.2
239.001740992	200	9.97193268917	0.0	383025	316.538513408	0.2
239.819423024	200	9.65425065637	0.0	383025	317.6820328	0.2
240.137105057	200	9.83656862357	0.0	383025	317.6820328	0.2
240.954848758	200	9.5188249227	0.0	383025	317.743700872	0.2
241.272656853	200	9.70101682788	0.0	383025	317.808094816	0.2
241.590464948	200	9.88320873306	0.0	383025	317.808094816	0.2

