703.7351319254707	400	0.5	0.15420392579170458	181435	154.203925792	-2.684078515834092
703.8917154723598	400	0.8434164531108204	0.0	184429	156.583546889	0.4
704.128696671926	600	1.1064352535445947	0.0	285584	236.981199566	0.39999999999999997
704.4497999411576	800	1.2853319843130904	0.0	391425	321.103269232	0.6000000000000001
704.7709032103891	800	1.464228715081586	0.0	391425	321.103269232	0.8
705.1683527676948	1000	1.5667791577757595	0.0	490176	397.449557306	0.8
705.5790871512056	1000	1.656044774264997	0.0	513389	410.734383511	1.0
705.976179681126	1000	1.7589522443446581	0.0	497055	397.09252992	1.0
706.3889715133141	1000	1.8461604121565092	0.0	520019	412.791832188	1.0
706.8259656027055	1000	1.9091663227651603	0.0	551265	436.994089391	1.0
707.2573193737162	1000	1.977812551754407	0.0	558332	431.353771011	1.0
707.6659604264539	1000	2.069171499016729	0.0	536970	408.641052738	1.0
707.957728671439	200	2.2774032540317157	0.0	383025	291.768244985	-0.6000000000000001
708.2464001045345	200	2.488731820936202	0.0	383025	288.671433096	0.2
708.53507153763	200	2.700060387840688	0.0	383025	288.671433096	0.2
708.8215684106843	200	2.913563514786231	0.0	383025	286.496873054	0.2
709.1048683233952	200	3.130263602075389	0.0	383025	283.299912711	0.2
709.3936611054054	200	3.341470820065163	0.0	383025	288.79278201	0.2
709.6865081989607	200	3.5486237265098435	0.0	383025	292.847093555	0.2
709.9867179632043	200	3.7484139622661976	0.0	383025	300.209764244	0.2
710.3007228873486	200	3.9344090381219523	0.0	383025	314.004924144	0.2
710.6147278114929	200	4.120404113977706	0.0	383025	314.004924144	0.2
710.9287327356371	200	4.306399189833461	0.0	383025	314.004924144	0.2
711.240582373445	200	4.4945495520255285	0.0	383025	311.849637808	0.2
711.5507736723322	200	4.684358253138378	0.0	383025	310.191298887	0.2
711.8609649712193	200	4.874166954251228	0.0	383025	310.191298887	0.2
712.1711424045344	200	5.063989520936093	0.0	383025	310.177433315	0.2
712.4631048546029	200	5.2720270708676455	0.0	383025	291.962450068	0.2
712.7550673046712	200	5.480064620799197	0.0	383025	291.962450068	0.2
713.049849943227	200	5.685281982243624	0.0	383025	294.782638556	0.2
713.350086817655	200	5.885045107815499	0.0	383025	300.236874428	0.2
713.6503236920831	200	6.084808233387372	0.0	383025	300.236874428	0.2
713.9444386682063	200	6.290693257264184	0.0	383025	294.114976123	0.2
714.2372608564774	200	6.497871068993061	0.0	383025	292.822188271	0.2
714.5307217756075	200	6.704410149862976	0.0	383025	293.46091913	0.2
714.8329747190152	200	6.902157206455353	0.0	383025	302.252943408	0.2
715.1352276624228	200	7.099904263047731	0.0	383025	302.252943408	0.2
715.4364051694972	200	7.298726755973256	0.0	383025	301.177507074	0.2
715.7331004581964	200	7.502031467274178	0.0	383025	296.695288699	0.2
716.0297957468955	200	7.7053361785751004	0.0	383025	296.695288699	0.2
716.323745530729	200	7.911386394741688	0.0	383025	293.949783833	0.2
716.6122041264349	200	8.122927799035805	0.0	383025	288.458595706	0.2
716.9013957356757	200	8.33373618979494	0.0	383025	289.191609241	0.2
717.1949912347467	200	8.540140690723996	0.0	383025	293.595499071	0.2
717.4885867338176	200	8.746545191653052	0.0	383025	293.595499071	0.2
717.7813275619712	200	8.953804363499323	0.0	383025	292.740828154	0.2
718.0732071431819	200	9.161924782288702	0.0	383025	291.879581211	0.2
718.3662745755303	200	9.36885734994033	0.0	383025	293.067432348	0.2
718.6679563609167	200	9.567175564553894	0.0	383025	301.681785386	0.2
718.9696381463032	200	9.765493779167459	0.0	383025	301.681785386	0.2
719.2769847664675	200	9.95814715900301	0.0	383025	307.346620164	0.2
720.1021397910795	200	9.63299213439115	0.0	383025	325.155024612	0.2
720.4296517915474	200	9.805480133923146	0.0	383025	327.5120004680046	0.2
720.7602539855627	200	9.974877939907874	0.0	383025	330.602194015	0.2
721.5908561795779	200	9.644275745892603	0.0	383025	330.602194015	0.2
721.9214583735933	200	9.813673551877331	0.0	383025	330.602194015	0.2
722.2515058286939	200	9.983626096776783	0.0	383025	330.0474551005475	0.2
723.0799159255546	200	9.65521599991603	0.0	383025	328.410096861	0.2
723.395066090073	200	9.84006583539765	0.0	383025	315.15016451837784	0.2
723.900964250863	200	9.534185833599617	0.0	383025	305.880001798	0.2
724.2484622116103	200	9.686687872852367	0.0	383025	347.497960747	0.2
724.5959601723575	200	9.83918991210512	0.0	383025	347.497960747	0.2
724.9434581331047	200	9.99169195135787	0.0	383025	347.497960747	0.2
725.790956093852	200	9.644193990610622	0.0	383025	347.497960747	0.2
726.1384540545992	200	9.796696029863373	0.0	383025	347.497960747	0.2
726.4859520153464	200	9.949198069116123	0.0	383025	347.497960747	0.2
727.3334499760936	200	9.601700108368876	0.0	383025	347.497960747	0.2
727.6818985903011	200	9.753251494161415	0.0	383025	348.44861420746	0.2
728.030630556652	200	9.904519527810542	0.0	383025	348.731966351	0.2
728.8793625230029	200	9.555787561459669	0.0	383025	348.731966351	0.2
729.2280944893538	200	9.707055595108795	0.0	383025	348.731966351	0.2
729.5768264557048	200	9.858323628757923	0.0	383025	348.731966351	0.2
730.4255584220557	200	9.509591662407049	0.0	383025	348.731966351	0.2
730.7742903884066	200	9.660859696056175	0.0	383025	348.731966351	0.2
731.1230223547575	200	9.812127729705303	0.0	383025	348.731966351	0.2
731.4717543211085	200	9.963395763354429	0.0	383025	348.731966351	0.2
732.2300265211476	200	9.614663797003555	0.0	383025	348.731966351	0.2
732.5796222547744	200	9.765068063376706	0.0	383025	349.595733627	0.2
732.9292179884013	200	9.915472329749857	0.0	383025	349.595733627	0.2
733.7788137220282	200	9.565876596123008	0.0	383025	349.595733627	0.2
734.1284094556551	200	9.716280862496157	0.0	383025	349.595733627	0.2
734.4780051892819	200	9.866685128869308	0.0	383025	349.595733627	0.2
735.3276009229088	200	9.51708939524246	0.0	383025	349.595733627	0.2
735.6771966565356	200	9.66749366161561	0.0	383025	349.595733627	0.2
736.0267923901624	200	9.81789792798876	0.0	383025	349.595733627	0.2
736.3728193830789	200	9.971870935072397	0.0	383025	346.0269929163636	0.2
737.2186964217653	200	9.625993896385841	0.0	383025	345.877038687	0.2
737.5645734604519	200	9.780116857699287	0.0	383025	345.877038687	0.2
737.9104504991384	200	9.934239819012733	0.0	383025	345.877038687	0.2
738.756327537825	200	9.588362780326179	0.0	383025	345.877038687	0.2
739.1022045765116	200	9.742485741639625	0.0	383025	345.877038687	0.2
739.4452450808902	200	9.89944523726087	0.0	383025	343.040504378755	0.2
740.2841979905695	200	9.560492327581574	0.0	383025	338.952909679	0.2
740.6231509002488	200	9.721539417902278	0.0	383025	338.952909679	0.2
740.954987214871	200	9.889703103280105	0.0	383025	331.8363146221731	0.2
741.7817229515719	200	9.562967366579255	0.0	383025	326.735736701	0.2
742.1084586882727	200	9.736231629878402	0.0	383025	326.735736701	0.2
742.4351944249735	200	9.909495893177551	0.0	383025	326.735736701	0.2
743.2619518739009	200	9.582738444250031	0.0	383025	326.75744892751936	0.2
743.5887120454541	200	9.755978272696845	0.0	383025	326.760171553	0.2
743.9154722170074	200	9.929218101143661	0.0	383025	326.760171553	0.2
744.7428826284068	200	9.601807689744223	0.0	383025	327.41041139943553	0.2
745.071334602868	200	9.77335571528308	0.0	383025	328.451974461	0.2
745.399786577329	200	9.944903740821935	0.0	383025	328.451974461	0.2
746.23248143736	200	9.612208880791076	0.0	383025	332.6948600308591	0.2
746.5694984586544	200	9.775191859496664	0.0	383025	337.017021294	0.2
746.9065154799489	200	9.938174838202249	0.0	383025	337.017021294	0.2
747.5865787341272	200	9.601157816907834	0.0	383025	337.017021294	0.2
747.9208516746418	200	9.766884876393346	0.0	383025	334.272940514	0.2
748.2551246151562	200	9.932611935878857	0.0	383025	334.272940514	0.2
749.0893975556708	200	9.598338995364367	0.0	383025	334.272940514	0.2
749.4226695844427	200	9.765066966592343	0.0	383025	333.27202877202456	0.2
749.7554681374645	200	9.9322684135706	0.0	383025	332.798553022	0.2
750.5882666904862	200	9.599469860548858	0.0	383025	332.798553022	0.2
750.921065243508	200	9.766671307527115	0.0	383025	332.798553022	0.2
751.2484044140352	200	9.939332136999822	0.0	383025	327.33917052729356	0.2
752.0749165431045	200	9.612820007930583	0.0	383025	326.512129069	0.2
752.4014286721737	200	9.786307878861347	0.0	383025	326.512129069	0.2
752.7278595594246	200	9.959876991610432	0.0	383025	326.4308872509159	0.2
753.5485384320883	200	9.639198118946624	0.0	383025	320.678872664	0.2

