3479.4162671193585	400	0.5	0.14692014478735202	181435	146.920144787	-2.5384028957470406
3479.56544668991	400	0.850820429448637	0.0	184429	149.179570551	0.4
3479.790963005003	600	1.1253041143553466	0.0	285584	225.516315093	0.39999999999999997
3480.0963523602727	800	1.3199147590854743	0.0	391425	305.38935527	0.6000000000000001
3480.4027588032304	800	1.5135083161281613	0.0	391425	306.406442957	0.8
3480.784672877946	1000	1.631594241412519	0.0	490176	381.914074716	0.8
3481.1846654344445	1000	1.731601684914045	0.0	513389	399.992556498	1.0
3481.5729779744433	1000	1.8432891449152167	0.0	497055	388.312539999	1.0
3481.9867472335927	1000	1.9295198857654954	0.0	520019	413.76925915	1.0
3482.429273039573	1000	1.9869940797849355	0.0	551265	442.525805981	1.0
3482.8838997342377	1000	2.0323673851203874	0.0	558332	454.626694665	1.0
3483.198921011406	200	2.2173461079521646	0.0	383025	315.021277168	-0.6000000000000001
3483.5167816856097	200	2.3994854337483478	0.0	383025	317.860674204	0.2
3483.838237634292	200	2.5780294850664376	0.0	383025	321.455948682	0.2
3484.159693582974	200	2.7565735363845274	0.0	383025	321.455948682	0.2
3484.4765373994064	200	2.9397297199519126	0.0	383025	316.843816433	0.2
3484.7896321396966	200	3.1266349796616733	0.0	383025	313.09474029	0.2
3485.10130684325	200	3.3149602761082595	0.0	383025	311.674703553	0.2
3485.408536127399	200	3.5077309919591673	0.0	383025	307.229284149	0.2
3485.715765411548	200	3.7005017078100746	0.0	383025	307.229284149	0.2
3486.030979460757	200	3.8852876586014795	0.0	383025	315.214049209	0.2
3486.3527112851557	200	4.063555834202696	0.0	383025	321.731824399	0.2
3486.674443109555	200	4.2418240098039135	0.0	383025	321.731824399	0.2
3486.9921623474343	200	4.424104771924322	0.0	383025	317.71923788	0.2
3487.3009758755134	200	4.615291243845068	0.0	383025	308.813528079	0.2
3487.6097894035925	200	4.806477715765814	0.0	383025	308.813528079	0.2
3487.917742948828	200	4.998524170529691	0.0	383025	307.953545236	0.2
3488.2251986618667	200	5.19106845749137	0.0	383025	307.455713038	0.2
3488.536114956004	200	5.3801521633537375	0.0	383025	310.916294138	0.2
3488.851918674189	200	5.564348445168816	0.0	383025	315.803718185	0.2
3489.1677223923743	200	5.748544726983895	0.0	383025	315.803718185	0.2
3489.483674627077	200	5.932592492280613	0.0	383025	315.952234703	0.2
3489.7998440828987	200	6.116423036458773	0.0	383025	316.169455822	0.2
3490.1160135387204	200	6.300253580636932	0.0	383025	316.169455822	0.2
3490.435741671159	200	6.480525448198625	0.0	383025	319.728132438	0.2
3490.757561309887	200	6.65870580947066	0.0	383025	321.819638728	0.2
3491.0793809486154	200	6.836886170742695	0.0	383025	321.819638728	0.2
3491.3928824786844	200	7.023384640673251	0.0	383025	313.501530069	0.2
3491.6950306649474	200	7.221236454410782	0.0	383025	302.148186262	0.2
3491.9956648975103	200	7.4206022218476795	0.0	383025	300.634232563	0.2
3492.292777339438	200	7.623489779919953	0.0	383025	297.112441928	0.2
3492.589889781366	200	7.826377337992226	0.0	383025	297.112441928	0.2
3492.8789579184254	200	8.037309200932388	0.0	383025	289.06813706	0.2
3493.167900493372	200	8.248366625985739	0.0	383025	288.942574947	0.2
3493.4616182678405	200	8.454648851517074	0.0	383025	293.717774469	0.2
3493.755336042309	200	8.660931077048412	0.0	383025	293.717774469	0.2
3494.0497800135336	200	8.866487105823863	0.0	383025	294.443971225	0.2
3494.3433142575723	200	9.072952861785158	0.0	383025	293.534244039	0.2
3494.6291546211414	200	9.28711249821609	0.0	383025	285.840363569	0.2
3494.9149949847106	200	9.50127213464702	0.0	383025	285.840363569	0.2
3495.199990649241	200	9.716276470116686	0.0	383025	284.99566453	0.2
3495.4871923778605	200	9.929074741497049	0.0	383025	287.20172862	0.2
3496.174977076522	200	9.639105012761714	0.0	383025	289.969728735	0.2
3496.463452167802	200	9.850629921481417	0.0	383025	288.47509128029697	0.2
3496.9918654392313	200	9.564568297269469	0.0	383025	286.061624212	0.2
3497.283372380741	200	9.773061355759417	0.0	383025	291.50694151	0.2
3497.5800406290227	200	9.97639310747811	0.0	383025	296.66824828130575	0.2
3498.2177311822056	200	9.677811254191283	0.0	383025	298.581853287	0.2
3498.510780433431	200	9.88476200296555	0.0	383025	293.04925122573326	0.2
3499.1085066723995	200	9.591977906692343	0.0	383025	292.784096273	0.2
3499.413189761732	200	9.787294817359603	0.0	383025	304.683089333	0.2
3499.7180381912212	200	9.982446387870764	0.0	383025	304.8484294888379	0.2
3500.272661878933	200	9.67737134617337	0.0	383025	305.075041697	0.2
3500.580156030252	200	9.869877194853881	0.0	383025	307.494151319	0.2
3501.404718661607	200	9.545314563498566	0.0	383025	324.56263135531503	0.2
3501.737038496999	200	9.712994728106912	0.0	383025	332.319835392	0.2
3502.0548936045748	200	9.895139620531454	0.0	383025	317.85510757545813	0.2
3502.603798955826	200	9.58657715458404	0.0	383025	308.562465947	0.2
3502.916062994854	200	9.77431311555563	0.0	383025	312.264039028	0.2
3503.2283270338826	200	9.962049076527219	0.0	383025	312.264039028	0.2
3504.0418660879754	200	9.648510022434078	0.0	383025	313.5390540931419	0.2
3504.356985743549	200	9.83339036686035	0.0	383025	315.11965557372855	0.2
3504.8814844147746	200	9.517905891611239	0.0	383025	315.484475249	0.2
3505.1957637107184	200	9.70362659566687	0.0	383025	314.279295944	0.2
3505.5100430066627	200	9.889347299722502	0.0	383025	314.279295944	0.2
3506.324585087047	200	9.574805219338115	0.0	383025	314.54208038438634	0.2
3506.646698020637	200	9.752692285748243	0.0	383025	322.1129335898722	0.2
3506.9695728887577	200	9.929817417627522	0.0	383025	322.874868121	0.2
3507.7224251804587	200	9.606942549506803	0.0	383025	322.874868121	0.2
3508.0422864598017	200	9.787081270163567	0.0	383025	319.861279343	0.2
3508.3578754520054	200	9.971492277959843	0.0	383025	315.58899220372183	0.2
3508.7724224523163	200	9.656932625368299	0.0	383025	314.559652592	0.2
3509.11010278603	200	9.819252291654397	0.0	383025	337.680333714	0.2
3509.447783119744	200	9.981571957940494	0.0	383025	337.680333714	0.2
3510.088491830919	200	9.643891624226592	0.0	383025	337.680333714	0.2
3510.437242901327	200	9.795140553818579	0.0	383025	348.751070408	0.2
3510.785993971735	200	9.946389483410567	0.0	383025	348.751070408	0.2
3511.194026640428	200	9.597638413002555	0.0	383025	348.751070408	0.2
3511.539784231612	200	9.751880821818833	0.0	383025	345.757591184	0.2
3511.885541822796	200	9.906123230635112	0.0	383025	345.757591184	0.2
3512.7312994139797	200	9.56036563945139	0.0	383025	345.757591184	0.2
3513.0651715521817	200	9.726493501249015	0.0	383025	333.8721382023751	0.2
3513.3985478774607	200	9.89311717597012	0.0	383025	333.376325279	0.2
3514.039103344236	200	9.559740850691227	0.0	383025	333.376325279	0.2
3514.3758107439335	200	9.723033450993894	0.0	383025	336.707399697	0.2
3514.712518143631	200	9.886326051296559	0.0	383025	336.707399697	0.2
3515.496526969717	200	9.549618651599225	0.0	383025	336.707399697	0.2
3515.835681152713	200	9.710464468603089	0.0	383025	339.154182996	0.2
3516.1748353357093	200	9.87131028560695	0.0	383025	339.154182996	0.2
3517.0120679640463	200	9.53407765726963	0.0	383025	337.23262833732116	0.2
3517.3461526751744	200	9.699992946141597	0.0	383025	334.084711128	0.2
3517.684992948313	200	9.86115267300285	0.0	383025	338.8402731387469	0.2
3518.528089934187	200	9.518055687128541	0.0	383025	343.096985874	0.2
3518.871186920061	200	9.67495870125423	0.0	383025	343.096985874	0.2
3519.2142683997417	200	9.831877221573352	0.0	383025	343.0814796808792	0.2
3519.5573320751364	200	9.988813546179232	0.0	383025	343.063675394	0.2
3520.4003957505306	200	9.645749870785112	0.0	383025	343.063675394	0.2
3520.7443324352776	200	9.801813186037874	0.0	383025	343.9366847472381	0.2
3521.0908480197477	200	9.955297601568207	0.0	383025	346.51558447	0.2
3521.9373636042174	200	9.60878201709854	0.0	383025	346.51558447	0.2
3522.2826931739323	200	9.763452447383516	0.0	383025	345.3295697150247	0.2
3522.6244941072914	200	9.921651514024235	0.0	383025	341.800933359	0.2
3523.466295040651	200	9.579850580664955	0.0	383025	341.800933359	0.2
3523.812251254182	200	9.733894367133942	0.0	383025	345.9562135310132	0.2
3524.1617601496423	200	9.884385471673609	0.0	383025	349.50889546	0.2
3525.011269045103	200	9.534876576213273	0.0	383025	349.50889546	0.2
3525.3607779405634	200	9.68536768075294	0.0	383025	349.50889546	0.2
3525.7108966385645	200	9.835248982751965	0.0	383025	350.11869800097327	0.2
3526.0610932127715	200	9.985052408544544	0.0	383025	350.196574207	0.2
3526.911289786979	200	9.63485583433712	0.0	383025	350.196574207	0.2

