6340.38384680202	400	0.5	0.15763776848904154	181435	157.637768489	-2.752755369780831
6340.543920856116	400	0.8399259459053355	0.0	184429	160.074054095	0.4
6340.786307024584	600	1.0975397774363278	0.0	285584	242.386168469	0.39999999999999997
6341.114818411753	800	1.2690283902683444	0.0	391425	328.511387168	0.6000000000000001
6341.443329798921	800	1.440517003100361	0.0	391425	328.511387168	0.8
6341.8521971112195	1000	1.5316496908018273	0.0	490176	408.867312299	0.8
6342.280630797241	1000	1.603216004778976	0.0	513389	428.433686023	1.0
6342.698018518275	1000	1.685828283745737	0.0	497055	417.387721033	1.0
6343.134227600376	1000	1.749619201644191	0.0	520019	436.209082102	1.0
6343.59604599479	1000	1.7878008072303162	0.0	551265	461.818394414	1.0
6344.063197575506	1000	1.8206492265145175	0.0	558332	467.151580716	1.0
6344.512515183414	1000	1.8713316186068232	0.0	536970	449.317607908	1.0
6344.961832791321	1000	1.9220140106991288	0.0	536970	449.317607908	1.0
6345.411150399229	1000	1.9726964027914347	0.0	536970	449.317607908	1.0
6345.860468007136	1000	2.0233787948837403	0.0	536970	449.317607908	1.0
6346.179972923044	200	2.203873878975699	0.0	383025	319.504915908	-0.6000000000000001
6346.498022429944	200	2.385824372075733	0.0	383025	318.0495069	0.2
6346.816071936844	200	2.5677748651757666	0.0	383025	318.0495069	0.2
6347.134121443743	200	2.7497253582758003	0.0	383025	318.0495069	0.2
6347.449062306235	200	2.9347844957845672	0.0	383025	314.940862491	0.2
6347.7624623265265	200	3.121384475492565	0.0	383025	313.400020292	0.2
6348.075862346819	200	3.3079844552005624	0.0	383025	313.400020292	0.2
6348.389262367111	200	3.49458443490856	0.0	383025	313.400020292	0.2
6348.702662387403	200	3.6811844146165575	0.0	383025	313.400020292	0.2
6349.016297516336	200	3.8675492856837836	0.0	383025	313.635128933	0.2
6349.3300219893335	200	4.05382481268621	0.0	383025	313.724472998	0.2
6349.643746462331	200	4.240100339688638	0.0	383025	313.724472998	0.2
6349.9481185395125	200	4.435728262507467	0.0	383025	304.372077181	0.2
6350.246991380678	200	4.6368554213415045	0.0	383025	298.872841166	0.2
6350.546826465698	200	4.837020336322364	0.0	383025	299.835085019	0.2
6350.859841431138	200	5.02400537088222	0.0	383025	313.01496544	0.2
6351.172856396578	200	5.210990405442076	0.0	383025	313.01496544	0.2
6351.485871362019	200	5.3979754400019315	0.0	383025	313.01496544	0.2
6351.798886327459	200	5.584960474561788	0.0	383025	313.01496544	0.2
6352.110348131737	200	5.773498670284031	0.0	383025	311.461804278	0.2
6352.421591756659	200	5.96225504536212	0.0	383025	311.243624922	0.2
6352.73283538158	200	6.151011420440209	0.0	383025	311.243624922	0.2
6353.044079006502	200	6.339767795518298	0.0	383025	311.243624922	0.2
6353.363766266766	200	6.520080535254604	0.0	383025	319.687260264	0.2
6353.68482640277	200	6.699020399250066	0.0	383025	321.060136005	0.2
6354.005886538775	200	6.8779602632455275	0.0	383025	321.060136005	0.2
6354.326946674779	200	7.056900127240989	0.0	383025	321.060136005	0.2
6354.648006810783	200	7.235839991236451	0.0	383025	321.060136005	0.2
6354.973706177672	200	7.4101406243470835	0.0	383025	325.699366889	0.2
6355.299868100975	200	7.583978701045185	0.0	383025	326.161923302	0.2
6355.6260300242775	200	7.757816777743286	0.0	383025	326.161923302	0.2
6355.952191947579	200	7.931654854441386	0.0	383025	326.161923302	0.2
6356.278307222256	200	8.105539579764503	0.0	383025	326.115274677	0.2
6356.6041863068	200	8.279660495220588	0.0	383025	325.879084544	0.2
6356.930065391345	200	8.45378141067667	0.0	383025	325.879084544	0.2
6357.255944475889	200	8.627902326132753	0.0	383025	325.879084544	0.2
6357.581823560434	200	8.802023241588836	0.0	383025	325.879084544	0.2
6357.907702644978	200	8.97614415704492	0.0	383025	325.879084544	0.2
6358.233533799156	200	9.150313002866124	0.0	383025	325.831154179	0.2
6358.559239600509	200	9.324607201514494	0.0	383025	325.705801352	0.2
6358.88494540186	200	9.498901400162866	0.0	383025	325.705801352	0.2
6359.210651203212	200	9.673195598811237	0.0	383025	325.705801352	0.2
6359.536357004565	200	9.847489797459607	0.0	383025	325.705801352	0.2
6360.347916397098	200	9.52178399610798	0.0	383025	325.705801352	0.2
6360.677079469528	200	9.692620923677168	0.0	383025	329.163072431	0.2
6361.006242541958	200	9.863457851246357	0.0	383025	329.163072431	0.2
6361.835405614389	200	9.534294778815546	0.0	383025	329.163072431	0.2
6362.163266095106	200	9.706434298097964	0.0	383025	327.8604807175838	0.2
6362.4905607265755	200	9.879139666628978	0.0	383025	327.294631469	0.2
6363.317855358045	200	9.551845035159992	0.0	383025	327.294631469	0.2
6363.648388477553	200	9.7213119156514	0.0	383025	330.5331195085933	0.2
6363.985650922553	200	9.884049470652585	0.0	383025	337.262444999	0.2
6364.822913367551	200	9.546787025653767	0.0	383025	337.262444999	0.2
6365.160175812551	200	9.709524580654952	0.0	383025	337.262444999	0.2
6365.49743825755	200	9.872262135656136	0.0	383025	337.262444999	0.2
6366.334700702549	200	9.534999690657319	0.0	383025	337.262444999	0.2
6366.663120660302	200	9.706579732903778	0.0	383025	328.4199577535428	0.2
6366.984297454937	200	9.88540293826855	0.0	383025	321.176794635	0.2
6367.805474249572	200	9.564226143633322	0.0	383025	321.176794635	0.2
6368.117138230098	200	9.752562163107104	0.0	383025	311.66398052621577	0.2
6368.4256964655915	200	9.944003927613654	0.0	383025	308.558235493	0.2
6368.986446777454	200	9.635445692120204	0.0	383025	308.558235493	0.2
6369.300059793695	200	9.82183267587966	0.0	383025	313.613016241	0.2
6370.063090832985	200	9.508219659639119	0.0	383025	313.613016241	0.2
6370.3701575182195	200	9.70115297440451	0.0	383025	307.066685235	0.2
6370.677224203453	200	9.8940862891699	0.0	383025	307.066685235	0.2
6371.013990490573	200	9.587478870970132	0.0	383025	306.6074181997675	0.2
6371.323924566923	200	9.777544794619716	0.0	383025	309.93407635	0.2
6371.633858643273	200	9.9676107182693	0.0	383025	309.93407635	0.2
6372.44384454485	200	9.657624816691667	0.0	383025	309.9859015776349	0.2
6372.755339118926	200	9.846130242615944	0.0	383025	311.494574076	0.2
6373.51983560225	200	9.53463566854022	0.0	383025	311.494574076	0.2
6373.826186245986	200	9.72828502480361	0.0	383025	306.350643737	0.2
6374.132536889722	200	9.921934381067	0.0	383025	306.350643737	0.2
6374.941401553844	200	9.61306971694569	0.0	383025	308.86466412131114	0.2
6375.2511073801525	200	9.803363890637135	0.0	383025	309.705826309	0.2
6375.561961654002	200	9.992509616788395	0.0	383025	310.8542738487395	0.2
6376.373078238718	200	9.681393032071934	0.0	383025	311.116584716	0.2
6376.680537135646	200	9.87393413514482	0.0	383025	307.45889692711404	0.2
6377.357193428052	200	9.56745769596381	0.0	383025	306.476439181	0.2
6377.661157600074	200	9.763493523941628	0.0	383025	303.964172022	0.2
6377.965121772097	200	9.959529351919446	0.0	383025	303.964172022	0.2
6378.770915611088	200	9.653735512928476	0.0	383025	305.79383899097076	0.2
6379.078005539439	200	9.846645584577212	0.0	383025	307.089928351	0.2
6379.885420225208	200	9.539230898808109	0.0	383025	307.41468576910296	0.2
6380.193161698672	200	9.731489425343412	0.0	383025	307.741473465	0.2
6380.50112105663	200	9.92353006738501	0.0	383025	307.9593579584013	0.2
6381.001153013161	200	9.615567853821894	0.0	383025	307.962213563	0.2
6381.3121995911315	200	9.804521275850666	0.0	383025	311.046577971	0.2
6381.623246169103	200	9.993474697879437	0.0	383025	311.046577971	0.2
6382.379502367056	200	9.68242811990821	0.0	383025	311.046577971	0.2
6382.69081851136	200	9.871111975604707	0.0	383025	311.316144304	0.2
6383.459976411651	200	9.559795831301203	0.0	383025	311.316144304	0.2
6383.770985229195	200	9.748787013758353	0.0	383025	311.008817543	0.2
6384.081994046737	200	9.9377781962155	0.0	383025	311.008817543	0.2
6384.893708335923	200	9.626063907030323	0.0	383025	311.71428918517853	0.2
6385.208891724418	200	9.810880518535258	0.0	383025	315.183388495	0.2
6385.524075112913	200	9.995697130040194	0.0	383025	315.183388495	0.2
6386.340000471698	200	9.679771771255252	0.0	383025	315.92535878494056	0.2
6386.65603154565	200	9.863740697303491	0.0	383025	316.031073952	0.2
6387.474684846636	200	9.545087396317758	0.0	383025	318.6533009857337	0.2
6387.795733698789	200	9.724038544164895	0.0	383025	321.048852153	0.2
6388.116782550942	200	9.90298969201203	0.0	383025	321.048852153	0.2
6388.938440344343	200	9.581331898611484	0.0	383025	321.6577934005448	0.2
6389.260885031155	200	9.758887211799488	0.0	383025	322.444686812	0.2

