5073.30820646	400	0.5	0.153374520497	181435	153.374520497	-2.66749040993
5073.69082217	1000	0.617384291761	0.0	471531	382.615708239	0.4
5074.08206002	1000	0.726146435683	0.0	482442	391.237856078	1.0
5074.48232215	1000	0.825884305911	0.0	492120	400.262129772	1.0
5074.8874239	1000	0.920782555412	0.0	492120	405.101750499	1.0
5075.2909649	1000	1.01724155799	0.0	490176	403.540997425	1.0
5075.71314261	1000	1.09506385217	0.0	513389	422.177705818	1.0
5076.12257171	1000	1.18563475101	0.0	497055	409.429101164	1.0
5076.55126956	1000	1.25693689948	0.0	520019	428.697851531	1.0
5077.0051254	1000	1.30308105743	0.0	551265	453.855842045	1.0
5077.4646713	1000	1.34353515845	0.0	558332	459.545898979	1.0
5077.9070174	1000	1.40118906083	0.0	536970	442.346097617	1.0
5078.34243231	1000	1.46577414469	0.0	536970	435.414916146	1.0
5078.7734502	1000	1.53475625589	0.0	536970	431.017888795	1.0
5079.20446809	1000	1.6037383671	0.0	536970	431.017888795	1.0
5079.63548598	1000	1.67272047831	0.0	536970	431.017888795	1.0
5080.08018877	1000	1.72801769385	0.0	553424	444.702784453	1.0
5080.50097903	1000	1.8072274272	0.0	522960	420.790266648	1.0
5080.9217693	1000	1.88643716056	0.0	522960	420.790266648	1.0
5081.34991709	1000	1.95828937069	0.0	532300	428.14778987	1.0
5081.75508854	1000	2.05311792157	0.0	503004	405.171449111	1.0
5082.06600174	200	2.2422047195	0.0	383025	310.913202073	-0.6
5082.37691494	200	2.43129151743	0.0	383025	310.913202073	0.2
5082.68928362	200	2.61892283653	0.0	383025	312.368680896	0.2
5083.00246616	200	2.80574030188	0.0	383025	313.182534656	0.2
5083.31564869	200	2.99255776722	0.0	383025	313.182534656	0.2
5083.62883123	200	3.17937523256	0.0	383025	313.182534656	0.2
5083.94201376	200	3.36619269791	0.0	383025	313.182534656	0.2
5084.25520799	200	3.55299846929	0.0	383025	313.194228614	0.2
5084.5687326	200	3.73947385963	0.0	383025	313.52460966	0.2
5084.88225721	200	3.92594924997	0.0	383025	313.52460966	0.2
5085.19578182	200	4.11242464031	0.0	383025	313.52460966	0.2
5085.50930643	200	4.29890003065	0.0	383025	313.52460966	0.2
5085.82283104	200	4.48537542099	0.0	383025	313.52460966	0.2
5086.13731677	200	4.67088968684	0.0	383025	314.485734151	0.2
5086.45195686	200	4.85624959588	0.0	383025	314.640090965	0.2
5086.76659695	200	5.04160950491	0.0	383025	314.640090965	0.2
5087.08123705	200	5.22696941395	0.0	383025	314.640090965	0.2
5087.39587714	200	5.41232932298	0.0	383025	314.640090965	0.2
5087.7104114	200	5.59779506361	0.0	383025	314.53425937	0.2
5088.02414802	200	5.78405843861	0.0	383025	313.736625004	0.2
5088.33788465	200	5.9703218136	0.0	383025	313.736625004	0.2
5088.65162127	200	6.1565851886	0.0	383025	313.736625004	0.2
5088.9653579	200	6.34284856359	0.0	383025	313.736625004	0.2
5089.27719181	200	6.53101464468	0.0	383025	311.833918913	0.2
5089.58718209	200	6.72102436858	0.0	383025	309.990276098	0.2
5089.89717237	200	6.91103409248	0.0	383025	309.990276098	0.2
5090.20716264	200	7.10104381639	0.0	383025	309.990276098	0.2
5090.51715292	200	7.29105354029	0.0	383025	309.990276098	0.2
5090.82987802	200	7.47832844074	0.0	383025	312.725099548	0.2
5091.1441344	200	7.66407205698	0.0	383025	314.256383756	0.2
5091.45839079	200	7.84981567323	0.0	383025	314.256383756	0.2
5091.77264717	200	8.03555928947	0.0	383025	314.256383756	0.2
5092.08690355	200	8.22130290572	0.0	383025	314.256383756	0.2
5092.39884075	200	8.40936570819	0.0	383025	311.937197531	0.2
5092.70967721	200	8.59852925411	0.0	383025	310.836454073	0.2
5093.02051366	200	8.78769280004	0.0	383025	310.836454073	0.2
5093.33135011	200	8.97685634597	0.0	383025	310.836454073	0.2
5093.64218657	200	9.16601989189	0.0	383025	310.836454073	0.2
5093.95616909	200	9.35203737287	0.0	383025	313.982519023	0.2
5094.27053456	200	9.53767190042	0.0	383025	314.365472451	0.2
5094.58490003	200	9.72330642797	0.0	383025	314.365472451	0.2
5094.8992655	200	9.90894095552	0.0	383025	314.365472451	0.2
5095.70966669	200	9.59853976463	0.0	383025	310.401190891	0.2
5096.0193699	200	9.78883656157	0.0	383025	309.703203062	0.2
5096.3290731	200	9.9791333585	0.0	383025	309.703203062	0.2
5097.14189312	200	9.66631334235	0.0	383025	312.820016154	0.2
5097.45979435	200	9.84841210986	0.0	383025	317.901232492	0.2
5098.27762293	200	9.5305835313	0.0	383025	317.828578555	0.2
5098.58771217	200	9.7204942913	0.0	383025	310.08924	0.2
5098.89780141	200	9.9104050513	0.0	383025	310.08924	0.2
5099.70852312	200	9.59968333769	0.0	383025	310.721713613	0.2
5100.01946325	200	9.78874320764	0.0	383025	310.940130052	0.2
5100.33040338	200	9.97780307759	0.0	383025	310.940130052	0.2
5101.14382926	200	9.66437720283	0.0	383025	313.425874753	0.2
5101.45954897	200	9.84865749032	0.0	383025	315.719712513	0.2
5102.27526868	200	9.53293777781	0.0	383025	315.719712513	0.2
5102.59305031	200	9.7151561481	0.0	383025	317.781629705	0.2
5102.91234848	200	9.89585797575	0.0	383025	319.298172347	0.2
5103.73164666	200	9.57655980341	0.0	383025	319.298172347	0.2
5104.05094483	200	9.75726163106	0.0	383025	319.298172347	0.2
5104.370243	200	9.93796345871	0.0	383025	319.298172347	0.2
5105.18920819	200	9.61899826784	0.0	383025	318.965190878	0.2
5105.50813146	200	9.80007500311	0.0	383025	318.923264728	0.2
5105.82705472	200	9.98115173838	0.0	383025	318.923264728	0.2
5106.42712413	200	9.66222847365	0.0	383025	318.923264728	0.2
5106.74220753	200	9.84714507478	0.0	383025	315.083398872	0.2
5107.38860368	200	9.53206167591	0.0	383025	315.083398872	0.2
5107.7107785	200	9.70988686109	0.0	383025	322.174814818	0.2
5108.03295331	200	9.88771204627	0.0	383025	322.174814818	0.2
5108.85512813	200	9.56553723145	0.0	383025	322.174814818	0.2
5109.17730294	200	9.74336241664	0.0	383025	322.174814818	0.2
5109.49947776	200	9.92118760182	0.0	383025	322.174814818	0.2
5110.32099212	200	9.59967323946	0.0	383025	321.514362357	0.2
5110.64198447	200	9.7786808899	0.0	383025	320.992349559	0.2
5110.96297682	200	9.95768854035	0.0	383025	320.992349559	0.2
5111.78396917	200	9.63669619079	0.0	383025	320.992349559	0.2
5112.1054645	200	9.81520086367	0.0	383025	321.495327121	0.2
5112.42805837	200	9.99260698784	0.0	383025	322.593875828	0.2
5113.25065225	200	9.67001311201	0.0	383025	322.593875828	0.2
5113.57324612	200	9.84741923618	0.0	383025	322.593875828	0.2
5114.17438924	200	9.52482536035	0.0	383025	322.593875828	0.2
5114.49259979	200	9.7066148048	0.0	383025	318.210555556	0.2
5114.81081035	200	9.88840424924	0.0	383025	318.210555556	0.2
5115.21220168	200	9.57019369369	0.0	383025	318.210555556	0.2
5115.53520014	200	9.74719523738	0.0	383025	322.998456304	0.2
5115.8581986	200	9.92419678108	0.0	383025	322.998456304	0.2
5116.68119705	200	9.60119832477	0.0	383025	322.998456304	0.2
5117.00419551	200	9.77819986847	0.0	383025	322.998456304	0.2
5117.32719396	200	9.95520141216	0.0	383025	322.998456304	0.2
5118.15172142	200	9.63067395433	0.0	383025	324.52745783	0.2
5118.48061572	200	9.80177965668	0.0	383025	328.894297656	0.2
5118.80951002	200	9.97288535902	0.0	383025	328.894297656	0.2
5119.63840431	200	9.64399106137	0.0	383025	328.894297656	0.2
5119.96729861	200	9.81509676371	0.0	383025	328.894297656	0.2
5120.29619291	200	9.98620246605	0.0	383025	328.894297656	0.2
5120.96115355	200	9.6573081684	0.0	383025	328.894297656	0.2
5121.29191821	200	9.82654350534	0.0	383025	330.764663056	0.2
5121.62268288	200	9.99577884229	0.0	383025	330.764663056	0.2
5122.45344754	200	9.66501417923	0.0	383025	330.764663056	0.2

