3572.3584838911343	400	0.5	0.1642167445036485	181435	164.216744504	-2.8843348900729704
3572.525245486042	400	0.8332384050923836	0.0	184429	166.761594908	0.4
3572.777987155303	600	1.0804967358316016	0.0	285584	252.741669261	0.39999999999999997
3573.1206919212927	800	1.237791969841905	0.0	391425	342.70476599	0.6000000000000001
3573.4633966872825	800	1.3950872038522084	0.0	391425	342.70476599	0.8
3573.8047958787165	800	1.5536880124184551	0.0	389889	341.399191434	0.8
3574.238446195017	1000	1.6200376961175038	0.0	513389	433.650316301	0.8
3574.652831605987	1000	1.705652285147235	0.0	497055	414.38541097	1.0
3575.0798032882576	1000	1.7786806028764808	0.0	520019	426.971682271	1.0
3575.530516319524	1000	1.8279675716101582	0.0	551265	450.713031266	1.0
3575.974979396572	1000	1.8835044945621362	0.0	558332	444.463077048	1.0
3576.375743016039	1000	1.9827408750948172	0.0	536970	400.763619467	1.0
3576.7825245588615	1000	2.075959332272383	0.0	536970	406.781542822	1.0
3577.0761606357537	200	2.2823232553803465	0.0	383025	293.636076892	-0.6000000000000001
3577.3765338865405	200	2.4819500045930956	0.0	383025	300.373250787	0.2
3577.685392727961	200	2.673091163172902	0.0	383025	308.85884142	0.2
3577.996538045325	200	2.861945845808659	0.0	383025	311.145317364	0.2
3578.311609888696	200	3.0468740024378222	0.0	383025	315.071843371	0.2
3578.6266817320666	200	3.231802159066985	0.0	383025	315.071843371	0.2
3578.9474844060746	200	3.4109994850590954	0.0	383025	320.802674008	0.2
3579.2688567916157	200	3.589627099518129	0.0	383025	321.372385541	0.2
3579.5902291771563	200	3.7682547139771625	0.0	383025	321.372385541	0.2
3579.913971651987	200	3.9445122391465484	0.0	383025	323.742474831	0.2
3580.239505554138	200	4.118978336995857	0.0	383025	325.533902151	0.2
3580.565039456288	200	4.293444434845165	0.0	383025	325.533902151	0.2
3580.890573358439	200	4.467910532694473	0.0	383025	325.533902151	0.2
3581.2059804466026	200	4.652503444530824	0.0	383025	315.407088164	0.2
3581.5209281029543	200	4.837555788179332	0.0	383025	314.947656351	0.2
3581.835875759306	200	5.02260813182784	0.0	383025	314.947656351	0.2
3582.1550389626996	200	5.20344492843422	0.0	383025	319.163203394	0.2
3582.4743214481214	200	5.384162443012246	0.0	383025	319.282485422	0.2
3582.7970246153386	200	5.561459275795044	0.0	383025	322.703167217	0.2
3583.1269573111385	200	5.731526579995088	0.0	383025	329.9326958	0.2
3583.4568900069385	200	5.901593884195133	0.0	383025	329.9326958	0.2
3583.7868227027384	200	6.071661188395177	0.0	383025	329.9326958	0.2
3584.1173634098172	200	6.241120481316519	0.0	383025	330.540707079	0.2
3584.4488841989673	200	6.409599692166544	0.0	383025	331.52078915	0.2
3584.7804049881174	200	6.578078903016569	0.0	383025	331.52078915	0.2
3585.1119257772675	200	6.746558113866594	0.0	383025	331.52078915	0.2
3585.4325832602863	200	6.925900630848093	0.0	383025	320.657483019	0.2
3585.748863688762	200	7.109620202372379	0.0	383025	316.280428476	0.2
3586.0651441172377	200	7.293339773896665	0.0	383025	316.280428476	0.2
3586.386614740164	200	7.471869150970236	0.0	383025	321.470622926	0.2
3586.7113888451954	200	7.64709504593858	0.0	383025	324.774105032	0.2
3587.036162950227	200	7.822320940906925	0.0	383025	324.774105032	0.2
3587.371466397155	200	7.9870174939788185	0.0	383025	335.303446928	0.2
3587.7115373393817	200	8.146946551752146	0.0	383025	340.070942227	0.2
3588.051608281609	200	8.306875609525472	0.0	383025	340.070942227	0.2
3588.3916792238356	200	8.466804667298799	0.0	383025	340.070942227	0.2
3588.73122107823	200	8.627262812904071	0.0	383025	339.541854395	0.2
3589.061303109267	200	8.797180781866714	0.0	383025	330.082031037	0.2
3589.3913851403045	200	8.967098750829358	0.0	383025	330.082031037	0.2
3589.721467171342	200	9.137016719792001	0.0	383025	330.082031037	0.2
3590.0441675024485	200	9.31431638868532	0.0	383025	322.700331107	0.2
3590.363853866276	200	9.494630024857958	0.0	383025	319.686363827	0.2
3590.6835402301035	200	9.674943661030598	0.0	383025	319.686363827	0.2
3590.997378085732	200	9.86110580540205	0.0	383025	313.837855629	0.2
3591.671654921841	200	9.550522818748485	0.0	383025	310.582986654	0.2
3591.97839385585	200	9.74378388473958	0.0	383025	306.738934009	0.2
3592.2842236178303	200	9.9379541227592	0.0	383025	305.8297619803801	0.2
3592.999721246397	200	9.633336624098268	0.0	383025	304.617498661	0.2
3593.300538123671	200	9.832519746824106	0.0	383025	300.81687727416306	0.2
3593.8047280824167	200	9.53627328534102	0.0	383025	296.246461483	0.2
3594.099928933009	200	9.741072434748459	0.0	383025	295.200850593	0.2
3594.3962244570685	200	9.944776910688985	0.0	383025	296.295524059474	0.2
3594.856767834677	200	9.64422511494193	0.0	383025	300.551795747	0.2
3595.1763067026104	200	9.824686247008534	0.0	383025	319.538867933	0.2
3595.834914831072	200	9.505147379075138	0.0	383025	319.538867933	0.2
3596.147237402126	200	9.692824808021614	0.0	383025	312.32257105352465	0.2
3596.455837655492	200	9.8842245546552	0.0	383025	308.600253366	0.2
3597.0730304188733	200	9.575624301288785	0.0	383025	308.600253366	0.2
3597.379442870274	200	9.76921184988783	0.0	383025	306.412451401	0.2
3597.681387794779	200	9.967266925383258	0.0	383025	301.9449245045715	0.2
3598.2740781251805	200	9.67939664114249	0.0	383025	287.870284241	0.2
3598.561642593042	200	9.891832173281136	0.0	383025	287.564467861354	0.2
3599.0988174355375	200	9.604437061494647	0.0	383025	287.395111786	0.2
3599.396223895106	200	9.807030601926295	0.0	383025	297.406459568	0.2
3600.200195778338	200	9.50305871869424	0.0	383025	303.9718832320551	0.2
3600.502253107709	200	9.701001389323567	0.0	383025	302.0573293706734	0.2
3600.7912056630416	200	9.912048833990628	0.0	383025	288.952555333	0.2
3601.5839406380687	200	9.619313858963928	0.0	383025	292.73497502670074	0.2
3601.894056591628	200	9.809197905404371	0.0	383025	310.11595355955535	0.2
3602.209083837854	200	9.994170659178106	0.0	383025	315.027246226	0.2
3602.899184434732	200	9.67914341295184	0.0	383025	315.027246226	0.2
3603.2125980093087	200	9.865729838375199	0.0	383025	313.413574577	0.2
3604.0210488022644	200	9.557279045419566	0.0	383025	308.4507929556334	0.2
3604.3330801404522	200	9.74524770723155	0.0	383025	312.0313381880152	0.2
3604.6497281355314	200	9.928599712152394	0.0	383025	316.647995079	0.2
3605.4658931201016	200	9.612434727582187	0.0	383025	316.16498457020623	0.2
3605.7758887585887	200	9.802439089095314	0.0	383025	309.995638487	0.2
3606.091019399439	200	9.98730844824503	0.0	383025	315.1306408502861	0.2
3606.5424672840345	200	9.670038625476792	0.0	383025	317.269822768	0.2
3606.8698896045157	200	9.842616304995541	0.0	383025	327.422320481	0.2
3607.3763347135864	200	9.51519398451429	0.0	383025	327.422320481	0.2
3607.700384041379	200	9.691144656721647	0.0	383025	324.049327793	0.2
3608.0244333691717	200	9.867095328929006	0.0	383025	324.049327793	0.2
3608.848258963731	200	9.543269734369858	0.0	383025	323.82559455914793	0.2
3609.1717284217216	200	9.719800276379504	0.0	383025	323.46945799	0.2
3609.498230168884	200	9.89329852921712	0.0	383025	326.5017471623829	0.2
3610.325247890956	200	9.566280807145468	0.0	383025	327.017722072	0.2
3610.6486880262223	200	9.742840671878648	0.0	383025	323.4401352668184	0.2
3610.971257258307	200	9.92027143979376	0.0	383025	322.569232085	0.2
3611.7103411415865	200	9.59770220770887	0.0	383025	322.569232085	0.2
3612.0384822056885	200	9.769561143606879	0.0	383025	328.141064102	0.2
3612.3667417634438	200	9.941301585851727	0.0	383025	328.2595577551528	0.2
3613.1965364841076	200	9.611506865187833	0.0	383025	329.794720664	0.2
3613.526331204771	200	9.78171214452394	0.0	383025	329.794720664	0.2
3613.8403865522823	200	9.967656797012777	0.0	383025	314.05534751116346	0.2
3614.374301642274	200	9.653979201912287	0.0	383025	313.6775951	0.2
3614.6862179838367	200	9.84206286034952	0.0	383025	311.916341563	0.2
3615.4987954964895	200	9.529485347696976	0.0	383025	312.5775126525445	0.2
3615.814561216507	200	9.713719627679202	0.0	383025	315.7657200177743	0.2
3616.134825837121	200	9.89345500706565	0.0	383025	320.264620614	0.2
3616.6561168157864	200	9.5731903864521	0.0	383025	320.264620614	0.2
3616.9782623867386	200	9.751044815499737	0.0	383025	322.145570952	0.2
3617.3004079576913	200	9.928899244547374	0.0	383025	322.145570952	0.2
3618.1154157828337	200	9.613891419404988	0.0	383025	315.0078251423858	0.2
3618.4323370141583	200	9.796970188080056	0.0	383025	316.92123132493225	0.2
3618.7586243713527	200	9.970682830885693	0.0	383025	326.287357194	0.2
3619.2547329039594	200	9.644395473691329	0.0	383025	326.287357194	0.2

