572.689099243	400	0.5	0.166832257264	181435	166.832257264	-2.93664514529
573.106690232	1000	0.58240901094	0.0	471531	417.59098906	0.4
573.53371268	1000	0.655386562906	0.0	482442	427.022448034	1.0
573.969100783	1000	0.719998460032	0.0	492120	435.388102874	1.0
574.404488886	1000	0.784610357158	0.0	492120	435.388102874	1.0
574.841318623	1000	0.847780620738	0.0	490176	436.829736421	1.0
575.306093585	1000	0.883005657811	0.0	513389	464.774962926	1.0
575.756399414	1000	0.932699828903	0.0	497055	450.305828908	1.0
576.227047425	1000	0.962051818435	0.0	520019	470.648010468	1.0
576.725374054	1000	0.963725189042	0.0	551265	498.326629393	1.0
577.22202594	1000	0.967073302857	0.0	558332	496.651886185	1.0
577.697954271	1000	0.99114497246	0.0	536970	475.928330397	1.0
578.173882601	1000	1.01521664206	0.0	536970	475.928330397	1.0
578.649810932	1000	1.03928831167	0.0	536970	475.928330397	1.0
579.125739262	1000	1.06335998127	0.0	536970	475.928330397	1.0
579.591557514	1000	1.09754172957	0.0	536970	465.818251703	1.0
580.071195029	1000	1.11790421387	0.0	553424	479.637515691	1.0
580.524807889	1000	1.16429135381	0.0	522960	453.612860064	1.0
580.976798197	1000	1.21230104642	0.0	522960	451.990307394	1.0
581.436682396	1000	1.25241684758	0.0	532300	459.884198841	1.0
581.871806483	1000	1.31729276049	0.0	503004	435.124087082	1.0
582.289280379	1000	1.39981886447	0.0	481782	417.473896028	1.0
582.70963924	1000	1.47946000287	0.0	481782	420.358861592	1.0
583.154503012	1000	1.53459623149	0.0	510552	444.863771381	1.0
583.622198205	1000	1.56690103793	0.0	536970	467.695193563	1.0
584.090319344	1000	1.59877989912	0.0	536970	468.121138812	1.0
584.558440483	1000	1.6306587603	0.0	536970	468.121138812	1.0
585.022735831	1000	1.66636341252	0.0	536970	464.295347789	1.0
585.48545239	1000	1.70364685356	0.0	536970	462.716558955	1.0
585.979380314	1000	1.70971892896	0.0	573990	493.927924604	1.0
586.484151908	1000	1.70494733488	0.0	586715	504.771594081	1.0
586.959092373	1000	1.73000687011	0.0	551265	474.940464763	1.0
587.434032838	1000	1.75506640535	0.0	551265	474.940464763	1.0
587.905909354	1000	1.78318988896	0.0	551265	471.87651639	1.0
588.375300468	1000	1.81379877486	0.0	551265	469.391114098	1.0
588.844691583	1000	1.84440766076	0.0	551265	469.391114098	1.0
589.329050112	1000	1.86004913107	0.0	551265	484.358529695	1.0
589.79816822	1000	1.89093102288	0.0	527825	469.118108182	1.0
590.24166983	1000	1.94742941314	0.0	498375	443.501609748	1.0
590.628521405	1000	2.06057783814	0.0	434595	386.851574996	1.0
590.966643839	200	2.22245540416	0.0	383025	338.122433985	-0.6
591.304766273	200	2.38433297017	0.0	383025	338.122433985	0.2
591.642888707	200	2.54621053619	0.0	383025	338.122433985	0.2
591.981011141	200	2.7080881022	0.0	383025	338.122433985	0.2
592.317676773	200	2.87142247045	0.0	383025	336.665631746	0.2
592.645599851	200	3.04349939212	0.0	383025	327.923078331	0.2
592.97352293	200	3.21557631379	0.0	383025	327.923078331	0.2
593.301446008	200	3.38765323546	0.0	383025	327.923078331	0.2
593.630750779	200	3.55834846396	0.0	383025	329.304771506	0.2
593.96166003	200	3.72743921322	0.0	383025	330.909250742	0.2
594.292569281	200	3.89652996247	0.0	383025	330.909250742	0.2
594.623478532	200	4.06562071173	0.0	383025	330.909250742	0.2
594.953072925	200	4.23602631812	0.0	383025	329.59439361	0.2
595.278131564	200	4.41096767896	0.0	383025	325.058639166	0.2
595.603190204	200	4.58590903979	0.0	383025	325.058639166	0.2
595.928120589	200	4.76097865394	0.0	383025	324.930385845	0.2
596.252056239	200	4.93704300443	0.0	383025	323.935649516	0.2
596.575991888	200	5.11310735491	0.0	383025	323.935649516	0.2
596.899927538	200	5.2891717054	0.0	383025	323.935649516	0.2
597.231168082	200	5.45793116155	0.0	383025	331.240543843	0.2
597.568468058	200	5.62063118567	0.0	383025	337.299975879	0.2
597.905768034	200	5.7833312098	0.0	383025	337.299975879	0.2
598.243068009	200	5.94603123392	0.0	383025	337.299975879	0.2
598.581545625	200	6.10755361784	0.0	383025	338.477616081	0.2
598.922774627	200	6.26632461625	0.0	383025	341.229001581	0.2
599.264003629	200	6.42509561467	0.0	383025	341.229001581	0.2
599.60523263	200	6.58386661309	0.0	383025	341.229001581	0.2
599.946461632	200	6.74263761151	0.0	383025	341.229001581	0.2
600.285499667	200	6.90359957672	0.0	383025	339.038034789	0.2
600.615636171	200	7.07346307253	0.0	383025	330.136504186	0.2
600.945772675	200	7.24332656835	0.0	383025	330.136504186	0.2
601.277585221	200	7.41151402208	0.0	383025	331.812546265	0.2
601.6141367	200	7.57496254313	0.0	383025	336.551478952	0.2
601.950688179	200	7.73841106418	0.0	383025	336.551478952	0.2
602.287239658	200	7.90185958523	0.0	383025	336.551478952	0.2
602.623791137	200	8.06530810628	0.0	383025	336.551478952	0.2
602.957332937	200	8.23176630622	0.0	383025	333.541800054	0.2
603.282725632	200	8.40637361097	0.0	383025	325.392695249	0.2
603.608118328	200	8.58098091572	0.0	383025	325.392695249	0.2
603.931804422	200	8.75729482133	0.0	383025	323.686094394	0.2
604.2552833	200	8.93381594356	0.0	383025	323.47887777	0.2
604.578762178	200	9.11033706579	0.0	383025	323.47887777	0.2
604.894156533	200	9.29494270997	0.0	383025	315.394355822	0.2
605.209459479	200	9.47963976431	0.0	383025	315.302945662	0.2
605.524762425	200	9.66433681864	0.0	383025	315.302945662	0.2
605.838208323	200	9.85089092055	0.0	383025	313.445898089	0.2
606.240673649	200	9.53762888752	0.0	383025	313.262033033	0.2
606.554547834	200	9.7237547025	0.0	383025	313.874185023	0.2
606.868422019	200	9.90988051748	0.0	383025	313.874185023	0.2
607.684946065	200	9.59335647138	0.0	383025	316.524046098	0.2
608.006806528	200	9.77149600859	0.0	383025	321.860462786	0.2
608.323745891	200	9.95455664547	0.0	383025	316.939363123	0.2
609.054177219	200	9.64047875431	0.0	383025	314.077891156	0.2
609.363574678	200	9.83108129539	0.0	383025	309.397458919	0.2
610.171164229	200	9.52349174387	0.0	383025	307.589551522	0.2
610.473577616	200	9.72107835649	0.0	383025	302.413387379	0.2
610.772655864	200	9.92200010909	0.0	383025	299.078247405	0.2
611.555644345	200	9.62292186168	0.0	383025	299.078247405	0.2
611.864853079	200	9.81371312734	0.0	383025	309.208734341	0.2
612.180577387	200	9.50241049547	0.0	383025	311.302631874	0.2
612.488645138	200	9.6943427439	0.0	383025	308.06775157	0.2
612.79671289	200	9.88627499233	0.0	383025	308.06775157	0.2
613.602063437	200	9.58092444554	0.0	383025	305.350546784	0.2
613.902870635	200	9.78011724691	0.0	383025	300.807198636	0.2
614.204487463	200	9.97850041984	0.0	383025	301.61682707	0.2
614.936052954	200	9.67688359277	0.0	383025	301.61682707	0.2
615.245427743	200	9.86750880348	0.0	383025	309.374789284	0.2
616.05443323	200	9.55850331645	0.0	383025	309.005487028	0.2
616.363916251	200	9.7490202956	0.0	383025	309.483020856	0.2
616.673661015	200	9.93927553196	0.0	383025	309.744763635	0.2
617.46070722	200	9.62953076833	0.0	383025	309.744763635	0.2
617.776608172	200	9.81362981594	0.0	383025	315.90095239	0.2
618.589849291	200	9.50038869664	0.0	383025	313.241119298	0.2
618.90243702	200	9.68780096818	0.0	383025	312.58772846	0.2
619.216361263	200	9.87387672481	0.0	383025	313.924243373	0.2
619.817165197	200	9.55995248143	0.0	383025	313.924243373	0.2
620.122477155	200	9.754640523	0.0	383025	305.311958434	0.2
620.430892817	200	9.94622486112	0.0	383025	308.415661881	0.2
620.759175686	200	9.63238704381	0.0	383025	313.837817313	0.2
621.080352164	200	9.81121056581	0.0	383025	321.176477994	0.2

