5662.72402438	400	0.5	0.153190324052	181435	153.190324052	-2.66380648104
5663.10616138	1000	0.617862999473	0.0	471531	382.137000527	0.4
5663.49690945	1000	0.727114928173	0.0	482442	390.7480713	1.0
5663.8952955	1000	0.828728882082	0.0	492120	398.386046091	1.0
5664.29368155	1000	0.930342835991	0.0	492120	398.386046091	1.0
5664.69155489	1000	1.03246948857	0.0	490176	397.873347419	1.0
5665.1150546	1000	1.10896978623	0.0	513389	423.49970234	1.0
5665.52539838	1000	1.19862600297	0.0	497055	410.343783265	1.0
5665.95423809	1000	1.26978628939	0.0	520019	428.839713572	1.0
5666.40249636	1000	1.32152802013	0.0	551265	448.258269264	1.0
5666.84840213	1000	1.37562225436	0.0	558332	445.905765769	1.0
5667.27762997	1000	1.44639441314	0.0	536970	429.227841222	1.0
5667.70540403	1000	1.51862034816	0.0	536970	427.774064979	1.0
5668.13215462	1000	1.59186976146	0.0	536970	426.7505867	1.0
5668.55890521	1000	1.66511917476	0.0	536970	426.7505867	1.0
5668.98681003	1000	1.73721435407	0.0	536970	427.904820686	1.0
5669.4373917	1000	1.78663268612	0.0	553424	450.581667958	1.0
5669.86372093	1000	1.86030345378	0.0	522960	426.329232334	1.0
5670.29005016	1000	1.93397422145	0.0	522960	426.329232334	1.0
5670.72381498	1000	2.00020940125	0.0	532300	433.764820199	1.0
5671.04859028	200	2.17543409744	0.0	383025	324.775303807	-0.6
5671.38039707	200	2.3436273143	0.0	383025	331.806783138	0.2
5671.71220385	200	2.51182053116	0.0	383025	331.806783138	0.2
5672.04401063	200	2.68001374803	0.0	383025	331.806783138	0.2
5672.37581742	200	2.84820696489	0.0	383025	331.806783138	0.2
5672.7076242	200	3.01640018175	0.0	383025	331.806783138	0.2
5673.03943098	200	3.18459339861	0.0	383025	331.806783138	0.2
5673.37123777	200	3.35278661547	0.0	383025	331.806783138	0.2
5673.70304455	200	3.52097983233	0.0	383025	331.806783138	0.2
5674.03485133	200	3.6891730492	0.0	383025	331.806783138	0.2
5674.36665812	200	3.85736626606	0.0	383025	331.806783138	0.2
5674.6984649	200	4.02555948292	0.0	383025	331.806783138	0.2
5675.03027168	200	4.19375269978	0.0	383025	331.806783138	0.2
5675.36207847	200	4.36194591664	0.0	383025	331.806783138	0.2
5675.69388525	200	4.5301391335	0.0	383025	331.806783138	0.2
5676.0258046	200	4.69821978648	0.0	383025	331.91934702	0.2
5676.35780733	200	4.86621704838	0.0	383025	332.002738101	0.2
5676.68981007	200	5.03421431028	0.0	383025	332.002738101	0.2
5677.02181281	200	5.20221157218	0.0	383025	332.002738101	0.2
5677.35381555	200	5.37020883408	0.0	383025	332.002738101	0.2
5677.68581829	200	5.53820609598	0.0	383025	332.002738101	0.2
5678.01782102	200	5.70620335788	0.0	383025	332.002738101	0.2
5678.34982376	200	5.87420061977	0.0	383025	332.002738101	0.2
5678.6818265	200	6.04219788167	0.0	383025	332.002738101	0.2
5679.01382924	200	6.21019514357	0.0	383025	332.002738101	0.2
5679.34583198	200	6.37819240547	0.0	383025	332.002738101	0.2
5679.67783471	200	6.54618966737	0.0	383025	332.002738101	0.2
5680.00977536	200	6.71424902524	0.0	383025	331.940642124	0.2
5680.34126544	200	6.88275893775	0.0	383025	331.490087495	0.2
5680.67275553	200	7.05126885025	0.0	383025	331.490087495	0.2
5681.00424562	200	7.21977876276	0.0	383025	331.490087495	0.2
5681.33573571	200	7.38828867526	0.0	383025	331.490087495	0.2
5681.66722579	200	7.55679858777	0.0	383025	331.490087495	0.2
5681.99871588	200	7.72530850027	0.0	383025	331.490087495	0.2
5682.33020597	200	7.89381841278	0.0	383025	331.490087495	0.2
5682.66169606	200	8.06232832528	0.0	383025	331.490087495	0.2
5682.99318614	200	8.23083823779	0.0	383025	331.490087495	0.2
5683.32467623	200	8.39934815029	0.0	383025	331.490087495	0.2
5683.65616632	200	8.5678580628	0.0	383025	331.490087495	0.2
5683.98765641	200	8.7363679753	0.0	383025	331.490087495	0.2
5684.31914649	200	8.90487788781	0.0	383025	331.490087495	0.2
5684.65063658	200	9.07338780031	0.0	383025	331.490087495	0.2
5684.98213546	200	9.2418889205	0.0	383025	331.498879812	0.2
5685.31581227	200	9.40821211205	0.0	383025	333.676808446	0.2
5685.64948908	200	9.57453530361	0.0	383025	333.676808446	0.2
5685.98316589	200	9.74085849516	0.0	383025	333.676808446	0.2
5686.3168427	200	9.90718168672	0.0	383025	333.676808446	0.2
5687.1505195	200	9.57350487827	0.0	383025	333.676808446	0.2
5687.48419631	200	9.73982806982	0.0	383025	333.676808446	0.2
5687.81787312	200	9.90615126138	0.0	383025	333.676808446	0.2
5688.65154993	200	9.57247445293	0.0	383025	333.676808446	0.2
5688.98522674	200	9.73879764449	0.0	383025	333.676808446	0.2
5689.31890355	200	9.90512083604	0.0	383025	333.676808446	0.2
5690.15258035	200	9.57144402759	0.0	383025	333.676808446	0.2
5690.48625716	200	9.73776721915	0.0	383025	333.676808446	0.2
5690.81352679	200	9.91049759496	0.0	383025	327.269624192	0.2
5691.63728558	200	9.58673880433	0.0	383025	323.758790626	0.2
5691.96104437	200	9.7629800137	0.0	383025	323.758790626	0.2
5692.28480316	200	9.93922122308	0.0	383025	323.758790626	0.2
5693.10856195	200	9.61546243245	0.0	383025	323.758790626	0.2
5693.43232074	200	9.79170364183	0.0	383025	323.758790626	0.2
5693.74959943	200	9.97442495291	0.0	383025	317.278688915	0.2
5694.56391231	200	9.6601120742	0.0	383025	314.312878709	0.2
5694.87822519	200	9.84579919549	0.0	383025	314.312878709	0.2
5695.69176984	200	9.53225454052	0.0	383025	313.544654976	0.2
5696.00443294	200	9.71959144271	0.0	383025	312.663097809	0.2
5696.31709604	200	9.9069283449	0.0	383025	312.663097809	0.2
5697.01868425	200	9.59426524709	0.0	383025	312.663097809	0.2
5697.32473176	200	9.78821774035	0.0	383025	306.047506739	0.2
5697.63077926	200	9.98217023361	0.0	383025	306.047506739	0.2
5698.43878889	200	9.67416061128	0.0	383025	308.00962233	0.2
5698.75150799	200	9.86144151172	0.0	383025	312.719099557	0.2
5699.14869484	200	9.54872241217	0.0	383025	312.719099557	0.2
5699.46881448	200	9.72860277525	0.0	383025	320.119636919	0.2
5699.78893412	200	9.90848313833	0.0	383025	320.119636919	0.2
5700.60905376	200	9.58836350141	0.0	383025	320.119636919	0.2
5700.93512833	200	9.76228892181	0.0	383025	326.074579599	0.2
5701.26383962	200	9.93357763339	0.0	383025	328.711288418	0.2
5702.09255091	200	9.60486634498	0.0	383025	328.711288418	0.2
5702.4212622	200	9.77615505656	0.0	383025	328.711288418	0.2
5702.74997349	200	9.94744376814	0.0	383025	328.711288418	0.2
5703.57868478	200	9.61873247972	0.0	383025	328.711288418	0.2
5703.90739607	200	9.7900211913	0.0	383025	328.711288418	0.2
5704.23610735	200	9.96130990289	0.0	383025	328.711288418	0.2
5704.92541022	200	9.63259861447	0.0	383025	328.711288418	0.2
5705.25021639	200	9.80779244421	0.0	383025	324.806170259	0.2
5705.57502256	200	9.98298627395	0.0	383025	324.806170259	0.2
5705.90483886	200	9.65818010369	0.0	383025	324.806170259	0.2
5706.22399787	200	9.83902109452	0.0	383025	319.159009169	0.2
5707.04315688	200	9.51986208535	0.0	383025	319.159009169	0.2
5707.36231589	200	9.70070307618	0.0	383025	319.159009169	0.2
5707.68137426	200	9.88164470447	0.0	383025	319.058371709	0.2
5708.49786175	200	9.56515721951	0.0	383025	316.487484968	0.2
5708.81434923	200	9.74866973454	0.0	383025	316.487484968	0.2
5709.13083672	200	9.93218224957	0.0	383025	316.487484968	0.2
5709.81481977	200	9.6156947646	0.0	383025	316.487484968	0.2
5710.12475384	200	9.80576069448	0.0	383025	309.93407012	0.2
5710.43468791	200	9.99582662436	0.0	383025	309.93407012	0.2
5710.89191964	200	9.68589255424	0.0	383025	309.93407012	0.2
5711.19629828	200	9.88151391392	0.0	383025	304.378640321	0.2

