766.441185256	400	0.5	0.155287590613	181435	155.287590613	-2.70575181227
766.828772838	1000	0.612412418279	0.0	471531	387.587581721	0.4
767.225097614	1000	0.716087641964	0.0	482442	396.324776315	1.0
767.627446609	1000	0.813738646873	0.0	492120	402.348995091	1.0
768.031849654	1000	0.909335602044	0.0	492120	404.403044829	1.0
768.440983116	1000	1.00020213998	0.0	490176	409.133462066	1.0
768.869361423	1000	1.07182383285	0.0	513389	428.378307128	1.0
769.29468612	1000	1.14649913639	0.0	497055	425.324696465	1.0
769.739198867	1000	1.20198638964	0.0	520019	444.51274674	1.0
770.211112766	1000	1.23007249002	0.0	551265	471.913899626	1.0
770.689028791	1000	1.25215646502	0.0	558332	477.916025003	1.0
771.148645701	1000	1.29253955517	0.0	536970	459.616909851	1.0
771.595085714	1000	1.34609954274	0.0	536970	446.440012428	1.0
772.0411506	1000	1.40003465589	0.0	536970	446.064886848	1.0
772.486924077	1000	1.45426117926	0.0	536970	445.773476628	1.0
772.929969787	1000	1.51121546954	0.0	536970	443.045709718	1.0
773.386717511	1000	1.55446774516	0.0	553424	456.747724378	1.0
773.82524424	1000	1.61594101639	0.0	522960	438.526728779	1.0
774.263770969	1000	1.67741428761	0.0	522960	438.526728779	1.0
774.701875835	1000	1.73930942098	0.0	532300	438.104866629	1.0
775.116200918	1000	1.82498433797	0.0	503004	414.325083004	1.0
775.513322493	1000	1.92786276369	0.0	481782	397.121574285	1.0
775.91155396	1000	2.02963129612	0.0	481782	398.23146757	1.0
776.232589641	200	2.20859561546	0.0	383025	321.035680654	-0.6
776.553625321	200	2.38755993481	0.0	383025	321.035680654	0.2
776.880490523	200	2.56069473279	0.0	383025	326.865202025	0.2
777.212946914	200	2.72823834217	0.0	383025	332.456390619	0.2
777.545403305	200	2.89578195155	0.0	383025	332.456390619	0.2
777.876947949	200	3.06423730701	0.0	383025	331.544644541	0.2
778.207589109	200	3.23359614765	0.0	383025	330.641159354	0.2
778.538230268	200	3.4029549883	0.0	383025	330.641159354	0.2
778.863996773	200	3.57718848374	0.0	383025	325.766504554	0.2
779.182883611	200	3.75830164563	0.0	383025	318.886838113	0.2
779.5013512	200	3.93983405588	0.0	383025	318.467589754	0.2
779.817920271	200	4.1232649857	0.0	383025	316.569070178	0.2
780.134489341	200	4.30669591552	0.0	383025	316.569070178	0.2
780.446040466	200	4.49514479043	0.0	383025	311.551125094	0.2
780.75472707	200	4.68645818598	0.0	383025	308.686604448	0.2
781.059130229	200	4.88205502774	0.0	383025	304.403158237	0.2
781.359143821	200	5.08204143509	0.0	383025	300.013592654	0.2
781.660090072	200	5.28109518404	0.0	383025	300.946251051	0.2
781.962491839	200	5.47869341766	0.0	383025	302.401766373	0.2
782.265171094	200	5.6760141624	0.0	383025	302.679255266	0.2
782.567961089	200	5.87322416694	0.0	383025	302.789995456	0.2
782.877583437	200	6.06360181911	0.0	383025	309.622347837	0.2
783.199451913	200	6.24173334349	0.0	383025	321.86847562	0.2
783.52288181	200	6.41830344665	0.0	383025	323.429896835	0.2
783.847694007	200	6.59349124923	0.0	383025	324.812197421	0.2
784.172026656	200	6.76915860052	0.0	383025	324.332648704	0.2
784.494868216	200	6.94631704053	0.0	383025	322.841559995	0.2
784.817709776	200	7.12347548054	0.0	383025	322.841559995	0.2
785.130049799	200	7.31113545755	0.0	383025	312.340022983	0.2
785.432938455	200	7.50824680078	0.0	383025	302.888656775	0.2
785.737804139	200	7.7033811177	0.0	383025	304.865683079	0.2
786.055194634	200	7.88599062266	0.0	383025	317.390495037	0.2
786.372585129	200	8.06860012762	0.0	383025	317.390495037	0.2
786.691721234	200	8.24946402224	0.0	383025	319.136105387	0.2
787.01174104	200	8.42944421664	0.0	383025	320.019805599	0.2
787.331761114	200	8.60942414251	0.0	383025	320.020074122	0.2
787.651783241	200	8.78940201566	0.0	383025	320.022126858	0.2
787.972136092	200	8.9690491641	0.0	383025	320.352851561	0.2
788.292912643	200	9.14827261334	0.0	383025	320.77655076	0.2
788.613689194	200	9.32749606257	0.0	383025	320.77655076	0.2
788.933285188	200	9.50790006828	0.0	383025	319.595994296	0.2
789.251885232	200	9.68930002449	0.0	383025	318.600043791	0.2
789.570485276	200	9.8706999807	0.0	383025	318.600043791	0.2
790.395294818	200	9.54589043781	0.0	383025	324.809542882	0.2
790.724449299	200	9.71673595683	0.0	383025	329.154480984	0.2
791.054112843	200	9.88707241317	0.0	383025	329.663543663	0.2
791.881255011	200	9.55993024534	0.0	383025	327.14216783	0.2
792.205972968	200	9.73521228819	0.0	383025	324.71795715	0.2
792.538332943	200	9.90285231308	0.0	383025	332.35997511	0.2
793.155488238	200	9.57049233797	0.0	383025	332.35997511	0.2
793.481584725	200	9.74439585043	0.0	383025	326.096487532	0.2
793.807681213	200	9.9182993629	0.0	383025	326.096487532	0.2
794.646096178	200	9.579884398	0.0	383025	338.414964899	0.2
794.989647157	200	9.73633341901	0.0	383025	343.550978992	0.2
795.316442356	200	9.90953821959	0.0	383025	326.795199422	0.2
795.903200596	200	9.58903378986	0.0	383025	320.504429735	0.2
796.22435392	200	9.76788046607	0.0	383025	321.153323788	0.2
796.544959131	200	9.94727525502	0.0	383025	320.605211044	0.2
796.980936159	200	9.62829283225	0.0	383025	318.982422774	0.2
797.296614119	200	9.81261487315	0.0	383025	315.677959098	0.2
797.612292078	200	9.99693691405	0.0	383025	315.677959098	0.2
798.071754447	200	9.68638105337	0.0	383025	310.555860686	0.2
798.392499392	200	9.86563610888	0.0	383025	320.744944488	0.2
799.063640657	200	9.54489116439	0.0	383025	320.744944488	0.2
799.381474776	200	9.72705704584	0.0	383025	317.834118549	0.2
799.69741008	200	9.91112174148	0.0	383025	315.935304363	0.2
800.291833449	200	9.59599292451	0.0	383025	315.12881697	0.2
800.604001235	200	9.7838251383	0.0	383025	312.167786205	0.2
800.921528936	200	9.96629743773	0.0	383025	317.527700573	0.2
801.462494268	200	9.64530978122	0.0	383025	320.987656514	0.2
801.781707677	200	9.82609637281	0.0	383025	319.213408409	0.2
802.6008859	200	9.50691814967	0.0	383025	319.178223136	0.2
802.918726069	200	9.68907798034	0.0	383025	317.840169332	0.2
803.236279242	200	9.87152480768	0.0	383025	317.553172663	0.2
804.025148274	200	9.55397163501	0.0	383025	317.553172663	0.2
804.344489951	200	9.7346299586	0.0	383025	319.341676415	0.2
804.652106938	200	9.92701297109	0.0	383025	307.616987509	0.2
805.344051398	200	9.6201779987	0.0	383025	306.834972389	0.2
805.643033454	200	9.82119594254	0.0	383025	298.982056161	0.2
806.268328015	200	9.52559449544	0.0	383025	295.601447104	0.2
806.566451493	200	9.72747101817	0.0	383025	298.123477264	0.2
806.868878229	200	9.92504428146	0.0	383025	302.426736707	0.2
807.672991511	200	9.62093099959	0.0	383025	304.113281871	0.2
807.988867127	200	9.80505538376	0.0	383025	315.875615835	0.2
808.31784156	200	9.97608095111	0.0	383025	328.97443265	0.2
808.914996969	200	9.64710651846	0.0	383025	328.97443265	0.2
809.247497943	200	9.81460554458	0.0	383025	332.500973883	0.2
809.567834269	200	9.99426921876	0.0	383025	320.336325815	0.2
810.374839525	200	9.68726396247	0.0	383025	307.005256291	0.2
810.682201105	200	9.87990238226	0.0	383025	307.361580212	0.2
811.243156896	200	9.57211706258	0.0	383025	307.78531968	0.2
811.541200576	200	9.77407338254	0.0	383025	298.043680044	0.2
811.83785391	200	9.9774200481	0.0	383025	296.653334437	0.2
812.272770679	200	9.6788953969	0.0	383025	298.524651204	0.2
812.590450554	200	9.86121552145	0.0	383025	317.679875446	0.2
813.40813043	200	9.543535646	0.0	383025	317.679875446	0.2
813.725810305	200	9.72585577056	0.0	383025	317.679875446	0.2

