621.234500326	400	0.5	0.154148161851	181435	154.148161851	-2.68296323702
621.619126649	1000	0.615373677042	0.0	471531	384.626322958	0.4
622.012421644	1000	0.722078681591	0.0	482442	393.294995452	1.0
622.426518549	1000	0.807981776833	0.0	492120	414.096904758	1.0
622.844981924	1000	0.889518401686	0.0	492120	418.463375147	1.0
623.277497292	1000	0.957003033504	0.0	490176	432.515368182	1.0
623.730021492	1000	1.00447883331	0.0	513389	452.524200197	1.0
624.168466329	1000	1.06603399649	0.0	497055	438.444836817	1.0
624.623626585	1000	1.1108737409	0.0	520019	455.160255591	1.0
625.105445956	1000	1.12905436967	0.0	551265	481.819371232	1.0
625.592613181	1000	1.14188714415	0.0	558332	487.167225519	1.0
626.060924665	1000	1.17357566057	0.0	536970	468.311483577	1.0
626.529236149	1000	1.20526417699	0.0	536970	468.311483577	1.0
626.991334184	1000	1.24316614126	0.0	536970	462.098035731	1.0
627.430347013	1000	1.30415331226	0.0	536970	439.012829	1.0
627.891288618	1000	1.34321170781	0.0	536970	460.941604457	1.0
628.37204853	1000	1.36245179542	0.0	553424	480.759912383	1.0
628.805221499	1000	1.42927882638	0.0	522960	433.172969039	1.0
629.233764448	1000	1.50073587722	0.0	522960	428.542949167	1.0
629.667646616	1000	1.56685370955	0.0	532300	433.882167668	1.0
630.077825817	1000	1.65667450887	0.0	503004	410.179200679	1.0
630.47834319	1000	1.75615713592	0.0	481782	400.517372953	1.0
630.880268313	1000	1.85423201259	0.0	481782	401.925123321	1.0
631.310107233	1000	1.9243930923	0.0	510552	429.838920294	1.0
631.764645007	1000	1.96985531831	0.0	536970	454.537773992	1.0
632.205923496	1000	2.02857682994	0.0	536970	441.278488372	1.0
632.520962949	200	2.21353737693	0.0	383025	315.039453009	-0.6
632.836688129	200	2.39781219637	0.0	383025	315.725180559	0.2
633.153536262	200	2.580964064	0.0	383025	316.848132369	0.2
633.470384394	200	2.76411593163	0.0	383025	316.848132369	0.2
633.784550799	200	2.94994952638	0.0	383025	314.16640525	0.2
634.09831559	200	3.13618473556	0.0	383025	313.764790819	0.2
634.412156868	200	3.32234345764	0.0	383025	313.841277922	0.2
634.726205944	200	3.50829438177	0.0	383025	314.049075873	0.2
635.040977717	200	3.69352260864	0.0	383025	314.771773128	0.2
635.366067274	200	3.86843305105	0.0	383025	325.089557589	0.2
635.691156832	200	4.04334349346	0.0	383025	325.089557589	0.2
636.015683274	200	4.2188170517	0.0	383025	324.526441761	0.2
636.337598408	200	4.39690191712	0.0	383025	321.915134578	0.2
636.659513543	200	4.57498678255	0.0	383025	321.915134578	0.2
636.982913714	200	4.75158661122	0.0	383025	323.400171328	0.2
637.307132479	200	4.92736784659	0.0	383025	324.218764626	0.2
637.631351244	200	5.10314908197	0.0	383025	324.218764626	0.2
637.960645436	200	5.27385488995	0.0	383025	329.294192017	0.2
638.290658865	200	5.44384146101	0.0	383025	330.013428939	0.2
638.627470743	200	5.60702958221	0.0	383025	336.811878801	0.2
638.969549361	200	5.76495096451	0.0	383025	342.078617698	0.2
639.311627979	200	5.92287234681	0.0	383025	342.078617698	0.2
639.653706596	200	6.08079372912	0.0	383025	342.078617698	0.2
639.988893013	200	6.24560731255	0.0	383025	335.186416568	0.2
640.317925328	200	6.41657499794	0.0	383025	329.032314607	0.2
640.64356059	200	6.59093973521	0.0	383025	325.635262729	0.2
640.965672521	200	6.76882780461	0.0	383025	322.111930598	0.2
641.288022359	200	6.94647796635	0.0	383025	322.349838262	0.2
641.611235453	200	7.1232648722	0.0	383025	323.213094154	0.2
641.934448548	200	7.30005177804	0.0	383025	323.213094154	0.2
642.256068865	200	7.47843146014	0.0	383025	321.620317907	0.2
642.575363332	200	7.65913699372	0.0	383025	319.294466418	0.2
642.894657798	200	7.8398425273	0.0	383025	319.294466418	0.2
643.212710924	200	8.02178940118	0.0	383025	318.053126123	0.2
643.529658571	200	8.20484175468	0.0	383025	316.947646501	0.2
643.846606217	200	8.38789410818	0.0	383025	316.947646501	0.2
644.165537536	200	8.56896278993	0.0	383025	318.931318241	0.2
644.484493362	200	8.75000696352	0.0	383025	318.955826413	0.2
644.803497273	200	8.93100305252	0.0	383025	319.003911005	0.2
645.122564717	200	9.11193560812	0.0	383025	319.067444395	0.2
645.435651435	200	9.29884889039	0.0	383025	313.086717735	0.2
645.746365444	200	9.48813488127	0.0	383025	310.714009114	0.2
646.056945557	200	9.67755476815	0.0	383025	310.580113126	0.2
646.361674146	200	9.87282617915	0.0	383025	304.728588993	0.2
647.042453307	200	9.56809759016	0.0	383025	304.728588993	0.2
647.34623056	200	9.76432033696	0.0	383025	303.777253197	0.2
647.650419599	200	9.96013129781	0.0	383025	304.189039156	0.2
648.456037162	200	9.6545137351	0.0	383025	305.617562702	0.2
648.765599794	200	9.8449511031	0.0	383025	309.562632006	0.2
649.375206001	200	9.53474643821	0.0	383025	310.204664887	0.2
649.67835768	200	9.73159476006	0.0	383025	303.151678152	0.2
649.9808328	200	9.92911963997	0.0	383025	302.475120091	0.2
650.58924159	200	9.62742947229	0.0	383025	301.690167677	0.2
650.890875438	200	9.82579562425	0.0	383025	301.633848046	0.2
651.348749047	200	9.52603504587	0.0	383025	299.760578377	0.2
651.649861261	200	9.72492283136	0.0	383025	301.112214506	0.2
651.951413757	200	9.92337033557	0.0	383025	301.552495797	0.2
652.506546155	200	9.62119302134	0.0	383025	302.177314224	0.2
652.819528393	200	9.80821078299	0.0	383025	312.982238355	0.2
653.138036109	200	9.98970306727	0.0	383025	318.507715714	0.2
653.534471957	200	9.66870759041	0.0	383025	320.995476859	0.2
653.854979398	200	9.84820014941	0.0	383025	320.507441006	0.2
654.561942149	200	9.5276927084	0.0	383025	320.507441006	0.2
654.878896547	200	9.71073831008	0.0	383025	316.954398317	0.2
655.200864813	200	9.88877004436	0.0	383025	321.968265728	0.2
655.704783761	200	9.56449962432	0.0	383025	324.270420034	0.2
656.028570088	200	9.74071329793	0.0	383025	323.78632639	0.2
656.352356414	200	9.91692697154	0.0	383025	323.78632639	0.2
657.179197202	200	9.59008618351	0.0	383025	326.840788034	0.2
657.498505178	200	9.77077820714	0.0	383025	319.307976372	0.2
657.80663763	200	9.96264575554	0.0	383025	308.132451599	0.2
658.614569474	200	9.65471391143	0.0	383025	307.931844104	0.2
658.932798597	200	9.83648478814	0.0	383025	318.229123289	0.2
659.43533688	200	9.51404731457	0.0	383025	322.437473578	0.2
659.753381908	200	9.69600228625	0.0	383025	318.045028321	0.2
660.071426937	200	9.87795725793	0.0	383025	318.045028321	0.2
660.895471772	200	9.55391242233	0.0	383025	324.044835596	0.2
661.212975622	200	9.73640857296	0.0	383025	317.503849369	0.2
661.529719156	200	9.91966503822	0.0	383025	316.743534741	0.2
662.343539875	200	9.60584431996	0.0	383025	313.82071826	0.2
662.665238187	200	9.78414600787	0.0	383025	321.698312091	0.2
662.989391384	200	9.95999281027	0.0	383025	324.153197595	0.2
663.814276697	200	9.63510749811	0.0	383025	324.885312167	0.2
664.14136695	200	9.80801724502	0.0	383025	327.090253086	0.2
664.462283003	200	9.98710119163	0.0	383025	320.916053391	0.2
664.993245733	200	9.67014326411	0.0	383025	316.957927517	0.2
665.316827359	200	9.84656163769	0.0	383025	323.581626421	0.2
665.928830368	200	9.51935337656	0.0	383025	327.208261128	0.2
666.250344795	200	9.69783894939	0.0	383025	321.514427177	0.2
666.571859222	200	9.87632452221	0.0	383025	321.514427177	0.2
667.394860834	200	9.5533229097	0.0	383025	323.001612507	0.2
667.717361727	200	9.73082201752	0.0	383025	322.500892185	0.2
668.03621224	200	9.91197150423	0.0	383025	318.850513288	0.2
668.446089943	200	9.59312099094	0.0	383025	318.850513288	0.2

