2614.697170829972	400	0.5	0.14993062742640295	181435	149.930627426	-2.598612548528059
2614.8494105614773	400	0.8477602684949206	0.0	184429	152.239731505	0.4
2615.0796654643514	600	1.1175053656209335	0.0	285584	230.254902874	0.39999999999999997
2615.3915495872625	800	1.3056212427098095	0.0	391425	311.884122911	0.6000000000000001
2615.703433710173	800	1.4937371197986855	0.0	391425	311.884122911	0.8
2616.089571812305	1000	1.60759901766673	0.0	490176	386.138102132	0.8
2616.4928632768765	1000	1.7043075530954157	0.0	513389	403.291464571	1.0
2616.9014899300355	1000	1.7956808999364793	0.0	497055	408.626653159	1.0
2617.328750308753	1000	1.8684205212192486	0.0	520019	427.260378717	1.0
2617.7810823056097	1000	1.9160885243622987	0.0	551265	452.331996857	1.0
2618.2556420843225	1000	1.9415287456496373	0.0	558332	474.559778713	1.0
2618.7180015344893	1000	1.9791692954826567	0.0	536970	462.359450167	1.0
2619.1803609846565	1000	2.016809845315676	0.0	536970	462.359450167	1.0
2619.513032602066	200	2.1841382279064954	0.0	383025	332.671617409	-0.6000000000000001
2619.845704219475	200	2.3514666104973148	0.0	383025	332.671617409	0.2
2620.172842028874	200	2.5243288010984832	0.0	383025	327.137809399	0.2
2620.4989280068507	200	2.6982428231217965	0.0	383025	326.085977977	0.2
2620.8250139848274	200	2.8721568451451094	0.0	383025	326.085977977	0.2
2621.151099962804	200	3.0460708671684222	0.0	383025	326.085977977	0.2
2621.4771859407806	200	3.2199848891917355	0.0	383025	326.085977977	0.2
2621.803271918757	200	3.3938989112150484	0.0	383025	326.085977977	0.2
2622.1227818038656	200	3.5743890261070104	0.0	383025	319.509885108	0.2
2622.43906846099	200	3.7581023689829114	0.0	383025	316.286657124	0.2
2622.755355118114	200	3.941815711858812	0.0	383025	316.286657124	0.2
2623.075247556086	200	4.121923273886588	0.0	383025	319.892437972	0.2
2623.3966853054044	200	4.3004855245681375	0.0	383025	321.437749318	0.2
2623.7181230547226	200	4.479047775249687	0.0	383025	321.437749318	0.2
2624.0395494160066	200	4.657621413966051	0.0	383025	321.426361284	0.2
2624.360877432061	200	4.8362933979115414	0.0	383025	321.328016055	0.2
2624.6822054481154	200	5.014965381857032	0.0	383025	321.328016055	0.2
2625.00353346417	200	5.193637365802523	0.0	383025	321.328016055	0.2
2625.324861480224	200	5.372309349748014	0.0	383025	321.328016055	0.2
2625.6431777374214	200	5.553993092550462	0.0	383025	318.316257198	0.2
2625.9592660319845	200	5.7379047979871265	0.0	383025	316.088294563	0.2
2626.275354326548	200	5.921816503423792	0.0	383025	316.088294563	0.2
2626.5914426211116	200	6.105728208860457	0.0	383025	316.088294563	0.2
2626.907304800295	200	6.2898660296766895	0.0	383025	315.862179184	0.2
2627.222961309157	200	6.474209520814534	0.0	383025	315.656508862	0.2
2627.5386178180192	200	6.658553011952378	0.0	383025	315.656508862	0.2
2627.8542743268813	200	6.8428965030902225	0.0	383025	315.656508862	0.2
2628.169467657149	200	7.027703172822336	0.0	383025	315.193330268	0.2
2628.484389446655	200	7.212781383316906	0.0	383025	314.921789505	0.2
2628.7993112361605	200	7.397859593811476	0.0	383025	314.921789505	0.2
2629.116390128333	200	7.580780701638505	0.0	383025	317.078892173	0.2
2629.4361132471063	200	7.7610575828651305	0.0	383025	319.723118773	0.2
2629.7558363658795	200	7.9413344640917565	0.0	383025	319.723118773	0.2
2630.075559484653	200	8.121611345318383	0.0	383025	319.723118773	0.2
2630.3950341644104	200	8.302136665560315	0.0	383025	319.474679758	0.2
2630.710492501557	200	8.48667832841396	0.0	383025	315.458337146	0.2
2631.025950838703	200	8.671219991267604	0.0	383025	315.458337146	0.2
2631.3414091758495	200	8.855761654121249	0.0	383025	315.458337146	0.2
2631.658052680456	200	9.039118149514799	0.0	383025	316.643504606	0.2
2631.976537238332	200	9.220633591638975	0.0	383025	318.484557876	0.2
2632.295021796208	200	9.402149033763154	0.0	383025	318.484557876	0.2
2632.6135063540837	200	9.58366447588733	0.0	383025	318.484557876	0.2
2632.931993711177	200	9.765177118794217	0.0	383025	318.487357093	0.2
2633.250494040812	200	9.946676789159154	0.0	383025	318.500329635	0.2
2633.6707486241494	200	9.628176459524092	0.0	383025	318.500329635	0.2
2633.998620722814	200	9.800304360859405	0.0	383025	327.872098665	0.2
2634.326492821479	200	9.972432262194719	0.0	383025	327.872098665	0.2
2635.1543649201435	200	9.644560163530034	0.0	383025	327.872098665	0.2
2635.47736396027	200	9.821561123403729	0.0	383025	322.99904012630356	0.2
2636.298867897079	200	9.50005718659428	0.0	383025	321.503936809	0.2
2636.6212866959227	200	9.677638387750912	0.0	383025	322.4187988433674	0.2
2636.9448063920054	200	9.854118691668647	0.0	383025	323.519696082	0.2
2637.7683260880876	200	9.530598995586383	0.0	383025	323.519696082	0.2
2638.093157211087	200	9.705767872586696	0.0	383025	324.8311229996864	0.2
2638.4188089018535	200	9.880116181820533	0.0	383025	325.651690766	0.2
2638.959926910192	200	9.55446449105437	0.0	383025	325.651690766	0.2
2639.2866424433823	200	9.727748957863895	0.0	383025	326.71553319	0.2
2639.6133579765724	200	9.901033424673418	0.0	383025	326.71553319	0.2
2640.440073509763	200	9.574317891482941	0.0	383025	326.71553319	0.2
2640.766463734964	200	9.74792766628185	0.0	383025	326.39022520109256	0.2
2641.092826821742	200	9.921564579503453	0.0	383025	326.363086778	0.2
2641.8339191767213	200	9.595201492725055	0.0	383025	326.363086778	0.2
2642.159830222827	200	9.769290446619138	0.0	383025	325.911046106	0.2
2642.4857412689335	200	9.943379400513221	0.0	383025	325.911046106	0.2
2643.310335676338	200	9.618784993108367	0.0	383025	324.5944074048534	0.2
2643.6325482357915	200	9.796572433654752	0.0	383025	322.212559454	0.2
2643.9547607952454	200	9.974359874201136	0.0	383025	322.212559454	0.2
2644.771604622345	200	9.657516047101643	0.0	383025	316.843827099494	0.2
2645.0848910123464	200	9.844229657100412	0.0	383025	313.286390001	0.2
2645.8987024480957	200	9.530418221350926	0.0	383025	313.8114357494859	0.2
2646.2137782932255	200	9.715342376221024	0.0	383025	315.07584513	0.2
2646.5292224747095	200	9.899898194736842	0.0	383025	315.4441814841811	0.2
2647.3457088728433	200	9.583411796603542	0.0	383025	316.486398133	0.2
2647.662755692878	200	9.766364976568768	0.0	383025	317.0468200347742	0.2
2647.9824825456667	200	9.946638123779628	0.0	383025	319.726852789	0.2
2648.665228773992	200	9.626911270990488	0.0	383025	319.726852789	0.2
2648.9855411073027	200	9.806598937680066	0.0	383025	320.31233331	0.2
2649.305853440613	200	9.986286604369644	0.0	383025	320.31233331	0.2
2649.9901223209904	200	9.66597427105922	0.0	383025	320.31233331	0.2
2650.3087835473702	200	9.847313044679627	0.0	383025	318.66122638	0.2
2650.7687236209763	200	9.528651818300036	0.0	383025	318.66122638	0.2
2651.085618277563	200	9.711757161713434	0.0	383025	316.894656587	0.2
2651.4025129341494	200	9.894862505126834	0.0	383025	316.894656587	0.2
2652.211370474522	200	9.577967848540233	0.0	383025	316.894656587	0.2
2652.528283952287	200	9.761054370775364	0.0	383025	316.913477765	0.2
2652.8451198176554	200	9.94421850540672	0.0	383025	316.8358653686444	0.2
2653.6617846230324	200	9.627553700029761	0.0	383025	316.664805377	0.2
2653.979619929429	200	9.809718393633267	0.0	383025	317.8353063964943	0.2
2654.31513545566	200	9.97420286740247	0.0	383025	335.515526231	0.2
2655.150650981891	200	9.638687341171673	0.0	383025	335.515526231	0.2
2655.486166508122	200	9.803171814940876	0.0	383025	335.515526231	0.2
2655.8216820343528	200	9.967656288710081	0.0	383025	335.515526231	0.2
2656.646561139602	200	9.642777183460836	0.0	383025	324.879105249245	0.2
2656.9601340706763	200	9.82920425238671	0.0	383025	313.572931074	0.2
2657.758006374664	200	9.515631321312583	0.0	383025	313.572931074	0.2
2658.078442158339	200	9.695195537637698	0.0	383025	320.435783675	0.2
2658.398877942014	200	9.874759753962811	0.0	383025	320.435783675	0.2
2659.2246456783237	200	9.54899201765324	0.0	383025	325.76773630956933	0.2
2659.553999398967	200	9.719638297009936	0.0	383025	329.353720643	0.2
2659.88335311961	200	9.890284576366632	0.0	383025	329.353720643	0.2
2660.7162114151124	200	9.557426280864052	0.0	383025	332.85829550257944	0.2
2661.061785435934	200	9.71185226004234	0.0	383025	345.574020822	0.2
2661.407359456756	200	9.866278239220629	0.0	383025	345.574020822	0.2
2662.2529334775772	200	9.520704218398915	0.0	383025	345.574020822	0.2
2662.5985074983987	200	9.675130197577204	0.0	383025	345.574020822	0.2
2662.9440815192206	200	9.829556176755492	0.0	383025	345.574020822	0.2
2663.289655540042	200	9.983982155933779	0.0	383025	345.574020822	0.2

