1416.7962077558977	400	0.5	0.1647546935453895	181435	164.754693545	-2.89509387090779
1416.9635161769622	400	0.8326915789352515	0.0	184429	167.308421065	0.4
1417.2171045937587	600	1.0791031621387872	0.0	285584	253.588416796	0.39999999999999997
1417.5609699225047	800	1.2352378333929328	0.0	391425	343.865328746	0.6000000000000001
1417.9048352512505	800	1.3913725046470784	0.0	391425	343.865328746	0.8
1418.247390451249	800	1.5488173046486307	0.0	389889	342.555199998	0.8
1418.6952847790499	1000	1.6009229768476332	0.0	513389	447.894327801	0.8
1419.1275610912126	1000	1.6686466646848954	0.0	497055	432.276312163	1.0
1419.554205317569	1000	1.7420024383282362	0.0	520019	426.644226357	1.0
1420.0081163418517	1000	1.7880914140458635	0.0	551265	453.911024282	1.0
1420.4879315789317	1000	1.8082761769658604	0.0	558332	479.81523708	1.0
1420.9497715018715	1000	1.8464362540260157	0.0	536970	461.83992294	1.0
1421.4116114248113	1000	1.884596331086171	0.0	536970	461.83992294	1.0
1421.870339288276	1000	1.9258684676216316	0.0	536970	458.727863465	1.0
1422.3206532055124	1000	1.9755545503851235	0.0	536970	450.313917237	1.0
1422.7709671227487	1000	2.0252406331486155	0.0	536970	450.313917237	1.0
1423.090121828676	200	2.2060859272213786	0.0	383025	319.154705927	-0.6000000000000001
1423.4052910444168	200	2.3909167114806205	0.0	383025	315.169215741	0.2
1423.7204602601578	200	2.5757474957398623	0.0	383025	315.169215741	0.2
1424.0356294758985	200	2.7605782799991037	0.0	383025	315.169215741	0.2
1424.3533224080861	200	2.942885347811635	0.0	383025	317.692932187	0.2
1424.675534974039	200	3.120672781858662	0.0	383025	322.212565953	0.2
1424.997747539992	200	3.2984602159056897	0.0	383025	322.212565953	0.2
1425.320523488128	200	3.4756842677699025	0.0	383025	322.775948136	0.2
1425.6441048110034	200	3.6521029448942497	0.0	383025	323.581322876	0.2
1425.967686133879	200	3.8285216220185965	0.0	383025	323.581322876	0.2
1426.2910496651853	200	4.0051580907125	0.0	383025	323.363531306	0.2
1426.6123403117092	200	4.183867444188643	0.0	383025	321.290646524	0.2
1426.933630958233	200	4.362576797664786	0.0	383025	321.290646524	0.2
1427.2549216047569	200	4.541286151140929	0.0	383025	321.290646524	0.2
1427.5764349513486	200	4.7197728045494545	0.0	383025	321.513346591	0.2
1427.8997200131594	200	4.896487742738604	0.0	383025	323.285061811	0.2
1428.2230050749702	200	5.073202680927755	0.0	383025	323.285061811	0.2
1428.546290136781	200	5.249917619116905	0.0	383025	323.285061811	0.2
1428.869575198592	200	5.426632557306056	0.0	383025	323.285061811	0.2
1429.196721186588	200	5.599486569309877	0.0	383025	327.145987996	0.2
1429.524019324172	200	5.772188431725882	0.0	383025	327.298137584	0.2
1429.851317461756	200	5.944890294141887	0.0	383025	327.298137584	0.2
1430.17861559934	200	6.117592156557891	0.0	383025	327.298137584	0.2
1430.500694531647	200	6.295513224250942	0.0	383025	322.078932307	0.2
1430.8179231280328	200	6.478284627865243	0.0	383025	317.228596386	0.2
1431.1351517244186	200	6.661056031479545	0.0	383025	317.228596386	0.2
1431.4485940758511	200	6.847613680047117	0.0	383025	313.442351432	0.2
1431.7585942954422	200	7.037613460456133	0.0	383025	310.000219591	0.2
1432.068594515033	200	7.227613240865148	0.0	383025	310.000219591	0.2
1432.3774769076767	200	7.418730848221342	0.0	383025	308.882392644	0.2
1432.6824824874095	200	7.613725268488452	0.0	383025	305.005579733	0.2
1432.9874880671425	200	7.808719688755563	0.0	383025	305.005579733	0.2
1433.288959478792	200	8.007248277105974	0.0	383025	301.47141165	0.2
1433.5853514278363	200	8.210856328061741	0.0	383025	296.391949044	0.2
1433.8817433768806	200	8.414464379017506	0.0	383025	296.391949044	0.2
1434.1664381775133	200	8.629769578384778	0.0	383025	284.694800633	0.2
1434.446621826962	200	8.84958592893635	0.0	383025	280.183649448	0.2
1434.7294287480086	200	9.066779007889687	0.0	383025	282.806921047	0.2
1435.0129035832772	200	9.283304172620921	0.0	383025	283.474835269	0.2
1435.2976515402454	200	9.498556215652807	0.0	383025	284.747956968	0.2
1435.5835287628374	200	9.712678993060782	0.0	383025	285.877222592	0.2
1435.8784331763063	200	9.917774579591768	0.0	383025	294.904413469	0.2
1436.2393948287176	200	9.61078388666284	0.0	383025	306.990692929	0.2
1436.5343995385276	200	9.815779176852788	0.0	383025	295.00470981	0.2
1437.3274857049046	200	9.522693010475848	0.0	383025	293.08616637694	0.2
1437.6195288845026	200	9.730649830877859	0.0	383025	292.0431795979899	0.2
1437.915358317385	200	9.934820397995512	0.0	383025	295.829432882	0.2
1438.2508258662442	200	9.632053823790796	0.0	383025	302.76657420471537	0.2
1438.5683657966488	200	9.8145138933865	0.0	383025	317.539930404	0.2
1438.8859057270531	200	9.996973962982203	0.0	383025	317.539930404	0.2
1439.5787664996249	200	9.679434032577907	0.0	383025	317.539930404	0.2
1439.8887380479532	200	9.869462484249555	0.0	383025	309.971548328	0.2
1440.663973306206	200	9.559490935921202	0.0	383025	309.971548328	0.2
1440.9983248383435	200	9.725139403783507	0.0	383025	334.351532138	0.2
1441.3326763704813	200	9.890787871645813	0.0	383025	334.351532138	0.2
1441.9753463329564	200	9.556436339508117	0.0	383025	334.351532138	0.2
1442.2925229769905	200	9.739259695473791	0.0	383025	317.176644034	0.2
1442.6096996210247	200	9.922083051439463	0.0	383025	317.176644034	0.2
1443.0604131237017	200	9.613062197453973	0.0	383025	309.02085398549195	0.2
1443.3667115112103	200	9.806763809945258	0.0	383025	306.298387509	0.2
1443.9472992842277	200	9.500465422436545	0.0	383025	306.298387509	0.2
1444.2730841224425	200	9.674680584221832	0.0	383025	325.784838215	0.2
1444.5988689606572	200	9.848895746007122	0.0	383025	325.784838215	0.2
1445.246297603725	200	9.523110907792411	0.0	383025	325.784838215	0.2
1445.5572452606928	200	9.712163250824764	0.0	383025	310.947656968	0.2
1445.8714359133514	200	9.897972598165959	0.0	383025	314.1906526588044	0.2
1446.6956550196662	200	9.573753491851045	0.0	383025	324.219106315	0.2
1447.0078425058832	200	9.76156600563414	0.0	383025	312.1874862169043	0.2
1447.3060283356087	200	9.963380175908634	0.0	383025	298.185829726	0.2
1448.0437744649964	200	9.665194346183128	0.0	383025	298.185829726	0.2
1448.3421443167056	200	9.86682449447412	0.0	383025	298.36985170900914	0.2
1449.1508298862045	200	9.5581389249753	0.0	383025	308.685569499	0.2
1449.459798544006	200	9.749170267173946	0.0	383025	308.9686578013539	0.2
1449.7696069945398	200	9.939361816640199	0.0	383025	309.808450534	0.2
1450.3746168488124	200	9.629553366106453	0.0	383025	309.808450534	0.2
1450.7124114849341	200	9.791758729984663	0.0	383025	337.794636122	0.2
1451.050206121056	200	9.95396409386287	0.0	383025	337.794636122	0.2
1451.416586069282	200	9.61616945774108	0.0	383025	337.794636122	0.2
1451.7227151036006	200	9.810040423422238	0.0	383025	306.129034319	0.2
1452.2896876235613	200	9.503911389103397	0.0	383025	306.129034319	0.2
1452.5977392963528	200	9.69585971631203	0.0	383025	308.051672791	0.2
1452.9057909691442	200	9.887808043520662	0.0	383025	308.051672791	0.2
1453.7351598011212	200	9.558439211543737	0.0	383025	329.36883197692674	0.2
1454.0655049864372	200	9.72809402622764	0.0	383025	330.345185316	0.2
1454.3958501717534	200	9.897748840911543	0.0	383025	330.345185316	0.2
1455.2075934200348	200	9.586005592630206	0.0	383025	311.74324828133655	0.2
1455.536796446503	200	9.756802566161854	0.0	383025	329.20302646835256	0.2
1455.867556750008	200	9.926042262657067	0.0	383025	330.760303505	0.2
1456.6983170535127	200	9.595281959152281	0.0	383025	330.760303505	0.2
1457.0228000135423	200	9.77079899912259	0.0	383025	324.4829600296907	0.2
1457.3312456233919	200	9.962353389273078	0.0	383025	308.44560985	0.2
1457.940538271363	200	9.653907779423566	0.0	383025	308.44560985	0.2
1458.2704076932594	200	9.824038357527268	0.0	383025	329.869421896	0.2
1458.6002771151557	200	9.99416893563097	0.0	383025	329.869421896	0.2
1459.2706017645628	200	9.664299513734674	0.0	383025	329.869421896	0.2
1459.594437396456	200	9.840463881841368	0.0	383025	323.835631893	0.2
1460.1963994624466	200	9.516628249948063	0.0	383025	323.835631893	0.2
1460.5343313123797	200	9.678696400015003	0.0	383025	337.931849933	0.2
1460.8722631623125	200	9.840764550081945	0.0	383025	337.931849933	0.2
1461.7101950122455	200	9.502832700148886	0.0	383025	337.931849933	0.2
1462.0404973327222	200	9.672530379672315	0.0	383025	330.3023204765727	0.2
1462.370085232675	200	9.842942479719573	0.0	383025	329.587899953	0.2
1463.1996731326276	200	9.513354579766832	0.0	383025	329.587899953	0.2
1463.53890606105	200	9.674121651344329	0.0	383025	339.23292842250265	0.2

