5760.21170313	400	0.5	0.159146606305	181435	159.146606305	-2.7829321261
5760.6093199	1000	0.602383231364	0.0	471531	397.616768636	0.4
5761.01590594	1000	0.695797197584	0.0	482442	406.58603378	1.0
5761.43044766	1000	0.781255472477	0.0	492120	414.541725107	1.0
5761.84498939	1000	0.866713747371	0.0	492120	414.541725107	1.0
5762.25793307	1000	0.953770065655	0.0	490176	412.943681716	1.0
5762.68995874	1000	1.02174439771	0.0	513389	432.025667948	1.0
5763.10855722	1000	1.10314591121	0.0	497055	418.598486493	1.0
5763.54603301	1000	1.16567012614	0.0	520019	437.475785069	1.0
5764.00919422	1000	1.20250891731	0.0	551265	463.161208833	1.0
5764.47816477	1000	1.23353836041	0.0	558332	468.970556901	1.0
5764.92957494	1000	1.28212819596	0.0	536970	451.410164453	1.0
5765.3809851	1000	1.33071803151	0.0	536970	451.410164453	1.0
5765.83239527	1000	1.37930786705	0.0	536970	451.410164453	1.0
5766.28380543	1000	1.4278977026	0.0	536970	451.410164453	1.0
5766.7352156	1000	1.47648753815	0.0	536970	451.410164453	1.0
5767.20015159	1000	1.51155154759	0.0	553424	464.935990562	1.0
5767.63607442	1000	1.57562871694	0.0	522960	435.92283065	1.0
5768.06439456	1000	1.64730857339	0.0	522960	428.320143546	1.0
5768.50018585	1000	1.71151728455	0.0	532300	435.791288836	1.0
5768.91254302	1000	1.79916011482	0.0	503004	412.357169734	1.0
5769.30792453	1000	1.90377860305	0.0	481782	395.381511775	1.0
5769.70330604	1000	2.00839709127	0.0	481782	395.381511775	1.0
5770.01969099	200	2.19201214217	0.0	383025	316.384949101	-0.6
5770.33607594	200	2.37562719307	0.0	383025	316.384949101	0.2
5770.65121367	200	2.56048946329	0.0	383025	315.137729779	0.2
5770.95482027	200	2.75688286716	0.0	383025	303.606596126	0.2
5771.25842686	200	2.95327627104	0.0	383025	303.606596126	0.2
5771.56203346	200	3.14966967491	0.0	383025	303.606596126	0.2
5771.86564005	200	3.34606307878	0.0	383025	303.606596126	0.2
5772.17174207	200	3.53996105991	0.0	383025	306.102018871	0.2
5772.48292621	200	3.72877692806	0.0	383025	311.184131856	0.2
5772.79411034	200	3.9175927962	0.0	383025	311.184131856	0.2
5773.10529447	200	4.10640866434	0.0	383025	311.184131856	0.2
5773.4164786	200	4.29522453249	0.0	383025	311.184131856	0.2
5773.72766273	200	4.48404040063	0.0	383025	311.184131856	0.2
5774.03884686	200	4.67285626878	0.0	383025	311.184131856	0.2
5774.350031	200	4.86167213692	0.0	383025	311.184131856	0.2
5774.66121513	200	5.05048800506	0.0	383025	311.184131856	0.2
5774.97710788	200	5.23459524995	0.0	383025	315.892755112	0.2
5775.29538841	200	5.41631472729	0.0	383025	318.28052266	0.2
5775.61366893	200	5.59803420463	0.0	383025	318.28052266	0.2
5775.93194945	200	5.77975368197	0.0	383025	318.28052266	0.2
5776.25022997	200	5.96147315931	0.0	383025	318.28052266	0.2
5776.5685105	200	6.14319263665	0.0	383025	318.28052266	0.2
5776.88679102	200	6.32491211399	0.0	383025	318.28052266	0.2
5777.20464175	200	6.50706138032	0.0	383025	317.85073367	0.2
5777.51233548	200	6.69936764951	0.0	383025	307.693730814	0.2
5777.82002921	200	6.89167391869	0.0	383025	307.693730814	0.2
5778.12772295	200	7.08398018788	0.0	383025	307.693730814	0.2
5778.43541668	200	7.27628645706	0.0	383025	307.693730814	0.2
5778.74333541	200	7.4683677205	0.0	383025	307.918736563	0.2
5779.0573758	200	7.654327335	0.0	383025	314.040385503	0.2
5779.37141618	200	7.84028694949	0.0	383025	314.040385503	0.2
5779.68545657	200	8.02624656399	0.0	383025	314.040385503	0.2
5779.99949695	200	8.21220617849	0.0	383025	314.040385503	0.2
5780.31353734	200	8.39816579299	0.0	383025	314.040385503	0.2
5780.62757773	200	8.58412540748	0.0	383025	314.040385503	0.2
5780.94161811	200	8.77008502198	0.0	383025	314.040385503	0.2
5781.2556585	200	8.95604463648	0.0	383025	314.040385503	0.2
5781.56884575	200	9.14285738258	0.0	383025	313.187253898	0.2
5781.88163392	200	9.3300692109	0.0	383025	312.788171675	0.2
5782.19442209	200	9.51728103923	0.0	383025	312.788171675	0.2
5782.50721027	200	9.70449286755	0.0	383025	312.788171675	0.2
5782.81999844	200	9.89170469588	0.0	383025	312.788171675	0.2
5783.63278661	200	9.5789165242	0.0	383025	312.788171675	0.2
5783.94493427	200	9.76676886543	0.0	383025	312.147658779	0.2
5784.25636639	200	9.95533674181	0.0	383025	311.432123617	0.2
5785.06779852	200	9.64390461819	0.0	383025	311.432123617	0.2
5785.37923064	200	9.83247249458	0.0	383025	311.432123617	0.2
5785.85876901	200	9.52104037096	0.0	383025	311.432123617	0.2
5786.17877125	200	9.70103812655	0.0	383025	320.002244412	0.2
5786.4987735	200	9.88103588213	0.0	383025	320.002244412	0.2
5787.31877574	200	9.56103363772	0.0	383025	320.002244412	0.2
5787.63877798	200	9.74103139331	0.0	383025	320.002244412	0.2
5787.95878023	200	9.9210291489	0.0	383025	320.002244412	0.2
5788.35690214	200	9.60102690448	0.0	383025	320.002244412	0.2
5788.67293299	200	9.78499605505	0.0	383025	316.03084943	0.2
5788.98896384	200	9.96896520563	0.0	383025	316.03084943	0.2
5789.80499469	200	9.6529343562	0.0	383025	316.03084943	0.2
5790.12102554	200	9.83690350677	0.0	383025	316.03084943	0.2
5790.93705638	200	9.52087265734	0.0	383025	316.03084943	0.2
5791.25386047	200	9.70406856737	0.0	383025	316.804089965	0.2
5791.57678933	200	9.88113970726	0.0	383025	322.928860112	0.2
5792.39971819	200	9.55821084715	0.0	383025	322.928860112	0.2
5792.72264705	200	9.73528198704	0.0	383025	322.928860112	0.2
5793.04557591	200	9.91235312692	0.0	383025	322.928860112	0.2
5793.86850478	200	9.58942426681	0.0	383025	322.928860112	0.2
5794.19143364	200	9.7664954067	0.0	383025	322.928860112	0.2
5794.5143625	200	9.94356654659	0.0	383025	322.928860112	0.2
5795.33729136	200	9.62063768648	0.0	383025	322.928860112	0.2
5795.66022022	200	9.79770882637	0.0	383025	322.928860112	0.2
5795.98286423	200	9.97506480747	0.0	383025	322.644018897	0.2
5796.80550024	200	9.65242880156	0.0	383025	322.636005906	0.2
5797.12813625	200	9.82979279566	0.0	383025	322.636005906	0.2
5797.95077225	200	9.50715678975	0.0	383025	322.636005906	0.2
5798.27340826	200	9.68452078385	0.0	383025	322.636005906	0.2
5798.59604426	200	9.86188477794	0.0	383025	322.636005906	0.2
5799.41868027	200	9.53924877204	0.0	383025	322.636005906	0.2
5799.74131628	200	9.71661276613	0.0	383025	322.636005906	0.2
5800.06395228	200	9.89397676022	0.0	383025	322.636005906	0.2
5800.88673693	200	9.57119211441	0.0	383025	322.784645815	0.2
5801.21104417	200	9.74688487311	0.0	383025	324.3072413	0.2
5801.53535141	200	9.92257763181	0.0	383025	324.3072413	0.2
5802.35965865	200	9.59827039051	0.0	383025	324.3072413	0.2
5802.68396589	200	9.77396314921	0.0	383025	324.3072413	0.2
5803.00827313	200	9.94965590791	0.0	383025	324.3072413	0.2
5803.83258038	200	9.62534866661	0.0	383025	324.3072413	0.2
5804.15688762	200	9.80104142531	0.0	383025	324.3072413	0.2
5804.48119486	200	9.97673418401	0.0	383025	324.3072413	0.2
5805.26222171	200	9.65242694271	0.0	383025	324.3072413	0.2
5805.5809108	200	9.83373784878	0.0	383025	318.689093929	0.2
5806.39959989	200	9.51504875485	0.0	383025	318.689093929	0.2
5806.71828899	200	9.69635966092	0.0	383025	318.689093929	0.2
5807.03697808	200	9.87767056699	0.0	383025	318.689093929	0.2
5807.85566718	200	9.55898147306	0.0	383025	318.689093929	0.2
5808.17402073	200	9.74062791767	0.0	383025	318.353555394	0.2
5808.49120553	200	9.92344312044	0.0	383025	317.184797228	0.2
5809.30839033	200	9.60625832321	0.0	383025	317.184797228	0.2
5809.62557512	200	9.78907352598	0.0	383025	317.184797228	0.2

