1439.7172108	400	0.5	0.164754693545	181435	164.754693545	-2.89509387091
1440.12940242	1000	0.587808386463	0.0	471531	412.191613537	0.4
1440.55090055	1000	0.666310252897	0.0	482442	421.498133565	1.0
1440.98065352	1000	0.736557284685	0.0	492120	429.752968212	1.0
1441.41040649	1000	0.806804316473	0.0	492120	429.752968212	1.0
1441.83850132	1000	0.878709479957	0.0	490176	428.094836516	1.0
1442.26977881	1000	0.947431989586	0.0	513389	431.277490371	1.0
1442.67802406	1000	1.03918674099	0.0	497055	408.2452486	1.0
1443.11633455	1000	1.10087625041	0.0	520019	438.310490579	1.0
1443.59020318	1000	1.12700762624	0.0	551265	473.868624168	1.0
1444.07001842	1000	1.14719238916	0.0	558332	479.81523708	1.0
1444.53185834	1000	1.18535246622	0.0	536970	461.83992294	1.0
1444.98524859	1000	1.23196221428	0.0	536970	453.39025194	1.0
1445.43556251	1000	1.28164829704	0.0	536970	450.313917237	1.0
1445.88407723	1000	1.33313357552	0.0	536970	448.514721525	1.0
1446.32189973	1000	1.39531107365	0.0	536970	437.822501864	1.0
1446.7728317	1000	1.44437910302	0.0	553424	450.931970634	1.0
1447.20103915	1000	1.51617165054	0.0	522960	428.20745248	1.0
1447.63731599	1000	1.57989481876	0.0	522960	436.276831775	1.0
1448.08124443	1000	1.63596637566	0.0	532300	443.928443102	1.0
1448.50305217	1000	1.71415863535	0.0	503004	421.807740309	1.0
1448.90748553	1000	1.80972527749	0.0	481782	404.433357869	1.0
1449.31068098	1000	1.90652982692	0.0	481782	403.195450568	1.0
1449.73561489	1000	1.98159591356	0.0	510552	424.933913358	1.0
1450.18201914	1000	2.03519166197	0.0	536970	446.404251586	1.0
1450.50389188	200	2.21331892229	0.0	383025	321.872739679	-0.6
1450.82717694	200	2.39003386048	0.0	383025	323.285061811	0.2
1451.15046201	200	2.56674879867	0.0	383025	323.285061811	0.2
1451.47374707	200	2.74346373686	0.0	383025	323.285061811	0.2
1451.79760313	200	2.91960766948	0.0	383025	323.856067377	0.2
1452.12490127	200	3.0923095319	0.0	383025	327.298137584	0.2
1452.45219941	200	3.26501139432	0.0	383025	327.298137584	0.2
1452.77949755	200	3.43771325673	0.0	383025	327.298137584	0.2
1453.10679569	200	3.61041511915	0.0	383025	327.298137584	0.2
1453.42706009	200	3.7901507154	0.0	383025	320.264403743	0.2
1453.74428869	200	3.97292211902	0.0	383025	317.228596386	0.2
1454.06151728	200	4.15569352263	0.0	383025	317.228596386	0.2
1454.37365708	200	4.34355372272	0.0	383025	312.139799916	0.2
1454.6836573	200	4.53355350313	0.0	383025	310.000219591	0.2
1454.99365752	200	4.72355328353	0.0	383025	310.000219591	0.2
1455.30163988	200	4.91557092362	0.0	383025	307.982359911	0.2
1455.60664546	200	5.11056534389	0.0	383025	305.005579733	0.2
1455.91165104	200	5.30555976416	0.0	383025	305.005579733	0.2
1456.21157028	200	5.5056405264	0.0	383025	299.919237761	0.2
1456.50796223	200	5.70924857735	0.0	383025	296.391949044	0.2
1456.80435418	200	5.91285662831	0.0	383025	296.391949044	0.2
1457.08612825	200	6.13108255882	0.0	383025	281.774069489	0.2
1457.36631189	200	6.35089890937	0.0	383025	280.183649448	0.2
1457.64971189	200	6.56749891754	0.0	383025	283.399991829	0.2
1457.93318672	200	6.78402408227	0.0	383025	283.474835269	0.2
1458.21836759	200	6.99884321577	0.0	383025	285.180866505	0.2
1458.50424481	200	7.21296599318	0.0	383025	285.877222592	0.2
1458.80295387	200	7.41425693814	0.0	383025	298.709055036	0.2
1459.10994456	200	7.60726624521	0.0	383025	306.990692929	0.2
1459.41693525	200	7.80027555228	0.0	383025	306.990692929	0.2
1459.715795	200	8.00141580729	0.0	383025	298.859744996	0.2
1460.01079971	200	8.20641109748	0.0	383025	295.00470981	0.2
1460.30027161	200	8.41693919215	0.0	383025	289.471905326	0.2
1460.58788524	200	8.62932556807	0.0	383025	287.613624085	0.2
1460.87736458	200	8.83984622708	0.0	383025	289.479340986	0.2
1461.17319401	200	9.0440167942	0.0	383025	295.829432882	0.2
1461.47321981	200	9.24399099501	0.0	383025	300.025799183	0.2
1461.77783204	200	9.43937876144	0.0	383025	304.612233572	0.2
1462.08376017	200	9.63345063115	0.0	383025	305.928130287	0.2
1462.4013001	200	9.81591070075	0.0	383025	317.539930404	0.2
1462.71884003	200	9.99837077035	0.0	383025	317.539930404	0.2
1463.410304	200	9.68083083994	0.0	383025	317.539930404	0.2
1463.72027555	200	9.87085929161	0.0	383025	309.971548328	0.2
1464.494114	200	9.56088774329	0.0	383025	309.971548328	0.2
1464.82846553	200	9.72653621115	0.0	383025	334.351532138	0.2
1465.16281706	200	9.89218467901	0.0	383025	334.351532138	0.2
1465.80409022	200	9.55783314687	0.0	383025	334.351532138	0.2
1466.12126686	200	9.74065650284	0.0	383025	317.176644034	0.2
1466.43844351	200	9.9234798588	0.0	383025	317.176644034	0.2
1466.88788689	200	9.61439566221	0.0	383025	309.084196595	0.2
1467.19418527	200	9.8080972747	0.0	383025	306.298387509	0.2
1467.77343958	200	9.50179888719	0.0	383025	306.298387509	0.2
1468.09922442	200	9.67601404898	0.0	383025	325.784838215	0.2
1468.42500926	200	9.85022921076	0.0	383025	325.784838215	0.2
1469.07110444	200	9.52444437255	0.0	383025	325.784838215	0.2
1469.38205209	200	9.71349671558	0.0	383025	310.947656968	0.2
1469.69618394	200	9.8993648672	0.0	383025	314.13184838	0.2
1470.52040305	200	9.57514576088	0.0	383025	324.219106315	0.2
1470.83270589	200	9.76284292419	0.0	383025	312.302836697	0.2
1471.13089171	200	9.96465709446	0.0	383025	298.185829726	0.2
1471.86736093	200	9.66647126474	0.0	383025	298.185829726	0.2
1472.16568207	200	9.86815012016	0.0	383025	298.321144581	0.2
1472.97436764	200	9.55946455066	0.0	383025	308.685569499	0.2
1473.28333131	200	9.75050087642	0.0	383025	308.963674233	0.2
1473.59313976	200	9.94069242589	0.0	383025	309.808450534	0.2
1474.19681901	200	9.63088397536	0.0	383025	309.808450534	0.2
1474.53461365	200	9.79308933923	0.0	383025	337.794636122	0.2
1474.87240828	200	9.95529470311	0.0	383025	337.794636122	0.2
1475.23745762	200	9.61750006699	0.0	383025	337.794636122	0.2
1475.54358666	200	9.81137103267	0.0	383025	306.129034319	0.2
1476.10922857	200	9.50524199835	0.0	383025	306.129034319	0.2
1476.41728024	200	9.69719032556	0.0	383025	308.051672791	0.2
1476.72533191	200	9.88913865277	0.0	383025	308.051672791	0.2
1477.55460122	200	9.55986934701	0.0	383025	329.269305765	0.2
1477.8849464	200	9.72952416169	0.0	383025	330.345185316	0.2
1478.21529159	200	9.89917897637	0.0	383025	330.345185316	0.2
1479.02713076	200	9.58733980891	0.0	383025	311.839167465	0.2
1479.35623601	200	9.75823455486	0.0	383025	329.105254048	0.2
1479.68699631	200	9.92747425135	0.0	383025	330.760303505	0.2
1480.51775662	200	9.59671394785	0.0	383025	330.760303505	0.2
1480.8423392	200	9.77213136705	0.0	383025	324.582580802	0.2
1481.15078481	200	9.9636857572	0.0	383025	308.44560985	0.2
1481.75874509	200	9.65524014735	0.0	383025	308.44560985	0.2
1482.08861451	200	9.82537072545	0.0	383025	329.869421896	0.2
1482.41848393	200	9.99550130356	0.0	383025	329.869421896	0.2
1483.08747621	200	9.66563188166	0.0	383025	329.869421896	0.2
1483.41131184	200	9.84179624977	0.0	383025	323.835631893	0.2
1484.01194154	200	9.51796061787	0.0	383025	323.835631893	0.2
1484.34987339	200	9.68002876794	0.0	383025	337.931849933	0.2
1484.68780524	200	9.84209691801	0.0	383025	337.931849933	0.2
1485.52573709	200	9.50416506807	0.0	383025	337.931849933	0.2
1485.85607331	200	9.67382884662	0.0	383025	330.336221457	0.2
1486.18566121	200	9.84424094666	0.0	383025	329.587899953	0.2
1487.01524911	200	9.51465304671	0.0	383025	329.587899953	0.2
1487.35443214	200	9.67547001609	0.0	383025	339.183030624	0.2

