2257.15298155	400	0.5	0.161464802338	181435	161.464802338	-2.82929604676
2257.55662308	1000	0.596358477078	0.0	471531	403.641522922	0.4
2257.96937327	1000	0.683608279103	0.0	482442	412.750197975	1.0
2258.39020282	1000	0.762778733939	0.0	492120	420.829545163	1.0
2258.81103236	1000	0.841949188776	0.0	492120	420.829545163	1.0
2259.23023903	1000	0.922742525503	0.0	490176	419.206663273	1.0
2259.66882427	1000	0.984157283363	0.0	513389	438.58524214	1.0
2260.08933804	1000	1.06364351471	0.0	497055	420.513768658	1.0
2260.49660974	1000	1.15637181191	0.0	520019	407.271702795	1.0
2260.92775202	1000	1.22522953587	0.0	551265	431.142276035	1.0
2261.37541795	1000	1.27756360679	0.0	558332	447.665929082	1.0
2261.80977812	1000	1.34320343318	0.0	536970	434.360173615	1.0
2262.24413829	1000	1.40884325956	0.0	536970	434.360173615	1.0
2262.6807566	1000	1.47222494735	0.0	536970	436.618312211	1.0
2263.13551331	1000	1.51746824163	0.0	536970	454.756705718	1.0
2263.59027002	1000	1.56271153591	0.0	536970	454.756705718	1.0
2264.05865509	1000	1.59432645834	0.0	553424	468.385077575	1.0
2264.50180772	1000	1.65117383003	0.0	522960	443.152628308	1.0
2264.9439517	1000	1.70902985675	0.0	522960	442.143973283	1.0
2265.38651936	1000	1.76646218992	0.0	532300	442.567666831	1.0
2265.80527996	1000	1.84770159122	0.0	503004	418.760598698	1.0
2266.20679474	1000	1.94618681448	0.0	481782	401.514776745	1.0
2266.60830951	1000	2.04467203773	0.0	481782	401.514776745	1.0
2266.92957052	200	2.22341103719	0.0	383025	321.261000541	-0.6
2267.23533393	200	2.41764762533	0.0	383025	305.763411861	0.2
2267.53555922	200	2.6174223368	0.0	383025	300.225288526	0.2
2267.83840258	200	2.81457897624	0.0	383025	302.843360558	0.2
2268.15262943	200	3.00035211727	0.0	383025	314.226858973	0.2
2268.46685629	200	3.1861252583	0.0	383025	314.226858973	0.2
2268.78108315	200	3.37189839932	0.0	383025	314.226858973	0.2
2269.09518538	200	3.55779617097	0.0	383025	314.102228355	0.2
2269.40918075	200	3.74380079898	0.0	383025	313.99537199	0.2
2269.72317613	200	3.92980542699	0.0	383025	313.99537199	0.2
2270.0371715	200	4.115810055	0.0	383025	313.99537199	0.2
2270.35116687	200	4.30181468301	0.0	383025	313.99537199	0.2
2270.6810872	200	4.47189435273	0.0	383025	329.920330278	0.2
2271.01156884	200	4.64141271626	0.0	383025	330.481636473	0.2
2271.34205047	200	4.81093107978	0.0	383025	330.481636473	0.2
2271.67253211	200	4.98044944331	0.0	383025	330.481636473	0.2
2272.00301375	200	5.14996780684	0.0	383025	330.481636473	0.2
2272.33349538	200	5.31948617036	0.0	383025	330.481636473	0.2
2272.66397702	200	5.48900453389	0.0	383025	330.481636473	0.2
2272.99490014	200	5.65808140955	0.0	383025	330.923124337	0.2
2273.32805432	200	5.82492723344	0.0	383025	333.154176108	0.2
2273.66120849	200	5.99177305734	0.0	383025	333.154176108	0.2
2273.99436267	200	6.15861888123	0.0	383025	333.154176108	0.2
2274.32751685	200	6.32546470512	0.0	383025	333.154176108	0.2
2274.66067102	200	6.49231052901	0.0	383025	333.154176108	0.2
2274.9938252	200	6.6591563529	0.0	383025	333.154176108	0.2
2275.32697938	200	6.8260021768	0.0	383025	333.154176108	0.2
2275.66013355	200	6.99284800069	0.0	383025	333.154176108	0.2
2275.99025187	200	7.16272967987	0.0	383025	330.118320816	0.2
2276.31596093	200	7.33702062102	0.0	383025	325.709058847	0.2
2276.64166999	200	7.51131156218	0.0	383025	325.709058847	0.2
2276.96737905	200	7.68560250333	0.0	383025	325.709058847	0.2
2277.29308811	200	7.85989344448	0.0	383025	325.709058847	0.2
2277.62088185	200	8.03209970075	0.0	383025	327.79374373	0.2
2277.95637316	200	8.19660838984	0.0	383025	335.491310918	0.2
2278.29186447	200	8.36111707892	0.0	383025	335.491310918	0.2
2278.62735578	200	8.525625768	0.0	383025	335.491310918	0.2
2278.9628471	200	8.69013445708	0.0	383025	335.491310918	0.2
2279.29833841	200	8.85464314616	0.0	383025	335.491310918	0.2
2279.63382972	200	9.01915183525	0.0	383025	335.491310918	0.2
2279.96932103	200	9.18366052433	0.0	383025	335.491310918	0.2
2280.30481234	200	9.34816921341	0.0	383025	335.491310918	0.2
2280.64030365	200	9.51267790249	0.0	383025	335.491310918	0.2
2280.97582242	200	9.6771591292	0.0	383025	335.518773292	0.2
2281.31340319	200	9.83957836004	0.0	383025	337.580769164	0.2
2282.15098396	200	9.50199759087	0.0	383025	337.580769164	0.2
2282.48856473	200	9.66441682171	0.0	383025	337.580769164	0.2
2282.8261455	200	9.82683605254	0.0	383025	337.580769164	0.2
2283.16372627	200	9.98925528338	0.0	383025	337.580769164	0.2
2284.00130704	200	9.65167451422	0.0	383025	337.580769164	0.2
2284.33888781	200	9.81409374505	0.0	383025	337.580769164	0.2
2284.67691471	200	9.97606683791	0.0	383025	338.026907143	0.2
2285.51538148	200	9.63760007421	0.0	383025	338.466763697	0.2
2285.85384824	200	9.79913331051	0.0	383025	338.466763697	0.2
2286.19231501	200	9.96066654682	0.0	383025	338.466763697	0.2
2287.03078177	200	9.62219978312	0.0	383025	338.466763697	0.2
2287.36924853	200	9.78373301942	0.0	383025	338.466763697	0.2
2287.7077153	200	9.94526625573	0.0	383025	338.466763697	0.2
2288.07084733	200	9.60679949203	0.0	383025	338.466763697	0.2
2288.39774814	200	9.77989867967	0.0	383025	326.900812355	0.2
2288.72464896	200	9.95299786732	0.0	383025	326.900812355	0.2
2289.55154977	200	9.62609705496	0.0	383025	326.900812355	0.2
2289.87975812	200	9.79788870448	0.0	383025	328.208350488	0.2
2290.21458646	200	9.96306036787	0.0	383025	334.828336602	0.2
2291.04941479	200	9.62823203127	0.0	383025	334.828336602	0.2
2291.38424313	200	9.79340369467	0.0	383025	334.828336602	0.2
2291.71907147	200	9.95857535807	0.0	383025	334.828336602	0.2
2292.5538998	200	9.62374702146	0.0	383025	334.828336602	0.2
2292.88872814	200	9.78891868486	0.0	383025	334.828336602	0.2
2293.2254964	200	9.95215042674	0.0	383025	336.768258122	0.2
2294.06237481	200	9.61527201236	0.0	383025	336.878414384	0.2
2294.39925323	200	9.77839359797	0.0	383025	336.878414384	0.2
2294.73613164	200	9.94151518359	0.0	383025	336.878414384	0.2
2295.57301006	200	9.6046367692	0.0	383025	336.878414384	0.2
2295.90988847	200	9.76775835482	0.0	383025	336.878414384	0.2
2296.24693781	200	9.9307090135	0.0	383025	337.049341317	0.2
2297.08410939	200	9.59353743637	0.0	383025	337.171577126	0.2
2297.42128097	200	9.75636585925	0.0	383025	337.171577126	0.2
2297.75845254	200	9.91919428212	0.0	383025	337.171577126	0.2
2298.59562412	200	9.58202270499	0.0	383025	337.171577126	0.2
2298.9327957	200	9.74485112787	0.0	383025	337.171577126	0.2
2299.26996727	200	9.90767955074	0.0	383025	337.171577126	0.2
2300.10664924	200	9.57099758245	0.0	383025	336.681968289	0.2
2300.44184216	200	9.7358046672	0.0	383025	335.192915258	0.2
2300.77703507	200	9.90061175194	0.0	383025	335.192915258	0.2
2301.61222799	200	9.56541883668	0.0	383025	335.192915258	0.2
2301.9394456	200	9.73820122803	0.0	383025	327.217608651	0.2
2302.2562759	200	9.92137092114	0.0	383025	316.830306894	0.2
2303.07310621	200	9.60454061424	0.0	383025	316.830306894	0.2
2303.38993652	200	9.78771030735	0.0	383025	316.830306894	0.2
2303.70343605	200	9.97421077041	0.0	383025	313.499536939	0.2
2304.25755061	200	9.6607804397	0.0	383025	313.430330711	0.2
2304.5671158	200	9.85121525324	0.0	383025	309.565186461	0.2
2305.23649557	200	9.54165006678	0.0	383025	309.565186461	0.2
2305.54853559	200	9.72961004708	0.0	383025	312.0400197	0.2
2305.86057561	200	9.91757002738	0.0	383025	312.0400197	0.2
2306.67268198	200	9.60546365756	0.0	383025	312.106369818	0.2

