1487.50828439	400	0.5	0.153852243204	181435	153.852243204	-2.67704486408
1487.89214165	1000	0.616142739327	0.0	471531	383.857260673	0.4
1488.28464979	1000	0.72363460189	0.0	482442	392.508137437	1.0
1488.7006859	1000	0.807598490407	0.0	492120	416.036111483	1.0
1489.13515913	1000	0.87312525877	0.0	492120	434.473231636	1.0
1489.56795558	1000	0.940328805079	0.0	490176	432.796453691	1.0
1490.01851872	1000	0.98976566514	0.0	513389	450.563139939	1.0
1490.45419183	1000	1.05409255815	0.0	497055	435.673106989	1.0
1490.90953108	1000	1.09875330309	0.0	520019	455.339255059	1.0
1491.39162911	1000	1.11665527506	0.0	551265	482.098028034	1.0
1491.85247597	1000	1.15580841332	0.0	558332	460.846861739	1.0
1492.2897494	1000	1.21853498721	0.0	536970	437.273426107	1.0
1492.71746132	1000	1.2908230648	0.0	536970	427.711922418	1.0
1493.14314801	1000	1.3651363818	0.0	536970	425.686683	1.0
1493.56529604	1000	1.44298834354	0.0	536970	422.148038255	1.0
1493.98393551	1000	1.52434887616	0.0	536970	418.639467382	1.0
1494.41263893	1000	1.59564545389	0.0	553424	428.703422264	1.0
1494.83775666	1000	1.67052772977	0.0	522960	425.11772412	1.0
1495.27053925	1000	1.73774513485	0.0	522960	432.782594927	1.0
1495.71802077	1000	1.79026361911	0.0	532300	447.481515742	1.0
1496.15325071	1000	1.85503367484	0.0	503004	435.229944263	1.0
1496.57053998	1000	1.93774440277	0.0	481782	417.289272068	1.0
1496.98545436	1000	2.02283002811	0.0	481782	414.914374664	1.0
1497.30485485	200	2.20342953292	0.0	383025	319.400495192	-0.6
1497.62425535	200	2.38402903773	0.0	383025	319.400495192	0.2
1497.94365584	200	2.56462854253	0.0	383025	319.400495192	0.2
1498.24539591	200	2.76288847476	0.0	383025	301.740067775	0.2
1498.54709155	200	2.96119283852	0.0	383025	301.695636236	0.2
1498.86242954	200	3.14585484449	0.0	383025	315.337994029	0.2
1499.17977031	200	3.32851408101	0.0	383025	317.340763488	0.2
1499.49711107	200	3.51117331752	0.0	383025	317.340763488	0.2
1499.81186441	200	3.69641997631	0.0	383025	314.753341214	0.2
1500.12559086	200	3.8826935285	0.0	383025	313.726447805	0.2
1500.43931731	200	4.06896708069	0.0	383025	313.726447805	0.2
1500.74866694	200	4.25961744628	0.0	383025	309.349634412	0.2
1501.05778736	200	4.45049702919	0.0	383025	309.120417093	0.2
1501.3669656	200	4.6413187922	0.0	383025	309.178236988	0.2
1501.6764156	200	4.83186879048	0.0	383025	309.450001723	0.2
1501.9858656	200	5.02241878876	0.0	383025	309.450001723	0.2
1502.29080898	200	5.21747540817	0.0	383025	304.943380584	0.2
1502.59487995	200	5.41340443305	0.0	383025	304.070975119	0.2
1502.90263237	200	5.60565202029	0.0	383025	307.752412761	0.2
1503.21951241	200	5.78877198125	0.0	383025	316.880039037	0.2
1503.53639245	200	5.97189194222	0.0	383025	316.880039037	0.2
1503.85308796	200	6.15519642308	0.0	383025	316.69551914	0.2
1504.16965138	200	6.3386330101	0.0	383025	316.563412975	0.2
1504.48621479	200	6.52206959713	0.0	383025	316.563412975	0.2
1504.80113207	200	6.70715232175	0.0	383025	314.917275378	0.2
1505.11527333	200	6.8930110594	0.0	383025	314.14126235	0.2
1505.42978368	200	7.07850071191	0.0	383025	314.510347484	0.2
1505.74460534	200	7.26367904944	0.0	383025	314.821662475	0.2
1506.059427	200	7.44885738696	0.0	383025	314.821662475	0.2
1506.37235158	200	7.63593280334	0.0	383025	312.924583621	0.2
1506.68271872	200	7.82556566892	0.0	383025	310.367134419	0.2
1506.99324791	200	8.01503647637	0.0	383025	310.529192558	0.2
1507.30388751	200	8.2043968765	0.0	383025	310.639599863	0.2
1507.61472292	200	8.39356146817	0.0	383025	310.835408334	0.2
1507.92601592	200	8.58226847027	0.0	383025	311.292997895	0.2
1508.23730891	200	8.77097547238	0.0	383025	311.292997895	0.2
1508.5528063	200	8.95547808344	0.0	383025	315.49738894	0.2
1508.8713724	200	9.13691198559	0.0	383025	318.56609785	0.2
1509.1899385	200	9.31834588774	0.0	383025	318.56609785	0.2
1509.51055098	200	9.49773340337	0.0	383025	320.612484368	0.2
1509.83764179	200	9.67064259923	0.0	383025	327.090804146	0.2
1510.16473259	200	9.84355179508	0.0	383025	327.090804146	0.2
1510.94921467	200	9.51646099093	0.0	383025	327.090804146	0.2
1511.2673154	200	9.69836026089	0.0	383025	318.100730039	0.2
1511.58345738	200	9.88221827986	0.0	383025	316.141981032	0.2
1512.30433983	200	9.56759403369	0.0	383025	314.624246171	0.2
1512.63174162	200	9.74019224273	0.0	383025	327.401790959	0.2
1512.95914341	200	9.91279045177	0.0	383025	327.401790959	0.2
1513.78604352	200	9.58589033881	0.0	383025	326.900112966	0.2
1514.11220579	200	9.75972807057	0.0	383025	326.16226824	0.2
1514.43702273	200	9.93491112694	0.0	383025	324.816943628	0.2
1514.77057502	200	9.61260555546	0.0	383025	322.30557148	0.2
1515.10204497	200	9.78113560326	0.0	383025	331.469952199	0.2
1515.43351492	200	9.94966565106	0.0	383025	331.469952199	0.2
1516.23064122	200	9.61819569886	0.0	383025	331.469952199	0.2
1516.5390833	200	9.80975362394	0.0	383025	308.442074923	0.2
1516.85045567	200	9.99838124885	0.0	383025	311.372375092	0.2
1517.42947273	200	9.68660816509	0.0	383025	311.773083754	0.2
1517.75583884	200	9.86024205418	0.0	383025	326.366110908	0.2
1518.24218113	200	9.53387594328	0.0	383025	326.366110908	0.2
1518.57835354	200	9.69770353549	0.0	383025	336.172407782	0.2
1518.91452595	200	9.86153112771	0.0	383025	336.172407782	0.2
1519.6091918	200	9.52535871993	0.0	383025	336.172407782	0.2
1519.93488839	200	9.69966212957	0.0	383025	325.696590363	0.2
1520.26058498	200	9.8739655392	0.0	383025	325.696590363	0.2
1521.08290369	200	9.55164682351	0.0	383025	322.318715696	0.2
1521.4028645	200	9.73168601497	0.0	383025	319.96080854	0.2
1521.71961005	200	9.91494046049	0.0	383025	316.745554482	0.2
1522.40201297	200	9.598194906	0.0	383025	316.745554482	0.2
1522.72920282	200	9.77100505485	0.0	383025	327.189851159	0.2
1523.05639267	200	9.94381520369	0.0	383025	327.189851159	0.2
1523.87618204	200	9.62402582726	0.0	383025	319.789376426	0.2
1524.19188744	200	9.80832042879	0.0	383025	315.705398469	0.2
1524.50771741	200	9.99249046367	0.0	383025	315.829965118	0.2
1525.17073902	200	9.67666049856	0.0	383025	315.829965118	0.2
1525.4878265	200	9.85957302374	0.0	383025	317.087474816	0.2
1526.30344644	200	9.54395308199	0.0	383025	315.61994175	0.2
1526.61497502	200	9.73242450583	0.0	383025	311.528576157	0.2
1526.92642443	200	9.92097508645	0.0	383025	311.449419389	0.2
1527.61220033	200	9.60952566706	0.0	383025	311.449419389	0.2
1527.92670717	200	9.79501881769	0.0	383025	314.50684937	0.2
1528.24505148	200	9.97667451188	0.0	383025	318.344305802	0.2
1529.06717885	200	9.65454714672	0.0	383025	322.127365159	0.2
1529.39072938	200	9.83099660752	0.0	383025	323.550539207	0.2
1529.79137319	200	9.50710251915	0.0	383025	323.89408837	0.2
1530.10316327	200	9.6953124344	0.0	383025	311.790084745	0.2
1530.41495336	200	9.88352234966	0.0	383025	311.790084745	0.2
1531.22973395	200	9.56874175987	0.0	383025	314.780589784	0.2
1531.5481732	200	9.7503025097	0.0	383025	318.439250171	0.2
1531.8696374	200	9.9288383042	0.0	383025	321.464205498	0.2
1532.44757966	200	9.60737409871	0.0	383025	321.464205498	0.2
1532.76264161	200	9.79231214122	0.0	383025	315.061957485	0.2
1533.07959286	200	9.97536089901	0.0	383025	316.951242207	0.2
1533.90330844	200	9.6516453156	0.0	383025	323.71558341	0.2
1534.22392228	200	9.83103147155	0.0	383025	320.613844052	0.2
1534.66516097	200	9.51182243204	0.0	383025	319.209039517	0.2
1534.98132324	200	9.69566016142	0.0	383025	316.162270611	0.2

