3179.32707057	400	0.5	0.150745709209	181435	150.745709209	-2.61491418418
3179.70285427	1000	0.62421630331	0.0	471531	375.78369669	0.4
3180.08772895	1000	0.739341619712	0.0	482442	384.874683598	1.0
3180.48726059	1000	0.839809984936	0.0	492120	399.531634776	1.0
3180.90312354	1000	0.923947033053	0.0	492120	415.862951882	1.0
3181.32370883	1000	1.00336174341	0.0	490176	420.585289641	1.0
3181.76051119	1000	1.06655937959	0.0	513389	436.802363821	1.0
3182.17774492	1000	1.14932565028	0.0	497055	417.233729307	1.0
3182.61904818	1000	1.20802239181	0.0	520019	441.30325847	1.0
3183.09028707	1000	1.23678350522	0.0	551265	471.238886594	1.0
3183.5687835	1000	1.25828707216	0.0	558332	478.496433056	1.0
3184.03550967	1000	1.29156089645	0.0	536970	466.726175717	1.0
3184.49831376	1000	1.3287568064	0.0	536970	462.804090044	1.0
3184.95185985	1000	1.3752107161	0.0	536970	453.546090308	1.0
3185.41032395	1000	1.41674661693	0.0	536970	458.464099169	1.0
3185.8714159	1000	1.45565467378	0.0	536970	461.091943148	1.0
3186.3500227	1000	1.47704786799	0.0	553424	478.606805789	1.0
3186.80558414	1000	1.5214864287	0.0	522960	455.561439293	1.0
3187.26073912	1000	1.56633144876	0.0	522960	455.154979936	1.0
3187.72289096	1000	1.6041796136	0.0	532300	462.151835163	1.0
3188.15950605	1000	1.66756451912	0.0	503004	436.615094473	1.0
3188.57266068	1000	1.75440988803	0.0	481782	413.154631089	1.0
3188.98272845	1000	1.84434211657	0.0	481782	410.06777146	1.0
3189.40522105	1000	1.92184951763	0.0	510552	422.492598947	1.0
3189.84249708	1000	1.98457349109	0.0	536970	437.276026541	1.0
3190.26639278	1000	2.06067778987	0.0	536970	423.895701217	1.0
3190.56889312	200	2.25817745132	0.0	383025	302.500338553	-0.6
3190.87054461	200	2.45652596177	0.0	383025	301.65148955	0.2
3191.16601864	200	2.66105193003	0.0	383025	295.474031742	0.2
3191.45797705	200	2.86909351949	0.0	383025	291.958410538	0.2
3191.7608189	200	3.06625166675	0.0	383025	302.841852735	0.2
3192.06441827	200	3.26265230528	0.0	383025	303.599361471	0.2
3192.37935207	200	3.44771849718	0.0	383025	314.933808101	0.2
3192.69672009	200	3.63035047899	0.0	383025	317.36801819	0.2
3193.01532733	200	3.81174324483	0.0	383025	318.607234166	0.2
3193.33462136	200	3.99244921011	0.0	383025	319.29403472	0.2
3193.65244059	200	4.17462998244	0.0	383025	317.819227665	0.2
3193.9658557	200	4.36121487178	0.0	383025	313.415110658	0.2
3194.273694	200	4.55337657017	0.0	383025	307.838301618	0.2
3194.57604581	200	4.75102476338	0.0	383025	302.35180679	0.2
3194.87657082	200	4.95049974802	0.0	383025	300.525015358	0.2
3195.1724154	200	5.15465516813	0.0	383025	295.844579889	0.2
3195.46515514	200	5.36191543344	0.0	383025	292.739734686	0.2
3195.759119	200	5.56795156858	0.0	383025	293.963864867	0.2
3196.05681375	200	5.77025681824	0.0	383025	297.694750338	0.2
3196.35610049	200	5.97097007704	0.0	383025	299.286741199	0.2
3196.65965333	200	6.16741723895	0.0	383025	303.552838085	0.2
3196.96320617	200	6.36386440087	0.0	383025	303.552838085	0.2
3197.27158529	200	6.55548528048	0.0	383025	308.379120388	0.2
3197.58001623	200	6.74705433627	0.0	383025	308.430944209	0.2
3197.89551151	200	6.93155905716	0.0	383025	315.495279108	0.2
3198.21230434	200	7.11476623307	0.0	383025	316.792824097	0.2
3198.53692806	200	7.29014250819	0.0	383025	324.623724873	0.2
3198.86762625	200	7.45944431749	0.0	383025	330.698190705	0.2
3199.18085793	200	7.64621264299	0.0	383025	313.231674499	0.2
3199.48932798	200	7.83774258745	0.0	383025	308.470055535	0.2
3199.79760361	200	8.02946695955	0.0	383025	308.275627906	0.2
3200.10555309	200	8.22151748423	0.0	383025	307.949475318	0.2
3200.41429951	200	8.4127710627	0.0	383025	308.746421528	0.2
3200.73607202	200	8.59099855013	0.0	383025	321.772512573	0.2
3201.05784453	200	8.76922603756	0.0	383025	321.772512573	0.2
3201.37858493	200	8.94848563656	0.0	383025	320.740400992	0.2
3201.69908704	200	9.12798353004	0.0	383025	320.50210652	0.2
3202.02378363	200	9.30328693981	0.0	383025	324.696590238	0.2
3202.35011917	200	9.47695140526	0.0	383025	326.335534547	0.2
3202.67658014	200	9.65049043156	0.0	383025	326.460973702	0.2
3203.00423267	200	9.82283790399	0.0	383025	327.652527562	0.2
3203.33188519	200	9.99518537643	0.0	383025	327.652527562	0.2
3204.14668612	200	9.68038444863	0.0	383025	314.800927807	0.2
3204.4661575	200	9.8609130693	0.0	383025	319.471379324	0.2
3205.12930423	200	9.53925605226	0.0	383025	321.657017039	0.2
3205.44985256	200	9.71870772248	0.0	383025	320.548329787	0.2
3205.76680689	200	9.90175339069	0.0	383025	316.954331781	0.2
3206.4276941	200	9.58580593849	0.0	383025	315.947452201	0.2
3206.74554421	200	9.76795582169	0.0	383025	317.850116807	0.2
3207.05592746	200	9.95757257332	0.0	383025	310.383248368	0.2
3207.7364585	200	9.64889367667	0.0	383025	308.678896652	0.2
3208.03890045	200	9.84645172533	0.0	383025	302.441951338	0.2
3208.59949999	200	9.54329897298	0.0	383025	303.152752351	0.2
3208.90652169	200	9.73627727965	0.0	383025	307.021693325	0.2
3209.22008869	200	9.92271027455	0.0	383025	313.567005102	0.2
3209.87896402	200	9.60729039075	0.0	383025	315.419883801	0.2
3210.19827729	200	9.78797711489	0.0	383025	319.31327586	0.2
3210.51904721	200	9.96720720398	0.0	383025	320.769910909	0.2
3211.16493469	200	9.64603275454	0.0	383025	321.174449441	0.2
3211.48953583	200	9.8214316121	0.0	383025	324.60114244	0.2
3211.81329178	200	9.99767565596	0.0	383025	323.755956141	0.2
3212.32089596	200	9.67540867178	0.0	383025	322.266984183	0.2
3212.6507978	200	9.84550682885	0.0	383025	329.901842924	0.2
3213.47934543	200	9.51695920008	0.0	383025	328.547628771	0.2
3213.79257549	200	9.70372913931	0.0	383025	313.230060774	0.2
3214.09815203	200	9.89815260436	0.0	383025	305.576534949	0.2
3214.90628849	200	9.59001613885	0.0	383025	308.136465509	0.2
3215.23070864	200	9.76559598805	0.0	383025	324.4201508	0.2
3215.55880549	200	9.93749914069	0.0	383025	328.096847363	0.2
3216.38683293	200	9.60947169669	0.0	383025	328.027443999	0.2
3216.71207189	200	9.78423273658	0.0	383025	325.238960111	0.2
3217.02405297	200	9.97225166138	0.0	383025	311.981075195	0.2
3217.83806606	200	9.65823856921	0.0	383025	314.013092169	0.2
3218.17018262	200	9.82612201348	0.0	383025	332.116555737	0.2
3218.50210768	200	9.99419694839	0.0	383025	331.925065091	0.2
3218.97222901	200	9.66241070344	0.0	383025	331.786244947	0.2
3219.293937	200	9.84070271492	0.0	383025	321.707988515	0.2
3219.98023448	200	9.52257545895	0.0	383025	318.127255974	0.2
3220.30220711	200	9.70060282615	0.0	383025	321.972632803	0.2
3220.62413653	200	9.87867340289	0.0	383025	321.929423259	0.2
3221.0489352	200	9.55731030073	0.0	383025	321.363102159	0.2
3221.36080508	200	9.74544042371	0.0	383025	311.869877019	0.2
3221.673732	200	9.93251350671	0.0	383025	312.926916998	0.2
3222.19286071	200	9.60206525647	0.0	383025	330.448250238	0.2
3222.51995843	200	9.77496753348	0.0	383025	327.097722992	0.2
3222.82862425	200	9.96630171906	0.0	383025	308.665814419	0.2
3223.63729006	200	9.65763590464	0.0	383025	308.665814419	0.2
3223.94595588	200	9.84897009022	0.0	383025	308.665814419	0.2
3224.74817646	200	9.54674950577	0.0	383025	302.220584457	0.2
3225.00714789	200	9.78777808063	0.0	383025	258.971425133	0.2
3225.51700805	200	9.52933178889	0.0	383025	258.446291742	0.2
3225.86699282	200	9.67934702252	0.0	383025	349.984766367	0.2
3226.21697758	200	9.82936225616	0.0	383025	349.984766367	0.2
3226.55880017	200	9.98753967098	0.0	383025	341.822585179	0.2

