0.0 4.81566512885544
3.04999995232 3.50297553398546
4.76999998093 4.281582377466695
6.73000001907 4.7103615604768185
8.37999987602 4.471569094972819
10.1700000763 5.769212786535268
11.4600000381 4.8185033944829065
12.9800000191 4.450085702710615
14.5599999428 5.489599273776753
16.4100000858 4.614335282482904
18.2799999714 4.500982429907259
19.4700000286 5.887436771695205
20.7699999809 6.8066503410186705
22.0999999046 6.02163428971447
24.2799999714 3.859054464319173
25.2100000381 7.84331149132834
26.2000000477 8.761845777649109
27.0299999714 9.382070575703802
27.9200000763 9.429278220507022
28.8499999046 6.611929839602406
29.9500000477 8.331209648443583
30.9300000668 5.458980144300519
31.8099999428 7.917595505080504
32.75 9.05449419762282
33.8199999332 8.657626322769717
34.7699999809 8.76733977924341
35.7999999523 7.910372227636251
36.5499999523 7.0879103865970015
37.8900001049 6.87870332564298
38.8900001049 9.217258566185723
40.9500000477 3.462440068391648
41.8699998856 7.72827922598016
42.8099999428 9.135439912839109
43.7100000381 8.924673765921762
44.9400000572 7.8427748842627745
45.7400000095 10.279018471458146
46.7300000191 8.063673061768265
47.6700000763 8.915082115068941
48.4900000095 10.185273535633705
49.4400000572 9.040917641315582
50.4900000095 6.90676178633715
51.8399999142 6.884743188343164
53.2000000477 5.854459086622949
54.0 10.620769790958716
55.0299999714 7.839966928240769
55.9100000858 9.299374485375067
56.6700000763 12.061964876279298
57.5199999809 9.515961033615373
58.5399999619 7.450691929725954
59.5999999046 7.943120027866591
60.6400001049 8.310403229061265
61.4800000191 9.268201204939054
62.2899999619 9.972140704464625
63.1600000858 9.444634015094497
63.9900000095 9.253761259861104
64.9000000954 10.345158998477684
65.9500000477 7.796337358220918
66.7899999619 7.8502807755299715
67.2000000477 7.532292265359614
68.5899999142 7.563643605314597
69.5799999237 8.149629332516
71.3599998951 4.609394078478965
71.7999999523 7.373413832779556
72.1500000954 7.293828201992382
72.6500000954 8.510029259225735
75.3499999046 6.123163924560715
76.7799999714 6.921984613227411
77.8399999142 5.885505016275749
79.1099998951 7.32767376146468
80.4800000191 5.483332355368217
82.5099999905 5.016836067465596
83.5399999619 6.098338687628744
84.4800000191 7.589128192408434
85.7000000477 7.223924000124788
87.2300000191 5.686612776595671
88.7999999523 5.389614525598635
90.1700000763 5.078087647541355
91.3499999046 7.618164106290941
92.5799999237 6.532656622283158
94.0999999046 5.618804859027709
94.9800000191 8.365529413951073
95.9900000095 8.551178447486487
97.25 5.92889173869609
98.4000000954 7.18848016430148
99.1400001049 8.456416364947497
100.00999999 10.789775382359442
100.650000095 8.980577316906519
101.440000057 8.912950368590186
102.400000095 8.886624084997283
103.49000001 8.43320131338316
104.660000086 6.964937833893557
105.930000067 6.330986098900557
106.900000095 5.267385458549805
108.559999943 5.833777684179615
109.970000029 6.279737100356106
110.859999895 8.6385243330652
112.0 6.08114835387871
113.390000105 5.921509165992193
115.029999971 4.710565195969033
116.74000001 5.50302178414326
118.119999886 5.640240844836012
119.279999971 6.729775742207832
121.289999962 3.9358643611588047
123.410000086 3.6588365100869997
125.180000067 4.625335616627025
126.440000057 5.579905319655237
127.99000001 5.959856509169976
129.710000038 4.583639581717845
131.339999914 4.918436173597757
132.839999914 5.232252606598279
134.539999962 4.568113782279248
136.430000067 4.423834209477363
137.879999876 5.380421426994342
139.390000105 4.849780430986322
141.150000095 4.595390183998841
142.849999905 4.900075358039581
144.430000067 4.655915467451665
145.859999895 5.418345509823493
147.579999924 4.456758838410019
149.579999924 3.6366348020609567
151.440000057 4.834406308549377
153.339999914 4.143023076400225
154.99000001 3.703722212043829
156.089999914 2.4319850532841434
158.99000001 3.526457629476774
160.940000057 3.91463078331851
162.549999952 5.1706177087934435
163.150000095 5.178945430163081
163.650000095 4.491273523392066
164.450000048 4.883596336271298
171.579999924 4.546503845762101
173.869999886 4.400404504119001
175.220000029 4.532027500510679
176.879999876 5.518024323225846
178.690000057 4.046078282083474
181.559999943 3.5199500798858745
183.24000001 3.638213421588792
185.629999876 2.7744842559785856
187.819999933 3.909499099685896
190.50999999 3.145085337272197
192.970000029 3.361973801506805
196.119999886 2.1306544414387996
201.049999952 1.7073018978865673
204.079999924 2.560640095775517
206.230000019 3.9345371922302954
207.890000105 4.198893619716943
210.329999924 3.3394486894834725
214.329999924 1.7806443257321567
218.579999924 1.8284045292152729
221.029999971 2.3505970912803273
223.599999905 3.3967000797983022
225.190000057 3.256362150423432
227.379999876 2.972398884237976
230.039999962 2.9981065619071425
233.049999952 2.9207530791897724
234.629999876 5.065837734408941
236.640000105 3.891159602314212
238.039999962 3.5658652717870094
239.519999981 6.1789218184954375
240.400000095 10.500674315902451
241.210000038 9.467534317766304
241.920000076 10.358649789130716
242.769999981 10.161215860786077
243.640000105 9.384708496083725
244.75999999 8.67516287103527
245.629999876 9.313293441332068
246.549999952 8.70720682487242
247.980000019 5.6134458921549735
249.569999933 4.926388132502588
251.569999933 4.100838170650839
253.420000076 3.7029992047278775
255.140000105 5.367549782041923
256.869999886 4.544295035955486
258.660000086 4.458333796199842
260.660000086 3.8457881934952005
262.859999895 3.4635199983448475
264.980000019 3.9451683538074462
266.789999962 4.247205478832952
268.299999952 4.8946538442257745
270.980000019 2.9918465366544895
273.299999952 3.5306123529346496
274.940000057 4.481130291331453
276.910000086 3.8685946062716052
278.200000048 6.096369113428543
280.339999914 3.3436442052175916
282.869999886 3.508135600963129
285.289999962 3.2126286700178865
286.569999933 4.8923002970258604
286.950000048 8.200686800851557
288.5 6.746790775719914
289.960000038 5.353070224300251
291.269999981 6.43330994726497
291.900000095 4.943538819700405
292.400000095 4.535962812183478
293.450000048 3.6190019165638163
296.25 7.399687929143775
297.74000001 6.63854127778617
298.730000019 6.2704770738970215
300.569999933 4.959558376786578
301.650000095 7.008020320756685
303.119999886 7.0628896741041345
303.960000038 7.798281542336778
305.059999943 6.343265305952878
307.559999943 3.385746213249797
310.450000048 2.9397244259962965
313.119999886 3.1028570974566745
