0.0 7.814000315323132
1.26999998093 4.742396535883384
2.25999999046 3.5415444285015982
3.61000013351 3.8543722849682798
4.80999994278 3.8305602432857624
6.17000007629 5.0177694578480825
6.83000016212 5.606986020717086
7.51999998093 5.98869615030613
8.20000004768 7.780059054843265
8.82000017166 8.551990261769076
9.43000006676 8.724981718725761
9.95000004768 8.424977474739528
11.1300001144 4.241879356821101
11.9600000381 5.601754442670001
12.6400001049 7.694811034402332
13.1300001144 9.199622361284279
13.6900000572 9.32948806428218
14.1900000572 9.512960974248797
15.2300000191 4.461057500125978
15.7699999809 7.13037409871152
16.6300001144 6.101777864358419
17.5900001526 3.129614725215111
18.4400000572 4.655734424298085
19.3200001717 5.4197970670596
20.6100001335 3.970065589218272
21.6600000858 4.379946517289877
22.7300000191 4.252506076070641
23.2999999523 5.376043053837705
24.5800001621 4.081099812060642
26.8099999428 2.1897921459141156
27.8200001717 4.155580551123872
28.8500001431 3.8307632414211135
30.9500000477 2.137195576156571
32.7799999714 2.348233850589322
33.7899999619 5.462739524017778
34.7400000095 4.699180399730757
36.5499999523 2.348928614008808
37.6100001335 4.36129342992267
39.4500000477 2.37886488017799
41.6100001335 2.106003465220581
45.1000001431 1.0755591268260147
49.2300000191 1.2079913084749676
50.5399999619 3.424272262497726
51.6300001144 4.249732458693707
52.6400001049 4.480055438197481
53.5 5.340931063001945
54.25 6.749492643986129
55.0 6.257128907109793
55.7999999523 5.4281090844048965
56.620000124 5.941399414136235
57.1900000572 9.121277330971154
57.7000000477 9.463260739967406
58.2000000477 9.766480464952812
58.7599999905 8.82531164820196
59.2999999523 8.490244235061226
62.620000124 1.4795405431536404
64.4100000858 2.4498119013445185
66.4400000572 1.6785697204382686
66.7100000381 7.607696656254059
67.5299999714 7.619273369012361
68.0900001526 8.686373027691417
68.6800000668 8.675735449355075
68.9400000572 8.974140710795945
69.1500000954 8.734102504060413
69.4500000477 8.961538322188813
70.8400001526 9.428370962940228
71.5199999809 8.777452571499015
71.9600000381 9.214192626446238
72.5900001526 8.868592376774503
73.1600000858 8.177238077206662
73.75 10.822054366471702
74.1000001431 12.665191952692487
74.4900000095 12.03829429535203
75.0700001717 9.27925907555756
75.6300001144 9.737234114705752
76.1400001049 10.610904132987923
76.6500000954 8.584692687523383
77.4500000477 6.5897384016789005
78.0499999523 8.17287220442766
78.7200000286 7.694811034402332
79.3200001717 7.236066600395955
80.1000001431 6.364092003194988
80.7999999523 6.420463759855239
81.6600000858 5.489643296761298
83.1400001049 2.2349698828417557
84.6500000954 3.309074173246071
86.2899999619 1.7807487318137045
89.1500000954 1.2677507442519322
91.620000124 1.8058399471332276
93.3099999428 3.0058708392587747
94.6400001049 3.392068523482401
96.2999999523 2.6564637192824483
97.4800000191 2.403231142099119
99.9700000286 2.0785506188774105
104.820000172 0.979546718454249
110.380000114 0.7013831487306377
112.25999999 2.1786883398602113
113.809999943 2.9545740076115488
114.930000067 3.9855765940667176
116.25 4.069228952697358
117.160000086 4.969843976687865
117.99000001 5.445964047062957
118.820000172 5.759525293551841
119.580000162 6.166640805458093
120.230000019 7.893697770916619
120.779999971 7.943671982447641
121.480000019 7.962478657509576
122.450000048 4.747019719325047
123.120000124 7.263312102382917
123.789999962 6.983391355960991
124.480000019 6.8553897033702205
125.130000114 7.990917183884238
125.779999971 7.272099906287504
126.450000048 6.656230483454397
127.350000143 5.362836175307485
128.420000076 4.472487968990603
129.650000095 3.4275060983940735
130.680000067 4.340657984433312
131.630000114 4.795914663262151
132.320000172 6.374734874165965
133.039999962 7.552456560217217
133.820000172 6.088818209613792
134.610000134 4.6522428027579075
134.880000114 7.5226944589814355
135.730000019 7.316921251197691
136.420000076 6.881602956057142
137.49000001 4.466891482654568
137.779999971 7.241509583470486
138.019999981 7.0964582845453945
138.380000114 7.136039775092679
141.700000048 6.21715232059147
142.559999943 7.683526731729201
143.120000124 6.905625846393491
143.920000076 6.798006814808674
145.140000105 3.449545370043859
146.25999999 5.300598057040134
147.150000095 4.026962528589735
147.970000029 4.939216713656451
148.799999952 6.190358219549808
149.590000153 6.5332801141606955
150.299999952 7.18197852088806
151.070000172 5.415157420231624
151.950000048 5.8399577997269585
152.630000114 7.153009519078984
153.180000067 9.866869291385152
153.700000048 8.655909455764181
154.430000067 6.862064773420585
155.059999943 7.191868832660922
155.799999952 6.509991743628031
156.440000057 5.69385184437083
157.070000172 8.721686203887117
157.470000029 8.783112293359919
157.930000067 9.424411193095299
158.480000019 9.487635925331876
159.180000067 7.770915268068096
159.900000095 6.71358202169427
160.730000019 5.627979739490591
161.370000124 4.744727906234488
162.360000134 5.344513785067853
163.25 5.855073961933559
163.940000057 6.315932029716521
164.580000162 6.5480139501537735
165.330000162 6.58125721696729
166.070000172 6.357056748156489
167.039999962 5.66093415525645
168.059999943 4.393708217751707
169.090000153 4.31138820390762
170.269999981 3.866054981851677
171.110000134 5.554936489641741
171.980000019 5.607877953070056
172.75 5.385739202260719
173.650000095 6.068539151182173
174.350000143 6.865524387477005
175.0 7.46899881677226
175.660000086 7.216990714694133
176.450000048 5.930061339928387
177.210000038 6.639337719540903
177.900000095 6.914657707513037
178.529999971 7.136958240615733
179.120000124 8.643122286552519
179.710000038 8.775360625783486
180.220000029 9.10783310654542
180.799999952 8.394330316996921
181.420000076 7.724233068253075
182.00999999 7.6905619123129485
182.75 7.342989352072688
183.480000019 6.516270346021736
184.230000019 4.951010689188991
184.590000153 5.062264316398226
185.559999943 6.257457540612622
186.390000105 5.60372620356643
187.150000095 7.470358826045529
187.420000076 8.171982881887924
187.690000057 5.464652368857263
188.210000038 4.598402719038682
190.080000162 6.568220845339431
191.070000172 5.773352304558819
191.730000019 5.610057103544657
192.480000019 7.257331599604213
193.410000086 4.646157998407508
194.75999999 4.3530051082892625
195.680000067 3.905228473909494
196.960000038 3.0044812327750643
198.029999971 4.716159509546212
199.650000095 2.9789711675195933
200.720000029 4.605351175247069
201.320000172 7.131378571134186
202.720000029 3.5561251882704386
203.299999952 8.50510278184846
204.630000114 3.642293429855036
205.130000114 8.974141421068298
205.75 8.273319604165293
206.400000095 7.048552605928355
207.100000143 6.947548565756414
207.650000095 6.832622213262709
208.480000019 6.340901591468545
209.029999971 5.919053936839138
209.799999952 5.141847871543361
211.029999971 3.786695219534493
212.110000134 4.8222363311605685
213.029999971 5.079889544254974
213.960000038 5.013158423432129
214.519999981 5.609277025817121
215.570000172 4.97344391604611
216.840000153 3.939770106598598
217.630000114 5.457543556420859
218.400000095 5.330005402875466
219.799999952 3.3007071034609123
220.570000172 6.0284053653232155
221.299999952 7.753018516986794
222.100000143 5.760500972975761
222.930000067 5.416723971621483
223.789999962 5.533069515291968
224.74000001 4.824193971220291
225.440000057 7.143149458254084
225.99000001 8.048886180872277
226.870000124 6.129606211811562
228.269999981 3.185308477302379
229.309999943 4.43275665071356
230.299999952 4.544623864699122
231.289999962 4.575377674356865
232.070000172 6.457306815257605
232.820000172 6.134809093869541
233.830000162 4.230469209586847
234.610000134 6.225553299143071
235.24000001 8.279577539579028
236.25999999 4.163022428537902
237.0 6.358146906780131
237.549999952 8.90222068217457
238.150000095 7.629404362324472
238.920000076 7.018556832823179
239.670000076 6.3286807451449265
240.289999962 6.0978549731152505
240.600000143 6.1207377643474405
241.440000057 7.365635773498765
242.070000172 7.572321468372402
242.789999962 7.070161031783074
243.130000114 5.691770178459336
243.410000086 5.584098322261357
243.820000172 6.116605521486924
245.50999999 7.693906493364457
246.309999943 7.314543809562831
247.269999981 3.6433129465363696
248.380000114 4.761953542198643
249.070000172 6.5945468364550806
