0.0 5.488088028012299
1.25999999046 4.587460339686629
2.25 3.3812788208979643
4.31999993324 2.367920902262521
5.23999977112 5.911720220784116
6.25999999046 6.026947446730766
6.79999995232 6.710693279195898
7.41999983788 6.477821093516542
7.98999977112 9.07165333281256
8.50999999046 10.151103675349122
9.12999987602 8.08674648305176
9.66999983788 7.763822709151043
10.3399999142 7.612572872557282
10.9399998188 7.766238155361695
11.5799999237 7.864810825052049
12.1699998379 7.113137988868027
12.8299999237 7.339945366368438
13.379999876 8.119827617366768
13.9499998093 8.334862147267039
14.379999876 8.739632125036234
15.0699999332 7.537703172805561
15.5299999714 6.939882631205456
16.0 8.911896467498574
16.5199999809 9.643171221293171
17.0799999237 9.578866753319712
17.5999999046 9.617706633749911
18.1799998283 8.129207379002338
18.5699999332 8.077177972079411
19.4099998474 6.116409287295847
20.1999998093 6.366060029368517
20.8399999142 6.64163960806267
21.4499998093 6.634687697109839
22.0799999237 7.715821499370005
22.629999876 8.5733979731332
23.3199999332 7.9143024059685265
23.9199998379 7.5707031330848205
24.5799999237 6.863251703534638
25.3199999332 6.179463160011528
26.0099999905 6.623537594472617
26.6399998665 7.79922733111504
27.2999999523 6.135626529661339
28.0999999046 6.597330887913056
28.6999998093 7.739002517481887
29.3399999142 7.347029070181297
29.9699997902 7.176044179176218
30.6199998856 7.087614255244236
31.3699998856 6.500279447119082
32.0599999428 6.466639490179577
32.7099997997 6.7097731165850965
33.4799997807 6.020269539505052
34.3199999332 5.648108455625705
35.0899999142 5.502221007838402
35.8599998951 5.736090726906888
36.6199998856 5.768934886311278
37.2999999523 6.270122366653181
38.0799999237 6.611068202750087
38.7399997711 7.016461092248421
39.3099999428 6.488233895975765
39.5999999046 6.403297218284841
40.5999999046 5.868115450898306
41.3599998951 5.794491226850734
42.1599998474 5.813936172122569
42.4899997711 5.849999682170875
42.7599999905 5.745508733228608
43.1799998283 5.649066541015883
45.1399998665 5.41331801532191
46.0399999619 6.156554361341086
46.5899999142 6.586143094586499
47.4199998379 6.242991459877946
48.1099998951 6.2291280178586135
48.9199998379 7.250778221719314
49.3899998665 8.038851324029405
49.9099998474 7.986772359998908
50.7699999809 5.700830386476428
51.5399999619 6.457062988763254
52.2699999809 6.682006483634626
52.879999876 6.671801403231252
53.879999876 4.857307223406468
54.6599998474 5.873146328946631
55.4299998283 6.310272814238978
56.0499999523 6.666026458134019
56.7399997711 6.996842744900767
57.3999998569 6.652738906542189
58.129999876 6.2511466104361695
58.6899998188 6.417872402839504
59.4899997711 6.325717049110171
59.9899997711 6.316640744429907
60.5899999142 6.670581188235607
61.3599998951 6.094942047881
62.3299999237 5.1369659572709745
63.1199998856 5.754065518329336
63.9899997711 5.0781689861038055
64.5299999714 5.579269660170132
65.5299999714 5.580665408124474
66.4099998474 5.696807564737458
67.1999998093 5.246417474579422
67.8699998856 5.892424873868928
68.6199998856 6.2239406052204895
69.3199999332 6.363615135037068
70.2099997997 6.018063494073756
70.9099998474 6.344026193342674
71.629999876 6.181326053499611
72.3899998665 5.9869279576942
73.2099997997 5.470822488241721
73.9599997997 6.2722701729187165
74.6399998665 5.916869047274496
75.5599999428 5.591495326364493
76.3899998665 5.4088668821170796
77.1399998665 6.158044213018093
77.9199998379 5.703231618364137
78.7299997807 5.36438936077694
79.5899999142 5.650176851006162
80.2799999714 6.466639490179577
81.0399999619 5.481645001497246
81.9699997902 4.917154282573204
82.8699998856 5.1943049332570315
83.7399997711 4.7789909269197715
84.6899998188 4.494598868184122
85.7599999905 4.005711710814613
87.0 3.2175627934208157
88.4099998474 3.479775394739149
89.4199998379 4.325424010290403
90.1999998093 4.531314155755043
90.5899999142 4.3777644247561245
91.9599997997 4.108136768663261
93.4299998283 2.8443375488997025
94.4499998093 4.471297850970039
94.8699998856 4.288803447963763
95.1999998093 4.192002080029078
95.6699998379 5.004336120585201
97.6999998093 5.128406540819403
99.0899999142 3.831168503505995
99.8599998951 4.455332093405879
101.00999999 4.378970313094425
102.159999847 3.502415376083679
103.679999828 3.692145567571666
104.599999905 3.7057850041259464
106.359999895 2.0423455192537574
108.359999895 2.3208794620073094
110.199999809 2.4857486220967764
111.829999924 2.7798191035485136
112.799999952 3.984654693076341
113.639999866 5.926566800119852
114.329999924 6.699518676738683
115.129999876 6.104697354288254
115.75 6.541427832763104
116.349999905 8.217860400384113
117.0 6.629021477295113
117.789999962 5.778520689840092
118.419999838 5.533472853836243
119.2099998 6.425405999726899
119.699999809 6.538834137448919
120.339999914 6.07629304602945
121.099999905 6.131329761589922
121.939999819 6.0572245646058684
122.7099998 5.950420869847244
123.379999876 6.893680178035408
123.869999886 6.14829965039049
124.809999943 5.435197826377924
125.689999819 5.653320484086515
126.399999857 5.82469671696977
127.109999895 5.539642154878272
127.949999809 5.5379686567979265
128.689999819 6.001378581201706
129.579999924 5.995382350255026
130.489999771 4.756073624724111
131.419999838 4.5700799258134825
132.25999999 5.423641725115293
133.019999981 5.938344050207097
133.789999962 6.106726385363263
134.329999924 7.831541278290599
135.029999971 7.6231024662251565
135.649999857 7.547734394430703
136.449999809 5.673022446577469
137.289999962 5.182698573847923
138.049999952 5.899207635397408
138.7099998 7.399972104172284
139.479999781 5.785435626972591
140.2099998 5.764734649469179
141.019999981 5.678871128557852
141.859999895 5.670975291485181
142.569999933 5.9718147492536655
143.4599998 4.890848138678375
144.309999943 5.14567709887052
145.099999905 5.255045249971637
146.149999857 4.744818741347496
147.089999914 4.7135376168732765
148.00999999 3.755931515039155
148.329999924 5.77158179765725
149.479999781 5.501739876431688
150.239999771 5.785881284467332
151.019999981 6.024281185593477
151.319999933 6.820243531897741
151.559999943 6.599570842221668
151.929999828 6.745771766933387
153.839999914 6.121867493764083
154.699999809 6.453545901612185
155.299999952 5.917237936550274
156.199999809 5.710523708673483
156.909999847 5.978357968828672
157.879999876 5.944480662953805
158.519999981 5.727122279083214
159.149999857 6.251157003668148
159.809999943 7.657682848379036
160.439999819 8.038627219887285
161.059999943 8.117494568539186
161.619999886 7.4626399316290755
162.389999866 6.531497435031349
163.229999781 5.3542338018986975
164.25 4.6243737469088435
164.839999914 6.999327781046363
165.539999962 6.927452568911378
166.149999857 7.124293196837191
166.75 8.02127327438096
167.25 7.125839142716479
168.069999933 6.22043465717813
168.619999886 5.682218311575718
169.25999999 6.043329430938062
169.939999819 6.95091529656307
170.75 6.327938511612857
171.46999979 6.376126655433819
172.179999828 6.490147679826426
172.609999895 7.102346147870715
173.349999905 7.134225451740772
174.039999962 7.332524588295773
174.699999809 6.465000256800918
175.339999914 6.258681630197781
176.139999866 5.852625966849355
176.799999952 6.7723890239331785
177.739999771 5.627740979719188
178.659999847 4.698424247451137
179.519999981 5.028875433357051
180.299999952 5.8651009352794095
181.079999924 5.765466494162612
181.879999876 5.8086295604086144
182.559999943 5.967527172681611
183.519999981 5.372220999853122
184.529999971 4.3200307850555335
185.5 4.573150747746618
186.409999847 4.784029452765333
187.25999999 5.158884352245539
188.279999971 4.609034349353399
188.96999979 6.498972687622856
189.75 5.385475790940702
190.689999819 4.8360704663631715
191.639999866 4.897660479003516
192.439999819 5.267751362617855
193.239999771 5.4464704377655355
194.019999981 5.768934886311278
194.779999971 5.458365453105953
195.75 5.1411128574509
196.639999866 5.03450991360976
197.319999933 5.254478044790918
197.669999838 5.008026229099763
198.739999771 5.406106361213608
199.5 5.873149478796508
200.379999876 5.203472874056048
200.729999781 5.548213984267224
201.0 5.396334169345702
201.419999838 5.597555295981011
203.239999771 6.082063413831334
204.269999981 5.260222854978351
204.939999819 5.2873051021078785
206.00999999 4.733415656048524
206.839999914 5.030569510360651
207.889999866 5.436193473841457
