0.0 7.352419214254134
1.24000000954 8.279630907670487
2.32999992371 5.605849402609384
3.63999986649 8.337825361594824
4.47000002861 8.792606794211366
5.54999995232 9.32290724047667
6.1899998188 9.985257543772722
6.86999988556 10.192848516902242
7.76999998093 9.487364345138007
8.86999988556 7.589866831002249
10.3399999142 5.4963222289927955
11.5 5.7105639368320285
13.4299998283 4.2294437156003815
14.9600000381 4.894315896575651
15.879999876 9.137422291151688
17.25 4.83761032384986
19.3099999428 3.7455549167952022
22.1399998665 2.3997173914506713
23.3199999332 6.557496931722492
24.2200000286 6.479350657692445
25.4600000381 6.8805876054606125
26.2899999619 6.2305875630315875
27.2200000286 7.000919174490396
28.2899999619 7.406492869284259
29.379999876 7.925200196841788
30.5499999523 6.601807019559322
31.5399999619 7.874043143090431
32.2100000381 7.460114161698114
33.2599999905 8.53295815026479
34.2599999905 8.554859985674657
35.0 9.994143293590692
35.75 9.141505429036169
36.6499998569 8.885179784151015
37.4600000381 9.560330056828956
38.379999876 10.154473085458488
39.3699998856 7.621072479158831
40.0799999237 10.894596374187037
41.0199999809 8.363521700020796
41.9700000286 8.151884626959118
43.1899998188 6.479823566157947
44.0999999046 7.543096370755849
46.1099998951 4.286650039076103
48.0999999046 3.721954245660985
49.6899998188 4.725492950183333
50.879999876 6.331153107793055
52.5099999905 4.453676778612839
53.1899998188 12.735130207884996
54.3499999046 6.442869042847427
55.9800000191 4.217346280181762
56.8299999237 9.569435257316368
57.6199998856 10.609041164261633
58.4500000477 8.866517232929745
59.3699998856 8.333429731870643
60.75 5.294714691970769
64.2699999809 1.8933801990699066
68.3099999428 2.0343589655092638
70.5499999523 3.2706122589727507
71.9600000381 4.179587391548703
72.379999876 6.780882218210453
73.8999998569 6.551911851547856
75.6899998188 4.06405860516259
78.3099999428 2.9021969469566433
78.9500000477 4.590097422547626
79.2899999619 6.93040602976154
79.8599998951 6.894922390163712
82.5199999809 6.394869502313209
84.1399998665 5.719088453627325
84.9700000286 7.273073372290617
86.2899999619 6.5878279801771615
87.4099998474 6.449068951729736
88.8099999428 7.02430377078129
90.1799998283 4.220652761305158
90.9800000191 8.520697904260825
91.9399998188 8.854145551112778
93.1799998283 6.731766198926529
94.1799998283 8.247499985800477
96.0599999428 3.4192882831499607
97.2200000286 7.2816195928149385
98.3199999332 7.009986314005741
99.3999998569 7.660667173366728
100.559999943 5.837230277028952
102.00999999 5.450848212225241
103.019999981 7.066986313705007
104.49000001 5.168962411000174
106.429999828 2.84950189686519
108.230000019 4.68648098780243
109.0 6.7444504548100905
109.829999924 7.979338000815644
110.970000029 6.871423042220603
112.299999952 6.455669148181753
113.639999866 5.654913224300871
115.339999914 4.367939355502232
116.149999857 6.099925043862655
117.50999999 6.887524240746214
118.619999886 7.711185430859802
119.559999943 7.593183425452626
120.309999943 9.059025680819346
121.399999857 7.294071130650235
122.339999914 8.075667036263114
124.970000029 3.312721594356953
128.599999905 1.9322549203508816
131.470000029 2.4441244296464397
133.179999828 4.437893702075831
136.279999971 2.3155685568222926
138.359999895 3.7353111382908883
140.730000019 2.7063271621483893
143.289999962 3.3412453627045533
145.210000038 3.825908060844569
146.919999838 4.424994021929519
148.450000048 4.824790576908897
149.779999971 5.5734170878917535
151.230000019 5.54231366191549
152.289999962 7.0811718582345025
153.339999914 6.8088878493932175
154.399999857 7.402585675452287
155.569999933 6.917213930303721
156.470000029 8.046555713247828
157.50999999 7.246460636435161
158.369999886 8.936982666049687
159.210000038 8.594584685269064
160.279999971 8.288908297927069
161.149999857 9.00676299010305
161.819999933 9.373498057145714
162.279999971 6.188018199170744
163.49000001 8.344138860277244
164.299999952 9.438020397125147
165.169999838 9.52554628622375
165.49000001 10.46932858930692
165.75 10.23059937729068
166.189999819 9.312107825798673
168.279999971 8.878313969210712
169.220000029 10.19926430310954
169.899999857 9.035869121850514
170.700000048 11.433726761646097
171.539999962 8.733832684629704
172.799999952 7.89478547730905
173.470000029 9.397889452930432
174.25 8.631516229638551
175.379999876 7.462902506202867
176.519999981 7.329146214704603
177.679999828 7.074832850346524
178.639999866 6.987582248347772
180.059999943 5.854926982317654
181.339999914 5.994911634842049
182.230000019 9.503835215072302
183.039999962 8.600946846730919
184.349999905 6.090006301561151
185.529999971 6.081811641723893
186.639999866 6.947367607006679
187.409999847 7.804232807064959
188.609999895 7.116351653272688
189.359999895 7.088981205628195
190.689999819 4.757906235100154
192.309999943 4.740155436342919
194.359999895 4.092788192003377
196.109999895 4.248845095666316
198.329999924 3.3130407941732973
199.839999914 3.0715018052819607
202.069999933 3.7862000047579905
203.829999924 4.733136820163974
205.169999838 5.157749191713728
206.460000038 5.0581461610073974
207.829999924 5.673166434950183
209.220000029 5.288379800293562
210.960000038 5.114341803725983
212.299999952 5.46981545217247
213.539999962 5.980029551658089
214.99000001 5.2172152265543685
216.609999895 4.588453822277381
219.119999886 3.042208573402795
221.700000048 2.463855905754044
224.319999933 3.252410664567765
225.74000001 5.268558159214128
227.429999828 4.436056506985659
230.079999924 2.7080226765120097
233.419999838 2.120340410179751
235.939999819 3.1152574308233936
238.210000038 3.1929527829754916
240.319999933 3.2281181437428734
242.629999876 3.2618165323994224
245.639999866 2.5384489157121823
248.450000048 2.4196354035717778
251.950000048 2.0121944582287314
256.25 1.6410075621258602
260.599999905 1.5215778167471001
264.450000048 2.1431482150004633
266.720000029 3.237453978005547
268.339999914 3.5734923695464045
269.24000001 2.831018326113168
273.470000029 2.3317581025542236
276.129999876 2.6807522724224504
279.309999943 2.3775219390220945
280.679999828 1.941824955392463
281.679999828 1.913965139628213
284.089999914 1.4169713700841655
292.450000048 2.031645778689356
296.269999981 2.3464902249074253
298.269999981 2.850889188171487
302.349999905 2.048218626238546
304.689999819 2.9112775615432347
307.200000048 3.801798891270387
308.149999857 6.316255934633433
309.49000001 4.8053171608157434
313.189999819 2.1396697674959246
315.559999943 3.3956433390799137
