0.0 10.226647634482442
2.43000006676 10.282396753766442
5.93000006676 10.261756772369441
8.63000011444 10.140431674928442
10.3500001431 10.45981386025244
14.0800001621 10.144369166842441
18.4900000095 10.075884477737441
22.5099999905 10.106313417457441
25.5600001812 10.13440562600944
27.9300000668 10.407639136308442
30.0900001526 10.40478923107544
32.4600000381 10.392065514247442
34.0 10.583813177868441
35.5099999905 10.761490482483442
36.6700000763 10.957543171513441
38.0199999809 10.862489342633442
39.0600001812 10.83918918110344
40.5199999809 10.87702940873344
41.3100001812 11.048575163243441
43.7100000381 10.234231424316441
45.9400000572 10.403462840909441
47.5199999809 10.80336544215344
48.8200001717 10.898208842223442
50.120000124 10.891599311063441
51.0700001717 10.743381872023441
52.9900000095 10.605108071869441
54.5499999523 10.79189023168344
56.120000124 10.59438050881144
57.5499999523 10.623808930556441
59.9600000381 10.349557630558442
62.4200000763 10.301521089690441
65.7599999905 10.24036161686844
68.3300001621 10.27499762606444
70.870000124 10.277481368151442
