0.0 7.692108781255738
1.02999997139 7.360025034379055
1.6400001049 7.339850345092026
2.54999995232 7.131187998248839
3.38000011444 6.270651619238869
4.47000002861 7.08826232738436
5.15000009537 7.449889792181972
6.30999994278 4.018669973287508
8.30999994278 2.877469716363851
11.8199999332 1.60546435352838
15.4100000858 1.535800314784198
16.6300001144 3.8972976145953946
18.1400001049 3.9048560810206863
19.2799999714 4.826280562913435
21.0 3.310127771908929
22.6000001431 2.92404717272727
24.7799999714 2.5214049571869497
25.6600000858 5.952839804473096
26.7200000286 5.251547573701638
27.5699999332 4.945710537700483
28.6800000668 5.567148581774153
29.4600000381 4.774800849888088
30.4000000954 4.9928680066280835
31.2400000095 6.864635959478835
32.1600000858 6.875396268321766
33.0399999619 6.315056350507783
33.9700000286 5.984559754695516
34.5799999237 6.058136975301162
35.6000001431 6.216912953963259
36.6300001144 5.863725158250846
37.5499999523 5.560012732082026
38.3500001431 6.059711138645922
39.3400001526 5.751640168722427
40.2300000191 6.157794945339116
43.2300000191 2.062344969240409
44.6100001335 3.7855677303187423
46.0 3.729233015952359
47.7799999714 2.989361889921273
49.7400000095 2.679632562006226
52.5699999332 1.9208447520224459
54.7400000095 2.1118113723805214
60.0199999809 1.126463872580758
64.1500000954 1.277841795000569
66.9400000572 1.8796445080642825
69.0799999237 2.409143739669426
70.6900000572 3.2607737193110387
72.0699999332 4.160985300257765
73.1000001431 5.233742146054095
74.1800000668 4.6507368433282
75.5099999905 4.202791171089408
77.7999999523 2.4025332637833072
78.9000000954 4.635453035054639
81.0 2.442810350011097
84.120000124 1.6251031774955944
86.4700000286 2.0467763870807705
88.6000001431 2.8270772714888435
90.7799999714 2.4041449247819298
92.0299999714 3.377341736871001
92.5599999428 3.704598953449805
94.2000000477 4.286279184504585
95.4300000668 4.30922825715396
96.4500000477 5.690737741570669
96.7899999619 6.907931106713931
97.0599999428 7.126510583493645
97.4100000858 9.171106157208774
99.2300000191 7.346127729362665
100.299999952 6.345108405520992
101.190000057 4.818811760133428
102.24000001 6.070843814209797
103.039999962 6.599283502959061
104.100000143 6.793838139315127
104.769999981 6.622124259729112
105.519999981 6.493582578792709
106.470000029 6.448101937854252
107.319999933 7.179350424962047
107.99000001 9.41723602508853
108.630000114 7.915276576089021
109.470000029 7.358553491307634
110.269999981 7.170473979185674
110.960000038 8.91062401860978
111.710000038 6.715472252964065
112.539999962 7.136568169172224
113.25 7.625860141689526
114.120000124 6.525671439469027
114.769999981 6.670958399700553
115.620000124 7.4548175048799505
116.120000124 8.08406876565316
116.920000076 5.915386636920281
117.769999981 6.774430493499886
118.640000105 7.374776542009674
119.400000095 7.500894055663496
120.190000057 7.1763273849251785
120.74000001 6.802118709100137
121.630000114 7.205083098110829
122.450000048 7.607643418122036
123.170000076 7.25180741443104
123.910000086 6.619930966566555
124.950000048 5.518382616547995
125.870000124 5.876887132697545
127.329999924 4.397246542338356
130.380000114 1.6562664397225129
134.900000095 1.0986256138669968
137.730000019 1.8631269468473162
139.850000143 2.454675754330064
141.75 2.8860400719196115
143.630000114 2.4433303643545345
144.980000019 4.650136065876924
145.970000029 5.505309567622053
146.920000076 5.899630140093746
147.900000095 5.581228572823935
148.75999999 6.331967571238431
149.789999962 5.722463792475185
150.900000095 4.830749167395347
151.789999962 5.756951957989111
152.769999981 5.8156004240841375
153.799999952 5.658326731748375
154.670000076 5.997416040201566
155.5 6.621476424289462
156.370000124 6.357083246858342
157.25999999 5.70408933646937
158.319999933 5.979445860814894
159.200000048 6.382468819426206
159.900000095 6.40914686040303
160.25 6.309395092599179
161.269999981 7.119270576866509
162.140000105 6.329876740412378
163.299999952 4.919112285102716
163.75999999 4.716705648142911
164.090000153 5.215999235578177
164.620000124 5.28860126226769
166.860000134 5.302218659230058
168.039999962 5.746402524532114
168.710000038 6.55524565304524
169.940000057 5.135213323820338
170.960000038 5.031419171812653
172.230000019 5.568056279294334
173.0 5.730684455543662
173.799999952 6.085414530978228
175.090000153 4.546259112756514
176.49000001 4.2040248459178216
177.579999924 5.4400074094093975
178.340000153 6.437758281893765
179.50999999 5.144838234880632
180.480000019 5.762723060187746
181.539999962 5.558837388780388
182.350000143 6.159773987977235
183.350000143 5.811768774256266
184.289999962 5.503568875854998
185.24000001 5.9110442457482195
185.960000038 5.928562393374353
187.049999952 5.645323185759844
187.600000143 7.162201274832131
188.440000057 5.637109039745955
189.420000076 5.747315056371348
190.559999943 5.4463148600375035
191.590000153 5.3887579350739
192.789999962 4.549569949756928
193.610000134 4.302033469294715
195.210000038 3.822617128420882
196.720000029 3.927044102449295
198.120000124 3.5226254645923167
199.380000114 3.6815211630585565
200.590000153 4.637421086705481
202.220000029 3.1788616763283963
203.350000143 5.797724869967391
204.340000153 5.410961661266913
205.25999999 5.903102993516029
206.069999933 7.043086288632395
206.720000029 8.87628286165846
207.49000001 7.69752366751004
208.230000019 6.728555926470908
209.230000019 6.4374681000485925
209.940000057 7.933606940627668
210.660000086 8.138075016439265
211.329999924 8.566310753778138
211.940000057 9.51639398084508
212.630000114 8.916397071965747
213.269999981 8.865124830752118
213.870000124 9.154123608414146
214.480000019 9.966386800280995
215.069999933 10.65365760404363
215.660000086 9.307989694398497
216.25999999 9.555699310319092
216.779999971 11.293343740383738
217.279999971 11.337931267356533
217.870000124 11.524899683358829
218.49000001 9.27821856156377
219.110000134 7.355952646602956
219.400000095 8.325799709826708
220.25999999 8.561497003413823
220.890000105 9.151057759562603
221.610000134 8.318626189118483
221.920000076 7.833100451364383
222.170000076 7.61341503329668
222.50999999 9.394791673238258
224.210000038 8.361190962627928
225.24000001 6.615400563383974
225.870000124 7.040819405120042
226.799999952 6.918443726227752
227.559999943 7.006156621205835
228.590000153 6.960070349126771
229.269999981 6.610823706374531
230.019999981 6.493582578792709
230.900000095 6.893636619487731
231.809999943 6.746113761392856
232.720000029 6.599023766342703
233.440000057 6.90856413398172
234.210000038 8.196731921531436
235.170000076 5.789310017787534
235.660000086 13.354935257530682
236.019999981 16.763049058932324
236.470000029 14.410002029273763
237.230000019 6.976123178942455
238.150000095 6.154355994333401
238.559999943 11.653330454498152
238.970000029 17.92480005155496
239.24000001 18.144243229574734
239.829999924 8.421705071438357
240.789999962 5.878382674519003
241.829999924 6.036043220703769
242.700000048 6.502713063773452
243.730000019 5.295006886538981
244.400000095 5.403773748015669
245.299999952 7.142507934702556
246.5 5.0556687447735476
247.380000114 5.7849437149077545
248.079999924 7.077982203109487
248.970000029 6.471495008378546
249.819999933 6.424471104401783
250.960000038 6.3109059965046015
251.870000124 5.939504924851251
252.779999971 5.839016230040844
253.75999999 5.728483078635603
254.650000095 6.174805468961322
255.75999999 5.164642855994264
256.50999999 6.65686659391312
257.670000076 5.452631562329221
258.680000067 5.481083782958592
259.470000029 7.241606094723303
260.370000124 6.033205365218535
261.25999999 6.16470805047965
262.170000076 6.553932890496566
262.910000086 7.6461701665197195
263.50999999 8.993837397396884
264.460000038 6.026458451167046
266.150000095 3.2898069332533857
267.25999999 4.612482504667685
268.5 4.230387715511381
270.150000095 3.1560278063940572
271.400000095 3.9377246317661303
272.910000086 4.071474532020978
274.120000124 4.441700375213308
275.289999962 3.6230811542869366
275.809999943 3.8184518763705735
277.420000076 4.370988259296327
278.829999924 3.7020188209216878
280.039999962 4.668540881839827
280.680000067 3.1844183323167288
281.110000134 3.669939581927365
281.799999952 3.9506303446317945
285.50999999 2.915825164313167
287.670000076 3.01839705005267
289.130000114 2.793565377487704
290.819999933 3.6212716068402018
291.360000134 10.493455299767765
292.299999952 7.724281143066163
