0.0 10.99758029097324
1.19999980927 10.91879392175324
1.87999987602 10.99254923873324
3.25 10.49490340272324
5.19999980927 9.99614936730024
7.14999985695 10.20441876244324
8.05999994278 10.530898454723241
9.17999982834 10.35672037596324
10.5899999142 10.36037079183324
11.8299999237 10.53772307370324
13.0199999809 10.552609189373241
13.9900000095 10.57803605784324
15.3499999046 10.41405529230324
16.4699997902 10.55945538872324
17.7699999809 10.45586756893324
18.8399999142 10.45533302355324
20.4699997902 10.14708021798724
21.6899998188 10.35451980879324
23.0799999237 10.287945939333241
24.1899998188 10.218458441903241
25.879999876 10.184134802983241
26.8899998665 10.19548050645324
28.1399998665 10.210069334293241
29.5 10.33101836087324
30.6999998093 10.63507559372324
31.8199999332 10.57269441583324
32.9599997997 10.52403533682324
33.7699999809 10.41392974217324
35.1999998093 10.39428130297324
36.5399999619 10.44988294138324
37.6099998951 10.510035332923241
38.6199998856 10.50939081496324
39.8099999428 10.517912807913241
41.7999999523 9.90881670548524
43.0699999332 10.625037195503241
44.2999999523 10.39014783034324
45.879999876 10.10000346234624
49.2999999523 9.61180986630724
51.25 9.95070889252924
53.4399998188 9.88448576298124
54.2999999523 10.79855144599324
55.7400000095 10.40922763665324
56.5299999714 11.19480431283324
57.1899998188 11.680992993973241
57.9599997997 11.25752561232324
58.7099997997 11.278931455513241
59.5 11.356711969403241
60.2299997807 11.35136747663324
61.2099997997 10.65374248349324
62.2699999809 10.68049887429324
66.5 9.54195892820524
67.4399998188 10.731806755683241
68.4799997807 10.63829076286324
70.0999999046 10.09316967443224
