0.0 8.178716368435355
2.6400001049 6.489016235687672
4.26999998093 7.551415067967075
6.58999991417 8.028804872081851
7.80999994278 9.922780505476235
9.29999995232 11.351341775135875
10.2799999714 10.560012256982189
11.5199999809 9.008802285342872
13.1500000954 8.656278414550835
14.5 10.55011286232733
16.0199999809 9.075303306593703
17.2000000477 9.735642783783673
18.6800000668 9.655375082853435
20.0199999809 9.729103290757825
21.6900000572 8.315063640489294
22.9000000954 9.504626716123731
24.75 7.250496662134733
26.5 6.8229967994505
28.7100000381 5.832510288968325
30.0399999619 7.316223089307514
32.1400001049 6.776383738821845
33.3299999237 7.1969048745787365
35.3900001049 5.210483954668074
38.4100000858 4.2422308194840985
41.9300000668 4.035396815113893
44.7799999714 4.434773751977644
47.8900001049 4.005859150662494
49.5099999905 4.915515103801962
51.4200000763 7.639401536510254
53.2999999523 7.60038089845491
54.6400001049 8.955821189868754
55.620000124 11.580707700724155
57.1400001049 8.800633934529662
58.4500000477 9.76322191180738
60.6100001335 7.011382301607235
63.0699999332 4.9865917567392835
65.75 4.517257975265076
68.1100001335 5.390168677921967
70.8299999237 4.5716122850501675
73.0799999237 5.849440384941403
74.8099999428 6.452551747115311
77.3500001431 5.783331828771146
79.5499999523 5.727290656393207
81.5899999142 6.317948136977099
83.3800001144 6.9732626238541355
85.25 6.694872866921742
87.3299999237 6.521003962807197
89.1900000572 6.715157721883232
91.1000001431 6.168428399925492
93.1700000763 6.313738776508647
96.4400000572 4.008959523549297
98.7699999809 5.029135338080193
101.450000048 4.569111382344606
104.480000019 4.04007668587994
106.420000076 6.038805157805041
108.980000019 5.578129331992923
111.5 5.023038546228396
113.319999933 5.460025113112327
114.059999943 6.020015860329934
117.339999914 5.04246010676038
119.380000114 6.102405125942639
121.910000086 5.194319870108179
122.839999914 5.130345569970313
123.50999999 5.22116327772896
124.910000086 4.306874453091711
131.220000029 3.99433244124029
135.579999924 3.530024832215325
138.730000019 3.0567645548085958
144.650000095 2.4145948778962363
146.819999933 5.714795882761669
151.700000048 3.2987615346628174
154.950000048 2.991103216015937
158.549999952 2.937764765810167
163.630000114 2.666551761113728
168.870000124 2.6364769887148456
172.25 3.941938018657566
174.650000095 4.565038243104833
177.50999999 4.850434891213928
180.089999914 4.901925879604288
182.720000029 5.1632272645103
184.420000076 6.633623148988732
187.0 5.101554277934611
189.069999933 5.759627344247861
191.430000067 5.408561303200621
193.370000124 4.929540570849357
196.529999971 4.443748211860842
198.470000029 4.3079233984358805
202.5 2.581340674787099
205.480000019 4.300845407662775
210.799999952 2.6393341075993355
216.0 2.452726968153265
218.75 4.563445731805292
220.650000095 4.171071836411704
224.329999924 3.8750587504015215
227.450000048 4.468438935658031
229.930000067 4.6395815903758795
233.059999943 3.4245261055632708
238.269999981 2.46556753268652
242.700000048 2.8900664226823602
246.779999971 3.6498818289767496
249.970000029 3.820621196380672
252.610000134 4.615342929328789
255.5 4.397803930311213
257.160000086 7.612589638905905
258.720000029 8.604698262254493
261.470000029 3.995017855530347
265.00999999 4.087178052703838
266.860000134 6.864254232216559
268.650000095 7.23386369529004
271.610000134 4.159532836572634
273.620000124 6.152045337171793
275.690000057 6.593975522918498
277.970000029 5.413961333268133
279.430000067 8.245831169771073
280.870000124 9.190826535110004
281.890000105 13.70986480763756
283.029999971 10.7870609218979
284.380000114 9.333886535265048
285.690000057 9.702807122685696
287.00999999 9.12013149760056
288.559999943 9.52128972186783
292.789999962 2.9291938653731693
294.610000134 5.44418058289749
295.390000105 5.770666090969231
298.640000105 5.103483509328013
302.279999971 3.3310898993955873
304.529999971 5.8629195931734275
305.410000086 5.453880876184194
306.059999943 5.3630427146220025
307.0 6.757517301694997
