0.0 7.967909861775526
1.0 8.081903123024517
1.58000016212 8.308702507004874
2.5 7.4250026574813495
3.3900001049 6.431204428334343
4.73000001907 6.318370579173578
5.37000012398 7.496105809713582
6.05999994278 7.555829730567573
6.90000009537 7.807375412135105
7.79999995232 7.179577143914456
8.62000012398 7.9314398887222755
9.28999996185 7.946221379287814
10.1700000763 7.531316017186318
11.1400001049 6.14711493676359
12.1300001144 6.3605319248551515
12.8199999332 7.803199146553304
13.6000001431 8.100728276711767
14.2400000095 9.147146492153484
14.8500001431 10.364237685441136
15.3400001526 10.021899888445947
16.0299999714 9.966776091637
16.6000001431 7.426953707200758
17.3199999332 7.062484352291653
18.1700000763 7.305714842524641
18.870000124 9.952790674711254
19.6300001144 7.99476964219827
20.4200000763 7.65938027196921
20.9400000572 7.659086690364823
21.8400001526 7.5639031645583135
22.6900000572 7.839772302992399
23.4900000095 6.859026462177463
24.2899999619 6.47647453311622
25.1300001144 7.3865277354290075
26.0699999332 6.158390080263384
27.0800001621 6.9056001551312285
28.2400000095 4.89320810734263
29.0099999905 7.598182574594508
29.8199999332 7.516539597809323
30.5900001526 7.791024893987788
31.3600001335 8.216319980207382
31.9700000286 9.003054639251319
32.8900001049 7.567881562697009
33.6400001049 7.937780167975801
34.3800001144 8.287888938254932
35.0800001621 8.678279054463202
35.8600001335 7.53735124289193
36.6900000572 7.761636208393395
37.4400000572 7.926907114779516
38.1500000954 7.9738523982823155
38.9500000477 7.745335410166927
39.6400001049 9.401016362103928
40.2100000381 10.233536484749335
40.7699999809 11.011765392072196
41.3500001431 10.733002071765748
41.9300000668 10.018350001141274
42.7400000095 8.437791145302922
43.6500000954 6.558628301560962
44.4100000858 6.141903504230413
44.6800000668 9.393378126501721
45.5299999714 9.365377150924077
46.1900000572 9.270323679697364
46.7999999523 10.650891376502567
47.0599999428 10.92020546338628
47.2799999714 10.781153185653489
47.6700000763 8.366043851915528
49.5299999714 7.957576156464785
50.3400001526 9.207516371363656
50.9100000858 8.447469981007893
51.7200000286 8.475518143361784
52.3900001049 8.683815436517394
53.2200000286 9.434748480020648
53.7300000191 9.769806150123504
54.2899999619 9.791572005056878
55.0499999523 8.638930189758964
55.870000124 8.074538283729026
56.6500000954 8.300881048034032
57.2599999905 8.997472456706548
58.2000000477 6.94584268720986
59.1900000572 5.9486000891670585
60.0499999523 7.47569011949733
60.7400000095 7.751436631459457
61.5599999428 7.678468092193517
62.2799999714 7.846604336861174
63.0499999523 8.00315395237039
63.7300000191 6.784055309123905
64.8600001335 5.781884585983118
65.5299999714 6.065993603815617
66.3199999332 6.304364563069419
67.2200000286 6.858239808413599
68.2799999714 6.283797227658002
69.0199999809 8.215484141530045
69.8099999428 7.670400963006171
70.3900001049 6.682320573976238
71.5699999332 6.163744027478057
72.5199999809 6.998475982736392
73.2799999714 7.236120041834403
73.9800000191 7.570183808579238
74.8099999428 7.456589651602168
75.6300001144 7.078801641189623
76.6900000572 6.632537922155933
77.5199999809 6.986523856331792
78.3900001049 6.604574084064813
79.1700000763 7.867677214030941
79.9700000286 7.461362345562751
80.8500001431 7.058944957591138
81.5800001621 7.341607647464657
82.3900001049 8.639998117432517
83.1300001144 8.220832794108814
83.9300000668 7.630492648520475
84.7699999809 6.9403213127984795
85.6100001335 7.07713305305407
86.6600000858 5.913627587363501
87.4700000286 7.335180245674362
88.2400000095 7.224474199351474
89.1400001049 6.769996877032563
89.9900000095 7.4931999575123145
90.6300001144 8.924381366870655
91.4400000572 7.213548678235055
92.2899999619 6.918088868533067
93.2100000381 5.895274549420422
94.3500001431 5.7939499197751765
95.4100000858 5.497077122879957
96.1800000668 6.08763042466298
96.5399999619 6.561023653236233
97.9700000286 5.297445140121771
99.0299999714 5.367029498784059
100.319999933 4.652523262366629
100.819999933 4.610753417867507
101.24000001 3.977193705674873
102.0 3.7323473330213437
105.630000114 3.078707384333981
107.5 3.743486271033596
109.620000124 1.9932700102962126
112.779999971 2.013108387721869
118.019999981 0.9714848382165696
120.200000048 3.5094981745263927
121.450000048 3.5695741951049365
122.630000114 4.136403137188534
124.069999933 4.35165186907065
125.640000105 3.9685613620355067
127.170000076 4.001898442090627
128.830000162 2.947546744900805
131.75 2.088180043007758
133.880000114 2.6288596850688926
135.519999981 3.720931733680042
137.130000114 3.120237842974693
138.610000134 4.0621213637139375
139.75 4.743935573299143
140.910000086 5.1135463816560085
142.029999971 3.8794451180947354
143.5 4.328058114930228
144.430000067 4.182688730403785
145.590000153 4.206870980824335
147.220000029 3.5557951048140186
148.660000086 4.526025976238847
149.769999981 5.28775484724665
150.75999999 5.890528916333428
151.519999981 5.001615702355893
153.080000162 4.162202148996697
154.180000067 5.95256532935032
155.50999999 3.9210215685827428
157.110000134 3.0482606802573873
158.769999981 3.532068782346795
160.039999962 4.434040857789637
162.069999933 3.292287677261526
163.75999999 3.233612852936987
165.24000001 3.727617789851556
167.370000124 2.658785837008236
169.720000029 2.3522036029433764
172.309999943 2.2312268859195212
174.080000162 2.780513290616936
176.0 3.3993435216052563
177.670000076 3.3816563470703045
179.180000067 3.80984993623624
180.960000038 3.120454543736456
183.029999971 2.640935220297635
185.470000029 2.453850622591536
187.130000114 3.3363087600373635
188.789999962 3.1477075686154734
189.860000134 5.61854249014215
190.900000095 5.9961610771051195
191.769999981 6.341909934226779
192.880000114 5.099844149116773
193.900000095 5.639177304734483
194.950000048 5.124448902241521
196.180000067 5.34591161315774
197.380000114 4.821125505581902
198.190000057 5.756965262314631
198.559999943 6.273679551662704
200.130000114 4.777736381474691
201.470000029 4.163852349325195
203.75999999 2.537546918544958
204.410000086 3.3405279682334497
204.940000057 2.9920172831713305
205.860000134 2.9633938463386196
208.920000076 4.290314067864119
210.620000124 4.103660307041756
211.799999952 3.7605372870882503
213.610000134 3.5831458817515314
215.110000134 3.5621110734620114
216.819999933 4.314029974145502
217.799999952 4.685066131094544
219.059999943 3.9081877916663843
220.390000105 4.70581531689251
221.799999952 4.416527758212004
222.930000067 5.536607067946038
223.809999943 5.809925681837776
225.049999952 5.1367773880193575
226.330000162 4.53467137524911
227.75999999 4.308593856302643
228.930000067 4.331896467802989
229.789999962 7.222713857036332
230.920000076 4.785067962652444
232.130000114 4.891620318096855
233.100000143 4.514985615276564
234.440000057 4.826778751887159
235.230000019 4.9868211405531495
236.25 4.79945173187757
237.5 4.733901507092831
238.50999999 6.679135463828546
239.330000162 7.439577305926649
240.220000029 6.638765466129454
240.730000019 7.8972879510902345
242.00999999 5.174629698742465
243.190000057 5.474822539989717
244.319999933 4.664663590203356
245.200000048 5.884673127903467
246.279999971 5.6038321414249594
247.170000076 6.5452236280192855
248.150000095 7.19398300586141
249.059999943 6.313431923859616
250.400000095 4.467968591151312
251.470000029 5.516232232982415
252.539999962 5.381592983755496
253.75999999 4.926880980164558
255.370000124 3.074358816705892
257.0 4.044732538706851
259.289999962 2.410198705548194
261.470000029 2.59245804131785
263.580000162 2.5970234589791317
265.370000124 3.091788417362722
266.769999981 4.367403860378653
267.900000095 5.041605009104347
268.779999971 6.227679657888716
269.650000095 7.048454332122042
270.5 7.443510302644441
271.299999952 6.956505138498581
272.650000095 4.159215316479511
275.190000057 2.1343040126352686
277.029999971 2.8203645080910986
278.380000114 4.847527821307077
279.450000048 5.424379256531185
280.190000057 6.42846198809867
280.569999933 5.866853915202517
281.830000162 6.066575920790698
282.809999943 5.8631923160135315
283.980000019 5.181514723704971
284.410000086 5.476114763174327
284.840000153 3.977193705674873
285.519999981 4.161788312123092
288.200000048 4.689712674793039
289.710000038 4.675386672307229
290.840000153 3.9057317769534126
292.440000057 4.083505763325049
293.920000076 3.5904841522513298
