0.0 9.954818054061489
2.50999999046 9.342550142939489
3.47000002861 9.92184278318149
5.0 9.850693079961488
6.49000000954 9.857635933381488
7.5600001812 10.487196999761489
8.29000020027 10.303814994341488
9.29000020027 9.918585977511489
11.2900002003 9.400720407675488
12.7300000191 9.733988759531488
13.75 10.224067503741487
14.6700000763 10.057816296911488
15.7300000191 10.221474280871488
16.6100001335 10.394368369541489
17.6100001335 10.274156925181488
18.3300001621 10.542654309151489
19.1900000572 10.533071515021488
20.3600001335 9.802240536121488
21.6000001431 9.847894982641488
22.4100000858 10.061308145451488
23.5700001717 10.070480881211488
24.4100000858 9.819434450521488
25.4100000858 9.909738122131488
26.4500000477 10.115666688871489
27.3800001144 10.493404168661488
28.0299999714 11.133579583061488
28.7000000477 11.016886533511489
29.1500000954 11.03997481212149
29.870000124 11.166896940971489
30.4900000095 11.580219265791488
30.9900000095 11.730459262831488
31.5900001526 10.956064798111488
32.3100001812 10.930208658461488
32.9800000191 10.969943246391487
33.8600001335 10.727270177861488
34.5600001812 10.860744433871488
35.25 10.834676640221488
36.0900001526 10.508515066931489
36.870000124 10.623722816981488
37.6300001144 10.805916489841488
38.2699999809 10.82792074185149
39.1800000668 10.609282935361488
39.8400001526 11.081049727191488
40.6300001144 10.634336646251489
41.4200000763 10.555994408041489
42.1100001335 10.893079798111488
42.8800001144 10.838719144321487
43.5400002003 11.002341896011488
44.1500000954 11.131172741581489
45.1000001431 10.276400309141488
46.3600001335 9.868030159561489
47.1100001335 10.568714307911488
48.1500000954 10.035079798111488
49.7200000286 9.524168795401488
51.3400001526 9.436605919759488
52.5 10.093674158521488
53.3100001812 10.551506464781488
53.8300001621 11.173213383021489
54.0900001526 11.178030707201488
54.9900000095 10.91692736030149
55.7699999809 10.586370232891488
56.5700001717 10.664242615011489
56.8600001335 11.063879798111488
57.1000001431 11.024073600931489
57.4800000191 10.829188939001488
59.2200000286 11.094022248941489
60.120000124 10.768250743381488
60.6500000954 11.015543870511488
61.3900001049 11.101352240511488
62.2799999714 10.235171627681488
64.5700001717 9.427758559495489
65.4500000477 9.965970693441488
66.2799999714 10.243365417941488
67.1300001144 10.612029340591489
67.9400000572 10.746909071851489
68.7000000477 10.851661355001488
69.3200001717 10.893071377061489
70.1700000763 10.656185829861489
