0.0 9.394904113003166
2.74000000954 9.501479144405167
6.54999995232 9.540143337762165
8.29999995232 9.893120083879166
10.3899998665 10.022262403405167
12.0999999046 9.781123213733165
13.5099999905 10.015623233640166
14.8099999428 10.379074217411166
17.5199999809 9.686119225429167
22.1099998951 9.433387960060166
23.3999998569 10.118709409121166
24.9099998474 10.210522845961165
26.2599999905 10.225565648971166
27.7100000381 10.221639240031166
29.7599999905 9.731270372322166
31.6199998856 9.934391102439166
33.5299999714 9.820981137034167
35.25 9.979745238429166
37.5199999809 9.579859155405167
39.0199999809 10.240356487741167
39.5299999714 11.306952497391165
40.2999999523 10.831836369761167
41.4099998474 10.533811124321167
42.6499998569 10.500030261951165
44.2300000191 10.047866481485165
45.4400000572 10.359342799631166
46.1099998951 10.631937578801166
47.5799999237 10.275851166691165
49.2999999523 10.064909958023167
50.5599999428 10.200632237601166
51.6599998474 10.306076206811166
52.6399998665 10.723084865071167
53.5 10.907087343121166
54.4800000191 11.010602067881166
55.2100000381 11.224986293611167
55.8699998856 11.518881065171167
56.6199998856 11.261952889801165
57.5099999905 10.843304654021166
58.5 10.748051651211167
59.2400000095 11.001200476781166
60.0899999142 11.270006117731166
60.7599999905 11.521042962951167
61.5399999619 11.191191208471166
62.3899998665 10.924678054491165
63.2200000286 10.980786644241165
63.9400000572 11.486076357921167
64.6399998665 11.402254867851166
65.2899999619 11.422251642031167
66.0 11.453525386241166
67.0799999237 10.601021345851166
68.0699999332 10.552287553511166
68.9600000381 10.832886223141166
69.9900000095 10.567683902051167
70.8499999046 10.785632174191166
