0.0 2.4818532592417313
2.02999997139 3.1848702959600326
5.12999987602 3.119401006312863
6.58999991417 5.503948416825935
8.75 5.118810009854384
11.8099999428 2.1104107975766073
14.1700000763 3.0393820024882534
16.1900000572 4.594208397906518
18.25 4.513613664104593
21.1800000668 3.0521183628744217
23.0999999046 3.839556738619696
25.2200000286 4.401461515873619
27.5799999237 3.5797348623055236
29.1900000572 5.7759760310022825
30.2100000381 7.648016920600314
31.2599999905 8.899580284232497
32.4900000095 6.589912888450443
33.879999876 6.325038586709922
34.9000000954 6.451930007235684
36.4800000191 6.107601287384795
37.4000000954 6.399072762203994
40.4500000477 2.293296023439299
43.4600000381 2.8915127950145294
46.1400001049 3.5496403859837202
49.0399999619 2.9099971039935397
52.8599998951 2.1701353247944146
55.7200000286 1.8089203034625405
60.5399999619 1.9768021490408967
65.75 1.7579803014320163
68.8399999142 2.6286860965709886
70.129999876 5.792586091874366
71.6800000668 5.750279001954693
73.2000000477 5.528020736219152
75.1199998856 5.297570859116776
76.3499999046 6.923245915130072
77.8900001049 5.390526315769068
79.5799999237 5.12603589766543
80.9400000572 6.326274978300533
82.5 5.741168205133743
83.6900000572 6.428862171940881
85.4600000381 5.671206204617281
86.9700000286 5.673781279124348
88.5599999428 5.478117265093382
90.1500000954 5.300046052594517
92.0299999714 4.432347671512635
95.1500000954 2.8660546569127305
98.2300000191 2.6373505763993403
102.720000029 1.7081614957823954
107.869999886 1.6485543301751957
113.930000067 1.4681853970458658
118.5 1.6807764498244187
122.779999971 1.8895102427500734
125.579999924 2.9153337376987403
127.879999876 3.37705150894976
130.890000105 3.1676074868630963
133.129999876 3.7788197551167255
136.210000038 2.100248715153781
137.480000019 2.2375885348917453
141.109999895 3.0352733560019574
143.440000057 3.533566020135752
145.829999924 3.6801962589777313
146.670000076 3.833812525223859
147.50999999 2.726295295964217
150.129999876 1.4794476871559932
157.460000038 3.074979030876071
159.49000001 5.1819760756878015
160.529999971 6.543089989018372
161.980000019 6.8741505999175985
163.950000048 4.017588015489215
166.319999933 4.623079504951875
167.680000067 4.997452768658483
168.710000038 7.417930157228928
170.299999952 5.938553942544532
172.879999876 3.5445994946468695
176.569999933 2.4095223327651993
178.589999914 3.655290061539911
180.420000076 5.170698424322104
181.75999999 6.52198269431861
183.109999895 6.922003021293202
184.559999943 5.261562903754811
186.170000076 5.572470440781188
187.559999943 5.82032522710563
189.029999971 5.965975260803885
190.129999876 5.977334758165088
191.24000001 8.959423013933202
191.930000067 8.866055359088211
192.980000019 7.141425526008741
193.99000001 9.075435901406907
195.319999933 7.3941299330584815
196.819999933 5.797129945043253
198.029999971 7.263708344309155
198.799999952 7.3338191188866855
200.069999933 7.907208596186427
201.420000076 7.159290797640637
202.539999962 7.191736718387619
203.470000029 8.23773242081822
204.579999924 8.255351042440733
205.619999886 8.30948801193475
206.879999876 8.268383284365134
207.789999962 9.624586039065418
208.720000029 9.270168771052669
209.710000038 9.093290851843502
210.710000038 8.827522464233063
211.819999933 8.32809775216201
212.769999981 8.181510211898681
214.210000038 7.01305410121486
215.269999981 8.334101961874502
216.299999952 8.674170802327367
217.849999905 5.479522387479019
219.220000029 6.222736927790675
220.789999962 5.892093304225204
222.119999886 6.373952281570491
223.230000019 7.329809997670564
224.529999971 6.900925103076222
225.579999924 8.941882039649268
226.549999952 8.518350565798928
227.569999933 8.51405536247844
228.49000001 9.545253336815106
229.609999895 7.227613648188384
231.119999886 6.473130468269168
232.190000057 8.311848391395328
233.0 8.771626986821085
233.390000105 8.769538904440134
235.150000095 6.395301004154188
236.680000067 5.479730337205902
237.859999895 7.714257542844428
238.390000105 6.564625623230385
238.74000001 7.602169575267266
239.299999952 7.997271939790597
242.410000086 6.36502048221853
243.930000067 6.980320386263312
244.900000095 6.9669037723911575
246.210000038 7.719937915682427
247.319999933 7.4311469722685075
248.660000086 8.453419415322676
249.49000001 8.510648447995814
250.230000019 10.699382127142892
251.529999971 7.343108194486265
252.75 7.907915792869261
253.75999999 9.391899005773581
254.640000105 9.981753629621602
255.779999971 8.550207538010735
256.779999971 8.904048980925051
257.930000067 8.23581096016788
259.0 7.278585476324607
260.150000095 7.993685212874035
261.200000048 7.7905595430887855
262.230000019 8.77649893829973
262.960000038 9.439872475254191
264.119999886 8.490079993535542
264.819999933 8.661902768600548
265.799999952 7.633103807128669
267.25999999 6.094647570119702
268.440000057 8.434886032206066
269.559999943 7.90261141483372
270.650000095 8.117832843081363
271.379999876 7.876637226896973
272.859999895 6.721986163552947
274.269999981 6.869418824922465
275.25999999 8.27210972318037
276.170000076 8.469355704038437
277.319999933 7.888272992293342
278.670000076 6.300090671420855
280.119999886 7.080257827129725
281.210000038 7.8755397809484045
282.299999952 7.884325358846331
283.519999981 7.2072155207169555
285.059999943 5.512648141364351
286.609999895 5.7964476789101935
288.160000086 4.863766760443066
289.640000105 6.800537310307024
291.190000057 5.517908167062531
294.50999999 2.5309751085240295
296.970000029 3.366823309846
299.960000038 2.726069644121718
304.349999905 2.013371729211031
