0.0 9.862265900676643
0.730000019073 10.772891236626643
1.1400001049 10.977931627486644
1.80000019073 10.489556465646643
2.41000008583 10.197062482136642
3.23000001907 10.229120274726643
3.82000017166 9.974995616596644
4.42000007629 9.975530065626643
4.92000007629 11.373320555266643
5.45000004768 11.127886486416642
6.07000017166 10.527759038526643
6.57000017166 10.590679778566642
7.17000007629 10.692386987496644
8.16000008583 9.187120425816643
9.1400001049 9.322610175716644
10.3600001335 8.723539924016643
10.9500000477 10.624952095856642
11.5099999905 10.422294782596643
12.1900000572 10.041208683006642
12.7300000191 9.941983670646643
13.5300002098 9.853973984816644
14.0900001526 9.574511631486644
14.7000000477 9.872427499606642
15.3900001049 10.022518394906644
16.1800000668 9.915892381816644
16.8100001812 10.244258203586643
18.3600001335 8.586401086970643
18.7100000381 10.968198433476644
19.2900002003 10.936729096566642
19.9700000286 10.299462905906644
21.3800001144 8.589666104078644
21.9000000954 10.466914935616643
22.4900000095 10.520914954366642
23.0199999809 10.782929355476643
23.8000001907 10.070434689376643
24.5099999905 9.824258847716642
25.120000124 10.261299030466644
25.8500001431 9.860679167956643
26.5500001907 9.902079990796643
27.2000000477 10.238462869466643
28.1400001049 9.063513406616643
29.0400002003 9.672937854026642
29.7699999809 9.807159156966643
30.4700000286 9.955544906686644
31.0099999905 10.657248846866644
31.5500001907 10.729294840226643
32.120000124 10.776689750796642
32.6300001144 10.926113039726642
33.1000001431 11.020694176896644
33.5600001812 11.523654619366642
34.0 11.953928044856642
34.4000000954 11.797716943856642
34.9100000858 10.928377614566642
35.4100000858 10.947365566376643
35.8300001621 11.504141902856643
36.3400001526 11.511363517596642
36.7699999809 11.701369828506643
37.1300001144 11.735491954636643
37.3300001621 11.796800915106644
37.9900000095 10.870843324366643
38.4900000095 11.027936531426644
38.9500000477 11.525317207426642
39.1700000763 11.576117759146642
39.3500001431 11.501472186116644
39.6800000668 10.377637487956644
41.3400001526 10.021388177746644
41.9400000572 11.085829600726644
42.3300001621 11.098135837066643
42.9200000763 10.939872295736643
43.4100000858 10.885069480536643
44.1700000763 10.365620614586643
44.6100001335 10.792353294026643
45.0500001907 10.991224995106643
45.7100000381 10.364568998936644
46.4900000095 9.834765483286644
47.3800001144 9.520370127366643
47.9400000572 10.228691371086644
48.620000124 10.237596309486642
49.2400000095 10.301807687036643
49.8500001431 10.583777961476644
50.3500001431 10.637189368906643
50.9700000286 10.393636980116643
51.5500001907 10.335205494686644
52.2000000477 10.166548278716643
52.5900001526 11.169835380766642
53.0700001717 11.625870324806643
53.4000000954 11.570497020946643
53.9500000477 10.175746226676644
54.5500001907 10.433578100236643
55.120000124 10.992559022306644
55.6300001144 10.996270902006643
56.1400001049 10.988156479906642
56.5 10.832478465026643
57.2800002098 10.353677502826642
57.8500001431 10.879284298566644
58.3300001621 10.917052633826643
58.7800002098 11.010667540656643
59.3000001907 10.984426230276643
59.8900001049 10.382618568766643
60.5900001526 10.426283642676644
61.1400001049 10.585547092476643
61.620000124 11.099274983636644
62.0800001621 11.498148541756644
62.5199999809 11.566264463376644
62.9700000286 11.723500667226643
63.3600001335 11.729067092476644
64.7599999905 8.879986416596642
65.6000001431 9.488160425816643
66.370000124 9.708155108116642
67.2200000286 9.463595092476643
69.1100001335 8.381093759146642
70.7000000477 8.618710439096644
