0.0 10.800292015362093
2.12999987602 10.621969820282093
3.78999996185 10.619304369886093
6.86999988556 10.397709613802093
8.88999986649 10.349992635192093
11.379999876 10.281646563912092
14.1399998665 10.362765003613093
17.9900000095 10.192943355576093
21.9300000668 10.176024069929094
23.2599999905 10.781137700442093
24.8899998665 10.802247680912092
26.129999876 11.012753287362093
28.0899999142 10.601391828740093
29.9200000763 10.505080288611094
32.6099998951 10.352359391741093
35.2599999905 10.297052144996092
38.7799999714 10.201566622571093
42.7100000381 10.054880128671092
46.3699998856 10.226179475821093
47.6900000572 10.527608234868094
49.8999998569 10.345540785550092
52.9200000763 10.279814066215094
55.2000000477 10.518114694016093
56.9100000858 10.664663185908093
58.5699999332 10.683487111565093
59.5099999905 10.819259153582093
61.3699998856 10.701287323577093
63.5799999237 10.527242303124092
65.379999876 10.538546273690093
67.3499999046 10.427974175502094
69.1800000668 10.624245380857094
70.7799999714 10.704921314122092
