0.0 7.483621803501224
1.43000006676 6.158642049261924
2.25999999046 6.7219382005795465
3.40000009537 6.612677511025473
4.15000009537 8.336882793025051
4.96000003815 10.74762871117908
5.47000002861 11.04100898992856
6.02999997139 10.835249663529327
6.74000000954 10.434574361483484
7.44000005722 10.780499559247525
8.08999991417 11.177799910478047
8.60000014305 12.355171462262383
9.23000001907 12.136608310004668
9.81999993324 11.826217320350189
10.4900000095 11.223430534210292
11.0499999523 11.099722535051317
11.7100000381 10.894930560073131
12.3800001144 9.550279637643794
13.2000000477 8.316259498852101
13.6800000668 11.19457181713071
14.3500001431 11.497649694455225
14.7599999905 12.185848385224919
15.2699999809 11.810920576878981
15.9100000858 11.167821753265311
16.5899999142 11.437459940213913
17.1900000572 11.604377675258434
17.8600001335 10.39409013010159
18.2999999523 10.392930248139738
19.0599999428 10.208539364967162
19.8600001335 9.34228453533282
20.7000000477 7.2453386249491425
21.6800000668 5.709680661457339
22.7799999714 6.097532660312253
23.6300001144 7.6691824225258465
24.5 9.000919128879689
25.2400000095 8.975936828261798
25.9100000858 9.837276913639895
26.6400001049 9.358701467846645
27.4200000763 8.645973820580066
28.1600000858 9.466976395987245
28.8299999237 9.075363642583206
29.7000000477 8.840928002082363
30.4700000286 8.795472793880208
31.1400001049 10.199470840301835
31.9200000763 8.440927377968178
32.7799999714 7.587347103453591
33.6600000858 8.170874526215458
34.2899999619 10.678944142928739
34.9400000572 9.816498933947772
35.6600000858 9.627826154505797
36.3900001049 9.853803380672558
37.0799999237 9.314125504896134
37.8600001335 8.329716592261216
38.7899999619 6.926127580333974
39.6600000858 6.989177404214557
40.4300000668 9.942911778090918
41.3800001144 6.906765946740841
42.1600000858 6.581442526968746
42.5399999619 6.703266677223232
44.0599999428 5.48806242179855
45.0299999714 6.5754782698160446
46.0299999714 6.865503797462803
46.3600001335 8.505415931847756
46.6300001144 8.284589633147936
47.1500000954 6.4017403376819795
49.4500000477 6.428137642171554
50.5899999142 7.010744241210871
51.4500000477 5.886095099719895
52.6800000668 6.068448299936666
53.870000124 4.9870402951874615
56.25 3.3880440770808185
58.5799999237 2.061187013414562
60.5399999619 2.7337987485349697
62.3099999428 3.898081232930022
63.7899999619 4.705214404588192
65.2599999905 4.589292215234825
66.6900000572 3.8471192577067312
68.5 3.8214393512626605
70.4200000763 3.249458727315994
72.8600001335 2.731577884075005
74.6300001144 3.09206556333004
76.75 3.0812309805853584
77.8500001431 5.487138797769152
79.5 3.8992578584215156
80.1600000858 7.778944084537544
81.2400000095 6.73118217704685
82.2300000191 4.320932816693379
83.120000124 6.271285262036656
84.0599999428 7.18213271765772
85.1300001144 6.869485643353824
86.0499999523 7.215813027136787
87.0 6.929393420081689
87.620000124 7.001344232054729
88.6900000572 7.685209657355592
89.6600000858 7.48655264691918
90.4400000572 7.878119290882285
91.2300000191 7.290696970881678
92.2300000191 6.7953613980866505
93.1900000572 6.655439918394294
94.0299999714 9.47021838831044
94.6100001335 11.863042282316966
95.5799999237 6.4912643579681
96.5399999619 6.956526062038018
97.6300001144 5.838393443881119
98.7100000381 6.288845968067394
99.6000001431 6.498690045582056
100.850000143 5.985805798844422
101.900000095 6.132119429637727
103.029999971 5.790221840696045
104.130000114 5.8099889744527005
105.25999999 5.563083672766598
106.410000086 6.000727322181937
107.49000001 5.912142722624609
108.549999952 5.654384597946288
109.75999999 5.485521112338577
110.99000001 5.471453982440406
112.319999933 4.453598845799101
114.059999943 3.495551171529375
117.809999943 1.5908805666125072
119.400000095 3.6128528187672098
121.50999999 3.363771148800856
122.870000124 4.677194303305957
123.850000143 5.190787439358116
124.299999952 5.411985844212548
125.819999933 5.51118628029248
126.880000114 5.9894770975833
127.960000038 6.260337809213047
128.400000095 6.050499963174833
128.74000001 5.753187245240459
129.319999933 5.6245743296214545
132.660000086 3.8611727772876554
134.079999924 5.532575274683694
135.019999981 5.340827382618434
136.529999971 4.825718915496552
137.980000019 4.085010768123391
139.880000114 4.301441174023413
141.00999999 4.431352737744657
142.110000134 5.079023279795078
143.769999981 4.136587159230333
145.200000048 4.842361909647715
146.970000029 3.7657828575463093
148.710000038 3.145502648894259
150.75999999 3.3335546731489476
152.319999933 4.06349150910609
155.019999981 2.4567417067998667
156.900000095 2.916715410665283
157.850000143 7.2421482535505906
159.180000067 4.513541807512586
160.380000114 5.461085937932936
161.400000095 4.752867775803769
162.799999952 5.089555942747766
163.360000134 8.434309908552244
164.289999962 5.891433066851053
167.220000029 2.158453337096704
169.660000086 2.8679004029128707
172.029999971 2.634091038670359
174.339999914 2.6711593210784987
175.410000086 3.74739977282365
177.460000038 3.493635585646393
179.110000134 4.233410065447424
180.660000086 3.7070328444016525
183.210000038 2.0724371079495887
184.789999962 4.1211760500512975
186.940000057 2.8369587109277807
190.569999933 2.0004866858071733
194.519999981 1.5049896696092666
196.269999981 3.4656750385826487
197.559999943 5.033251209614387
198.529999971 6.726844620144841
199.789999962 5.306382477747663
201.039999962 4.467147906993143
202.410000086 5.40125445128417
203.50999999 5.887079692181799
205.25 3.6417818633011834
206.809999943 3.942914551472557
208.029999971 5.161828305447887
209.360000134 5.153222002300985
210.410000086 6.016619257223786
211.380000114 6.241769299310417
212.620000124 5.33661467233221
213.779999971 5.8567676431561795
214.960000038 5.064073756572287
215.970000029 6.265395523755778
217.100000143 5.6011292606273795
218.140000105 5.749281095968551
219.610000134 4.902958672309597
220.850000143 5.1620254201100195
221.930000067 4.649642594956373
222.350000143 5.806781164151412
223.789999962 6.253330090160481
224.970000029 5.341816450260357
225.980000019 6.716253714889233
226.460000038 5.390445421735293
226.819999933 5.349827253860663
227.390000105 5.803700900627174
229.970000029 5.6442184175399825
231.50999999 5.081092645070242
232.390000105 5.714074531341404
233.870000124 4.936894585243377
235.140000105 4.722090425207004
236.690000057 5.311113707665407
237.690000057 5.0462761352754075
238.730000019 5.359990525060694
239.940000057 5.847121849378278
241.180000067 5.658585358154026
242.350000143 5.879232420461748
243.230000019 6.481401422839902
244.480000019 5.67425843064827
245.720000029 5.194016705861954
247.230000019 4.486223986313073
248.460000038 4.580837871603161
250.059999943 4.155648196260018
251.309999943 4.791720165416119
252.870000124 4.107005203334807
253.930000067 4.556468280955229
255.559999943 4.328438994218441
256.50999999 4.5022306971193515
257.680000067 4.644744047060415
259.110000134 4.543689029299281
260.589999914 4.8839698219741985
261.620000124 6.299519309434383
262.640000105 6.411938716632807
263.430000067 5.309268274373657
264.680000067 5.874974768262085
266.529999971 3.74327632345959
267.650000095 5.275114963757084
268.880000114 4.438092391855567
270.25 4.796725692757192
271.410000086 5.4470674779106245
272.910000086 5.041795981821364
274.370000124 4.196626919687376
275.650000095 4.835553347749779
277.170000076 4.1943760080119885
278.440000057 5.025010425630907
279.75999999 5.0178048592324975
280.860000134 5.157484821820286
282.75 3.84089205424559
284.470000029 3.6309099025835647
286.360000134 3.3447426722136147
288.74000001 2.535221867230055
290.640000105 3.211486530212753
292.589999914 3.4225172543702445
294.870000124 2.6526066569470195
297.150000095 2.5070105026151834
299.150000095 3.2109662570030997
300.99000001 3.595076391912169
302.450000048 4.029757081542213
304.170000076 3.562524030811115
306.210000038 2.9790178749929743
308.319999933 2.695331286078875
309.970000029 4.317484041575148
311.799999952 3.4254365215572546
313.190000057 3.5228887145949956
313.930000067 2.952752709443578
316.660000086 2.985138555787641
