0.0 4.376936195902073
0.990000009537 6.435138629179183
1.75 4.772571453969994
3.16000008583 3.8528446124200233
4.25999999046 4.744255104395324
5.38000011444 5.336141300986648
6.21000003815 4.418337845528323
7.43000006676 3.1431709432045536
9.66000008583 2.1557556586341113
11.3500001431 2.853279766723643
12.3199999332 5.0847489697633526
13.0699999332 5.614923738499491
13.9500000477 5.878559437073256
14.7599999905 5.860606811829562
15.8099999428 4.729863653255584
16.620000124 5.120883023801638
17.5099999905 5.503257457908029
18.3299999237 5.344746379535209
20.0900001526 2.5463378662435288
20.8099999428 5.044536501567056
21.7100000381 5.7876615428603415
22.2100000381 6.775104867534027
22.8299999237 6.628013781237115
23.75 5.198913852753278
24.7100000381 5.457513168892073
25.4300000668 6.700166753745375
26.1900000572 6.316170442348386
26.7000000477 6.1302528210100995
27.620000124 5.826603021188558
28.5699999332 5.471724616984982
29.5499999523 4.3031210573476795
30.2799999714 5.710277521624562
31.0199999809 6.599633274692819
31.6600000858 7.481948746142859
32.5900001526 5.953490042026289
33.3400001526 6.22774283787948
34.0599999428 6.423376332687407
34.7799999714 6.688025083457203
35.9600000381 3.8335363178220985
36.9100000858 5.104541584702794
37.6000001431 6.043514274283203
38.4900000095 6.123613204060962
39.2599999905 6.107389989911914
40.0799999237 5.853066790080161
40.9100000858 5.480928764896928
41.7100000381 5.828194293486172
42.5699999332 5.827803102979523
43.3500001431 5.989808434755094
44.0599999428 6.2637251127413816
44.7999999523 6.668151633861678
46.0099999905 3.9188723298504877
47.5399999619 2.726538463453362
48.4300000668 5.190063821852423
49.5099999905 4.109858049645405
50.7799999714 3.3004336527434384
52.3600001335 3.2355494278237518
53.2000000477 5.547804016029324
53.8900001049 5.447989869295895
54.2100000381 5.7217040385996905
55.1500000954 6.54904093297929
55.7599999905 7.932590366797285
56.4300000668 7.452866473486867
56.7200000286 7.600359043314357
56.9500000477 7.425676045153166
57.3099999428 7.459886174415644
58.8199999332 9.364480104664159
59.7599999905 6.095254546642106
60.5599999428 4.51496106298067
61.9600000381 3.711239297410727
62.9800000191 4.179220429937852
64.1900000572 4.9054213753467355
64.7599999905 6.691408348709685
65.4800000191 5.753170724809332
66.3800001144 5.6565327269661125
67.1700000763 6.579761531029149
67.8299999237 7.804292408279589
68.3400001526 8.753869057385906
68.9600000381 8.674728158084237
69.5499999523 8.49432080415989
70.9200000763 3.524356704990218
71.5699999332 6.591872761310424
72.2000000477 8.327846039514789
72.7100000381 9.267612487072952
73.25 9.402296236197847
73.6700000763 9.418500175158341
74.8400001526 4.33674546945556
75.2899999619 7.778824107169794
75.8299999237 7.705976462122615
77.2400000095 3.2774901779088297
78.2899999619 4.99841637235227
79.2899999619 4.628938087300594
80.370000124 4.24708012501052
81.0599999428 4.336282513850048
82.3199999332 4.439828501380953
83.3800001144 4.84605963998538
84.8800001144 2.7111797448518513
86.3900001049 2.5294116627529104
87.5399999619 4.112996950432496
88.7599999905 3.6378897458907447
91.9100000858 1.6416016804420501
92.7200000286 5.65607242440081
93.5699999332 5.310665471887097
94.7000000477 4.0824685417819735
96.4200000763 2.558838281110902
97.9700000286 2.994850991454035
99.3600001335 2.840968248597527
101.860000134 2.037799556653328
107.00999999 0.8282441783891438
109.340000153 2.042358730319115
110.49000001 3.907506248732282
111.539999962 4.276848213267999
112.549999952 4.9258050376488915
113.299999952 6.207950168349273
113.960000038 6.756500689796078
114.75 6.2248929992282385
115.75 4.860784312128846
116.289999962 8.626985337809334
116.829999924 9.176126351711407
117.340000153 9.779304237481877
117.829999924 9.74254592180319
118.480000019 8.51854991958558
120.269999981 2.4667797597724843
122.210000038 1.7801545844826614
122.799999952 2.6633573039585308
125.660000086 2.003987597626026
126.430000067 6.3534743995491985
127.079999924 7.854999556595811
127.340000153 8.836562020232027
127.549999952 8.68426520534661
127.870000124 8.703200536803449
129.25999999 11.411599011289532
129.779999971 12.021196466977086
130.230000019 8.953612924893875
130.880000114 8.701756772754047
131.390000105 9.229937063299621
132.100000143 8.850396170724341
132.590000153 8.17838798176944
133.039999962 9.783551315023981
133.5 12.70761230353643
133.970000029 12.147252057264089
134.539999962 9.274666340269576
135.00999999 9.560146470573978
135.539999962 10.624552377096789
136.100000143 8.947109759608797
136.880000114 6.5914717966585705
137.420000076 8.195698946549353
138.069999933 7.922707583538712
138.690000057 7.320196729942144
139.440000057 6.488302135521809
140.029999971 6.323577196697754
140.850000143 6.481224289742434
141.840000153 3.0270147024607077
143.420000076 2.3690670880192055
145.470000029 2.2034251451634166
149.029999971 1.3750344142641384
151.370000124 1.8759272052351552
152.799999952 3.1485872205053793
153.630000114 3.5328296230227916
155.480000019 2.743884889113441
157.329999924 2.6578730750673065
159.460000038 1.8789168074574054
162.850000143 1.0923858154227017
169.090000153 0.7080687624771735
171.720000029 1.7195907412372577
173.450000048 3.0623150613787904
174.549999952 4.046483654852541
175.640000105 4.067062401581732
176.600000143 4.894242633338901
177.460000038 5.453482110921566
178.299999952 5.772110431343103
179.0 6.093876893254559
179.700000048 7.920005408174646
180.319999933 7.94893124639998
180.950000048 7.99956009305393
181.910000086 4.735825545700892
182.559999943 7.290428093112589
183.299999952 7.000637112800186
183.980000019 6.864159666002355
184.559999943 8.068305625392611
185.230000019 7.388723765816015
186.0 6.570389524739688
186.819999933 5.373992247722584
187.809999943 4.49195159886281
189.100000143 3.440410138961536
190.079999924 4.323938920338713
191.150000095 4.886407469214583
191.900000095 6.394796995557932
192.400000095 7.842999908450239
192.660000086 7.850710192495184
193.910000086 4.8109606853525255
194.539999962 7.537424426024282
195.24000001 7.206897282932291
195.539999962 6.985091882668342
195.769999981 6.877471773370885
196.25 5.0711562183091425
198.140000105 7.142631113328213
198.940000057 7.355746280078979
199.410000086 8.25592880089078
200.24000001 6.648667383275583
201.150000095 4.750040781368693
201.950000048 7.769239820332187
202.50999999 6.920174446105771
203.130000114 6.796207402041593
203.890000105 6.836733295930946
205.529999971 3.0428664621750974
206.579999924 4.70552924615508
207.420000076 4.929247841000705
208.25999999 6.184652652083957
209.0 6.426025233176859
209.720000029 7.154667171679687
210.470000029 5.5800503465792355
211.329999924 5.740342961969225
212.0 6.7154300465765395
212.529999971 9.883343950597366
212.930000067 9.928418974428386
213.710000038 6.879194202265024
214.190000057 7.0734903150630775
214.75999999 7.229318124269431
215.579999924 5.9859716443632305
216.319999933 7.224154969758717
216.890000105 8.78435223663888
217.430000067 9.389284760714368
217.789999962 9.533444644434038
218.480000019 8.06159814992974
219.230000019 7.095752471343824
219.960000038 6.043403823040822
220.809999943 4.732232623335935
221.720000029 5.323595806544367
222.519999981 5.805143211546681
223.410000086 6.227469061395141
224.120000124 6.569815950152486
224.819999933 6.580044048105089
225.579999924 6.356636453186342
226.410000086 5.692538860983116
227.470000029 4.523279085426432
228.430000067 4.246604106787803
229.75 3.9567962241793198
230.579999924 5.651614617529102
231.430000067 5.612423460513824
232.279999971 5.423082551016263
233.049999952 6.043098212856786
233.799999952 6.861480717588497
234.430000067 7.479047826224399
235.039999962 7.5482781143873385
235.860000134 5.991134847662222
236.610000134 6.679896016825591
237.269999981 6.874152627815917
237.930000067 7.172887500273739
238.5 8.662850899595552
239.029999971 8.64787784070703
239.650000095 9.120050581850178
240.230000019 8.478931239066384
240.74000001 7.767947277739292
241.0 7.805330364789306
241.809999943 7.758094643682248
242.5 6.730286719785957
243.350000143 5.815419112478464
243.730000019 5.006379847633015
244.029999971 4.879729972519919
244.549999952 5.802133691202299
246.420000076 6.940576484950754
247.25 6.998863711228272
248.029999971 4.606568968612972
248.960000038 5.811604942943118
249.610000134 6.9678594645874545
250.680000067 5.581168197475327
