0.0 10.338119758631292
7.25999999046 10.244106266074292
10.3099999428 10.527520015845292
11.7100000381 10.98569898212429
14.3199999332 10.709308170826292
16.6699998379 10.46278777646329
18.1599998474 10.834872724347292
20.7000000477 10.608701468644291
23.0799999237 10.652574921825291
25.2599999905 10.700497496781292
28.2100000381 10.404678489746292
31.0899999142 10.539701112548292
35.4500000477 10.307370445344292
40.0399999619 10.317025624953292
44.4400000572 10.26216790573029
47.6800000668 10.448939556472292
50.2699999809 10.500108447156292
53.5199999809 10.431877656277292
56.0 10.41761459223929
59.0199999809 10.51984777744329
61.2699999809 10.406390469671292
63.9500000477 10.432218250260291
68.379999876 10.310239424180292
70.8999998569 10.63763266641429
