0.0 7.258979226454281
0.549999952316 8.61657999024319
0.879999876022 8.076316594140705
1.34999990463 7.786726177206529
1.74000000954 7.704729265362558
2.26999998093 7.670927140802267
2.6099998951 7.712714982864772
2.99000000954 7.457349210336232
3.44999980927 7.5292896017998325
3.9399998188 7.005085723869031
4.4399998188 6.586882878799647
4.86999988556 6.665070024490683
5.36999988556 7.032693775942651
5.82999992371 7.259940459448515
6.27999997139 7.778867535865159
6.65999984741 7.742052122972245
7.09999990463 7.564434597772633
7.5 7.594163365646056
7.91999983788 7.91661149515706
8.24000000954 8.160303785883634
8.67999982834 8.187528264776033
8.96999979019 8.29040295268748
9.31999993324 8.220985425766544
9.73000001907 8.282560877050445
10.1699998379 8.10863061805043
10.5799999237 8.11183800414327
10.9800000191 8.203331144727652
11.2599999905 8.287999569815462
11.6999998093 8.256134940542903
12.2799999714 5.813255792952186
12.7699999809 5.866440991996718
13.2199997902 5.959520846256999
13.75 5.993376499450563
14.1599998474 7.889983026661864
14.6399998665 7.816324724789991
15.0499999523 7.693489889708798
15.4599997997 7.655674354992945
15.9199998379 7.0629281327295415
16.3899998665 6.47066363952656
16.879999876 6.617145830195612
17.2899999619 7.004388595275638
17.7999999523 7.015438832704902
18.2300000191 7.595919642368671
18.6599998474 7.536192196817503
19.1099998951 6.89590735278039
19.5599999428 6.9307377393772045
20.0999999046 6.015641698992223
20.6199998856 5.845602421980829
21.0599999428 6.611105211873851
21.5399999619 6.742032273410931
22.0599999428 6.255390643212295
22.5399999619 6.121147781637425
23.0499999523 5.7807362345029185
23.5799999237 5.642453107181233
24.0 7.10326842951844
24.4800000191 7.577297303935581
24.9399998188 6.949787801243533
25.3299999237 6.529203062891689
25.5399999619 6.613026683477801
26.1999998093 5.941042017442471
26.7199997902 5.810037691629489
27.2599999905 5.8676890264957855
27.5 5.938608923128289
27.6999998093 5.815885863637721
27.9900000095 6.048042058745522
29.3999998569 5.924224949525283
30.0199999809 5.8837094709523905
30.4399998188 5.939198972306161
30.9900000095 6.468972516446842
31.4199998379 6.977439187203406
31.9599997997 7.364770403479573
32.2999999523 7.83562677540828
32.6699998379 7.807333108286917
33.1099998951 7.825385260296973
33.5599999428 7.78996927837111
34.0799999237 6.26816273949941
34.5499999523 5.836344386527432
35.0999999046 6.223622810569672
35.5899999142 6.402610807208588
36.4699997902 3.4714794439528593
37.6099998951 2.1296189220708044
39.3399999142 1.6341771193464063
40.6699998379 1.9341869143573498
42.7999999523 1.2757367016413494
44.5899999142 1.1228887771798792
48.9299998283 0.6737673577950214
50.7300000191 0.9793742413097316
52.4699997902 1.2967327803117248
54.8899998665 1.1233001017811424
57.1899998188 1.3127205548097391
58.0299999714 3.3933983682631648
58.6599998474 4.691942167635058
59.0199999809 5.70550695024375
59.7599999905 5.228393146611675
60.3199999332 6.036365823387811
60.7999999523 6.065563010009058
61.25 5.975848300637447
61.7899999619 5.9257311664879255
62.3199999332 5.58504416493537
62.9599997997 5.57899140906745
63.4900000095 5.625535887460536
64.0299999714 5.365658226977043
64.6099998951 5.236060774562874
65.1999998093 5.098098625075539
65.8099999428 5.0638844998310315
66.379999876 4.6843695879833405
67.0999999046 4.717854731699624
67.7199997902 4.763542826569269
68.4399998188 4.079113554148287
69.0299999714 4.972745939658682
69.5399999619 5.981093385652275
70.0599999428 6.308068726035183
70.5299999714 6.572436585561312
71.0 6.2585129339118
71.5299999714 5.986060691254321
72.0899999142 5.612803344417316
72.6199998856 5.4316391809333044
73.2199997902 4.785599822764219
73.8499999046 4.608003370872165
74.4599997997 4.511535353890622
75.0799999237 5.434653309758248
75.5899999142 6.219125514076284
76.0599999428 5.175378805753364
76.3199999332 4.767530864844958
77.1899998188 4.318680543439853
77.9299998283 3.8226288048054062
78.7799999714 3.466922143757933
79.1499998569 3.1928004963092045
79.4499998093 3.1114989370419557
79.9399998188 2.9629296954447675
82.4900000095 2.320782826796611
83.8099999428 2.5849739970783503
84.4599997997 3.416353391157039
85.4399998188 3.333389009046378
86.1399998665 3.922639941063707
87.0099999905 4.231224779581847
87.6199998856 3.8338056932323545
88.1699998379 4.681020067090203
88.8199999332 5.010498476013477
89.3099999428 6.832970595524271
89.7999999523 6.800956572359917
90.2999999523 5.420486924103621
90.9199998379 5.317726862707723
91.5499999523 4.745324210930174
92.2599999905 4.457695195070723
92.8599998951 4.424029784547864
93.4900000095 4.963281436820124
94.1499998569 4.149525341648825
94.9499998093 3.629838744605807
95.5199999809 3.9359469403913128
96.3399999142 3.930464050073999
96.8499999046 3.901366095390804
97.5099999905 3.7355003952223735
98.3199999332 3.6503336640795876
99.129999876 4.042958683506263
99.7699999809 4.587484688159436
100.399999857 4.771168208001264
100.819999933 4.8009753605613135
101.579999924 4.342751514042584
102.2099998 5.33155474795936
102.699999809 5.764542513235619
103.139999866 6.178993285349189
103.659999847 6.205907580992256
104.309999943 4.462019126391247
105.179999828 3.888171762071219
105.939999819 3.6478733450486085
106.639999866 4.0957857799130455
107.909999847 2.1768889418362485
108.439999819 5.670918695315816
108.96999979 6.170873204440992
109.359999895 7.2799710973900895
109.859999895 7.237879576181086
110.289999962 7.37446425919938
110.730000019 7.363442805490411
111.230000019 6.1034681215274365
111.730000019 6.220337121086996
112.299999952 5.677261853424473
112.829999924 5.672102806716311
113.24000001 7.266075387656866
113.689999819 7.246283994682907
114.169999838 6.86489024433271
114.609999895 6.868497220081346
115.039999962 7.15073730741886
115.46999979 7.3401823606748025
115.889999866 7.168635930403359
116.429999828 6.378252455847905
116.909999847 6.555727668192507
117.25999999 7.583920480750338
117.4599998 7.592734340291992
118.179999828 6.226563445261887
118.609999895 7.275325789805432
119.069999933 7.129557634352074
119.279999971 7.242206003827264
119.4599998 7.071588493269001
119.71999979 7.198283186486261
121.069999933 6.592666260195962
121.629999876 6.653308600073942
122.00999999 6.725573749133324
122.539999962 6.73542905030202
122.980000019 6.7388942577331274
123.559999943 6.75103953650796
123.939999819 6.735418906253131
124.349999905 6.822180665601325
124.839999914 6.8956365165126625
125.369999886 6.291898263290753
125.899999857 6.239409699413757
126.339999914 6.249683224102742
126.879999876 6.265206036465913
127.359999895 6.618802860435925
127.869999886 6.553556659091248
128.269999981 7.078447655287369
128.74000001 7.064141304263016
129.189999819 6.618377011395307
129.669999838 6.583712620961996
130.039999962 6.834622665437832
130.529999971 7.0207551951036296
130.859999895 6.996120635181204
131.269999981 6.759476905631068
131.74000001 6.763021284630546
132.279999971 6.45788031326175
132.769999981 6.485352719050924
133.21999979 7.005599600165138
133.529999971 7.125429494414981
134.029999971 7.093863516868045
134.519999981 7.203703743433005
134.929999828 7.259720727598411
135.309999943 7.393846202486059
135.75999999 7.353218226215751
136.2099998 6.961749729417043
136.74000001 6.941895703054637
137.189999819 6.766055492054925
137.639999866 6.751295241630715
138.109999895 6.892508955256988
138.559999943 6.9711569597091465
139.049999952 6.700695651280126
139.480000019 6.454625536928757
140.019999981 6.653656112645091
140.4599998 7.105172025015184
140.919999838 7.021424970257311
141.359999895 7.112018409414494
141.789999962 7.1704174306508905
142.269999981 7.041565089519284
142.71999979 7.018025506616926
143.129999876 7.243649229062752
143.579999924 7.286653264842662
144.059999943 6.8825377770907465
144.50999999 6.526969734011276
144.96999979 6.705027393942218
145.399999857 7.170956254364856
145.819999933 7.168635930403359
146.319999933 7.165691030631958
146.75999999 7.185373828406158
147.139999866 6.9675594522860065
147.339999914 6.949282277554468
147.919999838 6.931215687022209
148.379999876 6.705097552227789
148.869999886 6.663807638141643
149.149999857 4.815088316048507
149.369999886 4.750380056557956
149.699999809 4.769594143886699
151.139999866 5.497943080458625
151.949999809 4.374019800881136
152.409999847 5.174905270787424
153.089999914 4.997253811512662
153.669999838 4.837120418130548
154.75999999 3.3281677875341447
