0.0 2.9181341363808317
3.0 3.286274053253799
3.97000002861 5.850081685202351
4.96000003815 8.611338751865961
6.10000014305 5.914602514738863
7.33000016212 7.634049681978005
8.27999997139 6.00945639579643
9.43000006676 5.3717475840481335
10.7699999809 5.838518094674096
12.620000124 4.114179067988501
14.6900000572 3.6246926176173475
15.9200000763 5.106410879869592
17.4200000763 5.218240317460971
19.2000000477 3.9625583815291345
21.9200000763 2.7402207485200414
23.8500001431 3.1781471391029448
26.7999999523 2.452294830503364
29.620000124 2.2775476798714336
31.7100000381 3.3920742195318168
33.5299999714 2.867236151927334
35.5199999809 3.9335631624793743
36.6300001144 4.293838953742844
38.0800001621 4.110037998298161
39.8400001526 4.136330297033091
41.7100000381 4.239309119430664
43.3200001717 4.391133697510351
44.9400000572 4.381690069187622
45.9200000763 4.669777900698008
47.9600000381 3.9403954105051846
49.8099999428 4.216823005782585
51.2599999905 4.49755034466741
53.4300000668 2.7546968960613794
57.6700000763 1.6548694024246349
59.3400001526 4.148385581805599
61.4400000572 3.982315094757044
63.7599999905 2.9004787811065356
66.0299999714 2.9743714736001894
69.2899999619 2.1245841950278885
71.4100000858 3.2514635048989162
74.1500000954 2.630884468802773
77.9400000572 1.5751352356253001
80.2599999905 3.497835631088864
82.2999999523 3.403218430059198
84.4700000286 3.245545752831231
86.2999999523 3.7675837561720296
87.7999999523 4.6154738124053125
91.3400001526 2.0725712867939476
93.2100000381 3.692045345854487
94.6600000858 4.550425013707169
95.9700000286 5.62665733968249
97.7100000381 4.254317166797744
98.9300000668 5.507934948253108
100.25999999 5.248380775120923
101.470000029 5.8058047349985
104.019999981 2.5030524784445554
105.330000162 6.26802107958167
106.610000134 5.642873501384153
107.460000038 6.830958657723831
107.870000124 6.599333697503743
109.590000153 5.442022385888552
111.070000172 4.664887608746313
112.870000124 4.066192987896669
113.330000162 6.280056714790709
113.630000114 7.901215775044884
114.110000134 8.012706746744726
116.700000048 6.156406812504458
118.180000067 5.968558519287194
119.080000162 6.225179401140651
120.289999962 6.849232067762262
121.320000172 6.681073682954952
122.580000162 7.406264738344449
123.460000038 6.478708658432904
124.360000134 7.079412022545939
125.74000001 5.697005928195956
127.019999981 6.143470094763722
128.450000048 5.33378681289452
129.309999943 7.632598272849812
130.559999943 6.310221996254833
131.539999962 7.5141185994613995
132.779999971 6.305635278190517
133.610000134 7.849125168583668
134.670000076 7.2001398734939945
135.49000001 8.571517616791056
136.50999999 7.211781727411156
137.210000038 8.21180237870945
138.25999999 7.768991693038663
138.890000105 8.136542857962217
139.580000162 9.28183581282511
140.799999952 6.085001459202898
141.670000076 9.792749081318046
142.779999971 6.5394378547953345
143.650000095 8.538389634201208
144.309999943 7.315708895925005
145.380000114 7.872674661555142
146.25999999 9.373090124251632
147.0 9.420450411844655
147.940000057 7.596507685388993
148.789999962 9.046183334207724
149.630000114 8.632828959774574
150.660000086 8.55127230562782
151.430000067 9.597869607032047
152.200000048 9.397100518218108
153.150000095 7.828066329753037
154.450000048 5.459446579753239
155.470000029 7.494895495373398
156.340000153 7.445543094568428
157.519999981 7.140475865127351
158.700000048 6.103188771270514
159.809999943 6.661571114081633
160.850000143 6.909230316874159
162.299999952 4.809917276789465
163.620000124 5.799489548637103
165.420000076 3.8066782710636287
168.529999971 2.042090267296421
170.809999943 3.1256351416500956
171.840000153 7.44166424711293
172.779999971 7.296225515885462
173.769999981 7.262910769641705
174.840000153 6.620861757840255
175.700000048 7.948574970543815
176.720000029 8.250623399314112
177.690000057 7.577389360029084
178.400000095 8.35879057792314
178.690000057 10.832239654980931
179.730000019 9.284124597240876
180.590000153 8.493270502320227
181.430000067 9.236917759471138
181.75 9.872462038944803
182.019999981 9.631067749461046
182.440000057 9.27150055588949
184.820000172 6.285492761835387
186.480000019 5.274007591869361
187.539999962 5.226315211512057
189.690000057 3.748070518096659
190.720000029 6.588577455200691
192.180000067 6.3598451962372105
193.559999943 3.9907639059735533
195.360000134 3.362931156964344
198.049999952 2.8035669804305265
199.340000153 6.071676621191062
200.460000038 6.928209939983552
201.570000172 5.662653870733714
202.769999981 6.64054047620039
203.789999962 7.158993767689195
204.880000114 7.203729771191807
205.910000086 6.224012807094861
206.930000067 7.501756903609247
207.870000124 7.368855216318827
208.799999952 8.035985353406376
209.50999999 8.064685398020758
210.400000095 9.365626577325127
210.99000001 8.74350270822645
211.75 8.412540011639877
212.640000105 8.546350364051127
213.470000029 10.272393934301673
214.49000001 7.2018378099437745
215.25999999 9.752794024943093
215.779999971 9.736983707835197
216.870000124 7.629108878607983
217.99000001 7.189069124409575
219.059999943 6.231990272481463
220.039999962 6.4172972685334
222.25 3.2356518146349385
223.930000067 4.127314416949801
225.640000105 4.909063731030334
226.74000001 6.427230095027055
228.160000086 4.832794552203617
228.809999943 12.115872031105747
230.730000019 3.608786722221484
231.75 7.789307776319075
232.420000076 10.206544136618229
233.350000143 9.317763823988678
234.25 8.157653055544525
235.320000172 6.858699238878078
237.880000114 2.6476977491688896
242.279999971 1.522296625844313
244.529999971 3.316692720000113
246.730000019 3.104634404543293
247.920000076 5.60084246668275
249.039999962 6.66863092113478
250.970000029 3.8223832186405104
253.340000153 2.716440884368367
254.799999952 4.761775935070267
255.920000076 6.324885430474983
257.170000076 5.278457817263412
258.420000076 6.549243768247084
259.720000029 5.534898384484287
260.559999943 6.9133696871015164
260.960000038 7.009096247310176
262.610000134 5.662361338531234
263.650000095 6.888384993370958
265.370000124 4.26625168348905
265.860000134 7.639019807169182
266.160000086 8.057675493390073
266.620000124 8.316711880755966
271.960000038 5.478888296579555
273.480000019 6.220624339133992
274.170000076 8.513693919570281
275.570000172 5.849952009268196
276.809999943 5.436444842196135
278.360000134 5.9708237375115525
279.309999943 6.059004328371943
281.420000076 2.798837311237233
283.450000048 3.7734182196474446
284.680000067 6.403053338194509
285.720000029 7.505560768331189
286.769999981 6.086755584681269
288.110000134 5.900335884219192
289.5 5.1666846493909775
291.24000001 4.363377024226245
292.309999943 5.999897119604523
293.360000134 7.28272750494862
294.360000134 6.870518001034703
295.299999952 7.950798229502227
296.029999971 7.6533490485128315
297.170000076 7.200163784876477
297.890000105 6.840342812760706
299.710000038 3.2378497021480754
302.860000134 2.2407943180321945
304.680000067 4.371864239550974
306.220000029 4.60917619835273
307.860000134 4.29955108275673
308.850000143 4.62780236900672
310.580000162 4.647031669530793
