3000.8996623934277	400	0.5	0.1546938471723484	181435	154.693847172	-2.6938769434469685
3001.056743946271	400	0.8429184471565627	0.0	184429	157.081552843	0.4
3001.2944962964284	600	1.1051660969988315	0.0	285584	237.752350158	0.39999999999999997
3001.6166565142994	800	1.2830058791277676	0.0	391425	322.160217871	0.6000000000000001
3001.9388167321704	800	1.4608456612567038	0.0	391425	322.160217871	0.8
3002.339730564847	1000	1.5599318285807977	0.0	490176	400.913832676	0.8
3002.759156692694	1000	1.6405057007335533	0.0	513389	419.426127847	1.0
3003.1655565064357	1000	1.7341058869917083	0.0	497055	406.399813742	1.0
3003.58082673372	1000	1.8188356597075586	0.0	520019	415.270227284	1.0
3004.02021566606	1000	1.8794467273677717	0.0	551265	439.38893234	1.0
3004.46534042154	1000	1.9343219718876625	0.0	558332	445.12475548	1.0
3004.8983965356674	1000	2.0012658577600595	0.0	536970	433.056114128	1.0
3005.2101658488764	200	2.1894965445512673	0.0	383025	311.769313209	-0.6000000000000001
3005.521935162085	200	2.3777272313424747	0.0	383025	311.769313209	0.2
3005.833704475294	200	2.5659579181336825	0.0	383025	311.769313209	0.2
3006.145473788503	200	2.7541886049248907	0.0	383025	311.769313209	0.2
3006.460542612619	200	2.9391197808081353	0.0	383025	315.068824117	0.2
3006.7765986239274	200	3.123063769500275	0.0	383025	316.056011308	0.2
3007.0926546352352	200	3.307007758192415	0.0	383025	316.056011308	0.2
3007.408710646543	200	3.490951746884555	0.0	383025	316.056011308	0.2
3007.724766657851	200	3.6748957355766954	0.0	383025	316.056011308	0.2
3008.037060779539	200	3.86260161388905	0.0	383025	312.294121688	0.2
3008.343968505977	200	4.055693887450779	0.0	383025	306.907726438	0.2
3008.6508762324156	200	4.248786161012509	0.0	383025	306.907726438	0.2
3008.9577839588537	200	4.441878434574239	0.0	383025	306.907726438	0.2
3009.264691685292	200	4.634970708135969	0.0	383025	306.907726438	0.2
3009.5715994117304	200	4.828062981697698	0.0	383025	306.907726438	0.2
3009.877742159684	200	5.021920233743891	0.0	383025	306.142747954	0.2
3010.18371727038	200	5.215945123048288	0.0	383025	305.975110696	0.2
3010.4896923810757	200	5.409970012352684	0.0	383025	305.975110696	0.2
3010.7979986802125	200	5.601663713215814	0.0	383025	308.306299137	0.2
3011.108877688992	200	5.790784704436651	0.0	383025	310.879008779	0.2
3011.419756697771	200	5.979905695657488	0.0	383025	310.879008779	0.2
3011.7306357065504	200	6.169026686878325	0.0	383025	310.879008779	0.2
3012.048314047106	200	6.351348346322917	0.0	383025	317.678340555	0.2
3012.380382650494	200	6.519279742934785	0.0	383025	332.068603388	0.2
3012.712451253882	200	6.687211139546653	0.0	383025	332.068603388	0.2
3013.04451985727	200	6.855142536158521	0.0	383025	332.068603388	0.2
3013.3765884606582	200	7.023073932770389	0.0	383025	332.068603388	0.2
3013.7086570640463	200	7.191005329382256	0.0	383025	332.068603388	0.2
3014.0407256674343	200	7.358936725994124	0.0	383025	332.068603388	0.2
3014.3727942708224	200	7.526868122605992	0.0	383025	332.068603388	0.2
3014.7048628742104	200	7.69479951921786	0.0	383025	332.068603388	0.2
3015.0369314775985	200	7.8627309158297285	0.0	383025	332.068603388	0.2
3015.3690000809866	200	8.030662312441596	0.0	383025	332.068603388	0.2
3015.7010686843746	200	8.198593709053464	0.0	383025	332.068603388	0.2
3016.0331372877627	200	8.366525105665332	0.0	383025	332.068603388	0.2
3016.3652058911507	200	8.5344565022772	0.0	383025	332.068603388	0.2
3016.6972744945388	200	8.702387898889068	0.0	383025	332.068603388	0.2
3017.0291365352064	200	8.87052585822136	0.0	383025	331.862040668	0.2
3017.3608443115068	200	9.038818081920548	0.0	383025	331.707776301	0.2
3017.6925520878076	200	9.207110305619738	0.0	383025	331.707776301	0.2
3018.024259864108	200	9.375402529318926	0.0	383025	331.707776301	0.2
3018.355967640409	200	9.543694753018116	0.0	383025	331.707776301	0.2
3018.687675416709	200	9.711986976717304	0.0	383025	331.707776301	0.2
3019.01938319301	200	9.880279200416494	0.0	383025	331.707776301	0.2
3019.8510909693105	200	9.548571424115682	0.0	383025	331.707776301	0.2
3020.1827987456113	200	9.71686364781487	0.0	383025	331.707776301	0.2
3020.5145065219117	200	9.88515587151406	0.0	383025	331.707776301	0.2
3021.3462142982125	200	9.553448095213248	0.0	383025	331.707776301	0.2
3021.67730300386	200	9.722359389565769	0.0	383025	331.08870564748014	0.2
3022.0073909818243	200	9.892271411601282	0.0	383025	330.087977964	0.2
3022.8374789597888	200	9.562183433636793	0.0	383025	330.087977964	0.2
3023.167566937753	200	9.732095455672306	0.0	383025	330.087977964	0.2
3023.4976549157172	200	9.90200747770782	0.0	383025	330.087977964	0.2
3024.3277428936817	200	9.571919499743332	0.0	383025	330.087977964	0.2
3024.657830871646	200	9.741831521778844	0.0	383025	330.087977964	0.2
3024.9879188496107	200	9.911743543814357	0.0	383025	330.087977964	0.2
3025.5710449944977	200	9.58165556584987	0.0	383025	330.087977964	0.2
3025.8952586142677	200	9.757441946079625	0.0	383025	324.21361977	0.2
3026.2194722340378	200	9.933228326309381	0.0	383025	324.21361977	0.2
3027.043685853808	200	9.609014706539137	0.0	383025	324.21361977	0.2
3027.367899473578	200	9.784801086768894	0.0	383025	324.21361977	0.2
3027.6910731819244	200	9.961627378422206	0.0	383025	323.1737083466879	0.2
3028.5124232099615	200	9.64027735038489	0.0	383025	321.350028037	0.2
3028.8337732379987	200	9.818927322347573	0.0	383025	321.350028037	0.2
3029.155123266036	200	9.997577294310258	0.0	383025	321.350028037	0.2
3029.976473294073	200	9.676227266272942	0.0	383025	321.350028037	0.2
3030.300063436862	200	9.852637123483925	0.0	383025	323.5901427890181	0.2
3031.123998405159	200	9.528702155186426	0.0	383025	323.934968297	0.2
3031.447933373456	200	9.70476718688893	0.0	383025	323.934968297	0.2
3031.771868341754	200	9.880832218591433	0.0	383025	323.934968297	0.2
3032.13359988783	200	9.556897250293936	0.0	383025	323.934968297	0.2
3032.4565255661073	200	9.733971572016463	0.0	383025	322.925678277	0.2
3032.7794512443843	200	9.911045893738988	0.0	383025	322.925678277	0.2
3033.6023769226617	200	9.588120215461515	0.0	383025	322.925678277	0.2
3033.925302600939	200	9.76519453718404	0.0	383025	322.925678277	0.2
3034.2482282792166	200	9.942268858906568	0.0	383025	322.925678277	0.2
3034.946504643137	200	9.619343180629095	0.0	383025	322.925678277	0.2
3035.265718579873	200	9.800129243893307	0.0	383025	319.213936736	0.2
3035.5849325166087	200	9.98091530715752	0.0	383025	319.213936736	0.2
3035.947138958695	200	9.661701370421733	0.0	383025	319.213936736	0.2
3036.266317202772	200	9.842523126344956	0.0	383025	319.178244077	0.2
3037.0854954468487	200	9.523344882268177	0.0	383025	319.178244077	0.2
3037.4046736909254	200	9.7041666381914	0.0	383025	319.178244077	0.2
3037.723851935002	200	9.88498839411462	0.0	383025	319.178244077	0.2
3038.543164284129	200	9.56567604498734	0.0	383025	319.31234912727956	0.2
3038.867009715056	200	9.74183061406028	0.0	383025	323.845430927	0.2
3039.190855145983	200	9.91798518313322	0.0	383025	323.845430927	0.2
3040.01470057691	200	9.594139752206159	0.0	383025	323.845430927	0.2
3040.3385460078366	200	9.7702943212791	0.0	383025	323.845430927	0.2
3040.6588087562636	200	9.950031572852536	0.0	383025	320.2627484265636	0.2
3041.478300147375	200	9.630540181740766	0.0	383025	319.491391112	0.2
3041.7977915384868	200	9.811048790628995	0.0	383025	319.491391112	0.2
3042.1172829295983	200	9.991557399517223	0.0	383025	319.491391112	0.2
3042.8994021213766	200	9.672066008405453	0.0	383025	319.491391112	0.2
3043.211130926643	200	9.860337203139242	0.0	383025	311.728805266	0.2
3043.9389452861087	200	9.548608397873029	0.0	383025	311.728805266	0.2
3044.2484691483746	200	9.739084535606844	0.0	383025	309.523862266	0.2
3044.5579930106405	200	9.929560673340658	0.0	383025	309.523862266	0.2
3045.1321738232045	200	9.620036811074472	0.0	383025	309.523862266	0.2
3045.4544328519323	200	9.79777778234632	0.0	383025	322.259028728	0.2
3045.7766918806606	200	9.975518753618164	0.0	383025	322.259028728	0.2
3046.2803849648712	200	9.65325972489001	0.0	383025	322.259028728	0.2
3046.598959234582	200	9.834685455179246	0.0	383025	318.574269711	0.2
3047.4175335042924	200	9.516111185468482	0.0	383025	318.574269711	0.2
3047.736107774003	200	9.697536915757718	0.0	383025	318.574269711	0.2
3048.046350332285	200	9.887294357475717	0.0	383025	310.2425582820013	0.2
3048.8556004807638	200	9.578044208996888	0.0	383025	309.250148479	0.2
3049.1648506292427	200	9.768794060518058	0.0	383025	309.250148479	0.2

