655.4429036859115	400	0.5	0.16834141983403653	181435	168.341419834	-2.9668283966807305
655.613858020624	400	0.8290456652874498	0.0	184429	170.954334713	0.4
655.8730920495705	600	1.0698116363410863	0.0	285584	259.234028946	0.39999999999999997
656.224695324895	800	1.2182083610163819	0.0	391425	351.603275325	0.6000000000000001
656.5762986002197	800	1.3666050856916772	0.0	391425	351.603275325	0.8
656.9265613821399	800	1.516342303771581	0.0	389889	350.26278192	0.8
657.3676294243387	1000	1.5752742615727533	0.0	513389	441.068042199	0.8
657.7897626176991	1000	1.6531410682123597	0.0	497055	422.13319336	1.0
658.2093494469079	1000	1.7335542390034535	0.0	520019	419.586829209	1.0
658.6479443267681	1000	1.794959359143443	0.0	551265	438.59487986	1.0
659.0901506085704	1000	1.8527530773410843	0.0	558332	442.206281802	1.0
659.5147617031209	1000	1.9281419827906001	0.0	536970	424.61109455	1.0
659.9379942803427	1000	2.0049094055689176	0.0	536970	423.232577222	1.0
660.2426537689721	200	2.200249916939416	0.0	383025	304.65948863	-0.6000000000000001
660.5437245236085	200	2.3991791623031404	0.0	383025	301.070754636	0.2
660.841172297861	200	2.6017313880505326	0.0	383025	297.447774253	0.2
661.1290995520465	200	2.8138041338650646	0.0	383025	287.927254185	0.2
661.4210585043569	200	3.0218451815546654	0.0	383025	291.95895231	0.2
661.7163351288806	200	3.226568557031013	0.0	383025	295.276624524	0.2
662.0157120463899	200	3.4271916395216575	0.0	383025	299.376917509	0.2
662.3244260295418	200	3.618477656369774	0.0	383025	308.713983152	0.2
662.6331400126936	200	3.8097636732178906	0.0	383025	308.713983152	0.2
662.9473659585145	200	3.995537727396964	0.0	383025	314.225945821	0.2
663.2633239310311	200	4.179579754880484	0.0	383025	315.957972516	0.2
663.5790099139451	200	4.363893771966412	0.0	383025	315.685982914	0.2
663.8893144067622	200	4.553589279149254	0.0	383025	310.304492817	0.2
664.1996188995794	200	4.743284786332095	0.0	383025	310.304492817	0.2
664.5104417244554	200	4.932461961456007	0.0	383025	310.822824876	0.2
664.821291692263	200	5.121611993648464	0.0	383025	310.849967808	0.2
665.133644624165	200	5.309259061746523	0.0	383025	312.352931902	0.2
665.4496575143856	200	5.493246171525769	0.0	383025	316.012890221	0.2
665.7656704046063	200	5.677233281305014	0.0	383025	316.012890221	0.2
666.0852046758049	200	5.857699010106459	0.0	383025	319.534271199	0.2
666.4059621199603	200	6.036941565951105	0.0	383025	320.757444155	0.2
666.7267195641158	200	6.2161841217957505	0.0	383025	320.757444155	0.2
667.0496486055533	200	6.393255080358237	0.0	383025	322.929041438	0.2
667.3729728120294	200	6.5699308738821225	0.0	383025	323.324206476	0.2
667.6933744648939	200	6.749529221017736	0.0	383025	320.401652864	0.2
668.0076977632391	200	6.935205922672416	0.0	383025	314.323298345	0.2
668.3220210615845	200	7.120882624327096	0.0	383025	314.323298345	0.2
668.6362255368265	200	7.306678149085069	0.0	383025	314.204475242	0.2
668.9503857895339	200	7.492517896377609	0.0	383025	314.160252707	0.2
669.2679299891423	200	7.674973696769241	0.0	383025	317.544199608	0.2
669.5914485344616	200	7.85145515144989	0.0	383025	323.518545319	0.2
669.914967079781	200	8.02793660613054	0.0	383025	323.518545319	0.2
670.2347200274918	200	8.20818365841976	0.0	383025	319.752947711	0.2
670.5510365237951	200	8.391867162116476	0.0	383025	316.316496303	0.2
670.8691305535673	200	8.57377313234429	0.0	383025	318.094029772	0.2
671.1885981863788	200	8.75430549953283	0.0	383025	319.467632811	0.2
671.5080658191904	200	8.934837866721368	0.0	383025	319.467632811	0.2
671.8236448090162	200	9.11925887689554	0.0	383025	315.578989826	0.2
672.1365354037896	200	9.306368282122078	0.0	383025	312.890594773	0.2
672.4355661718049	200	9.507337514106734	0.0	383025	299.030768015	0.2
672.7337532738397	200	9.709150412071946	0.0	383025	298.187102035	0.2
673.0490267965123	200	9.893876889399312	0.0	383025	315.273522673	0.2
673.7040385534923	200	9.57860336672668	0.0	383025	315.273522673	0.2
674.0278279252448	200	9.754813994974148	0.0	383025	323.789371753	0.2
674.3516172969973	200	9.931024623221614	0.0	383025	323.789371753	0.2
675.1830622552429	200	9.59957966497595	0.0	383025	331.44495824566457	0.2
675.5188499025348	200	9.76379201768407	0.0	383025	335.7876472918809	0.2
675.8641774517492	200	9.91846446846972	0.0	383025	345.327549214	0.2
676.7095050009635	200	9.57313691925537	0.0	383025	345.327549214	0.2
677.0517707874499	200	9.730871132769073	0.0	383025	342.26578648629845	0.2
677.3931575807967	200	9.889484339422244	0.0	383025	341.386793347	0.2
678.2376731463795	200	9.544968773839416	0.0	383025	344.51556558282687	0.2
678.587682690669	200	9.694959229550024	0.0	383025	350.009544289	0.2
678.9376922349584	200	9.844949685260632	0.0	383025	350.009544289	0.2
679.2877017792479	200	9.99494014097124	0.0	383025	350.009544289	0.2
680.1459497264018	200	9.636692193817293	0.0	383025	358.2479471539457	0.2
680.5065933625625	200	9.776048557656614	0.0	383025	360.643636161	0.2
680.8672369987231	200	9.915404921495934	0.0	383025	360.643636161	0.2
681.2314609028825	200	9.554761285335255	0.0	383025	360.643636161	0.2
681.5906893906403	200	9.695532797577567	0.0	383025	359.228487758	0.2
681.949917878398	200	9.83630430981988	0.0	383025	359.228487758	0.2
682.3091463661557	200	9.977075822062192	0.0	383025	359.228487758	0.2
682.748869139743	200	9.617847334304503	0.0	383025	359.228487758	0.2
683.1164777429059	200	9.750238731141561	0.0	383025	367.608603163	0.2
683.4840863460688	200	9.882630127978617	0.0	383025	367.608603163	0.2
684.3516949492317	200	9.515021524815673	0.0	383025	367.608603163	0.2
684.7193035523946	200	9.647412921652728	0.0	383025	367.608603163	0.2
685.0869121555576	200	9.779804318489784	0.0	383025	367.608603163	0.2
685.4542173676369	200	9.912499106410307	0.0	383025	367.3052120794787	0.2
686.3215125327498	200	9.54520394129748	0.0	383025	367.295165113	0.2
686.6888076978627	200	9.677908776184651	0.0	383025	367.295165113	0.2
687.0561028629754	200	9.810613611071824	0.0	383025	367.295165113	0.2
687.4233980280883	200	9.943318445958996	0.0	383025	367.295165113	0.2
688.1130114752889	200	9.576023280846169	0.0	383025	367.295165113	0.2
688.4818775541188	200	9.707157202016282	0.0	383025	368.86607883	0.2
688.8507436329486	200	9.838291123186394	0.0	383025	368.86607883	0.2
689.2196097117785	200	9.969425044356507	0.0	383025	368.86607883	0.2
690.0884757906083	200	9.60055896552662	0.0	383025	368.86607883	0.2
690.4573418694382	200	9.731692886696733	0.0	383025	368.86607883	0.2
690.8244350743653	200	9.864599681769732	0.0	383025	367.0932049269995	0.2
691.6872714272761	200	9.501763328858937	0.0	383025	362.836352911	0.2
692.050107780187	200	9.638926975948142	0.0	383025	362.836352911	0.2
692.4129441330978	200	9.776090623037346	0.0	383025	362.836352911	0.2
692.7757804860087	200	9.91325427012655	0.0	383025	362.836352911	0.2
693.3065405513378	200	9.550417917215755	0.0	383025	362.836352911	0.2
693.6499471371908	200	9.707011331362635	0.0	383025	343.406585853	0.2
693.9933537230439	200	9.863604745509514	0.0	383025	343.406585853	0.2
694.7549037788747	200	9.520198159656394	0.0	383025	343.406585853	0.2
695.0998744343997	200	9.675227504131428	0.0	383025	344.970655525	0.2
695.4448450899247	200	9.830256848606464	0.0	383025	344.970655525	0.2
695.7877609343444	200	9.987341004186709	0.0	383025	342.91584441975397	0.2
696.6271381556511	200	9.647963782880042	0.0	383025	339.377221307	0.2
696.9671927529374	200	9.807909185593692	0.0	383025	340.0545972863516	0.2
697.3090557641433	200	9.966046174387863	0.0	383025	341.863011206	0.2
697.665077222701	200	9.624183163182034	0.0	383025	341.863011206	0.2
697.9845956971419	200	9.804664688741118	0.0	383025	319.518474441	0.2
698.3041141715829	200	9.985146214300205	0.0	383025	319.518474441	0.2
699.1269140574225	200	9.66234632846064	0.0	383025	322.799885839566	0.2
699.458338911792	200	9.830921474090983	0.0	383025	331.4248543696553	0.2
700.2747420936321	200	9.514518292250898	0.0	383025	316.40318184	0.2
700.5987829250296	200	9.690477460853394	0.0	383025	324.04083139750406	0.2
700.9258124440116	200	9.863447941871305	0.0	383025	327.029518982	0.2
701.6847649980385	200	9.536418422889216	0.0	383025	327.029518982	0.2
702.0303032777734	200	9.690880143154317	0.0	383025	345.538279735	0.2
702.3758415575084	200	9.845341863419415	0.0	383025	345.538279735	0.2
702.7240370962697	200	9.99714632465801	0.0	383025	348.19553876140515	0.2
703.580927999679	200	9.64025542124876	0.0	383025	356.890903409	0.2

