5217.271188685724	400	0.5	0.1536304131609592	181435	153.630413161	-2.672608263219184
5217.427189256005	400	0.8439994297193896	0.0	184429	156.000570281	0.4
5217.663267729906	600	1.1079209558187675	0.0	285584	236.078473901	0.39999999999999997
5217.983133712056	800	1.2880549736679783	0.0	391425	319.865982151	0.6000000000000001
5218.302999694207	800	1.4681889915171886	0.0	391425	319.865982151	0.8
5218.701601178361	1000	1.5695875073632148	0.0	490176	398.601484154	0.8
5219.134920031727	1000	1.6362686539971145	0.0	513389	433.318853366	1.0
5219.554770559612	1000	1.7164181261130211	0.0	497055	419.850527884	1.0
5219.993556230533	1000	1.777632455191778	0.0	520019	438.785670921	1.0
5220.458106031368	1000	1.8130826543568106	0.0	551265	464.549800835	1.0
5220.928482981473	1000	1.842705704251527	0.0	558332	470.376950105	1.0
5221.381245729978	1000	1.8899429557469916	0.0	536970	452.762748505	1.0
5221.834008478483	1000	1.9371802072424564	0.0	536970	452.762748505	1.0
5222.286771226988	1000	1.984417458737921	0.0	536970	452.762748505	1.0
5222.739533975493	1000	2.031654710233386	0.0	536970	452.762748505	1.0
5223.065360188774	200	2.205828496951546	0.0	383025	325.826213282	-0.6000000000000001
5223.387071184269	200	2.384117501457488	0.0	383025	321.710995494	0.2
5223.707562650838	200	2.563626034888604	0.0	383025	320.491466569	0.2
5224.028054117407	200	2.7431345683197206	0.0	383025	320.491466569	0.2
5224.3485455839755	200	2.9226431017508365	0.0	383025	320.491466569	0.2
5224.669037050544	200	3.102151635181953	0.0	383025	320.491466569	0.2
5224.989528517113	200	3.281660168613069	0.0	383025	320.491466569	0.2
5225.310019983682	200	3.461168702044185	0.0	383025	320.491466569	0.2
5225.63051145025	200	3.640677235475301	0.0	383025	320.491466569	0.2
5225.949639673207	200	3.8215490125188576	0.0	383025	319.128222956	0.2
5226.268688701464	200	4.002499984262213	0.0	383025	319.049028257	0.2
5226.587737729721	200	4.18345095600557	0.0	383025	319.049028257	0.2
5226.906786757978	200	4.364401927748926	0.0	383025	319.049028257	0.2
5227.225835786235	200	4.545352899492282	0.0	383025	319.049028257	0.2
5227.5448848144915	200	4.726303871235638	0.0	383025	319.049028257	0.2
5227.863933842748	200	4.907254842978995	0.0	383025	319.049028257	0.2
5228.182982871005	200	5.088205814722351	0.0	383025	319.049028257	0.2
5228.502031899262	200	5.269156786465708	0.0	383025	319.049028257	0.2
5228.821080927519	200	5.4501077582090645	0.0	383025	319.049028257	0.2
5229.1395262643455	200	5.631662421383338	0.0	383025	318.445336826	0.2
5229.457836610006	200	5.813352075722	0.0	383025	318.310345661	0.2
5229.776146955667	200	5.995041730060662	0.0	383025	318.310345661	0.2
5230.094457301328	200	6.176731384399324	0.0	383025	318.310345661	0.2
5230.412767646989	200	6.358421038737986	0.0	383025	318.310345661	0.2
5230.73107799265	200	6.540110693076648	0.0	383025	318.310345661	0.2
5231.0562105659255	200	6.714978119800553	0.0	383025	325.132573276	0.2
5231.381728405738	200	6.889460279988895	0.0	383025	325.517839812	0.2
5231.707246245549	200	7.063942440177238	0.0	383025	325.517839812	0.2
5232.032764085361	200	7.23842460036558	0.0	383025	325.517839812	0.2
5232.358281925172	200	7.4129067605539225	0.0	383025	325.517839812	0.2
5232.6837997649845	200	7.5873889207422645	0.0	383025	325.517839812	0.2
5233.009317604796	200	7.761871080930606	0.0	383025	325.517839812	0.2
5233.334835444608	200	7.936353241118949	0.0	383025	325.517839812	0.2
5233.660353284419	200	8.110835401307291	0.0	383025	325.517839812	0.2
5233.985871124231	200	8.285317561495635	0.0	383025	325.517839812	0.2
5234.3085193785455	200	8.462669307181033	0.0	383025	322.648254315	0.2
5234.631152204879	200	8.640036480848034	0.0	383025	322.632826333	0.2
5234.953785031212	200	8.817403654515035	0.0	383025	322.632826333	0.2
5235.276417857544	200	8.994770828182034	0.0	383025	322.632826333	0.2
5235.599050683877	200	9.172138001849035	0.0	383025	322.632826333	0.2
5235.921683510211	200	9.349505175516034	0.0	383025	322.632826333	0.2
5236.244316336543	200	9.526872349183035	0.0	383025	322.632826333	0.2
5236.566949162876	200	9.704239522850035	0.0	383025	322.632826333	0.2
5236.88958198921	200	9.881606696517036	0.0	383025	322.632826333	0.2
5237.556871263119	200	9.558973870184037	0.0	383025	322.632826333	0.2
5237.87931599586	200	9.736529137443027	0.0	383025	322.444732741	0.2
5238.2017607286025	200	9.914084404702018	0.0	383025	322.444732741	0.2
5239.024205461344	200	9.591639671961008	0.0	383025	322.444732741	0.2
5239.346650194085	200	9.76919493922	0.0	383025	322.444732741	0.2
5239.669094926827	200	9.946750206478992	0.0	383025	322.444732741	0.2
5240.491539659568	200	9.624305473737982	0.0	383025	322.444732741	0.2
5240.812518291572	200	9.803326841733623	0.0	383025	320.97863200435904	0.2
5241.133493748511	200	9.982351384794347	0.0	383025	320.975456939	0.2
5241.954469205451	200	9.661375927855067	0.0	383025	320.975456939	0.2
5242.275444662389	200	9.840400470915789	0.0	383025	320.975456939	0.2
5243.096420119328	200	9.51942501397651	0.0	383025	320.975456939	0.2
5243.417395576267	200	9.69844955703723	0.0	383025	320.975456939	0.2
5243.736568953601	200	9.879276179703814	0.0	383025	319.17337733341833	0.2
5244.555652158023	200	9.560192975281717	0.0	383025	319.083204422	0.2
5244.874735362445	200	9.741109770859623	0.0	383025	319.083204422	0.2
5245.193818566867	200	9.922026566437527	0.0	383025	319.083204422	0.2
5245.923588698434	200	9.602943362015433	0.0	383025	319.083204422	0.2
5246.237759610885	200	9.788772449564096	0.0	383025	314.170912451	0.2
5246.5519305233365	200	9.97460153711276	0.0	383025	314.170912451	0.2
5247.366101435788	200	9.660430624661423	0.0	383025	314.170912451	0.2
5247.679841181778	200	9.846690878671202	0.0	383025	313.7397459902201	0.2
5248.486462114498	200	9.540069945951336	0.0	383025	306.62093272	0.2
5248.793083047218	200	9.73344901323147	0.0	383025	306.62093272	0.2
5249.099703979938	200	9.926828080511603	0.0	383025	306.62093272	0.2
5249.913090698559	200	9.6134413618897	0.0	383025	313.38671862190387	0.2
5250.227630692108	200	9.798901368341244	0.0	383025	314.539993548	0.2
5250.542170685656	200	9.98436137479279	0.0	383025	314.539993548	0.2
5250.930519501322	200	9.669821381244336	0.0	383025	314.539993548	0.2
5251.243187187714	200	9.857153694851952	0.0	383025	312.667686392	0.2
5252.055854874107	200	9.544486008459568	0.0	383025	312.667686392	0.2
5252.3685225604995	200	9.731818322067184	0.0	383025	312.667686392	0.2
5252.683040672173	200	9.91730021039434	0.0	383025	314.518111672844	0.2
5253.49858816593	200	9.601752716636819	0.0	383025	315.547493758	0.2
5253.814135659688	200	9.786205222879296	0.0	383025	315.547493758	0.2
5254.1296831534455	200	9.970657729121774	0.0	383025	315.547493758	0.2
5254.733750825	200	9.655110235364253	0.0	383025	315.547493758	0.2
5255.042723784737	200	9.846137275626496	0.0	383025	308.972959738	0.2
5255.851696744475	200	9.537164315888742	0.0	383025	308.972959738	0.2
5256.163233314461	200	9.725627745902115	0.0	383025	311.5365699866279	0.2
5256.475606085586	200	9.913254974776672	0.0	383025	312.372771125	0.2
5257.287978856712	200	9.600882203651228	0.0	383025	312.372771125	0.2
5257.600351627837	200	9.788509432525785	0.0	383025	312.372771125	0.2
5257.9138794875735	200	9.974981572790007	0.0	383025	313.5278597357782	0.2
5258.728991744257	200	9.659869316106606	0.0	383025	315.112256683	0.2
5259.04410400094	200	9.844757059423204	0.0	383025	315.112256683	0.2
5259.858892182619	200	9.529968877744633	0.0	383025	314.78818167856963	0.2
5260.171756449285	200	9.71710461107832	0.0	383025	312.864266666	0.2
5260.484620715952	200	9.904240344412004	0.0	383025	312.864266666	0.2
5261.297484982618	200	9.59137607774569	0.0	383025	312.864266666	0.2
5261.612003731547	200	9.776857328817165	0.0	383025	314.518748928526	0.2
5261.9270938648315	200	9.961767195532559	0.0	383025	315.090133285	0.2
5262.2491372346285	200	9.646677062247953	0.0	383025	315.090133285	0.2
5262.56511443251	200	9.83069986436638	0.0	383025	315.977197882	0.2
5263.381091630392	200	9.51472266648481	0.0	383025	315.977197882	0.2
5263.697068828274	200	9.698745468603239	0.0	383025	315.977197882	0.2
5264.013046026155	200	9.882768270721666	0.0	383025	315.977197882	0.2
5264.828088520665	200	9.567725776212445	0.0	383025	315.04249450922146	0.2
5265.143032635508	200	9.752781661370157	0.0	383025	314.944114842	0.2
5265.457976750349	200	9.937837546527872	0.0	383025	314.944114842	0.2
5265.943657760868	200	9.622893431685585	0.0	383025	314.944114842	0.2

