6487.782199300436	400	0.5	0.15685219964822067	181435	156.852199648	-2.7370439929644133
6487.941474822407	400	0.8407244780283756	0.0	184429	159.275521972	0.4
6488.18262448253	600	1.0995748179058111	0.0	285584	241.149660123	0.39999999999999997
6488.509441095903	800	1.2727582045329515	0.0	391425	326.816613373	0.6000000000000001
6488.836257709275	800	1.445941591160092	0.0	391425	326.816613373	0.8
6489.243002680283	1000	1.5391966201524792	0.0	490176	406.744971008	0.8
6489.66853608853	1000	1.6136632119059977	0.0	513389	425.533408246	1.0
6490.080848873253	1000	1.70135042718339	0.0	497055	412.312784723	1.0
6490.511748556384	1000	1.770450744052417	0.0	520019	430.899683131	1.0
6490.967938529868	1000	1.8142607705683795	0.0	551265	456.189973484	1.0
6491.429848482931	1000	1.852350817505352	0.0	558332	461.909953063	1.0
6491.874468185001	1000	1.9077311154351615	0.0	536970	444.61970207	1.0
6492.316430216826	1000	1.9657690836094768	0.0	536970	441.962031826	1.0
6492.75683031863	1000	2.0253689818064244	0.0	536970	440.400101803	1.0
6493.073838157044	200	2.20836114339252	0.0	383025	317.007838414	-0.6000000000000001
6493.390845995458	200	2.391353304978616	0.0	383025	317.007838414	0.2
6493.707853833872	200	2.574345466564712	0.0	383025	317.007838414	0.2
6494.024861672286	200	2.7573376281508075	0.0	383025	317.007838414	0.2
6494.3418695107	200	2.9403297897369036	0.0	383025	317.007838414	0.2
6494.658877349114	200	3.1233219513229993	0.0	383025	317.007838414	0.2
6494.975885187529	200	3.306314112909095	0.0	383025	317.007838414	0.2
6495.292893025942	200	3.4893062744951906	0.0	383025	317.007838414	0.2
6495.609900864356	200	3.6722984360812867	0.0	383025	317.007838414	0.2
6495.926908702771	200	3.8552905976673824	0.0	383025	317.007838414	0.2
6496.243916541184	200	4.0382827592534785	0.0	383025	317.007838414	0.2
6496.560924379598	200	4.221274920839575	0.0	383025	317.007838414	0.2
6496.877713748635	200	4.404485551803193	0.0	383025	316.789369036	0.2
6497.193146579021	200	4.589052721416723	0.0	383025	315.432830386	0.2
6497.508579409408	200	4.773619891030254	0.0	383025	315.432830386	0.2
6497.824012239796	200	4.958187060643784	0.0	383025	315.432830386	0.2
6498.139445070182	200	5.142754230257315	0.0	383025	315.432830386	0.2
6498.454877900569	200	5.327321399870845	0.0	383025	315.432830386	0.2
6498.770310730955	200	5.511888569484376	0.0	383025	315.432830386	0.2
6499.0857435613425	200	5.696455739097906	0.0	383025	315.432830386	0.2
6499.401176391729	200	5.8810229087114365	0.0	383025	315.432830386	0.2
6499.716609222116	200	6.065590078324967	0.0	383025	315.432830386	0.2
6500.032042052503	200	6.250157247938498	0.0	383025	315.432830386	0.2
6500.346271128772	200	6.435928171669744	0.0	383025	314.229076269	0.2
6500.659117088771	200	6.623082211670152	0.0	383025	312.84596	0.2
6500.971963048771	200	6.81023625167056	0.0	383025	312.84596	0.2
6501.284809008771	200	6.997390291670968	0.0	383025	312.84596	0.2
6501.59765496877	200	7.1845443316713755	0.0	383025	312.84596	0.2
6501.91050092877	200	7.371698371671783	0.0	383025	312.84596	0.2
6502.22334688877	200	7.558852411672191	0.0	383025	312.84596	0.2
6502.536192848769	200	7.746006451672598	0.0	383025	312.84596	0.2
6502.8490388087685	200	7.933160491673006	0.0	383025	312.84596	0.2
6503.161884768768	200	8.120314531673415	0.0	383025	312.84596	0.2
6503.474730728768	200	8.307468571673823	0.0	383025	312.84596	0.2
6503.787576688767	200	8.49462261167423	0.0	383025	312.84596	0.2
6504.100045470124	200	8.682153830317839	0.0	383025	312.468781356	0.2
6504.40833610612	200	8.873863194321592	0.0	383025	308.290635996	0.2
6504.716626742117	200	9.065572558325345	0.0	383025	308.290635996	0.2
6505.024917378114	200	9.257281922329097	0.0	383025	308.290635996	0.2
6505.33320801411	200	9.44899128633285	0.0	383025	308.290635996	0.2
6505.641498650107	200	9.640700650336603	0.0	383025	308.290635996	0.2
6505.950170672266	200	9.832028628177715	0.0	383025	308.672022159	0.2
6506.759808549698	200	9.52239075074527	0.0	383025	309.637877432	0.2
6507.069446427131	200	9.712752873312823	0.0	383025	309.637877432	0.2
6507.379084304564	200	9.903114995880378	0.0	383025	309.637877432	0.2
6507.922097244097	200	9.593477118447932	0.0	383025	309.637877432	0.2
6508.239841932798	200	9.775732429745913	0.0	383025	317.744688702	0.2
6508.5575866215	200	9.957987741043892	0.0	383025	317.744688702	0.2
6509.3753313102025	200	9.640243052341873	0.0	383025	317.744688702	0.2
6509.6930759989045	200	9.822498363639854	0.0	383025	317.744688702	0.2
6510.510820687606	200	9.504753674937835	0.0	383025	317.744688702	0.2
6510.828565376308	200	9.687008986235815	0.0	383025	317.744688702	0.2
6511.14631006501	200	9.869264297533794	0.0	383025	317.744688702	0.2
6511.964054753711	200	9.551519608831775	0.0	383025	317.744688702	0.2
6512.281799442413	200	9.733774920129756	0.0	383025	317.744688702	0.2
6512.597942481202	200	9.917631881341	0.0	383025	316.1430387887553	0.2
6513.410798359039	200	9.604776003503385	0.0	383025	312.855877838	0.2
6513.723654236876	200	9.791920125665772	0.0	383025	312.855877838	0.2
6514.036510114714	200	9.979064247828159	0.0	383025	312.855877838	0.2
6514.849365992551	200	9.666208369990546	0.0	383025	312.855877838	0.2
6515.162221870388	200	9.853352492152931	0.0	383025	312.855877838	0.2
6515.741433180958	200	9.540496614315318	0.0	383025	312.855877838	0.2
6516.0602217146925	200	9.721708080581125	0.0	383025	318.788533734	0.2
6516.379010248426	200	9.902919546846933	0.0	383025	318.788533734	0.2
6517.19779878216	200	9.58413101311274	0.0	383025	318.788533734	0.2
6517.516587315895	200	9.76534247937855	0.0	383025	318.788533734	0.2
6517.835375849629	200	9.946553945644357	0.0	383025	318.788533734	0.2
6518.654164383363	200	9.627765411910165	0.0	383025	318.788533734	0.2
6518.972952917097	200	9.808976878175972	0.0	383025	318.788533734	0.2
6519.291741450831	200	9.99018834444178	0.0	383025	318.788533734	0.2
6520.110529984566	200	9.671399810707587	0.0	383025	318.788533734	0.2
6520.4293185183	200	9.852611276973395	0.0	383025	318.788533734	0.2
6521.248180858836	200	9.533748936436552	0.0	383025	318.86234053684404	0.2
6521.567959025711	200	9.713970769561747	0.0	383025	319.778166875	0.2
6521.887737192587	200	9.894192602686942	0.0	383025	319.778166875	0.2
6522.707515359462	200	9.574414435812137	0.0	383025	319.778166875	0.2
6523.027293526337	200	9.754636268937332	0.0	383025	319.778166875	0.2
6523.3470716932125	200	9.934858102062528	0.0	383025	319.778166875	0.2
6524.166849860088	200	9.615079935187723	0.0	383025	319.778166875	0.2
6524.486628026963	200	9.795301768312918	0.0	383025	319.778166875	0.2
6524.8064061938385	200	9.975523601438114	0.0	383025	319.778166875	0.2
6525.6261843607135	200	9.65574543456331	0.0	383025	319.778166875	0.2
6525.946558010227	200	9.835371785049633	0.0	383025	320.37364951367573	0.2
6526.7671351362105	200	9.514794659066581	0.0	383025	320.577125983	0.2
6527.087712262193	200	9.694217533083531	0.0	383025	320.577125983	0.2
6527.408289388177	200	9.87364040710048	0.0	383025	320.577125983	0.2
6528.2288665141605	200	9.55306328111743	0.0	383025	320.577125983	0.2
6528.549443640143	200	9.732486155134378	0.0	383025	320.577125983	0.2
6528.870020766127	200	9.911909029151328	0.0	383025	320.577125983	0.2
6529.69059789211	200	9.591331903168276	0.0	383025	320.577125983	0.2
6530.011175018093	200	9.770754777185227	0.0	383025	320.577125983	0.2
6530.331752144077	200	9.950177651202175	0.0	383025	320.577125983	0.2
6531.15232927006	200	9.629600525219125	0.0	383025	320.577125983	0.2
6531.472906396043	200	9.809023399236073	0.0	383025	320.577125983	0.2
6531.793483522027	200	9.988446273253023	0.0	383025	320.577125983	0.2
6532.293043662288	200	9.667869147269972	0.0	383025	320.577125983	0.2
6532.613148437314	200	9.847764372244479	0.0	383025	320.104775025	0.2
6533.433253212339	200	9.527659597218987	0.0	383025	320.104775025	0.2
6533.753357987364	200	9.707554822193494	0.0	383025	320.104775025	0.2
6534.073462762391	200	9.887450047168	0.0	383025	320.104775025	0.2
6534.893567537416	200	9.567345272142507	0.0	383025	320.104775025	0.2
6535.213672312441	200	9.747240497117014	0.0	383025	320.104775025	0.2
6535.533777087467	200	9.927135722091522	0.0	383025	320.104775025	0.2
6536.353881862492	200	9.60703094706603	0.0	383025	320.104775025	0.2
6536.673986637517	200	9.786926172040536	0.0	383025	320.104775025	0.2
6536.994091412544	200	9.966821397015043	0.0	383025	320.104775025	0.2

