5607.003055058467	400	0.5	0.15319032405211355	181435	153.190324052	-2.663806481042271
5607.158608277386	400	0.8444467810807879	0.0	184429	155.553218919	0.4
5607.39399403815	600	1.1090610203174358	0.0	285584	235.385760763	0.39999999999999997
5607.712910579016	800	1.2901444794510177	0.0	391425	318.916540866	0.6000000000000001
5608.031827119883	800	1.4712279385845997	0.0	391425	318.916540866	0.8
5608.428678941651	1000	1.5743761168160944	0.0	490176	396.851821769	0.8
5608.843850696136	1000	1.6592043623321715	0.0	513389	415.171754484	1.0
5609.252426536946	1000	1.7506285215218744	0.0	497055	408.57584081	1.0
5609.681266250518	1000	1.821788807949423	0.0	520019	428.839713572	1.0
5610.135272478565	1000	1.8677825799029142	0.0	551265	454.006228047	1.0
5610.592360451868	1000	1.910694606598642	0.0	558332	457.087973304	1.0
5611.021588293091	1000	1.9814667653770142	0.0	536970	429.227841222	1.0
5611.450816134312	1000	2.052238924155386	0.0	536970	429.227841222	1.0
5611.759795678101	200	2.243259380367309	0.0	383025	308.979543788	-0.6000000000000001
5612.067067208113	200	2.4359878503546177	0.0	383025	307.271530013	0.2
5612.3743387381255	200	2.6287163203419266	0.0	383025	307.271530013	0.2
5612.681610268139	200	2.821444790329236	0.0	383025	307.271530013	0.2
5612.988881798151	200	3.0141732603165448	0.0	383025	307.271530013	0.2
5613.2973453362	200	3.2057097222676365	0.0	383025	308.463538049	0.2
5613.612272107301	200	3.3907829511670817	0.0	383025	314.926771101	0.2
5613.927198878401	200	3.5758561800665265	0.0	383025	314.926771101	0.2
5614.242125649502	200	3.7609294089659717	0.0	383025	314.926771101	0.2
5614.557052420602	200	3.9460026378654165	0.0	383025	314.926771101	0.2
5614.871979191703	200	4.131075866764862	0.0	383025	314.926771101	0.2
5615.1872957392825	200	4.315759319184758	0.0	383025	315.31654758	0.2
5615.519102522421	200	4.483952536046324	0.0	383025	331.806783138	0.2
5615.85090930556	200	4.652145752907891	0.0	383025	331.806783138	0.2
5616.182716088699	200	4.820338969769457	0.0	383025	331.806783138	0.2
5616.514522871838	200	4.988532186631025	0.0	383025	331.806783138	0.2
5616.846329654977	200	5.156725403492591	0.0	383025	331.806783138	0.2
5617.178136438116	200	5.324918620354158	0.0	383025	331.806783138	0.2
5617.509943221255	200	5.493111837215724	0.0	383025	331.806783138	0.2
5617.841750004393	200	5.661305054077291	0.0	383025	331.806783138	0.2
5618.173556787532	200	5.829498270938858	0.0	383025	331.806783138	0.2
5618.505363570671	200	5.997691487800425	0.0	383025	331.806783138	0.2
5618.83717035381	200	6.165884704661991	0.0	383025	331.806783138	0.2
5619.168977136948	200	6.334077921523558	0.0	383025	331.806783138	0.2
5619.500783920087	200	6.502271138385125	0.0	383025	331.806783138	0.2
5619.832590703226	200	6.670464355246692	0.0	383025	331.806783138	0.2
5620.1644002464	200	6.838654812071885	0.0	383025	331.809543175	0.2
5620.496402984501	200	7.006652073970486	0.0	383025	332.002738101	0.2
5620.828405722603	200	7.174649335869086	0.0	383025	332.002738101	0.2
5621.160408460704	200	7.342646597767686	0.0	383025	332.002738101	0.2
5621.492411198806	200	7.510643859666287	0.0	383025	332.002738101	0.2
5621.824413936907	200	7.678641121564887	0.0	383025	332.002738101	0.2
5622.156416675009	200	7.846638383463487	0.0	383025	332.002738101	0.2
5622.48841941311	200	8.014635645362088	0.0	383025	332.002738101	0.2
5622.8204221512115	200	8.182632907260688	0.0	383025	332.002738101	0.2
5623.152424889313	200	8.350630169159288	0.0	383025	332.002738101	0.2
5623.484427627414	200	8.518627431057888	0.0	383025	332.002738101	0.2
5623.816430365516	200	8.686624692956487	0.0	383025	332.002738101	0.2
5624.148433103617	200	8.854621954855087	0.0	383025	332.002738101	0.2
5624.480148360162	200	9.02290669831068	0.0	383025	331.715256544	0.2
5624.811638447657	200	9.191416610815486	0.0	383025	331.490087495	0.2
5625.143128535153	200	9.359926523320294	0.0	383025	331.490087495	0.2
5625.4746186226475	200	9.5284364358251	0.0	383025	331.490087495	0.2
5625.806108710143	200	9.696946348329908	0.0	383025	331.490087495	0.2
5626.137598797638	200	9.865456260834716	0.0	383025	331.490087495	0.2
5626.969088885133	200	9.533966173339522	0.0	383025	331.490087495	0.2
5627.3005789726285	200	9.70247608584433	0.0	383025	331.490087495	0.2
5627.632069060123	200	9.870985998349138	0.0	383025	331.490087495	0.2
5628.463559147619	200	9.539495910853944	0.0	383025	331.490087495	0.2
5628.795049235114	200	9.708005823358752	0.0	383025	331.490087495	0.2
5629.1265393226095	200	9.876515735863558	0.0	383025	331.490087495	0.2
5629.959241256151	200	9.543813802321809	0.0	383025	332.70193354174916	0.2
5630.292918064596	200	9.710136993875885	0.0	383025	333.676808446	0.2
5630.6265948730415	200	9.876460185429961	0.0	383025	333.676808446	0.2
5631.460271681488	200	9.542783376984039	0.0	383025	333.676808446	0.2
5631.793948489933	200	9.709106568538115	0.0	383025	333.676808446	0.2
5632.127625298379	200	9.87542976009219	0.0	383025	333.676808446	0.2
5632.961302106824	200	9.541752951646266	0.0	383025	333.676808446	0.2
5633.294978915271	200	9.708076143200344	0.0	383025	333.676808446	0.2
5633.628655723716	200	9.87439933475442	0.0	383025	333.676808446	0.2
5634.462332532162	200	9.540722526308496	0.0	383025	333.676808446	0.2
5634.796009340607	200	9.707045717862574	0.0	383025	333.676808446	0.2
5635.122337604809	200	9.880717453660438	0.0	383025	326.3282642021358	0.2
5635.946096395436	200	9.556958663034203	0.0	383025	323.758790626	0.2
5636.269855186062	200	9.733199872407969	0.0	383025	323.758790626	0.2
5636.593613976688	200	9.909441081781734	0.0	383025	323.758790626	0.2
5637.417372767314	200	9.585682291155502	0.0	383025	323.758790626	0.2
5637.74113155794	200	9.761923500529267	0.0	383025	323.758790626	0.2
5638.057513696384	200	9.945541362084988	0.0	383025	316.38213844427867	0.2
5638.871826575094	200	9.631228483375589	0.0	383025	314.312878709	0.2
5639.186139453803	200	9.81691560466619	0.0	383025	314.312878709	0.2
5639.999527521267	200	9.50352753720245	0.0	383025	313.38806746373973	0.2
5640.312190619075	200	9.690864439393343	0.0	383025	312.663097809	0.2
5640.624853716885	200	9.878201341584235	0.0	383025	312.663097809	0.2
5641.355168933072	200	9.565538243775128	0.0	383025	312.663097809	0.2
5641.66121643981	200	9.759490737035783	0.0	383025	306.047506739	0.2
5641.96726394655	200	9.953443230296438	0.0	383025	306.047506739	0.2
5642.7759209476435	200	9.64478622920248	0.0	383025	308.6570010939578	0.2
5643.088640047201	200	9.832067129645695	0.0	383025	312.719099557	0.2
5643.515201288121	200	9.51934803008891	0.0	383025	312.719099557	0.2
5643.835320925039	200	9.699228393170188	0.0	383025	320.119636919	0.2
5644.155440561957	200	9.879108756251465	0.0	383025	320.119636919	0.2
5644.975560198876	200	9.558989119332743	0.0	383025	320.119636919	0.2
5645.30244857555	200	9.732100742657982	0.0	383025	326.8883766747628	0.2
5645.631159863969	200	9.90338945423999	0.0	383025	328.711288418	0.2
5646.459871152386	200	9.574678165821998	0.0	383025	328.711288418	0.2
5646.788582440804	200	9.745966877404008	0.0	383025	328.711288418	0.2
5647.117293729221	200	9.917255588986016	0.0	383025	328.711288418	0.2
5647.946005017639	200	9.588544300568024	0.0	383025	328.711288418	0.2
5648.274716306057	200	9.759833012150033	0.0	383025	328.711288418	0.2
5648.603427594475	200	9.931121723732042	0.0	383025	328.711288418	0.2
5649.32291863813	200	9.60241043531405	0.0	383025	328.711288418	0.2
5649.647724808389	200	9.777604265055073	0.0	383025	324.806170259	0.2
5649.972530978648	200	9.952798094796098	0.0	383025	324.806170259	0.2
5650.332535462621	200	9.62799192453712	0.0	383025	324.806170259	0.2
5650.6516944717905	200	9.808832915368178	0.0	383025	319.159009169	0.2
5650.97085348096	200	9.989673906199238	0.0	383025	319.159009169	0.2
5651.790012490128	200	9.670514897030296	0.0	383025	319.159009169	0.2
5652.108809997852	200	9.851717389306152	0.0	383025	318.7975077241437	0.2
5652.92529748282	200	9.535229904338465	0.0	383025	316.487484968	0.2
5653.241784967787	200	9.718742419370777	0.0	383025	316.487484968	0.2
5653.558272452754	200	9.902254934403091	0.0	383025	316.487484968	0.2
5654.272182821838	200	9.585767449435403	0.0	383025	316.487484968	0.2
5654.582116891957	200	9.775833379315598	0.0	383025	309.93407012	0.2
5654.8920509620775	200	9.965899309195793	0.0	383025	309.93407012	0.2
5655.379210002773	200	9.655965239075988	0.0	383025	309.93407012	0.2
5655.6835886430945	200	9.851586598754494	0.0	383025	304.378640321	0.2

