464.06495742032445	400	0.5	0.1447232922986135	181435	144.723292299	-2.49446584597227
464.2119038864161	400	0.8530535339083364	0.0	184429	146.946466092	0.4
464.43396229139756	600	1.1309951289268982	0.0	285584	222.058404981	0.39999999999999997
464.7346121918467	800	1.3303452284777852	0.0	391425	300.649900449	0.6000000000000001
465.0372801443048	800	1.5276772760196218	0.0	391425	302.667952458	0.8
465.41632161919097	1000	1.6486358011334292	0.0	490176	379.041474886	0.8
465.83941225112915	1000	1.7255451691952586	0.0	513389	423.090631938	1.0
466.25032059691137	1000	1.8146368234130315	0.0	497055	410.908345782	1.0
466.6726460168899	1000	1.8923114034344348	0.0	520019	422.325419979	1.0
467.10864255578497	1000	1.9563148645394108	0.0	551265	435.996538895	1.0
467.52950513140354	1000	2.0354522889208204	0.0	558332	420.862575619	1.0
467.81701237148957	200	2.247945048834851	0.0	383025	287.507240086	-0.6000000000000001
468.1029684710507	200	2.4619889492736595	0.0	383025	285.956099561	0.2
468.38701229010843	200	2.6779451302159596	0.0	383025	284.043819058	0.2
468.6876737142043	200	2.8772837061200205	0.0	383025	300.661424096	0.2
468.99234027328464	200	3.0726171470396975	0.0	383025	304.66655908	0.2
469.29358173502874	200	3.27137568529561	0.0	383025	301.241461744	0.2
469.5931192209429	200	3.471838199381412	0.0	383025	299.537485914	0.2
469.89271551996785	200	3.6722419003564735	0.0	383025	299.596299025	0.2
470.1926544101465	200	3.8723030101778217	0.0	383025	299.938890179	0.2
470.4925933003251	200	4.07236411999917	0.0	383025	299.938890179	0.2
470.81128354388056	200	4.253673876443677	0.0	383025	318.690243555	0.2
471.14104583079074	200	4.423911589533478	0.0	383025	329.76228691	0.2
471.470808117701	200	4.594149302623279	0.0	383025	329.76228691	0.2
471.80057040461116	200	4.764387015713081	0.0	383025	329.76228691	0.2
472.1183790975715	200	4.946578322752763	0.0	383025	317.80869296	0.2
472.43398984871084	200	5.130967571613419	0.0	383025	315.610751139	0.2
472.74772342961666	200	5.3172339907075905	0.0	383025	313.733580906	0.2
473.0575607677544	200	5.50739665256987	0.0	383025	309.837338138	0.2
473.3673981058921	200	5.697559314432149	0.0	383025	309.837338138	0.2
473.686531493875	200	5.878425926449235	0.0	383025	319.133387983	0.2
474.01671393969934	200	6.048243480624906	0.0	383025	330.182445824	0.2
474.3468963855237	200	6.218061034800578	0.0	383025	330.182445824	0.2
474.677078831348	200	6.387878588976251	0.0	383025	330.182445824	0.2
475.0048157547182	200	6.5601416656060465	0.0	383025	327.73692337	0.2
475.3321717141466	200	6.7327857061776575	0.0	383025	327.355959428	0.2
475.65952767357504	200	6.9054297467492685	0.0	383025	327.355959428	0.2
475.98694990898275	200	7.078007511341558	0.0	383025	327.422235408	0.2
476.314580274797	200	7.2503771455273185	0.0	383025	327.630365814	0.2
476.64221064061127	200	7.422746779713078	0.0	383025	327.630365814	0.2
476.9724258853986	200	7.5925315349257545	0.0	383025	330.215244787	0.2
477.31185160963065	200	7.753105810693719	0.0	383025	339.425724232	0.2
477.65127733386265	200	7.913680086461683	0.0	383025	339.425724232	0.2
477.9907030580947	200	8.074254362229649	0.0	383025	339.425724232	0.2
478.33012878232677	200	8.234828637997612	0.0	383025	339.425724232	0.2
478.6818307577087	200	8.383126662615668	0.0	383025	351.701975382	0.2
479.0388917054097	200	8.52606571491468	0.0	383025	357.060947701	0.2
479.39595265311067	200	8.66900476721369	0.0	383025	357.060947701	0.2
479.75301360081164	200	8.8119438195127	0.0	383025	357.060947701	0.2
480.1100745485126	200	8.95488287181171	0.0	383025	357.060947701	0.2
480.46713549621364	200	9.097821924110722	0.0	383025	357.060947701	0.2
480.8241964439146	200	9.240760976409732	0.0	383025	357.060947701	0.2
481.1729535949804	200	9.39200382534394	0.0	383025	348.757151066	0.2
481.5189736729679	200	9.545983747356482	0.0	383025	346.020077987	0.2
481.8649937509553	200	9.699963669369025	0.0	383025	346.020077987	0.2
482.2110138289428	200	9.853943591381567	0.0	383025	346.020077987	0.2
482.92383363813474	200	9.50792351339411	0.0	383025	346.020077987	0.2
483.2570505527439	200	9.674706598784997	0.0	383025	333.216914609	0.2
483.5905757357022	200	9.841181415826703	0.0	383025	333.52518295829225	0.2
484.4249897350453	200	9.506767416483584	0.0	383025	334.413999343	0.2
484.7594037343884	200	9.672353417140464	0.0	383025	334.413999343	0.2
485.0856222781598	200	9.846134873369088	0.0	383025	326.2185437713755	0.2
485.7411563333122	200	9.52766200755767	0.0	383025	318.472865811	0.2
486.05815958942674	200	9.71065875144313	0.0	383025	317.003256115	0.2
486.3738822777768	200	9.894936063093047	0.0	383025	315.7226883500844	0.2
486.81356063504774	200	9.579990394160326	0.0	383025	314.945668933	0.2
487.1268731487013	200	9.766677880506775	0.0	383025	313.312513654	0.2
487.4401856623548	200	9.953365366853225	0.0	383025	313.312513654	0.2
488.25368509177315	200	9.639865937434873	0.0	383025	313.4994294183512	0.2
488.5683393544903	200	9.825211674717675	0.0	383025	314.6542627171977	0.2
489.3857317312879	200	9.507819297920136	0.0	383025	317.392376798	0.2
489.71759149477464	200	9.675959534433428	0.0	383025	331.8597634867081	0.2
490.05009505091505	200	9.843455978293033	0.0	383025	332.50355614	0.2
490.8805733911192	200	9.512977638088893	0.0	383025	330.47834020414166	0.2
491.20931832276545	200	9.684232706442591	0.0	383025	328.744931646	0.2
491.5357045247749	200	9.857846504433109	0.0	383025	326.3862020094821	0.2
492.3517571813883	200	9.541793847819772	0.0	383025	316.052656613	0.2
492.6660482370516	200	9.727502792156475	0.0	383025	314.2910556632986	0.2
492.9795210419926	200	9.91402998721545	0.0	383025	313.472804941	0.2
493.79301149487355	200	9.600539534334477	0.0	383025	313.49045288097284	0.2
494.1066372156274	200	9.786913813580602	0.0	383025	313.6257207538754	0.2
494.42031287598456	200	9.973238153223447	0.0	383025	313.675660357	0.2
495.0991491354741	200	9.659562492866291	0.0	383025	313.675660357	0.2
495.4128203066103	200	9.845891321730083	0.0	383025	313.671171136	0.2
496.2277397976593	200	9.530971830681082	0.0	383025	314.91949104900004	0.2
496.54389668218784	200	9.714814946152512	0.0	383025	316.156884529	0.2
496.8626521563582	200	9.896059471982214	0.0	383025	318.7554741702962	0.2
497.3303698558123	200	9.576532432263342	0.0	383025	319.527039719	0.2
497.6506990672601	200	9.7562032208155	0.0	383025	320.329211448	0.2
497.971028278708	200	9.935874009367657	0.0	383025	320.329211448	0.2
498.7784917481262	200	9.628410539949433	0.0	383025	307.4634694182241	0.2
499.1103960406592	200	9.796506247416426	0.0	383025	331.90429253300726	0.2
499.4427585836023	200	9.964143704473347	0.0	383025	332.362542943	0.2
500.04806306661374	200	9.631781161530267	0.0	383025	332.362542943	0.2
500.37979489025304	200	9.800049337890945	0.0	383025	331.731823639	0.2
500.71152671389234	200	9.968317514251623	0.0	383025	331.731823639	0.2
501.5428124459037	200	9.637031782240326	0.0	383025	331.285732011296	0.2
501.8666312273003	200	9.813213000843735	0.0	383025	323.818781397	0.2
502.1813555666217	200	9.998488661522282	0.0	383025	314.7243393214526	0.2
502.59287210206037	200	9.685847642441125	0.0	383025	312.641019081	0.2
502.91487400741914	200	9.86384573708233	0.0	383025	322.001905359	0.2
503.489755211253	200	9.541843831723536	0.0	383025	322.001905359	0.2
503.80935202933193	200	9.722247013644585	0.0	383025	319.596818079	0.2
504.1289488474109	200	9.902650195565633	0.0	383025	319.596818079	0.2
504.949446364542	200	9.582152678434511	0.0	383025	320.4975171311223	0.2
505.2675981754528	200	9.764000867523752	0.0	383025	318.1518109107597	0.2
505.5818001021854	200	9.949798940791133	0.0	383025	314.201926733	0.2
506.30512808785807	200	9.635597014058517	0.0	383025	314.201926733	0.2
506.61857923331576	200	9.822145868600815	0.0	383025	313.451145458	0.2
507.4314969135325	200	9.509228188384116	0.0	383025	312.9176802167005	0.2
507.7426579987432	200	9.698067103173415	0.0	383025	311.16108521069975	0.2
508.05244451930685	200	9.888280582609747	0.0	383025	309.786520564	0.2
508.858460212923	200	9.578494062046078	0.0	383025	309.786520564	0.2
509.18137957884295	200	9.755574696126136	0.0	383025	322.91936592	0.2
509.50951650215677	200	9.927437772812324	0.0	383025	328.136923313812	0.2
510.3470044871163	200	9.589949787852829	0.0	383025	337.487984959	0.2
510.6844924720758	200	9.752461802893334	0.0	383025	337.487984959	0.2
511.0177101330645	200	9.919244141904649	0.0	383025	333.21766098868693	0.2
511.8474179519789	200	9.589536322990183	0.0	383025	329.707818914	0.2
512.1771843236493	200	9.759769951319804	0.0	383025	329.76637167037893	0.2

