1700.780957336172	400	0.5	0.1710974083086528	181435	171.097408309	-3.0219481661730563
1700.954713138068	400	0.8262441981042438	0.0	184429	173.755801896	0.4
1701.218285173532	600	1.0626721626402027	0.0	285584	263.572035464	0.39999999999999997
1701.575834174812	800	1.2051231613603262	0.0	391425	357.54900128	0.6000000000000001
1701.9333831760919	800	1.3475741600804494	0.0	391425	357.54900128	0.8
1702.2895683522047	800	1.4913889839675036	0.0	389889	356.185176113	0.8
1702.7596243280798	1000	1.5213330080923024	0.0	513389	470.055975875	0.8
1703.2246842710167	1000	1.556273065155515	0.0	497055	465.059942937	1.0
1703.7107680373322	1000	1.5701892988398252	0.0	520019	486.083766316	1.0
1704.2338742246982	1000	1.5470831114739898	0.0	551265	523.106187366	1.0
1704.7845817495415	1000	1.496375586630812	0.0	558332	550.707524843	1.0
1705.3146015936757	1000	1.4663557424967821	0.0	536970	530.019844134	1.0
1705.8446214378096	1000	1.4363358983627523	0.0	536970	530.019844134	1.0
1706.3746412819437	1000	1.4063160542287223	0.0	536970	530.019844134	1.0
1706.9046611260778	1000	1.3762962100946925	0.0	536970	530.019844134	1.0
1707.3286520065174	800	1.4523053296551227	0.0	427485	423.99088044	0.6000000000000001
1707.8746064587588	1000	1.4063508774137845	0.0	553424	545.954452241	0.8
1708.3910585467495	1000	1.3898987894231476	0.0	522960	516.452087991	1.0
1708.8037478059045	800	1.477209530267903	0.0	415815	412.689259155	0.6000000000000001
1709.3292450646575	1000	1.451712271515004	0.0	532300	525.497258753	0.8
1709.8217772455312	1000	1.4591800906412837	0.0	503004	492.532180874	1.0
1710.2884515999813	1000	1.4925057361912146	0.0	481782	466.67435445	1.0
1710.7551259544312	1000	1.5258313817411457	0.0	481782	466.67435445	1.0
1711.2490709856138	1000	1.5318863505585956	0.0	510552	493.945031183	1.0
1711.768057265942	1000	1.5129000702304525	0.0	536970	518.986280328	1.0
1712.28704354627	1000	1.4939137899023094	0.0	536970	518.986280328	1.0
1712.7867411338639	1000	1.4942162023086345	0.0	536970	499.697587594	1.0
1713.2688423900825	1000	1.512114946089991	0.0	536970	482.101256219	1.0
1713.7509436463013	1000	1.5300136898713477	0.0	536970	482.101256219	1.0
1714.2619434240346	1000	1.5190139121379576	0.0	573990	510.999777733	1.0
1714.73509958685	1000	1.5458577493225334	0.0	586715	473.156162815	1.0
1715.1798598926296	1000	1.6010974435431151	0.0	551265	444.760305779	1.0
1715.6262721047215	1000	1.6546852314510652	0.0	551265	446.412212092	1.0
1716.0750360827878	1000	1.705921253384745	0.0	551265	448.763978066	1.0
1716.52870907977	1000	1.7522482564027673	0.0	551265	453.672996982	1.0
1716.9856336215753	1000	1.7953237145973298	0.0	551265	456.924541805	1.0
1717.4347754640014	1000	1.8461818721713412	0.0	551265	449.141842426	1.0
1717.861318390699	1000	1.919638945473716	0.0	527825	426.542926698	1.0
1718.2783429986764	1000	2.002614337496215	0.0	498375	417.024607978	1.0
1718.603005197768	200	2.1779521384047715	0.0	383025	324.662199091	-0.6000000000000001
1718.9306212499798	200	2.3503360861928524	0.0	383025	327.616052212	0.2
1719.2593635005082	200	2.521593835664427	0.0	383025	328.742250528	0.2
1719.5881057510367	200	2.6928515851360024	0.0	383025	328.742250528	0.2
1719.9201713117432	200	2.8607860244296814	0.0	383025	332.065560706	0.2
1720.2545785211257	200	3.026378815047146	0.0	383025	334.407209383	0.2
1720.5889857305083	200	3.1919716056646106	0.0	383025	334.407209383	0.2
1720.9193244002713	200	3.361632935901582	0.0	383025	330.338669763	0.2
1721.245134995424	200	3.5358223407489837	0.0	383025	325.810595153	0.2
1721.5709455905767	200	3.7100117455963852	0.0	383025	325.810595153	0.2
1721.887043680059	200	3.8939136561139134	0.0	383025	316.098089482	0.2
1722.194475705708	200	4.086481630464845	0.0	383025	307.432025649	0.2
1722.5003291709763	200	4.280628165196709	0.0	383025	305.853465268	0.2
1722.8046732565879	200	4.476284079585179	0.0	383025	304.344085612	0.2
1723.108602264282	200	4.672355071891304	0.0	383025	303.929007694	0.2
1723.4111797147955	200	4.869777621377754	0.0	383025	302.577450514	0.2
1723.712261605486	200	5.068695730687261	0.0	383025	301.08189069	0.2
1724.0079910727625	200	5.2729662634108205	0.0	383025	295.729467276	0.2
1724.3051257682832	200	5.475831567890201	0.0	383025	297.134695521	0.2
1724.6083099352927	200	5.67264740088062	0.0	383025	303.18416701	0.2
1724.9208516178865	200	5.860105718286762	0.0	383025	312.541682594	0.2
1725.243405928541	200	6.037551407632284	0.0	383025	322.554310654	0.2
1725.5659602391954	200	6.214997096977806	0.0	383025	322.554310654	0.2
1725.8869477113908	200	6.394009624782347	0.0	383025	320.987472195	0.2
1726.2067608548289	200	6.574196481344375	0.0	383025	319.813143438	0.2
1726.5246669751325	200	6.756290361040835	0.0	383025	317.906120304	0.2
1726.8420853593855	200	6.938871976787796	0.0	383025	317.418384253	0.2
1727.152320715095	200	7.12863662107832	0.0	383025	310.235355709	0.2
1727.4592060157727	200	7.3217513204005265	0.0	383025	306.885300678	0.2
1727.7630441303415	200	7.517913205831671	0.0	383025	303.838114569	0.2
1728.0621461128558	200	7.71881122331752	0.0	383025	299.101982514	0.2
1728.361132325235	200	7.919825010938174	0.0	383025	298.986212379	0.2
1728.6572953545403	200	8.123661981633015	0.0	383025	296.163029305	0.2
1728.9535573577973	200	8.32739997837575	0.0	383025	296.262003257	0.2
1729.2575914676154	200	8.523365868557816	0.0	383025	304.034109818	0.2
1729.5616255774335	200	8.719331758739882	0.0	383025	304.034109818	0.2
1729.8652591525083	200	8.91569818366509	0.0	383025	303.633575075	0.2
1730.1685872069784	200	9.11237012919506	0.0	383025	303.32805447	0.2
1730.4715307879146	200	9.309426548258871	0.0	383025	302.943580936	0.2
1730.7744743688506	200	9.50648296732268	0.0	383025	302.943580936	0.2
1731.0772453600773	200	9.703711976096127	0.0	383025	302.770991227	0.2
1731.3800067842653	200	9.900950551908034	0.0	383025	302.761424188	0.2
1731.7743976868123	200	9.598828485934847	0.0	383025	302.122065973	0.2
1732.0749105847406	200	9.798315588006652	0.0	383025	300.512897928	0.2
1732.3753600156356	200	9.997866157111593	0.0	383025	300.4494308950576	0.2
1732.9793597857529	200	9.697481931051472	0.0	383025	300.38422606	0.2
1733.278280347771	200	9.89856136903339	0.0	383025	298.92056201808145	0.2
1733.6620438787002	200	9.597947561206436	0.0	383025	300.613807827	0.2
1733.9643316415156	200	9.795659798390918	0.0	383025	302.287762816	0.2
1734.2671793943746	200	9.992812045532142	0.0	383025	302.84775285877487	0.2
1734.7957110798748	200	9.687688817420346	0.0	383025	305.123228112	0.2
1735.1013393230567	200	9.882060574238581	0.0	383025	305.628243182	0.2
1735.4379518741855	200	9.578272663259204	0.0	383025	303.78791097937767	0.2
1735.7393972392308	200	9.776827298213979	0.0	383025	301.445365045	0.2
1736.0408426042761	200	9.975381933168753	0.0	383025	301.445365045	0.2
1736.5580150944786	200	9.674653463787465	0.0	383025	300.7284693812896	0.2
1736.8588597076712	200	9.873808850594795	0.0	383025	300.844613193	0.2
1737.6596215031614	200	9.573047055104729	0.0	383025	300.7617954900661	0.2
1737.963779858125	200	9.76888870014112	0.0	383025	304.1583549636082	0.2
1738.2680908475165	200	9.96457771074955	0.0	383025	304.310989392	0.2
1738.646399915808	200	9.658682996783318	0.0	383025	305.89471396623145	0.2
1738.9537685949283	200	9.851314317662839	0.0	383025	307.36867912	0.2
1739.7622101786149	200	9.54287273397639	0.0	383025	308.44158368644804	0.2
1740.0881804980652	200	9.716902414525967	0.0	383025	325.97031945	0.2
1740.4170790914475	200	9.888003821143734	0.0	383025	328.898593382233	0.2
1740.8901530939477	200	9.5580135753261	0.0	383025	329.990245818	0.2
1741.21694488934	200	9.73122177993355	0.0	383025	326.791795393	0.2
1741.5437366847325	200	9.904429984541	0.0	383025	326.791795393	0.2
1742.390486104783	200	9.557680564490742	0.0	383025	346.74942005025815	0.2
1742.741275586676	200	9.706891082597641	0.0	383025	350.789481893	0.2
1743.0911118600866	200	9.85705480918713	0.0	383025	349.83627341051175	0.2
1743.9289053958823	200	9.51926127339148	0.0	383025	337.793535796	0.2
1744.262120332012	200	9.686046337262045	0.0	383025	333.21493612943516	0.2
1744.5747446204186	200	9.873422048855467	0.0	383025	312.624288407	0.2
1745.3776685375851	200	9.56079776044889	0.0	383025	312.624288407	0.2
1745.6868105990588	200	9.751655698975052	0.0	383025	309.1420614738374	0.2
1745.9959336069908	200	9.94253269104299	0.0	383025	309.123007932	0.2
1746.8035681343085	200	9.63489816372535	0.0	383025	307.634527317642	0.2
1747.0999275727768	200	9.838538725257106	0.0	383025	296.359438468244	0.2
1747.7943076730057	200	9.542628035718511	0.0	383025	295.910689539	0.2
1748.1053167022642	200	9.7316190064599	0.0	383025	311.009029259	0.2

