4148.813564077845	400	0.5	0.15618155379890067	181435	156.181553799	-2.7236310759780133
4148.972157887118	400	0.8414061907262796	0.0	184429	158.593809274	0.4
4149.212251931046	600	1.1013121467981224	0.0	285584	240.094043928	0.39999999999999997
4149.537621703668	800	1.27594237417578	0.0	391425	325.369772622	0.6000000000000001
4149.8629914762905	800	1.450572601553438	0.0	391425	325.369772622	0.8
4150.267924589058	1000	1.5456394887861662	0.0	490176	404.933112767	0.8
4150.691560335872	1000	1.6220037419718039	0.0	513389	423.635746814	1.0
4151.102035835216	1000	1.7115282426276168	0.0	497055	410.475499344	1.0
4151.528709528969	1000	1.7848545488752658	0.0	520019	426.673693752	1.0
4151.977289533344	1000	1.8362745444993946	0.0	551265	448.580004376	1.0
4152.431491960495	1000	1.88207211734877	0.0	558332	454.202427151	1.0
4152.868699029599	1000	1.9448650482445975	0.0	536970	437.207069104	1.0
4153.287300273676	1000	2.0262638041677565	0.0	536970	418.601244077	1.0
4153.586216310121	200	2.22734776772285	0.0	383025	298.916036445	-0.6000000000000001
4153.885132346565	200	2.4284317312779438	0.0	383025	298.916036445	0.2
4154.18404838301	200	2.629515694833038	0.0	383025	298.916036445	0.2
4154.485912011315	200	2.827652066528196	0.0	383025	301.863628305	0.2
4154.794778819343	200	3.0187852584997805	0.0	383025	308.866808028	0.2
4155.103645627372	200	3.2099184504713647	0.0	383025	308.866808028	0.2
4155.4125124354005	200	3.4010516424429493	0.0	383025	308.866808028	0.2
4155.721379243429	200	3.5921848344145335	0.0	383025	308.866808028	0.2
4156.026965218178	200	3.786598859665957	0.0	383025	305.585974749	0.2
4156.331954311812	200	3.9816097660310295	0.0	383025	304.989093635	0.2
4156.636943405447	200	4.176620672396101	0.0	383025	304.989093635	0.2
4156.941932499082	200	4.371631578761173	0.0	383025	304.989093635	0.2
4157.246921592717	200	4.566642485126246	0.0	383025	304.989093635	0.2
4157.561011333797	200	4.75255274404636	0.0	383025	314.08974108	0.2
4157.8875585367905	200	4.9260055410526205	0.0	383025	326.547202994	0.2
4158.214105739784	200	5.09945833805888	0.0	383025	326.547202994	0.2
4158.540652942777	200	5.27291113506514	0.0	383025	326.547202994	0.2
4158.867200145772	200	5.4463639320714	0.0	383025	326.547202994	0.2
4159.193747348765	200	5.61981672907766	0.0	383025	326.547202994	0.2
4159.5202945517585	200	5.79326952608392	0.0	383025	326.547202994	0.2
4159.846841754752	200	5.96672232309018	0.0	383025	326.547202994	0.2
4160.168443529777	200	6.145120548065402	0.0	383025	321.601775025	0.2
4160.489105679801	200	6.324458398041347	0.0	383025	320.662150024	0.2
4160.8097678298245	200	6.5037962480172915	0.0	383025	320.662150024	0.2
4161.1304299798485	200	6.6831340979932365	0.0	383025	320.662150024	0.2
4161.451092129872	200	6.862471947969182	0.0	383025	320.662150024	0.2
4161.771754279896	200	7.041809797945126	0.0	383025	320.662150024	0.2
4162.0801941668915	200	7.233369910950208	0.0	383025	308.439886995	0.2
4162.383983331971	200	7.429580745870971	0.0	383025	303.789165079	0.2
4162.68777249705	200	7.6257915807917325	0.0	383025	303.789165079	0.2
4162.991561662129	200	7.822002415712494	0.0	383025	303.789165079	0.2
4163.29700261955	200	8.0165614582921	0.0	383025	305.44095742	0.2
4163.607931552041	200	8.20563252580068	0.0	383025	310.928932491	0.2
4163.918860484532	200	8.39470359330926	0.0	383025	310.928932491	0.2
4164.229789417023	200	8.583774660817838	0.0	383025	310.928932491	0.2
4164.5407183495145	200	8.77284572832642	0.0	383025	310.928932491	0.2
4164.851647282006	200	8.961916795835	0.0	383025	310.928932491	0.2
4165.169685410146	200	9.143878667695054	0.0	383025	318.03812814	0.2
4165.4897105159525	200	9.323853561888658	0.0	383025	320.025105806	0.2
4165.809735621759	200	9.503828456082264	0.0	383025	320.025105806	0.2
4166.129760727566	200	9.683803350275868	0.0	383025	320.025105806	0.2
4166.449785833372	200	9.863778244469474	0.0	383025	320.025105806	0.2
4166.772239402015	200	9.543753138663078	0.0	383025	320.025105806	0.2
4167.093029518863	200	9.722963021814614	0.0	383025	320.790116848	0.2
4167.413819635711	200	9.90217290496615	0.0	383025	320.790116848	0.2
4168.23460975256	200	9.581382788117686	0.0	383025	320.790116848	0.2
4168.555399869408	200	9.760592671269222	0.0	383025	320.790116848	0.2
4168.877191984748	200	9.938800555929843	0.0	383025	321.7921153393778	0.2
4169.700909476641	200	9.615083064036552	0.0	383025	323.717491893	0.2
4170.024626968534	200	9.791365572143262	0.0	383025	323.717491893	0.2
4170.348344460427	200	9.967648080249973	0.0	383025	323.717491893	0.2
4171.17206195232	200	9.643930588356682	0.0	383025	323.717491893	0.2
4171.495779444213	200	9.820213096463391	0.0	383025	323.717491893	0.2
4171.818120640076	200	9.997871900600401	0.0	383025	322.3411958629888	0.2
4172.638747142172	200	9.677245398504096	0.0	383025	320.626502096	0.2
4172.959373644268	200	9.85661889640779	0.0	383025	320.626502096	0.2
4173.780000146365	200	9.535992394311485	0.0	383025	320.626502096	0.2
4174.104160954099	200	9.711831586577079	0.0	383025	324.160807734407	0.2
4174.431214552048	200	9.88477798862847	0.0	383025	327.053597949	0.2
4175.258268149996	200	9.557724390679862	0.0	383025	327.053597949	0.2
4175.585321747944	200	9.730670792731253	0.0	383025	327.053597949	0.2
4175.912375345893	200	9.903617194782644	0.0	383025	327.053597949	0.2
4176.739428943842	200	9.576563596834037	0.0	383025	327.053597949	0.2
4177.06648254179	200	9.749509998885427	0.0	383025	327.053597949	0.2
4177.393536139739	200	9.922456400936818	0.0	383025	327.053597949	0.2
4178.224388323916	200	9.591604216759446	0.0	383025	330.85218417737235	0.2
4178.5557312616675	200	9.76026127900781	0.0	383025	331.342937752	0.2
4178.88707419942	200	9.928918341256177	0.0	383025	331.342937752	0.2
4179.718417137171	200	9.59757540350454	0.0	383025	331.342937752	0.2
4180.049760074923	200	9.766232465752907	0.0	383025	331.342937752	0.2
4180.381103012674	200	9.934889528001271	0.0	383025	331.342937752	0.2
4181.212445950426	200	9.603546590249636	0.0	383025	331.342937752	0.2
4181.542775522835	200	9.773217017840846	0.0	383025	330.32957240879125	0.2
4181.87126143271	200	9.944731107966557	0.0	383025	328.485909874	0.2
4182.699747342584	200	9.61624519809227	0.0	383025	328.485909874	0.2
4183.0282332524575	200	9.787759288217984	0.0	383025	328.485909874	0.2
4183.3567191623315	200	9.959273378343696	0.0	383025	328.485909874	0.2
4184.1852050722055	200	9.630787468469409	0.0	383025	328.485909874	0.2
4184.513690982079	200	9.802301558595122	0.0	383025	328.485909874	0.2
4184.842176891953	200	9.973815648720834	0.0	383025	328.485909874	0.2
4185.62151473118	200	9.645329738846547	0.0	383025	328.485909874	0.2
4185.941646501723	200	9.825197968303065	0.0	383025	320.131770543	0.2
4186.761778272266	200	9.505066197759584	0.0	383025	320.131770543	0.2
4187.08191004281	200	9.684934427216103	0.0	383025	320.131770543	0.2
4187.397363852882	200	9.869480617143605	0.0	383025	315.45381007249847	0.2
4188.208505693226	200	9.558338776800863	0.0	383025	311.141840343	0.2
4188.519647533568	200	9.747196936458122	0.0	383025	311.141840343	0.2
4188.830724760245	200	9.936119709781272	0.0	383025	311.07722667685147	0.2
4189.640899816772	200	9.625944653254308	0.0	383025	310.175056527	0.2
4189.951074168582	200	9.815770301444136	0.0	383025	310.1743518101724	0.2
4190.76073580017	200	9.506108669856102	0.0	383025	309.661631588	0.2
4191.070397431758	200	9.69644703826807	0.0	383025	309.661631588	0.2
4191.3800590633455	200	9.886785406680037	0.0	383025	309.661631588	0.2
4192.190132172844	200	9.576712297182025	0.0	383025	310.0731094980126	0.2
4192.501178346572	200	9.765666123454071	0.0	383025	311.046173728	0.2
4192.812825742271	200	9.954018727754384	0.0	383025	311.64739569968737	0.2
4193.6249269051705	200	9.641917564855193	0.0	383025	312.101162899	0.2
4193.93702806807	200	9.829816401956002	0.0	383025	312.101162899	0.2
4194.748600347623	200	9.518244122401969	0.0	383025	311.57227955403283	0.2
4195.060058460532	200	9.706786009493253	0.0	383025	311.458112909	0.2
4195.37151657344	200	9.895327896584536	0.0	383025	311.458112909	0.2
4196.184218535737	200	9.58262593428734	0.0	383025	312.7019622971964	0.2
4196.500232110131	200	9.766612359893902	0.0	383025	316.013574393	0.2
4196.816245684524	200	9.950598785500462	0.0	383025	316.013574393	0.2
4197.632259258918	200	9.634585211107023	0.0	383025	316.013574393	0.2
4197.951764648432	200	9.815079821592342	0.0	383025	319.50538951468184	0.2
4198.271771136447	200	9.995073333577466	0.0	383025	320.006488015	0.2

