5266.10069539604	400	0.5	0.1570376351720881	181435	157.037635172	-2.7407527034417623
5266.260159413551	400	0.8405359824887534	0.0	184429	159.464017511	0.4
5266.501600954615	600	1.0990944414245396	0.0	285584	241.441541064	0.39999999999999997
5266.828817623656	800	1.271877772384748	0.0	391425	327.21666904	0.6000000000000001
5267.156034292695	800	1.4446611033449568	0.0	391425	327.21666904	0.8
5267.563280247765	1000	1.537415148275023	0.0	490176	407.24595507	0.8
5267.989338364905	1000	1.6113570311346523	0.0	513389	426.05811714	1.0
5268.402686850595	1000	1.6980085454438363	0.0	497055	413.348485691	1.0
5268.8369508762935	1000	1.7637445197451438	0.0	520019	434.264025699	1.0
5269.296707343128	1000	1.8039880529106826	0.0	551265	459.756466834	1.0
5269.762229510581	1000	1.838465885458335	0.0	558332	465.522167452	1.0
5270.208725733506	1000	1.891969662532926	0.0	536970	446.496222925	1.0
5270.651294263501	1000	1.949401132538316	0.0	536970	442.568529995	1.0
5271.093862793495	1000	2.0068326025437058	0.0	536970	442.568529995	1.0
5271.412417389099	200	2.188278006940254	0.0	383025	318.554595603	-0.6000000000000001
5271.730971984703	200	2.3697234113368024	0.0	383025	318.554595603	0.2
5272.047116076893	200	2.5535793191456455	0.0	383025	316.144092191	0.2
5272.352357818626	200	2.748337577412679	0.0	383025	305.241741733	0.2
5272.657599560359	200	2.943095835679712	0.0	383025	305.241741733	0.2
5272.962841302091	200	3.137854093946746	0.0	383025	305.241741733	0.2
5273.2724281038645	200	3.328267292174227	0.0	383025	309.586801773	0.2
5273.583945212391	200	3.516750183646791	0.0	383025	311.517108527	0.2
5273.895462320918	200	3.705233075119356	0.0	383025	311.517108527	0.2
5274.206979429445	200	3.89371596659192	0.0	383025	311.517108527	0.2
5274.518496537972	200	4.082198858064484	0.0	383025	311.517108527	0.2
5274.830660316478	200	4.270035079558005	0.0	383025	312.163778506	0.2
5275.145637255849	200	4.455058140188097	0.0	383025	314.97693937	0.2
5275.460614195218	200	4.64008120081819	0.0	383025	314.97693937	0.2
5275.7755911345885	200	4.825104261448283	0.0	383025	314.97693937	0.2
5276.088215182889	200	5.012480213147544	0.0	383025	312.624048301	0.2
5276.397950897543	200	5.202744498493903	0.0	383025	309.735714654	0.2
5276.707686612196	200	5.393008783840261	0.0	383025	309.735714654	0.2
5277.01742232685	200	5.58327306918662	0.0	383025	309.735714654	0.2
5277.332539055951	200	5.76815634008574	0.0	383025	315.116729101	0.2
5277.648395758529	200	5.952299637507788	0.0	383025	315.856702578	0.2
5277.964252461107	200	6.136442934929836	0.0	383025	315.856702578	0.2
5278.280109163686	200	6.320586232351884	0.0	383025	315.856702578	0.2
5278.595965866264	200	6.504729529773932	0.0	383025	315.856702578	0.2
5278.911622674136	200	6.689072721901357	0.0	383025	315.656807873	0.2
5279.227154453206	200	6.87354094283164	0.0	383025	315.53177907	0.2
5279.542686232276	200	7.0580091637619224	0.0	383025	315.53177907	0.2
5279.858218011344	200	7.242477384692205	0.0	383025	315.53177907	0.2
5280.173749790414	200	7.426945605622488	0.0	383025	315.53177907	0.2
5280.49167434334	200	7.6090210526976225	0.0	383025	317.924552925	0.2
5280.813025628854	200	7.787669767181933	0.0	383025	321.351285516	0.2
5281.13437691437	200	7.966318481666243	0.0	383025	321.351285516	0.2
5281.455728199885	200	8.144967196150553	0.0	383025	321.351285516	0.2
5281.7770794854005	200	8.323615910634864	0.0	383025	321.351285516	0.2
5282.098430770916	200	8.502264625119174	0.0	383025	321.351285516	0.2
5282.418503780683	200	8.682191615352364	0.0	383025	320.073009767	0.2
5282.735714663722	200	8.864980732312077	0.0	383025	317.21088304	0.2
5283.052925546763	200	9.04776984927179	0.0	383025	317.21088304	0.2
5283.370136429802	200	9.230558966231504	0.0	383025	317.21088304	0.2
5283.687347312843	200	9.413348083191217	0.0	383025	317.21088304	0.2
5284.005090179257	200	9.595605216776493	0.0	383025	317.742866415	0.2
5284.32290435069	200	9.777791045343765	0.0	383025	317.814171433	0.2
5284.640718522122	200	9.959976873911039	0.0	383025	317.814171433	0.2
5285.458532693555	200	9.642162702478313	0.0	383025	317.814171433	0.2
5285.775463068492	200	9.825232327541105	0.0	383025	316.93037493720743	0.2
5286.59227960155	200	9.508415794482627	0.0	383025	316.816533058	0.2
5286.909096134609	200	9.69159926142415	0.0	383025	316.816533058	0.2
5287.224193738803	200	9.876501657231284	0.0	383025	315.0976041928658	0.2
5288.037948554584	200	9.562746841449751	0.0	383025	313.754815782	0.2
5288.351703370366	200	9.748992025668217	0.0	383025	313.754815782	0.2
5288.667200179591	200	9.933495216441866	0.0	383025	315.49680922635247	0.2
5289.486719010152	200	9.613976385881847	0.0	383025	319.51883056	0.2
5289.806237840712	200	9.794457555321825	0.0	383025	319.51883056	0.2
5290.1251602202	200	9.975535175833581	0.0	383025	318.92237948824356	0.2
5290.941135540813	200	9.659559855220198	0.0	383025	315.975320613	0.2
5291.257110861427	200	9.843584534606816	0.0	383025	315.975320613	0.2
5291.982514612718	200	9.527609213993433	0.0	383025	315.975320613	0.2
5292.298833385917	200	9.711290440794905	0.0	383025	316.318773199	0.2
5292.6151521591155	200	9.894971667596376	0.0	383025	316.318773199	0.2
5293.359855587289	200	9.578652894397846	0.0	383025	316.318773199	0.2
5293.678095775264	200	9.760412706422375	0.0	383025	318.240187975	0.2
5293.99633596324	200	9.942172518446904	0.0	383025	318.240187975	0.2
5294.537681494016	200	9.623932330471435	0.0	383025	318.240187975	0.2
5294.8533968150205	200	9.80821700946746	0.0	383025	315.715321004	0.2
5295.169112136025	200	9.992501688463486	0.0	383025	315.715321004	0.2
5295.985113284943	200	9.676500539545446	0.0	383025	316.0011489180406	0.2
5296.305143513238	200	9.856470311249733	0.0	383025	320.030228296	0.2
5297.125173741533	200	9.536440082954021	0.0	383025	320.030228296	0.2
5297.444295645213	200	9.717318179274939	0.0	383025	319.1219036790833	0.2
5297.759681008328	200	9.90193281616007	0.0	383025	315.385363115	0.2
5298.25555659167	200	9.5865474530452	0.0	383025	315.385363115	0.2
5298.578175039806	200	9.76392900490918	0.0	383025	322.618448136	0.2
5298.900793487943	200	9.941310556773159	0.0	383025	322.618448136	0.2
5299.251757348215	200	9.618692108637136	0.0	383025	322.618448136	0.2
5299.56879312194	200	9.801656334912007	0.0	383025	317.035773725	0.2
5299.885828895664	200	9.984620561186876	0.0	383025	317.035773725	0.2
5300.70286466939	200	9.667584787461745	0.0	383025	317.035773725	0.2
5301.02465082946	200	9.845798627391494	0.0	383025	321.7861600702514	0.2
5301.849950812231	200	9.520498644620076	0.0	383025	325.299982771	0.2
5302.175250795003	200	9.695198661848659	0.0	383025	325.299982771	0.2
5302.500550777774	200	9.869898679077242	0.0	383025	325.299982771	0.2
5302.898289775711	200	9.544598696305824	0.0	383025	325.299982771	0.2
5303.221281757794	200	9.72160671422422	0.0	383025	322.991982082	0.2
5303.544273739875	200	9.898614732142617	0.0	383025	322.991982082	0.2
5304.367265721957	200	9.575622750061015	0.0	383025	322.991982082	0.2
5304.690257704039	200	9.752630767979412	0.0	383025	322.991982082	0.2
5305.017419945508	200	9.92546852651154	0.0	383025	327.1622414678713	0.2
5305.8467053939985	200	9.596183078020255	0.0	383025	329.285448491	0.2
5306.17599084249	200	9.766897629528968	0.0	383025	329.285448491	0.2
5306.505276290982	200	9.937612181037682	0.0	383025	329.285448491	0.2
5307.334561739473	200	9.608326732546397	0.0	383025	329.285448491	0.2
5307.65846827089	200	9.784420201130231	0.0	383025	323.90653141616457	0.2
5307.9815759055045	200	9.961312566514748	0.0	383025	323.107634615	0.2
5308.493516243392	200	9.638204931899264	0.0	383025	323.107634615	0.2
5308.8054539197265	200	9.826267255565737	0.0	383025	311.937676334	0.2
5309.61739159606	200	9.51432957923221	0.0	383025	311.937676334	0.2
5309.931717977932	200	9.700003197361196	0.0	383025	314.32638187101446	0.2
5310.250547863334	200	9.881173311959596	0.0	383025	318.829885402	0.2
5311.069377748735	200	9.562343426557995	0.0	383025	318.829885402	0.2
5311.388207634137	200	9.743513541156393	0.0	383025	318.829885402	0.2
5311.706580941024	200	9.925140234268953	0.0	383025	318.3733068874406	0.2
5312.521052633559	200	9.610668541734462	0.0	383025	314.471692534	0.2
5312.835524326092	200	9.796196849199971	0.0	383025	314.471692534	0.2
5313.147886093304	200	9.983835081989184	0.0	383025	312.36176721078664	0.2
5313.957610167263	200	9.674111008029818	0.0	383025	309.724073959	0.2
5314.274605727722	200	9.857115447571148	0.0	383025	316.99556045867007	0.2

