5510.398563627007	400	0.5	0.16129754955996992	181435	161.29754956	-2.8259509911993983
5510.562357855066	400	0.8362057719414904	0.0	184429	163.794228059	0.4
5510.81050462605	600	1.0880590009572015	0.0	285584	248.146770984	0.39999999999999997
5511.146911567029	800	1.2516520599782766	0.0	391425	336.406940979	0.6000000000000001
5511.483318508008	800	1.4152451189993518	0.0	391425	336.406940979	0.8
5511.902073310846	1000	1.4964903161602754	0.0	490176	418.754802839	0.8
5512.3401852940415	1000	1.5583783329649525	0.0	513389	438.111983195	1.0
5512.764676453391	1000	1.6338871736157043	0.0	497055	424.491159349	1.0
5513.208317153502	1000	1.6902464735047775	0.0	520019	443.640700111	1.0
5513.678013704102	1000	1.7205499229044146	0.0	551265	469.6965506	1.0
5514.155939560466	1000	1.74262406654061	0.0	558332	477.925856364	1.0
5514.618337388378	1000	1.780226238629224	0.0	536970	462.397827911	1.0
5515.080735216289	1000	1.8178284107178384	0.0	536970	462.397827911	1.0
5515.5431330442	1000	1.8554305828064526	0.0	536970	462.397827911	1.0
5516.005530872111	1000	1.8930327548950667	0.0	536970	462.397827911	1.0
5516.467928700023	1000	1.9306349269836809	0.0	536970	462.397827911	1.0
5516.944189041409	1000	1.9543745855976988	0.0	553424	476.260341386	1.0
5517.3717267083985	1000	2.026836918608078	0.0	522960	427.53766699	1.0
5517.683015611078	200	2.2155480159272694	0.0	383025	311.288902681	-0.6000000000000001
5517.994304513759	200	2.4042591132464604	0.0	383025	311.288902681	0.2
5518.3055934164395	200	2.592970210565652	0.0	383025	311.288902681	0.2
5518.615970661035	200	2.782592965970548	0.0	383025	310.377244595	0.2
5518.921723636884	200	2.9768399901207503	0.0	383025	305.75297585	0.2
5519.227476612734	200	3.171087014270953	0.0	383025	305.75297585	0.2
5519.533229588583	200	3.365334038421155	0.0	383025	305.75297585	0.2
5519.844312271598	200	3.554251355406672	0.0	383025	311.082683014	0.2
5520.157879569409	200	3.7406840575962943	0.0	383025	313.56729781	0.2
5520.471446867219	200	3.9271167597859167	0.0	383025	313.56729781	0.2
5520.78501416503	200	4.1135494619755395	0.0	383025	313.56729781	0.2
5521.09858146284	200	4.299982164165161	0.0	383025	313.56729781	0.2
5521.412148760652	200	4.486414866354784	0.0	383025	313.56729781	0.2
5521.723718238523	200	4.674845388482992	0.0	383025	311.569477872	0.2
5522.035253461928	200	4.863310165078299	0.0	383025	311.535223405	0.2
5522.346788685333	200	5.051774941673606	0.0	383025	311.535223405	0.2
5522.657555979002	200	5.241007648005624	0.0	383025	310.767293668	0.2
5522.967879225315	200	5.430684401691157	0.0	383025	310.323246314	0.2
5523.27820247163	200	5.62036115537669	0.0	383025	310.323246314	0.2
5523.588535647089	200	5.810027979917519	0.0	383025	310.333175459	0.2
5523.8989991572835	200	5.999564469723173	0.0	383025	310.463510194	0.2
5524.209462667478	200	6.189100959528825	0.0	383025	310.463510194	0.2
5524.519926177673	200	6.3786374493344775	0.0	383025	310.463510194	0.2
5524.830389687868	200	6.56817393914013	0.0	383025	310.463510194	0.2
5525.140719774706	200	6.75784385230304	0.0	383025	310.330086837	0.2
5525.450964920769	200	6.947598706239083	0.0	383025	310.245146064	0.2
5525.761210066834	200	7.137353560175127	0.0	383025	310.245146064	0.2
5526.0714552128975	200	7.327108414111169	0.0	383025	310.245146064	0.2
5526.381956188204	200	7.516607438805316	0.0	383025	310.500975306	0.2
5526.693612417955	200	7.704951209054051	0.0	383025	311.656229751	0.2
5527.0052686477065	200	7.8932949793027865	0.0	383025	311.656229751	0.2
5527.3169248774575	200	8.081638749551521	0.0	383025	311.656229751	0.2
5527.628581107208	200	8.269982519800259	0.0	383025	311.656229751	0.2
5527.94144175248	200	8.45712187452866	0.0	383025	312.860645272	0.2
5528.254980746865	200	8.643582880143304	0.0	383025	313.538994385	0.2
5528.56851974125	200	8.830043885757947	0.0	383025	313.538994385	0.2
5528.882058735635	200	9.01650489137259	0.0	383025	313.538994385	0.2
5529.1920551426065	200	9.206508484401082	0.0	383025	309.996406972	0.2
5529.500884698908	200	9.397678928099914	0.0	383025	308.829556301	0.2
5529.809714255209	200	9.588849371798748	0.0	383025	308.829556301	0.2
5530.11854381151	200	9.78001981549758	0.0	383025	308.829556301	0.2
5530.428872069864	200	9.969691557143552	0.0	383025	310.328258354	0.2
5531.24176908206	200	9.656794544948283	0.0	383025	312.897012195	0.2
5531.5546660942555	200	9.843897532753015	0.0	383025	312.897012195	0.2
5532.3666519912	200	9.531911635807976	0.0	383025	311.98589694503914	0.2
5532.678098775794	200	9.720464851215072	0.0	383025	311.446784593	0.2
5532.989545560387	200	9.909018066622165	0.0	383025	311.446784593	0.2
5533.80921244492	200	9.589351182088938	0.0	383025	319.6668845332274	0.2
5534.1312610481755	200	9.7673025788338	0.0	383025	322.048603255	0.2
5534.453309651431	200	9.945253975578662	0.0	383025	322.048603255	0.2
5535.274427818915	200	9.62413580809457	0.0	383025	321.1181674840926	0.2
5535.593790370176	200	9.804773256834256	0.0	383025	319.36255126	0.2
5535.913152921436	200	9.985410705573942	0.0	383025	319.36255126	0.2
5536.567764810744	200	9.666048154313629	0.0	383025	319.36255126	0.2
5536.883350937945	200	9.850462027112235	0.0	383025	315.586127201	0.2
5537.305358743395	200	9.53487589991084	0.0	383025	315.586127201	0.2
5537.62114251525	200	9.719092128055784	0.0	383025	315.783771855	0.2
5537.936926287104	200	9.90330835620073	0.0	383025	315.783771855	0.2
5538.316483014674	200	9.587524584345676	0.0	383025	315.783771855	0.2
5538.627906473985	200	9.776101125034591	0.0	383025	311.423459311	0.2
5538.939329933296	200	9.964677665723507	0.0	383025	311.423459311	0.2
5539.748796697655	200	9.65325420641242	0.0	383025	311.423459311	0.2
5540.060407570005	200	9.841643334063123	0.0	383025	311.610872349	0.2
5540.5532836542	200	9.530032461713825	0.0	383025	311.610872349	0.2
5540.869593510751	200	9.713722605163253	0.0	383025	316.309856551	0.2
5541.185903367302	200	9.897412748612682	0.0	383025	316.309856551	0.2
5542.00313736201	200	9.58017875390299	0.0	383025	317.2339947096925	0.2
5542.322016057555	200	9.761300058358716	0.0	383025	318.878695544	0.2
5542.640894753098	200	9.942421362814443	0.0	383025	318.878695544	0.2
5543.455987525047	200	9.627328590866156	0.0	383025	315.09277194828604	0.2
5543.7689528830615	200	9.814363232851235	0.0	383025	312.965358015	0.2
5544.521817982601	200	9.501397874836314	0.0	383025	312.965358015	0.2
5544.831922635531	200	9.69129322190602	0.0	383025	310.10465293	0.2
5545.142027288461	200	9.881188568975725	0.0	383025	310.10465293	0.2
5545.912345527206	200	9.571083916045431	0.0	383025	310.10465293	0.2
5546.229272849255	200	9.75415659399535	0.0	383025	316.92732205	0.2
5546.546200171305	200	9.93722927194527	0.0	383025	316.92732205	0.2
5547.24412304532	200	9.620301949895191	0.0	383025	316.92732205	0.2
5547.560959388488	200	9.803465606726753	0.0	383025	316.836343168	0.2
5547.877795731656	200	9.986629263558315	0.0	383025	316.836343168	0.2
5548.506136646794	200	9.66979292038988	0.0	383025	316.836343168	0.2
5548.819429169181	200	9.856500398003286	0.0	383025	313.292522387	0.2
5549.632870125124	200	9.543059442059702	0.0	383025	313.44095594358214	0.2
5549.946937634662	200	9.728991932521641	0.0	383025	314.067509538	0.2
5550.261005144202	200	9.91492442298358	0.0	383025	314.067509538	0.2
5550.985513394754	200	9.600856913445519	0.0	383025	314.067509538	0.2
5551.310159018561	200	9.776211289639853	0.0	383025	324.645623806	0.2
5551.634804642366	200	9.951565665834188	0.0	383025	324.645623806	0.2
5552.459450266172	200	9.626920042028523	0.0	383025	324.645623806	0.2
5552.784095889978	200	9.802274418222858	0.0	383025	324.645623806	0.2
5553.104064852781	200	9.982305455419619	0.0	383025	319.96896280323926	0.2
5553.92369976076	200	9.662670547441415	0.0	383025	319.634907978	0.2
5554.2433346687385	200	9.843035639463212	0.0	383025	319.634907978	0.2
5555.066153721272	200	9.520216586929811	0.0	383025	322.81905253339846	0.2
5555.3905309915635	200	9.695839316638404	0.0	383025	324.377270291	0.2
5555.714908261855	200	9.871462046346995	0.0	383025	324.377270291	0.2
5556.503498305651	200	9.547084776055586	0.0	383025	324.377270291	0.2
5556.837750398733	200	9.712832682974302	0.0	383025	334.252093081	0.2
5557.172002491814	200	9.878580589893017	0.0	383025	334.252093081	0.2
5558.006254584895	200	9.544328496811733	0.0	383025	334.252093081	0.2
5558.340506677977	200	9.710076403730449	0.0	383025	334.252093081	0.2
5558.674758771058	200	9.875824310649165	0.0	383025	334.252093081	0.2

