1940.8070220499199	400	0.5	0.16796251319168481	181435	167.962513192	-2.9592502638336966
1940.977591225357	400	0.8294308245629055	0.0	184429	170.569175437	0.4
1941.236228844159	600	1.0707932057609428	0.0	285584	258.637618802	0.39999999999999997
1941.5870146722852	800	1.2200073776348632	0.0	391425	350.785828126	0.6000000000000001
1941.9378005004114	800	1.3692215495087834	0.0	391425	350.785828126	0.8
1942.2791911542859	800	1.5278308956343642	0.0	389889	341.390653874	0.8
1942.7280874837438	1000	1.5789345661763703	0.0	513389	448.896329458	0.8
1943.1718043952496	1000	1.6352176546706587	0.0	497055	443.716911506	1.0
1943.6355590795486	1000	1.6714629703715598	0.0	520019	463.754684299	1.0
1944.1239434127383	1000	1.683078637181767	0.0	551265	488.38433319	1.0
1944.6172097531328	1000	1.6898122967871936	0.0	558332	493.266340395	1.0
1945.0773152575878	1000	1.729706792332404	0.0	536970	460.105504455	1.0
1945.5271080655561	1000	1.7799139843641156	0.0	536970	449.792807968	1.0
1945.9726021251329	1000	1.8344199247871158	0.0	536970	445.494059577	1.0
1946.4113937705556	1000	1.8956282793645067	0.0	536970	438.791645423	1.0
1946.8560172006942	1000	1.9510048492259047	0.0	536970	444.623430139	1.0
1947.316069285166	1000	1.990952764753993	0.0	553424	460.052084472	1.0
1947.7520806973255	1000	2.0549413525944296	0.0	522960	436.01141216	1.0
1948.0773191951878	200	2.229702854732071	0.0	383025	325.238497862	-0.6000000000000001
1948.4025576930503	200	2.4044643568697124	0.0	383025	325.238497862	0.2
1948.725429132729	200	2.5815929171909855	0.0	383025	322.871439679	0.2
1949.046245425834	200	2.7607766240859455	0.0	383025	320.816293105	0.2
1949.366828168066	200	2.940193881854054	0.0	383025	320.582742232	0.2
1949.68613220724	200	3.120889842680074	0.0	383025	319.304039174	0.2
1950.003767684635	200	3.303254365285051	0.0	383025	317.635477395	0.2
1950.3152964908506	200	3.491725559069397	0.0	383025	311.528806216	0.2
1950.6268252970663	200	3.6801967528537434	0.0	383025	311.528806216	0.2
1950.9351693407016	200	3.8718527092183765	0.0	383025	308.344043635	0.2
1951.243378700812	200	4.063643349107973	0.0	383025	308.20936011	0.2
1951.546643925708	200	4.260378124211861	0.0	383025	303.265224896	0.2
1951.8496347393063	200	4.457387310613478	0.0	383025	302.990813598	0.2
1952.1555218853475	200	4.651500164572198	0.0	383025	305.887146041	0.2
1952.4620333909272	200	4.844988658992629	0.0	383025	306.51150558	0.2
1952.7703333223046	200	5.036688727615321	0.0	383025	308.299931377	0.2
1953.0785867056634	200	5.228435344256423	0.0	383025	308.253383359	0.2
1953.385436259317	200	5.421585790602902	0.0	383025	306.849553654	0.2
1953.6922747805625	200	5.614747269357577	0.0	383025	306.838521245	0.2
1953.9990485707294	200	5.807973479190549	0.0	383025	306.773790167	0.2
1954.306170592335	200	6.000851457584923	0.0	383025	307.122021606	0.2
1954.6151543860237	200	6.191867663896129	0.0	383025	308.983793689	0.2
1954.924023545324	200	6.382998504596088	0.0	383025	308.8691593	0.2
1955.232799717774	200	6.5742223321460385	0.0	383025	308.77617245	0.2
1955.5413659201113	200	6.7656561298087325	0.0	383025	308.566202337	0.2
1955.84953014978	200	6.957491900140065	0.0	383025	308.164229669	0.2
1956.1581711888036	200	7.148850861116452	0.0	383025	308.641039024	0.2
1956.4675941632283	200	7.339427886691834	0.0	383025	309.422974425	0.2
1956.780057251562	200	7.526964798358007	0.0	383025	312.463088334	0.2
1957.0925904854507	200	7.714431564469293	0.0	383025	312.533233889	0.2
1957.4066297428253	200	7.900392307094719	0.0	383025	314.039257375	0.2
1957.7206690002	200	8.086353049720143	0.0	383025	314.039257375	0.2
1958.0380991273228	200	8.268922922597435	0.0	383025	317.430127123	0.2
1958.3569191127294	200	8.45010293719071	0.0	383025	318.819985407	0.2
1958.6752279331904	200	8.631794116729703	0.0	383025	318.308820461	0.2
1958.9930403966596	200	8.813981653260333	0.0	383025	317.812463469	0.2
1959.3100407569352	200	8.996981292984717	0.0	383025	317.000360276	0.2
1959.6253974991957	200	9.181624550724257	0.0	383025	315.35674226	0.2
1959.9520116714084	200	9.3550103785118	0.0	383025	326.614172212	0.2
1960.2800206021677	200	9.527001447752271	0.0	383025	328.00893076	0.2
1960.6086175310386	200	9.698404518881409	0.0	383025	328.596928871	0.2
1960.939797382727	200	9.867224667193037	0.0	383025	331.179851688	0.2
1961.5928948844023	200	9.536044815504665	0.0	383025	331.179851688	0.2
1961.9213298145282	200	9.707609885378654	0.0	383025	328.434930126	0.2
1962.241606222501	200	9.887333477405928	0.0	383025	320.2764079727266	0.2
1963.018220156692	200	9.569341028203397	0.0	383025	317.992449203	0.2
1963.3474920722515	200	9.740069112644003	0.0	383025	329.271915559	0.2
1963.6940020616373	200	9.893559123257937	0.0	383025	346.5099893860668	0.2
1964.2127840851876	200	9.546369701549658	0.0	383025	347.189421708	0.2
1964.560398733901	200	9.698755052836287	0.0	383025	347.614648713	0.2
1964.9080133826142	200	9.851140404122914	0.0	383025	347.614648713	0.2
1965.7300647796094	200	9.503525755409543	0.0	383025	347.614648713	0.2
1966.0717248005747	200	9.661865734444465	0.0	383025	341.660020965	0.2
1966.4028237300613	200	9.83076680495779	0.0	383025	331.09892948667607	0.2
1967.043874849883	200	9.503839037163988	0.0	383025	326.927767794	0.2
1967.3731992668415	200	9.67451462020528	0.0	383025	329.324416959	0.2
1967.701980954021	200	9.845732933025658	0.0	383025	328.78168717962154	0.2
1968.2608530931645	200	9.517411610637042	0.0	383025	328.321322389	0.2
1968.5853002099545	200	9.692964493846935	0.0	383025	324.44711679	0.2
1968.9043074040915	200	9.873957299710026	0.0	383025	319.0071941369098	0.2
1969.5728045315516	200	9.566711318870762	0.0	383025	307.245980839	0.2
1969.8801319121721	200	9.759383938250377	0.0	383025	307.32738062	0.2
1970.1863335580424	200	9.953182292380237	0.0	383025	306.2016458701398	0.2
1970.98342708935	200	9.647025618082054	0.0	383025	306.156674298	0.2
1971.2901115446211	200	9.840341162810832	0.0	383025	306.68445527122327	0.2
1972.0111430843954	200	9.533636010914138	0.0	383025	306.705151897	0.2
1972.3184333585893	200	9.726345736720056	0.0	383025	307.29027419408374	0.2
1972.6257429094906	200	9.91903618581882	0.0	383025	307.309550901	0.2
1972.9495442148843	200	9.61159865865845	0.0	383025	307.4375271603709	0.2
1973.257128815324	200	9.8040140582186	0.0	383025	307.58460044	0.2
1973.5633775438	200	9.997765329742489	0.0	383025	306.24872847611	0.2
1974.1433153753385	200	9.69789490554784	0.0	383025	299.870424195	0.2
1974.4419943473779	200	9.89921593350836	0.0	383025	298.678972039	0.2
1974.9802811687503	200	9.589445779263833	0.0	383025	309.77015424452594	0.2
1975.2904412410057	200	9.779285707008324	0.0	383025	310.160072256	0.2
1975.603660499251	200	9.966066448762955	0.0	383025	313.21925824536817	0.2
1976.3339019480065	200	9.651893708899493	0.0	383025	314.172739863	0.2
1976.6496834270085	200	9.836112229897576	0.0	383025	315.7814790019171	0.2
1977.144816482693	200	9.519470843702475	0.0	383025	316.641386195	0.2
1977.4690966334404	200	9.695190692955107	0.0	383025	324.280150747	0.2
1977.7936254051622	200	9.870661921233376	0.0	383025	324.5287717217298	0.2
1978.1712812996627	200	9.545484184112153	0.0	383025	325.177737121	0.2
1978.4793926878979	200	9.737372795877018	0.0	383025	308.111388235	0.2
1978.787504076133	200	9.929261407641883	0.0	383025	308.111388235	0.2
1979.1932178095362	200	9.620755055565116	0.0	383025	308.50635207676777	0.2
1979.5046883342159	200	9.80928453088539	0.0	383025	311.47052468	0.2
1979.8182070870535	200	9.995765778047826	0.0	383025	313.5187528375645	0.2
1980.4545348378049	200	9.673700208243904	0.0	383025	322.06556980392173	0.2
1980.7664847556505	200	9.861750290398577	0.0	383025	311.94991784532795	0.2
1981.5755613903139	200	9.55267365573528	0.0	383025	309.076634663	0.2
1981.8846380249772	200	9.743597021071983	0.0	383025	309.076634663	0.2
1982.1938383209222	200	9.934396725127032	0.0	383025	309.20029594495054	0.2
1982.6367231100667	200	9.624737129237106	0.0	383025	309.65959589	0.2
1982.9463936168313	200	9.81506662247242	0.0	383025	309.670506765	0.2
1983.3172768546892	200	9.506072934603033	0.0	383025	308.9936878693875	0.2
1983.6235882757744	200	9.69976151351779	0.0	383025	306.311421085	0.2
1983.9318886502388	200	9.891461139053323	0.0	383025	308.300374464468	0.2
1984.3722907772376	200	9.579510667273112	0.0	383025	311.95047178	0.2
1984.6865970812141	200	9.76520436329656	0.0	383025	314.306303977	0.2
1985.0192762194126	200	9.93252522509796	0.0	383025	332.67913819860127	0.2
1985.644840382927	200	9.592461715837565	0.0	383025	340.06350926	0.2
1985.9908887652684	200	9.746413333496275	0.0	383025	346.048382341	0.2

