2621.57047505	3066	0.5	0.173590255445	181435	173.590255445	2.37163897822
2621.89370655	7800	0.676768502547	0.0	471531	323.231497453	3.066
2622.22256631	7866	0.847908745513	0.0	482442	328.859757034	7.8
2622.5564183	8000	1.01405675163	0.0	492120	333.85199388	7.866
2622.89027029	8000	1.18020475775	0.0	492120	333.85199388	8.0
2623.2055206	8000	1.36495445066	0.0	490176	315.250307096	8.0
2623.51613377	8333	1.55434127835	0.0	513389	310.613172303	8.0
2623.81940975	8066	1.75106530174	0.0	497055	303.275976617	7.799
2624.1943279	8466	1.87614714873	0.0	520019	374.918153001	8.066
2624.61922969	9000	1.95124535686	0.0	551265	424.901791875	8.466
2625.04855299	9266	2.02192205997	0.0	558332	429.323296892	9.0
2625.36819456	6400	2.20228049224	0.0	383025	319.641567727	3.534
2625.68269605	6400	2.38777900461	0.0	383025	314.501487635	6.4
2625.98879435	6400	2.58168070229	0.0	383025	306.098302321	6.4
2626.29489265	6400	2.77558239996	0.0	383025	306.098302321	6.4
2626.60099095	6400	2.96948409764	0.0	383025	306.098302321	6.4
2626.90708926	6400	3.16338579532	0.0	383025	306.098302321	6.4
2627.21227339	6400	3.35820166096	0.0	383025	305.184134357	6.4
2627.51597673	6400	3.55449832606	0.0	383025	303.703334901	6.4
2627.81968006	6400	3.75079499116	0.0	383025	303.703334901	6.4
2628.12338339	6400	3.94709165626	0.0	383025	303.703334901	6.4
2628.42708673	6400	4.14338832136	0.0	383025	303.703334901	6.4
2628.73079006	6400	4.33968498646	0.0	383025	303.703334901	6.4
2629.0344934	6400	4.53598165156	0.0	383025	303.703334901	6.4
2629.28018059	6400	4.79029446436	0.0	383025	245.687187195	6.4
2629.52524087	6400	5.04523418084	0.0	383025	245.06028352	6.4
2629.77030115	6400	5.30017389732	0.0	383025	245.06028352	6.4
2630.01897692	6400	5.55149812866	0.0	383025	248.675768659	6.4
2630.29633622	6400	5.77413883075	0.0	383025	277.359297911	6.4
2630.57369552	6400	5.99677953284	0.0	383025	277.359297911	6.4
2630.85105482	6400	6.21942023493	0.0	383025	277.359297911	6.4
2631.12845796	6400	6.44201709491	0.0	383025	277.403140018	6.4
2631.41147538	6400	6.65899966911	0.0	383025	283.017425802	6.4
2631.69449281	6400	6.87598224331	0.0	383025	283.017425802	6.4
2631.97751023	6400	7.09296481751	0.0	383025	283.017425802	6.4
