3289.524870609594	400	0.5	0.1620628882706312	181435	162.062888271	-2.841257765412624
3289.689442805812	400	0.8354278037817167	0.0	184429	164.572196218	0.4
3289.9387942423264	600	1.0860763672679241	0.0	285584	249.351436514	0.39999999999999997
3290.2768523129375	800	1.248018296656786	0.0	391425	338.058070611	0.6000000000000001
3290.6149103835487	800	1.409960226045648	0.0	391425	338.058070611	0.8
3291.0357328727096	1000	1.4891377368845442	0.0	490176	420.822489161	0.8
3291.475648627952	1000	1.5492219816418455	0.0	513389	439.915755243	1.0
3291.89081956214	1000	1.63405104745382	0.0	497055	415.170934188	1.0
3292.3247094415815	1000	1.7001611680128668	0.0	520019	433.889879441	1.0
3292.7785695665652	1000	1.7463010430288142	0.0	551265	453.860124984	1.0
3293.234109453398	1000	1.7907611561957286	0.0	558332	455.539886833	1.0
3293.672602810456	1000	1.8522677991379888	0.0	536970	438.493357058	1.0
3294.1015995756816	1000	1.9232710339124892	0.0	536970	428.996765225	1.0
3294.517269087966	1000	2.0076015216283976	0.0	536970	415.669512284	1.0
3294.817313660458	200	2.2075569491364786	0.0	383025	300.044572492	-0.6000000000000001
3295.118145362088	200	2.406725247506245	0.0	383025	300.83170163	0.2
3295.418977063718	200	2.6058935458760115	0.0	383025	300.83170163	0.2
3295.7198087653487	200	2.805061844245778	0.0	383025	300.83170163	0.2
3296.021503003235	200	3.003367606359445	0.0	383025	301.694237886	0.2
3296.3232375967764	200	3.2016330128179247	0.0	383025	301.734593542	0.2
3296.6248420227066	200	3.4000285868877067	0.0	383025	301.60442593	0.2
3296.9263976304705	200	3.598472979123904	0.0	383025	301.555607764	0.2
3297.2292823466046	200	3.7955882629898543	0.0	383025	302.884716134	0.2
3297.534523407677	200	3.990347201916994	0.0	383025	305.241061073	0.2
3297.8397644687498	200	4.185106140844134	0.0	383025	305.241061073	0.2
3298.1437896249536	200	4.381080984640412	0.0	383025	304.025156204	0.2
3298.4421532854076	200	4.582717324186681	0.0	383025	298.363660454	0.2
3298.740516945861	200	4.784353663732949	0.0	383025	298.363660454	0.2
3299.036448446347	200	4.988422163247248	0.0	383025	295.931500486	0.2
3299.3266638019613	200	5.198206807632912	0.0	383025	290.215355614	0.2
3299.616879157575	200	5.407991452018577	0.0	383025	290.215355614	0.2
3299.9038282978804	200	5.621042311713409	0.0	383025	286.949140305	0.2
3300.1897725379686	200	5.835098071625252	0.0	383025	285.944240088	0.2
3300.487183317248	200	6.037687292345998	0.0	383025	297.410779279	0.2
3300.7887213813474	200	6.2361492282466084	0.0	383025	301.538064099	0.2
3301.0902594454465	200	6.43461116414722	0.0	383025	301.538064099	0.2
3301.3922752011317	200	6.632595408462235	0.0	383025	302.015755685	0.2
3301.6944796389953	200	6.830390970598503	0.0	383025	302.204437864	0.2
3301.996684076859	200	7.028186532734772	0.0	383025	302.204437864	0.2
3302.293654004452	200	7.231216605141432	0.0	383025	296.969927593	0.2
3302.590110011541	200	7.434760598052106	0.0	383025	296.456007089	0.2
3302.8863466868365	200	7.638523922757254	0.0	383025	296.236675295	0.2
3303.1813668709137	200	7.843503738679992	0.0	383025	295.020184077	0.2
3303.476387054991	200	8.048483554602731	0.0	383025	295.020184077	0.2
3303.778979099245	200	8.245891510348622	0.0	383025	302.592044254	0.2
3304.082680447839	200	8.442190161755276	0.0	383025	303.701348593	0.2
3304.386381796432	200	8.63848881316193	0.0	383025	303.701348593	0.2
3304.680233893782	200	8.844636715812003	0.0	383025	293.85209735	0.2
3304.973112174219	200	9.051758435375012	0.0	383025	292.878280437	0.2
3305.2747713594786	200	9.250099250115571	0.0	383025	301.659185259	0.2
3305.5828713937785	200	9.441999215815692	0.0	383025	308.1000343	0.2
3305.890971428078	200	9.633899181515812	0.0	383025	308.1000343	0.2
3306.201502074572	200	9.823368535021718	0.0	383025	310.530646494	0.2
3306.705670049639	200	9.51063168596285	0.0	383025	312.736849059	0.2
3307.0215312485348	200	9.694770487067391	0.0	383025	315.861198895	0.2
3307.3373924474304	200	9.878909288171933	0.0	383025	315.861198895	0.2
3308.09226829272	200	9.563048089276476	0.0	383025	315.861198895	0.2
3308.414582631867	200	9.740733750129689	0.0	383025	322.314339147	0.2
3308.7350447432264	200	9.920271638770046	0.0	383025	320.4621113596428	0.2
3309.1165127790377	200	9.600433197914612	0.0	383025	319.838440855	0.2
3309.4403920953105	200	9.77655388164196	0.0	383025	323.879316273	0.2
3309.764271411583	200	9.952674565369307	0.0	383025	323.879316273	0.2
3310.28141832893	200	9.628795249096655	0.0	383025	323.879316273	0.2
3310.609471499667	200	9.800742078359841	0.0	383025	328.053170737	0.2
3310.937524670404	200	9.972688907623027	0.0	383025	328.053170737	0.2
3311.3130048113253	200	9.644635736886213	0.0	383025	328.053170737	0.2
3311.641166845172	200	9.816473703039575	0.0	383025	328.162033847	0.2
3311.969328879018	200	9.988311669192937	0.0	383025	328.162033847	0.2
3312.3594041657893	200	9.660149635346299	0.0	383025	328.162033847	0.2
3312.671004092612	200	9.848549708524068	0.0	383025	311.599926822	0.2
3313.177717097403	200	9.536949781701836	0.0	383025	311.599926822	0.2
3313.4904837799563	200	9.724183099148707	0.0	383025	312.766682553	0.2
3313.8069604060943	200	9.907706473010732	0.0	383025	316.476626137976	0.2
3314.627713412171	200	9.586953466933798	0.0	383025	320.753006077	0.2
3314.9484664182482	200	9.766200460856862	0.0	383025	320.753006077	0.2
3315.2730708500885	200	9.941596029016086	0.0	383025	324.6044318407768	0.2
3316.0988820312	200	9.615784847904651	0.0	383025	325.811181111	0.2
3316.4246932123115	200	9.789973666793218	0.0	383025	325.811181111	0.2
3316.7509407109383	200	9.96372616816656	0.0	383025	326.24749862665834	0.2
3317.5774146804797	200	9.63725219862508	0.0	383025	326.473969541	0.2
3317.902656978109	200	9.812009900995838	0.0	383025	325.2422976292425	0.2
3318.2248608730683	200	9.989806006036355	0.0	383025	322.203894959	0.2
3318.7015255547212	200	9.667602111076873	0.0	383025	322.203894959	0.2
3319.0183541142133	200	9.850773551585071	0.0	383025	316.828559492	0.2
3319.493300445882	200	9.53394499209327	0.0	383025	316.828559492	0.2
3319.813939097763	200	9.713306340212466	0.0	383025	320.638651881	0.2
3320.134577749644	200	9.892667688331663	0.0	383025	320.638651881	0.2
3320.8952502724446	200	9.57202903645086	0.0	383025	320.638651881	0.2
3321.212322240353	200	9.7549570685421	0.0	383025	317.071967909	0.2
3321.5293942082617	200	9.937885100633338	0.0	383025	317.071967909	0.2
3322.346405214163	200	9.620874094732065	0.0	383025	317.0110059012735	0.2
3322.6632467842396	200	9.804032524655494	0.0	383025	316.841570077	0.2
3322.978719833558	200	9.988559475336983	0.0	383025	315.4730493185105	0.2
3323.7926628472187	200	9.674616461676194	0.0	383025	313.943013661	0.2
3324.105349769914	200	9.861929538980727	0.0	383025	312.6869226954669	0.2
3324.4904478236017	200	9.549447105731845	0.0	383025	312.482433249	0.2
3324.804199901088	200	9.73569502824552	0.0	383025	313.752077486	0.2
3325.1179519785746	200	9.921942950759194	0.0	383025	313.752077486	0.2
3325.905575918459	200	9.608190873272868	0.0	383025	313.752077486	0.2
3326.2182523380593	200	9.7955144536724	0.0	383025	312.6764196	0.2
3326.531400791812	200	9.982365999920024	0.0	383025	313.1484537523764	0.2
3327.346979687595	200	9.6667871041363	0.0	383025	315.578895784	0.2
3327.670144607661	200	9.843622184070657	0.0	383025	323.1649200656443	0.2
3328.495765018909	200	9.518001772822755	0.0	383025	325.620411248	0.2
3328.8213854301566	200	9.692381361574855	0.0	383025	325.620411248	0.2
3329.1522396356577	200	9.861527156074018	0.0	383025	330.85420550083745	0.2
3329.9900689928136	200	9.523697798918139	0.0	383025	337.829357156	0.2
3330.3278983499695	200	9.685868441762262	0.0	383025	337.829357156	0.2
3330.665727707126	200	9.848039084606382	0.0	383025	337.829357156	0.2
3331.503351141989	200	9.510415649743534	0.0	383025	337.6234348628482	0.2
3331.835485211872	200	9.678281579860156	0.0	383025	332.134069883	0.2
3332.1676192817554	200	9.84614750997678	0.0	383025	332.134069883	0.2
3332.847802723516	200	9.514013440093402	0.0	383025	332.134069883	0.2
3333.194292859874	200	9.667523303735175	0.0	383025	346.490136358	0.2
3333.540782996233	200	9.82103316737695	0.0	383025	346.490136358	0.2
3333.887273132591	200	9.974543031018722	0.0	383025	346.490136358	0.2
3334.7337632689496	200	9.628052894660495	0.0	383025	346.490136358	0.2
3335.0802534053078	200	9.781562758302268	0.0	383025	346.490136358	0.2
3335.4250010973547	200	9.936815066255589	0.0	383025	344.74769204668036	0.2
3336.2556407037705	200	9.606175459839811	0.0	383025	330.639606416	0.2

