1320.1408494713253	400	0.5	0.15181258416353685	181435	151.812584164	-2.636251683270737
1320.295002215199	400	0.8458472561264533	0.0	184429	154.152743874	0.4
1320.5282193730557	600	1.1126300982695927	0.0	285584	233.217157857	0.39999999999999997
1320.8441635996726	800	1.2966858716528298	0.0	391425	315.944226617	0.6000000000000001
1321.16731564202	800	1.4735338293053428	0.0	391425	323.152042347	0.8
1321.5815142338388	1000	1.559335237486594	0.0	490176	414.198591819	0.8
1322.0213119100438	1000	1.6195375612816274	0.0	513389	439.797676205	1.0
1322.4540429205076	1000	1.6868065508175674	0.0	497055	432.731010464	1.0
1322.9063041538332	1000	1.734545317492261	0.0	520019	452.261233325	1.0
1323.3811225256472	1000	1.7597269456780806	0.0	551265	474.818371814	1.0
1323.8519540963382	1000	1.7888953749872019	0.0	558332	470.831570691	1.0
1324.3051540714675	1000	1.835695399857922	0.0	536970	453.199975129	1.0
1324.7510638755941	1000	1.8897855957311904	0.0	536970	445.909804127	1.0
1325.195745903551	1000	1.9451035677745876	0.0	536970	444.682027957	1.0
1325.6441567615946	1000	1.9966927097309481	0.0	536970	448.410858044	1.0
1326.102191149776	1000	2.03865832154941	0.0	536970	458.034388182	1.0
1326.434574683992	200	2.206274787333618	0.0	383025	332.383534216	-0.6000000000000001
1326.7784085499884	200	2.3624409213371553	0.0	383025	343.833865996	0.2
1327.1222424159848	200	2.5186070553406936	0.0	383025	343.833865996	0.2
1327.4660762819813	200	2.6747731893442315	0.0	383025	343.833865996	0.2
1327.8163772491898	200	2.824472222135744	0.0	383025	350.300967208	0.2
1328.1721473084442	200	2.9687021628815065	0.0	383025	355.770059254	0.2
1328.5279173676984	200	3.112932103627269	0.0	383025	355.770059254	0.2
1328.8836874269527	200	3.2571620443730307	0.0	383025	355.770059254	0.2
1329.239457486207	200	3.401391985118793	0.0	383025	355.770059254	0.2
1329.595227545461	200	3.545621925864555	0.0	383025	355.770059254	0.2
1329.9502102378822	200	3.690639233443529	0.0	383025	354.982692421	0.2
1330.2974620713724	200	3.8433873999531634	0.0	383025	347.25183349	0.2
1330.6447139048628	200	3.9961355664627978	0.0	383025	347.25183349	0.2
1330.991965738353	200	4.148883732972432	0.0	383025	347.25183349	0.2
1331.3392175718434	200	4.301631899482067	0.0	383025	347.25183349	0.2
1331.6844653440462	200	4.456384127279269	0.0	383025	345.247772203	0.2
1332.0070793785167	200	4.6337700928088355	0.0	383025	322.61403447	0.2
1332.3296934129871	200	4.811156058338401	0.0	383025	322.61403447	0.2
1332.6523074474574	200	4.988542023867968	0.0	383025	322.61403447	0.2
1332.9697028093376	200	5.17114666198785	0.0	383025	317.39536188	0.2
1333.2869833619502	200	5.353866109375205	0.0	383025	317.280552613	0.2
1333.6028739623293	200	5.537975508996185	0.0	383025	315.890600379	0.2
1333.9175695557828	200	5.723279915542442	0.0	383025	314.695593454	0.2
1334.2322651492366	200	5.908584322088698	0.0	383025	314.695593454	0.2
1334.547074188708	200	6.093775282617607	0.0	383025	314.809039471	0.2
1334.8619444276576	200	6.278905043667901	0.0	383025	314.87023895	0.2
1335.1768146666075	200	6.464034804718196	0.0	383025	314.87023895	0.2
1335.503020226936	200	6.6378292443894304	0.0	383025	326.205560329	0.2
1335.829309017533	200	6.811540453792648	0.0	383025	326.288790597	0.2
1336.1555978081299	200	6.985251663195865	0.0	383025	326.288790597	0.2
1336.4791650589068	200	7.161684412418921	0.0	383025	323.567250777	0.2
1336.801409717611	200	7.339439753714668	0.0	383025	322.244658704	0.2
1337.1233503738442	200	7.517499097481514	0.0	383025	321.940656233	0.2
1337.4417390899143	200	7.699110381411396	0.0	383025	318.38871607	0.2
1337.7601278059847	200	7.880721665341277	0.0	383025	318.38871607	0.2
1338.0788225799977	200	8.062026891328236	0.0	383025	318.694774013	0.2
1338.3987981383734	200	8.242051332952228	0.0	383025	319.975558376	0.2
1338.7187736967494	200	8.42207577457622	0.0	383025	319.975558376	0.2
1339.055706727486	200	8.58514274383954	0.0	383025	336.933030737	0.2
1339.4066546873644	200	8.734194783961321	0.0	383025	350.947959878	0.2
1339.7576026472425	200	8.8832468240831	0.0	383025	350.947959878	0.2
1340.1085506071208	200	9.032298864204881	0.0	383025	350.947959878	0.2
1340.4594985669992	200	9.18135090432666	0.0	383025	350.947959878	0.2
1340.7996847867832	200	9.341164684542534	0.0	383025	340.186219784	0.2
1341.1227109168883	200	9.518138554437579	0.0	383025	323.026130105	0.2
1341.4451020779259	200	9.695747393399998	0.0	383025	322.391161038	0.2
1341.7606840022527	200	9.880165469073061	0.0	383025	315.581924327	0.2
1342.3134949278972	200	9.564583544746124	0.0	383025	315.581924327	0.2
1342.6198695713463	200	9.75820890129701	0.0	383025	306.3746434491145	0.2
1342.9274487362159	200	9.950629736427421	0.0	383025	307.57916487	0.2
1343.7354363208633	200	9.642642151780151	0.0	383025	307.98758464726967	0.2
1344.0568862895634	200	9.821192183079813	0.0	383025	321.4499687	0.2
1344.876562493006	200	9.50151597963722	0.0	383025	319.6762034425926	0.2
1345.19312231352	200	9.684956159123347	0.0	383025	316.5598205138732	0.2
1345.500033854226	200	9.878044618417245	0.0	383025	306.911540706	0.2
1346.2376248345847	200	9.571133077711144	0.0	383025	306.911540706	0.2
1346.5481243228598	200	9.760633589436063	0.0	383025	310.499488275	0.2
1346.8602226919068	200	9.948535220389074	0.0	383025	312.0983690469888	0.2
1347.6731268139665	200	9.635631098329304	0.0	383025	312.90412205977094	0.2
1347.9883283955842	200	9.820429516711771	0.0	383025	315.201581618	0.2
1348.8064737157335	200	9.502284196562458	0.0	383025	318.1453201493127	0.2
1349.1298189161955	200	9.678938996100317	0.0	383025	323.34520046214	0.2
1349.4606425721686	200	9.848115340127467	0.0	383025	330.823655973	0.2
1350.0759871758505	200	9.517291684154618	0.0	383025	330.823655973	0.2
1350.392327733078	200	9.700951126927025	0.0	383025	316.340557228	0.2
1350.7040300620326	200	9.889248797972396	0.0	383025	311.7023289546311	0.2
1351.2322790479059	200	9.581406207681384	0.0	383025	307.842590291	0.2
1351.53214435242	200	9.781540903167421	0.0	383025	299.865304514	0.2
1351.8398011802503	200	9.973884075337082	0.0	383025	307.6568278303381	0.2
1352.1956671644093	200	9.659915261370786	0.0	383025	313.968813966	0.2
1352.507005211998	200	9.84857721378204	0.0	383025	311.338047589	0.2
1353.2129165249569	200	9.537239166193295	0.0	383025	311.338047589	0.2
1353.522405617241	200	9.727750073909066	0.0	383025	309.489092284	0.2
1353.829642812682	200	9.920512878468024	0.0	383025	307.237195441043	0.2
1354.4849899002572	200	9.613489201828239	0.0	383025	307.02367664	0.2
1354.8209563785354	200	9.777522723549994	0.0	383025	335.966478278	0.2
1355.1569228568135	200	9.941556245271752	0.0	383025	335.966478278	0.2
1355.9868088566448	200	9.61167024544058	0.0	383025	329.8859998311705	0.2
1356.3091443382048	200	9.789334763880456	0.0	383025	322.3354815601249	0.2
1356.6222445460023	200	9.976234556083027	0.0	383025	313.100207797	0.2
1357.3540228465777	200	9.663134348285599	0.0	383025	313.100207797	0.2
1357.6663543760967	200	9.850802818766503	0.0	383025	312.331529519	0.2
1358.478754431766	200	9.538402763097345	0.0	383025	312.4000556691591	0.2
1358.7925887188796	200	9.724568475983524	0.0	383025	313.83428711382106	0.2
1359.1075323678665	200	9.90962482699688	0.0	383025	314.943648987	0.2
1359.8796074993065	200	9.594681178010235	0.0	383025	314.943648987	0.2
1360.1982187623917	200	9.776069914925005	0.0	383025	318.611263085	0.2
1360.5141179999866	200	9.96017067732989	0.0	383025	315.8992375951149	0.2
1361.0761319882045	200	9.644984617587806	0.0	383025	315.186059742	0.2
1361.3913218636212	200	9.829794742171035	0.0	383025	315.189875417	0.2
1362.2037195232474	200	9.514604866754265	0.0	383025	315.189875417	0.2
1362.5171575050783	200	9.701166884923278	0.0	383025	313.43798183098596	0.2
1362.828153768523	200	9.890170621478566	0.0	383025	310.996263445	0.2
1363.5517883152972	200	9.579174358033853	0.0	383025	310.996263445	0.2
1363.8589957185932	200	9.771966954738044	0.0	383025	307.207403296	0.2
1364.1911935857017	200	9.939769087629504	0.0	383025	332.19786710853975	0.2
1365.0262132533055	200	9.60474942002571	0.0	383025	335.019667604	0.2
1365.371050216218	200	9.7599124571132	0.0	383025	344.8369629125105	0.2
1365.7198184834206	200	9.911144189910502	0.0	383025	348.768267203	0.2
1366.5685867506234	200	9.562375922707805	0.0	383025	348.768267203	0.2
1366.8990131305088	200	9.731949542822388	0.0	383025	330.42637988541793	0.2
1367.2205530272165	200	9.910409646114706	0.0	383025	321.539896708	0.2
1367.985035691881	200	9.588869749407024	0.0	383025	321.539896708	0.2
1368.3179561570225	200	9.755949284265188	0.0	383025	332.920465142	0.2

