6584.372817976676	400	0.5	0.16044923992242968	181435	160.449239922	-2.8089847984485936
6584.5357498964795	400	0.837068080195917	0.0	184429	162.931919804	0.4
6584.782561403267	600	1.0902565734083227	0.0	285584	246.811506788	0.39999999999999997
6585.1171382144485	800	1.2556797622272549	0.0	391425	334.576811181	0.6000000000000001
6585.45171502563	800	1.4211029510461872	0.0	391425	334.576811181	0.8
6585.8681779827675	1000	1.5046399939088273	0.0	490176	416.462957137	0.8
6586.298979316292	1000	1.5738386603839394	0.0	513389	430.801333525	1.0
6586.70449212536	1000	1.6683258513161399	0.0	497055	405.512809068	1.0
6587.1302319175065	1000	1.7425860591702125	0.0	520019	425.739792146	1.0
6587.59017311589	1000	1.782644860785897	0.0	551265	459.941198384	1.0
6588.055882383078	1000	1.8169355935980442	0.0	558332	465.709267188	1.0
6588.504156036033	1000	1.8686619406427036	0.0	536970	448.273652955	1.0
6588.953801557951	1000	1.919016418725725	0.0	536970	449.645521917	1.0
6589.4036166461465	1000	1.969201330529714	0.0	536970	449.815088196	1.0
6589.853813662532	1000	2.0190043141445955	0.0	536970	450.197016385	1.0
6590.180455225525	200	2.192362751151347	0.0	383025	326.641562993	-0.6000000000000001
6590.507096788519	200	2.3657211881580977	0.0	383025	326.641562993	0.2
6590.833738351513	200	2.539079625164849	0.0	383025	326.641562993	0.2
6591.160379914506	200	2.7124380621716	0.0	383025	326.641562993	0.2
6591.4870214775	200	2.885796499178351	0.0	383025	326.641562993	0.2
6591.813070334611	200	3.0597476420670926	0.0	383025	326.048857111	0.2
6592.137859125639	200	3.234958851038911	0.0	383025	324.788791028	0.2
6592.462647916667	200	3.4101700600107296	0.0	383025	324.788791028	0.2
6592.787436707695	200	3.585381268982548	0.0	383025	324.788791028	0.2
6593.105542567755	200	3.7672754089222433	0.0	383025	318.10586006	0.2
6593.42281426009	200	3.9500037165871644	0.0	383025	317.271692335	0.2
6593.740085952424	200	4.1327320242520855	0.0	383025	317.271692335	0.2
6594.061353483831	200	4.311464492844556	0.0	383025	321.267531408	0.2
6594.384082368598	200	4.48873560807904	0.0	383025	322.728884766	0.2
6594.706811253363	200	4.666006723313523	0.0	383025	322.728884766	0.2
6595.029540138129	200	4.843277838548007	0.0	383025	322.728884766	0.2
6595.35382683593	200	5.018991140747523	0.0	383025	324.2866978	0.2
6595.682652985355	200	5.190164991321784	0.0	383025	328.826149426	0.2
6596.0114791347805	200	5.361338841896046	0.0	383025	328.826149426	0.2
6596.340305284206	200	5.532512692470307	0.0	383025	328.826149426	0.2
6596.669131433631	200	5.703686543044569	0.0	383025	328.826149426	0.2
6596.997782010052	200	5.875035966623361	0.0	383025	328.650576421	0.2
6597.316592543812	200	6.056225432863951	0.0	383025	318.810533759	0.2
6597.635403077571	200	6.23741489910454	0.0	383025	318.810533759	0.2
6597.95421361133	200	6.4186043653451295	0.0	383025	318.810533759	0.2
6598.273027188681	200	6.5997907879938795	0.0	383025	318.813577351	0.2
6598.59327146687	200	6.7795465098049705	0.0	383025	320.244278189	0.2
6598.913515745058	200	6.959302231616062	0.0	383025	320.244278189	0.2
6599.233760023248	200	7.139057953427153	0.0	383025	320.244278189	0.2
6599.544896401797	200	7.327921574878088	0.0	383025	311.136378549	0.2
6599.8495838663275	200	7.52323411034769	0.0	383025	304.68746453	0.2
6600.154271330857	200	7.71854664581729	0.0	383025	304.68746453	0.2
6600.459441833209	200	7.913376143465498	0.0	383025	305.170502352	0.2
6600.76560299963	200	8.107214977045043	0.0	383025	306.16116642	0.2
6601.071764166049	200	8.301053810624587	0.0	383025	306.16116642	0.2
6601.378664731837	200	8.494153244837204	0.0	383025	306.900565787	0.2
6601.687385387752	200	8.685432588921545	0.0	383025	308.720655916	0.2
6601.996106043667	200	8.876711933005886	0.0	383025	308.720655916	0.2
6602.304826699583	200	9.06799127709023	0.0	383025	308.720655916	0.2
6602.616785726162	200	9.256032250511186	0.0	383025	311.959026579	0.2
6602.928946785843	200	9.44387119082958	0.0	383025	312.161059682	0.2
6603.241107845524	200	9.63171013114797	0.0	383025	312.161059682	0.2
6603.560521536584	200	9.812296440087952	0.0	383025	319.41369106	0.2
6603.880215975205	200	9.992602001467757	0.0	383025	319.69443862	0.2
6604.367452300699	200	9.672907562847564	0.0	383025	319.69443862	0.2
6604.683129686395	200	9.857230177152177	0.0	383025	315.677385695	0.2
6605.267703501456	200	9.541552791456787	0.0	383025	315.677385695	0.2
6605.567588160983	200	9.741668131929393	0.0	383025	299.884659527	0.2
6605.867369406768	200	9.941886886144555	0.0	383025	299.78124578483846	0.2
6606.373609677691	200	9.643048003872092	0.0	383025	298.838882272	0.2
6606.668024002446	200	9.8486336791169	0.0	383025	294.414324755	0.2
6607.438668413061	200	9.554219354361706	0.0	383025	294.414324755	0.2
6607.743681398642	200	9.749206368781252	0.0	383025	305.0129855804556	0.2
6608.050362081887	200	9.942525685536067	0.0	383025	306.680683245	0.2
6608.85675304229	200	9.636134725133598	0.0	383025	306.39096040247	0.2
6609.159940221466	200	9.832947545957724	0.0	383025	303.187179176	0.2
6609.96244659742	200	9.530441170003206	0.0	383025	302.5063759545194	0.2
6610.264521235599	200	9.72836653182427	0.0	383025	302.07463817893506	0.2
6610.565982592032	200	9.926905175390939	0.0	383025	301.461356433	0.2
6611.22244954113	200	9.625443818957608	0.0	383025	301.461356433	0.2
6611.522592031604	200	9.825301328483041	0.0	383025	300.142490475	0.2
6611.918238300184	200	9.525052159462668	0.0	383025	300.24916902037245	0.2
6612.221092080496	200	9.722198379151576	0.0	383025	302.853780311	0.2
6612.5239458608075	200	9.919344598840484	0.0	383025	302.853780311	0.2
6613.326288709725	200	9.617001749922682	0.0	383025	302.3428489178026	0.2
6613.61825212175	200	9.825038337898613	0.0	383025	291.96341202406717	0.2
6614.081746652522	200	9.535996585523938	0.0	383025	289.041752375	0.2
6614.385212034684	200	9.732531203362374	0.0	383025	303.465382162	0.2
6614.688744913803	200	9.928998324242226	0.0	383025	303.53287912014906	0.2
6615.493950353628	200	9.62379288441752	0.0	383025	305.205439825	0.2
6615.800052527266	200	9.817690710779093	0.0	383025	306.10217363842565	0.2
6616.2158448892815	200	9.51117387539315	0.0	383025	306.516835386	0.2
6616.521067515397	200	9.705951249278225	0.0	383025	305.222626115	0.2
6616.826290141512	200	9.900728623163301	0.0	383025	305.222626115	0.2
6617.586456210802	200	9.595505997048376	0.0	383025	305.222626115	0.2
6617.892852033864	200	9.789110173985593	0.0	383025	306.395823063	0.2
6618.204929588756	200	9.977032619092995	0.0	383025	312.07755489259677	0.2
6619.020800427494	200	9.661161780355716	0.0	383025	315.870838737	0.2
6619.344131449814	200	9.837830758035386	0.0	383025	323.33102232032996	0.2
6620.169705757792	200	9.51225645005749	0.0	383025	325.574307978	0.2
6620.49528006577	200	9.686682142079594	0.0	383025	325.574307978	0.2
6620.816063129083	200	9.865899078766924	0.0	383025	320.78306331266816	0.2
6621.636224729063	200	9.545737478786805	0.0	383025	320.16159998	0.2
6621.954715862105	200	9.727246345744602	0.0	383025	318.491133042204	0.2
6622.272218736977	200	9.90974347087299	0.0	383025	317.502874872	0.2
6622.7179304274705	200	9.592240596001378	0.0	383025	317.502874872	0.2
6623.041325581952	200	9.768845441519744	0.0	383025	323.395154482	0.2
6623.364720736434	200	9.945450287038112	0.0	383025	323.395154482	0.2
6624.096510084081	200	9.622055132556477	0.0	383025	323.395154482	0.2
6624.4300770349255	200	9.788488181712793	0.0	383025	333.566950844	0.2
6624.763643985769	200	9.95492123086911	0.0	383025	333.566950844	0.2
6625.597210936612	200	9.621354280025425	0.0	383025	333.566950844	0.2
6625.93230978127	200	9.78625543536777	0.0	383025	335.09884465765305	0.2
6626.2693511683565	200	9.949214048280824	0.0	383025	337.041387087	0.2
6627.106392555444	200	9.612172661193878	0.0	383025	337.041387087	0.2
6627.443433942531	200	9.775131274106931	0.0	383025	337.041387087	0.2
6627.780475329617	200	9.938089887019984	0.0	383025	337.041387087	0.2
6628.6187317668755	200	9.599833449761535	0.0	383025	338.25643725844935	0.2
6628.957366458859	200	9.761198757779361	0.0	383025	338.634691982	0.2
6629.296001150841	200	9.922564065797188	0.0	383025	338.634691982	0.2
6629.691155813831	200	9.583929373815014	0.0	383025	338.634691982	0.2
6630.032855626429	200	9.742229561216112	0.0	383025	341.699812599	0.2
6630.374555439028	200	9.900529748617211	0.0	383025	341.699812599	0.2
6631.2162552516265	200	9.55882993601831	0.0	383025	341.699812599	0.2
6631.557955064225	200	9.717130123419409	0.0	383025	341.699812599	0.2

