5121.837257349846	400	0.5	0.15509705319236133	181435	155.097053192	-2.7019410638472268
5121.994748762326	400	0.8425085875205224	0.0	184429	157.491412479	0.4
5122.233135770559	600	1.1041215792867896	0.0	285584	238.387008234	0.39999999999999997
5122.556165858722	800	1.2810914911239761	0.0	391425	323.030088163	0.6000000000000001
5122.879195946885	800	1.4580614029611627	0.0	391425	323.030088163	0.8
5123.281199105844	1000	1.5560582440027537	0.0	490176	402.003158958	0.8
5123.70176614661	1000	1.635491203236787	0.0	513389	420.567040766	1.0
5124.10927057395	1000	1.7279867758962564	0.0	497055	407.504427341	1.0
5124.535139753018	1000	1.8021175968291605	0.0	520019	425.869179067	1.0
5124.985996958232	1000	1.8512603916146921	0.0	551265	450.857205214	1.0
5125.4425057790395	1000	1.8947515708083564	0.0	558332	456.508820806	1.0
5125.881930998279	1000	1.9553263515689467	0.0	536970	439.425219239	1.0
5126.321356217519	1000	2.015901132329537	0.0	536970	439.425219239	1.0
5126.637668664395	200	2.1995886854532225	0.0	383025	316.312446876	-0.6000000000000001
5126.953981111271	200	2.3832762385769075	0.0	383025	316.312446876	0.2
5127.270901437345	200	2.5663559125035365	0.0	383025	316.920326073	0.2
5127.58856186683	200	2.748695483018217	0.0	383025	317.660429485	0.2
5127.906222296315	200	2.931035053532898	0.0	383025	317.660429485	0.2
5128.223882725801	200	3.113374624047579	0.0	383025	317.660429485	0.2
5128.541543155286	200	3.29571419456226	0.0	383025	317.660429485	0.2
5128.8592035847705	200	3.4780537650769405	0.0	383025	317.660429485	0.2
5129.176864014255	200	3.6603933355916216	0.0	383025	317.660429485	0.2
5129.491397624236	200	3.845859725611421	0.0	383025	314.53360998	0.2
5129.805876461894	200	4.031380887953932	0.0	383025	314.478837657	0.2
5130.120355299551	200	4.216902050296442	0.0	383025	314.478837657	0.2
5130.434834137209	200	4.402423212638952	0.0	383025	314.478837657	0.2
5130.749312974866	200	4.587944374981463	0.0	383025	314.478837657	0.2
5131.063791812524	200	4.773465537323973	0.0	383025	314.478837657	0.2
5131.378270650182	200	4.958986699666483	0.0	383025	314.478837657	0.2
5131.69274948784	200	5.144507862008994	0.0	383025	314.478837657	0.2
5132.0159042578125	200	5.321353092036147	0.0	383025	323.154769973	0.2
5132.341162296632	200	5.496095053215984	0.0	383025	325.25803882	0.2
5132.666420335452	200	5.670837014395821	0.0	383025	325.25803882	0.2
5132.991678374272	200	5.845578975575657	0.0	383025	325.25803882	0.2
5133.316936413092	200	6.020320936755494	0.0	383025	325.25803882	0.2
5133.642194451912	200	6.1950628979353315	0.0	383025	325.25803882	0.2
5133.967452490731	200	6.369804859115169	0.0	383025	325.25803882	0.2
5134.292710529551	200	6.544546820295005	0.0	383025	325.25803882	0.2
5134.617968568371	200	6.719288781474842	0.0	383025	325.25803882	0.2
5134.943226607191	200	6.894030742654679	0.0	383025	325.25803882	0.2
5135.268484646011	200	7.068772703834515	0.0	383025	325.25803882	0.2
5135.59374268483	200	7.243514665014352	0.0	383025	325.25803882	0.2
5135.919000723649	200	7.418256626194189	0.0	383025	325.25803882	0.2
5136.237919267828	200	7.599338082015224	0.0	383025	318.918544179	0.2
5136.549112574107	200	7.788144775736836	0.0	383025	311.193306278	0.2
5136.860305880386	200	7.976951469458448	0.0	383025	311.193306278	0.2
5137.171499186664	200	8.16575816318006	0.0	383025	311.193306278	0.2
5137.482692492942	200	8.35456485690167	0.0	383025	311.193306278	0.2
5137.79388579922	200	8.543371550623283	0.0	383025	311.193306278	0.2
5138.1050791054995	200	8.732178244344894	0.0	383025	311.193306278	0.2
5138.416272411778	200	8.920984938066505	0.0	383025	311.193306278	0.2
5138.727974042094	200	9.10928330775067	0.0	383025	311.701630316	0.2
5139.041200454244	200	9.296056895599909	0.0	383025	313.226412151	0.2
5139.354426866395	200	9.482830483449149	0.0	383025	313.226412151	0.2
5139.667653278547	200	9.669604071298387	0.0	383025	313.226412151	0.2
5139.980879690697	200	9.856377659147626	0.0	383025	313.226412151	0.2
5140.776051727844	200	9.543151246996864	0.0	383025	313.226412151	0.2
5141.092100385519	200	9.7271025893213	0.0	383025	316.048657676	0.2
5141.408149043194	200	9.911053931645734	0.0	383025	316.048657676	0.2
5142.224197700869	200	9.59500527397017	0.0	383025	316.048657676	0.2
5142.544599269463	200	9.774603705376576	0.0	383025	320.40156859359445	0.2
5142.867804908855	200	9.951398065984444	0.0	383025	323.205639392	0.2
5143.691010548247	200	9.628192426592312	0.0	383025	323.205639392	0.2
5144.014216187639	200	9.80498678720018	0.0	383025	323.205639392	0.2
5144.337421827031	200	9.981781147808048	0.0	383025	323.205639392	0.2
5145.160627466424	200	9.658575508415915	0.0	383025	323.205639392	0.2
5145.483833105815	200	9.835369869023783	0.0	383025	323.205639392	0.2
5146.307038745208	200	9.51216422963165	0.0	383025	323.205639392	0.2
5146.627920267251	200	9.691282707588176	0.0	383025	320.8815220434756	0.2
5146.943554252764	200	9.875648722075635	0.0	383025	315.633985513	0.2
5147.759188238277	200	9.560014736563094	0.0	383025	315.633985513	0.2
5148.07482222379	200	9.744380751050555	0.0	383025	315.633985513	0.2
5148.390456209303	200	9.928746765538014	0.0	383025	315.633985513	0.2
5148.828074401183	200	9.613112780025473	0.0	383025	315.633985513	0.2
5149.146784752079	200	9.79440242912903	0.0	383025	318.710350896	0.2
5149.465495102975	200	9.97569207823259	0.0	383025	318.710350896	0.2
5150.284205453871	200	9.656981727336149	0.0	383025	318.710350896	0.2
5150.602915804768	200	9.838271376439709	0.0	383025	318.710350896	0.2
5151.421626155664	200	9.519561025543268	0.0	383025	318.710350896	0.2
5151.740370541395	200	9.700816639811414	0.0	383025	318.7443857318543	0.2
5152.059318356645	200	9.881868824561282	0.0	383025	318.94781525	0.2
5152.878266171895	200	9.562921009311152	0.0	383025	318.94781525	0.2
5153.197213987145	200	9.743973194061022	0.0	383025	318.94781525	0.2
5153.516161802394	200	9.925025378810892	0.0	383025	318.94781525	0.2
5153.994128906976	200	9.60607756356076	0.0	383025	318.94781525	0.2
5154.30941522376	200	9.790791246776712	0.0	383025	315.286316784	0.2
5154.624701540543	200	9.975504929992661	0.0	383025	315.286316784	0.2
5155.439987857328	200	9.660218613208611	0.0	383025	315.286316784	0.2
5155.755274174112	200	9.844932296424561	0.0	383025	315.286316784	0.2
5156.266011354647	200	9.529645979640513	0.0	383025	315.286316784	0.2
5156.579146599668	200	9.716510734620364	0.0	383025	313.13524502	0.2
5156.892281844689	200	9.903375489600215	0.0	383025	313.13524502	0.2
5157.705417089709	200	9.590240244580068	0.0	383025	313.13524502	0.2
5158.01855233473	200	9.777104999559919	0.0	383025	313.13524502	0.2
5158.330467880559	200	9.965189453730433	0.0	383025	311.91554582948635	0.2
5159.141308454297	200	9.654348879992373	0.0	383025	310.840573738	0.2
5159.452149028036	200	9.843508306254313	0.0	383025	310.840573738	0.2
5159.845418741251	200	9.532667732516252	0.0	383025	310.840573738	0.2
5160.149936160979	200	9.728150312786912	0.0	383025	304.517419729	0.2
5160.454453580709	200	9.923632893057572	0.0	383025	304.517419729	0.2
5160.944952427703	200	9.619115473328232	0.0	383025	304.517419729	0.2
5161.255879053487	200	9.80818884754479	0.0	383025	310.926625783	0.2
5161.56680567927	200	9.997262221761344	0.0	383025	310.926625783	0.2
5162.3777323050535	200	9.6863355959779	0.0	383025	310.926625783	0.2
5162.688658930837	200	9.875408970194457	0.0	383025	310.926625783	0.2
5163.497954128628	200	9.566113772402748	0.0	383025	309.2951977917075	0.2
5163.8069218090095	200	9.757146092022532	0.0	383025	308.96768038	0.2
5164.11588948939	200	9.948178411642317	0.0	383025	308.96768038	0.2
5164.925472549506	200	9.638595351527144	0.0	383025	309.5830601151742	0.2
5165.237732252938	200	9.826335648094235	0.0	383025	312.259703433	0.2
5166.049991956372	200	9.514075944661327	0.0	383025	312.259703433	0.2
5166.362251659805	200	9.701816241228418	0.0	383025	312.259703433	0.2
5166.681220801233	200	9.882847099800262	0.0	383025	318.96914142815433	0.2
5167.500840561021	200	9.563227340013059	0.0	383025	319.619759787	0.2
5167.820460320807	200	9.743607580225856	0.0	383025	319.619759787	0.2
5168.140080080594	200	9.923987820438652	0.0	383025	319.619759787	0.2
5168.810428623122	200	9.60436806065145	0.0	383025	319.619759787	0.2
5169.133154991707	200	9.781641692066575	0.0	383025	322.726368585	0.2
5169.455881360292	200	9.958915323481703	0.0	383025	322.726368585	0.2
5170.2786077288765	200	9.636188954896829	0.0	383025	322.726368585	0.2

