6727.789679128997	400	0.5	0.15525577112816183	181435	155.255771128	-2.7051154225632366
6727.94733187854	400	0.8423472504566607	0.0	184429	157.652749543	0.4
6728.18596871345	600	1.103710415546831	0.0	285584	238.63683491	0.39999999999999997
6728.509341217178	800	1.2803379118191007	0.0	391425	323.372503728	0.6000000000000001
6728.832713720905	800	1.4569654080913705	0.0	391425	323.372503728	0.8
6729.235145682041	1000	1.5545334469564305	0.0	490176	402.431961135	0.8
6729.656161831536	1000	1.6335172974609315	0.0	513389	421.016149495	1.0
6730.064101078749	1000	1.7255780502478333	0.0	497055	407.939247213	1.0
6730.479124412576	1000	1.8105547164208906	0.0	520019	415.023333827	1.0
6730.918179505766	1000	1.8714996232320937	0.0	551265	439.055093189	1.0
6731.362784256243	1000	1.926894872754685	0.0	558332	444.604750477	1.0
6731.793194410782	1000	1.996484718215244	0.0	536970	430.410154539	1.0
6732.223604565322	1000	2.066074563675803	0.0	536970	430.410154539	1.0
6732.5334864943725	200	2.256192634624888	0.0	383025	309.881929051	-0.6000000000000001
6732.843368423424	200	2.446310705573974	0.0	383025	309.881929051	0.2
6733.158935997752	200	2.6307431312449516	0.0	383025	315.567574329	0.2
6733.477393336864	200	2.812285792133084	0.0	383025	318.457339112	0.2
6733.795850675976	200	2.9938284530212167	0.0	383025	318.457339112	0.2
6734.114308015088	200	3.1753711139093492	0.0	383025	318.457339112	0.2
6734.4327653542	200	3.3569137747974818	0.0	383025	318.457339112	0.2
6734.748819649223	200	3.5408594797737765	0.0	383025	316.054295024	0.2
6735.0576253664085	200	3.7320537625887473	0.0	383025	308.805717185	0.2
6735.366431083594	200	3.923248045403718	0.0	383025	308.805717185	0.2
6735.675236800778	200	4.114442328218689	0.0	383025	308.805717185	0.2
6735.984042517964	200	4.30563661103366	0.0	383025	308.805717185	0.2
6736.292848235149	200	4.496830893848632	0.0	383025	308.805717185	0.2
6736.600714050005	200	4.688965078992552	0.0	383025	307.865814856	0.2
6736.908019754994	200	4.8816593740036	0.0	383025	307.305704989	0.2
6737.2153254599825	200	5.074353669014648	0.0	383025	307.305704989	0.2
6737.523581680076	200	5.266097448921019	0.0	383025	308.256220094	0.2
6737.8340911101395	200	5.4555880188585	0.0	383025	310.509430063	0.2
6738.144600540202	200	5.6450785887959825	0.0	383025	310.509430063	0.2
6738.455109970265	200	5.834569158733465	0.0	383025	310.509430063	0.2
6738.765739110594	200	6.023940018404911	0.0	383025	310.629140329	0.2
6739.076572060132	200	6.213107068866022	0.0	383025	310.832949539	0.2
6739.387405009671	200	6.402274119327133	0.0	383025	310.832949539	0.2
6739.69823795921	200	6.5914411697882445	0.0	383025	310.832949539	0.2
6740.009070908749	200	6.780608220249356	0.0	383025	310.832949539	0.2
6740.3219132380345	200	6.967765890962928	0.0	383025	312.842329286	0.2
6740.6384769905335	200	7.151202138464214	0.0	383025	316.563752499	0.2
6740.9550407430315	200	7.3346383859654996	0.0	383025	316.563752499	0.2
6741.27160449553	200	7.518074633466785	0.0	383025	316.563752499	0.2
6741.5881682480285	200	7.701510880968072	0.0	383025	316.563752499	0.2
6741.904732000527	200	7.884947128469357	0.0	383025	316.563752499	0.2
6742.219027760605	200	8.070651368391196	0.0	383025	314.295760078	0.2
6742.529642425191	200	8.260036703806005	0.0	383025	310.614664585	0.2
6742.840257089776	200	8.449422039220813	0.0	383025	310.614664585	0.2
6743.150871754361	200	8.638807374635622	0.0	383025	310.614664585	0.2
6743.461486418947	200	8.82819271005043	0.0	383025	310.614664585	0.2
6743.769992086417	200	9.019687042579672	0.0	383025	308.505667471	0.2
6744.076585919687	200	9.213093209309108	0.0	383025	306.593833271	0.2
6744.383179752958	200	9.406499376038541	0.0	383025	306.593833271	0.2
6744.6897735862285	200	9.599905542767974	0.0	383025	306.593833271	0.2
6745.002034840997	200	9.7876442879988	0.0	383025	312.261254769	0.2
6745.315045776795	200	9.97463335220066	0.0	383025	313.010935798	0.2
6746.128056712594	200	9.66162241640252	0.0	383025	313.010935798	0.2
6746.440101243831	200	9.849577885165349	0.0	383025	312.04453123717303	0.2
6747.24512098844	200	9.544558140556125	0.0	383025	305.019744609	0.2
6747.55014073305	200	9.739538395946903	0.0	383025	305.019744609	0.2
6747.862351431482	200	9.927327697514222	0.0	383025	312.2106984326823	0.2
6748.6758321267935	200	9.613847002203228	0.0	383025	313.480695311	0.2
6748.989312822105	200	9.800366306892233	0.0	383025	313.480695311	0.2
6749.302483622319	200	9.98719550667728	0.0	383025	313.1708002149532	0.2
6750.114019994961	200	9.675659134034891	0.0	383025	311.536372642	0.2
6750.425556367603	200	9.864122761392505	0.0	383025	311.536372642	0.2
6751.23845802321	200	9.551221105785144	0.0	383025	312.90165560736045	0.2
6751.5521311259745	200	9.73754800302089	0.0	383025	313.673102764	0.2
6751.865804228739	200	9.923874900256639	0.0	383025	313.673102764	0.2
6752.67947222942	200	9.610206899575712	0.0	383025	313.66800068092834	0.2
6752.993042410443	200	9.796636718552715	0.0	383025	313.570181023	0.2
6753.306612591467	200	9.983066537529721	0.0	383025	313.570181023	0.2
6754.120248500931	200	9.669430628065497	0.0	383025	313.6359094642239	0.2
6754.437283124646	200	9.852396004351425	0.0	383025	317.034623714	0.2
6755.254317748359	200	9.535361380637355	0.0	383025	317.034623714	0.2
6755.57157153022	200	9.718107598776895	0.0	383025	317.2537818604599	0.2
6755.888931333781	200	9.900747795215619	0.0	383025	317.359803561	0.2
6756.208158964517	200	9.583387991654343	0.0	383025	317.359803561	0.2
6756.525402849613	200	9.766144106558476	0.0	383025	317.243885096	0.2
6756.842646734709	200	9.94890022146261	0.0	383025	317.243885096	0.2
6757.659890619805	200	9.631656336366744	0.0	383025	317.243885096	0.2
6757.977134504901	200	9.81441245127088	0.0	383025	317.243885096	0.2
6758.292628094515	200	9.998918861657407	0.0	383025	315.49358961347195	0.2
6759.105317991611	200	9.686228964561627	0.0	383025	312.689897096	0.2
6759.418379535729	200	9.873167420442886	0.0	383025	313.0615441187423	0.2
6760.231554912792	200	9.559992043380166	0.0	383025	313.175377063	0.2
6760.5457010029795	200	9.745845953192214	0.0	383025	314.146090187953	0.2
6760.863176500576	200	9.928370455595939	0.0	383025	317.475497596	0.2
6761.680651998172	200	9.610894957999664	0.0	383025	317.475497596	0.2
6761.998127495767	200	9.793419460403388	0.0	383025	317.475497596	0.2
6762.31561775994	200	9.975929196231007	0.0	383025	317.49026417238144	0.2
6763.1335808482245	200	9.657966107947034	0.0	383025	317.963088284	0.2
6763.451543936509	200	9.840003019663063	0.0	383025	317.963088284	0.2
6764.269507024793	200	9.52203993137909	0.0	383025	317.963088284	0.2
6764.589157153899	200	9.702389802273448	0.0	383025	319.65012910564286	0.2
6764.909109477323	200	9.882437478849353	0.0	383025	319.952323424	0.2
6765.729061800746	200	9.562485155425259	0.0	383025	319.952323424	0.2
6766.04901412417	200	9.742532832001164	0.0	383025	319.952323424	0.2
6766.367956256769	200	9.923590699402018	0.0	383025	318.9421325991438	0.2
6767.183600218997	200	9.607946737174053	0.0	383025	315.643962228	0.2
6767.499244181224	200	9.792302774946089	0.0	383025	315.643962228	0.2
6767.814888143452	200	9.976658812718124	0.0	383025	315.643962228	0.2
6768.63478638465	200	9.656760571519795	0.0	383025	319.89824119832934	0.2
6768.957892970011	200	9.833653986159463	0.0	383025	323.10658536	0.2
6769.685707878	200	9.51054740079913	0.0	383025	323.10658536	0.2
6770.019110530582	200	9.677144748216968	0.0	383025	333.402652582	0.2
6770.352513183165	200	9.843742095634806	0.0	383025	333.402652582	0.2
6771.1859158357465	200	9.510339443052642	0.0	383025	333.402652582	0.2
6771.519318488328	200	9.67693679047048	0.0	383025	333.402652582	0.2
6771.852721140911	200	9.843534137888316	0.0	383025	333.402652582	0.2
6772.686123793493	200	9.510131485306154	0.0	383025	333.402652582	0.2
6773.019526446075	200	9.676728832723992	0.0	383025	333.402652582	0.2
6773.352929098657	200	9.843326180141828	0.0	383025	333.402652582	0.2
6773.731663966208	200	9.509923527559666	0.0	383025	333.402652582	0.2
6774.063161147804	200	9.678426345963825	0.0	383025	331.497181596	0.2
6774.3946583294	200	9.846929164367982	0.0	383025	331.497181596	0.2
6775.226155510996	200	9.51543198277214	0.0	383025	331.497181596	0.2
6775.5576526925925	200	9.6839348011763	0.0	383025	331.497181596	0.2
6775.889149874189	200	9.852437619580458	0.0	383025	331.497181596	0.2
6776.720647055785	200	9.520940437984617	0.0	383025	331.497181596	0.2
6777.052144237381	200	9.689443256388774	0.0	383025	331.497181596	0.2

