1037.0112082979708	400	0.5	0.1408674272774887	181435	140.867427277	-2.417348545549774
1037.1542352704148	400	0.8569730275560946	0.0	184429	143.026972444	0.4
1037.3702244310045	600	1.1409838669662726	0.0	285584	215.98916059	0.39999999999999997
1037.6632757020361	800	1.347932595934683	0.0	391425	293.051271032	0.6000000000000001
1037.9580793880036	800	1.553128909967264	0.0	391425	294.803685967	0.8
1038.324178859902	1000	1.6870294380688953	0.0	490176	366.099471898	0.8
1038.7063828679732	1000	1.8048254299977775	0.0	513389	382.204008071	1.0
1039.076507715165	1000	1.9347005828060668	0.0	497055	370.124847192	1.0
1039.4722676127974	1000	2.038940685173617	0.0	520019	395.759897632	1.0
1039.7667279361203	200	2.2444803618506586	0.0	383025	294.460323323	-0.6000000000000001
1040.0625110782914	200	2.4486972196795826	0.0	383025	295.783142171	0.2
1040.3707796051171	200	2.6404286928537037	0.0	383025	308.268526826	0.2
1040.6855467863045	200	2.825661511666434	0.0	383025	314.767181187	0.2
1041.0136890165531	200	2.9975192814176634	0.0	383025	328.142230249	0.2
1041.3454425851944	200	3.16576571277655	0.0	383025	331.753568641	0.2
1041.6771961538354	200	3.334012144135437	0.0	383025	331.753568641	0.2
1042.015720259565	200	3.495488038405966	0.0	383025	338.524105729	0.2
1042.3543111884348	200	3.656897109536097	0.0	383025	338.59092887	0.2
1042.6929021173048	200	3.818306180666228	0.0	383025	338.59092887	0.2
1043.0391614193338	200	3.9720468786371366	0.0	383025	346.259302029	0.2
1043.3858504972748	200	4.125357800696083	0.0	383025	346.689077941	0.2
1043.7325395752157	200	4.27866872275503	0.0	383025	346.689077941	0.2
1044.0846553647978	200	4.42655293317311	0.0	383025	352.115789582	0.2
1044.4444997640858	200	4.566708533884954	0.0	383025	359.844399288	0.2
1044.804344163374	200	4.706864134596797	0.0	383025	359.844399288	0.2
1045.1641885626623	200	4.84701973530864	0.0	383025	359.844399288	0.2
1045.5240329619503	200	4.987175336020484	0.0	383025	359.844399288	0.2
1045.8593144344748	200	5.151893863496143	0.0	383025	335.281472524	0.2
1046.1933949401066	200	5.317813357864346	0.0	383025	334.080505632	0.2
1046.5274754457382	200	5.48373285223255	0.0	383025	334.080505632	0.2
1046.8482303369601	200	5.662977961010762	0.0	383025	320.754891222	0.2
1047.1636331130348	200	5.84757518493607	0.0	383025	315.402776075	0.2
1047.4797210436175	200	6.031487254353244	0.0	383025	316.087930583	0.2
1047.7964423736082	200	6.2147659243625535	0.0	383025	316.721329991	0.2
1048.1131696782677	200	6.398038619702966	0.0	383025	316.72730466	0.2
1048.429925700745	200	6.5812825972258455	0.0	383025	316.756022477	0.2
1048.7460901021043	200	6.765118195866493	0.0	383025	316.164401359	0.2
1049.0601105025557	200	6.9510977954150155	0.0	383025	314.020400451	0.2
1049.3741309030072	200	7.137077394963539	0.0	383025	314.020400451	0.2
1049.693914145845	200	7.317294152125844	0.0	383025	319.783242838	0.2
1050.0138175536872	200	7.4973907442836865	0.0	383025	319.903407842	0.2
1050.3377898459726	200	7.673418451998387	0.0	383025	323.972292285	0.2
1050.6624808632885	200	7.848727434682342	0.0	383025	324.691017316	0.2
1050.9908930973884	200	8.020315200582523	0.0	383025	328.4122341	0.2
1051.3241423587021	200	8.187065939268786	0.0	383025	333.249261314	0.2
1051.6665830799893	200	8.344625217981724	0.0	383025	342.440721287	0.2
1052.0215114193197	200	8.489696878651232	0.0	383025	354.92833933	0.2
1052.3764397586503	200	8.634768539320739	0.0	383025	354.92833933	0.2
1052.7313680979807	200	8.779840199990247	0.0	383025	354.92833933	0.2
1053.091304315944	200	8.91990398202697	0.0	383025	359.936217963	0.2
1053.4560496728293	200	9.0551586251417	0.0	383025	364.745356885	0.2
1053.8207950297144	200	9.190413268256432	0.0	383025	364.745356885	0.2
1054.1745481535286	200	9.33666014444246	0.0	383025	353.753123814	0.2
1054.521978008479	200	9.48923028949201	0.0	383025	347.42985495	0.2
1054.8694078634294	200	9.641800434541562	0.0	383025	347.42985495	0.2
1055.1952735317195	200	9.81593476625117	0.0	383025	325.86566829	0.2
1055.5204171034256	200	9.9907911945451	0.0	383025	325.143571706	0.2
1056.3415771969937	200	9.669631100977012	0.0	383025	321.160093568	0.2
1056.6565419464225	200	9.854666351548202	0.0	383025	314.96474942881156	0.2
1057.3198486466083	200	9.541113610869917	0.0	383025	313.552740678	0.2
1057.6291849550053	200	9.731777302472926	0.0	383025	309.3363083969915	0.2
1057.937853672663	200	9.923108584815354	0.0	383025	308.668717658	0.2
1058.2724978780254	200	9.614665960565242	0.0	383025	308.4426242501127	0.2
1058.5720507151925	200	9.815113123398222	0.0	383025	299.552837167	0.2
1059.3669106743057	200	9.515560286231201	0.0	383025	299.552837167	0.2
1059.6347969124733	200	9.747674048063386	0.0	383025	267.8862381678164	0.2
1059.902397084478	200	9.98007387605873	0.0	383025	267.60017200465444	0.2
1060.1887528004104	200	9.71229278415201	0.0	383025	267.781091907	0.2
1060.4838072724083	200	9.917238312154044	0.0	383025	295.054471998	0.2
1061.257545417328	200	9.622183840156078	0.0	383025	295.054471998	0.2
1061.5471401650775	200	9.832589092406511	0.0	383025	289.59474774956624	0.2
1062.338498410852	200	9.54123084663206	0.0	383025	291.35824577445277	0.2
1062.6416208473777	200	9.738108410106236	0.0	383025	303.1224365258243	0.2
1062.944516724858	200	9.935212532626064	0.0	383025	302.8958774801696	0.2
1063.5041762267315	200	9.648210214715087	0.0	383025	287.002317911	0.2
1063.8009954687554	200	9.85139097269104	0.0	383025	296.81924202404844	0.2
1064.3215130269932	200	9.540870478065475	0.0	383025	310.520494626	0.2
1064.6470339507628	200	9.715349554295955	0.0	383025	325.52092377	0.2
1064.9778382794445	200	9.88454522561428	0.0	383025	330.804328681675	0.2
1065.8216703272976	200	9.540713177761065	0.0	383025	343.832047853	0.2
1066.167829215562	200	9.694554289496677	0.0	383025	346.1588882643887	0.2
1066.514603740243	200	9.847779764815648	0.0	383025	346.774524681	0.2
1067.281240585567	200	9.50100524013462	0.0	383025	346.774524681	0.2
1067.62500260413	200	9.657243221571704	0.0	383025	343.762018563	0.2
1067.9721331307683	200	9.810112694933398	0.0	383025	347.1305266383053	0.2
1068.325472755708	200	9.95677306999375	0.0	383025	353.33962494	0.2
1068.7362464677713	200	9.603433445054101	0.0	383025	353.33962494	0.2
1069.0845339265393	200	9.75514598628607	0.0	383025	348.287458768	0.2
1069.4328213853075	200	9.90685852751804	0.0	383025	348.287458768	0.2
1070.2816413095024	200	9.558038603323052	0.0	383025	348.81992419498715	0.2
1070.6380074481651	200	9.701672464660339	0.0	383025	356.366138663	0.2
1070.9933517742602	200	9.846328138565452	0.0	383025	355.34432609488704	0.2
1071.3433479735247	200	9.99633193930081	0.0	383025	349.996199265	0.2
1071.7978758123309	200	9.646335740036168	0.0	383025	349.996199265	0.2
1072.166540951618	200	9.777670600748836	0.0	383025	368.665139287	0.2
1072.5352060909051	200	9.909005461461504	0.0	383025	368.665139287	0.2
1073.4038712301924	200	9.540340322174172	0.0	383025	368.665139287	0.2
1073.787054327843	200	9.657157224523635	0.0	383025	383.18309765053783	0.2
1074.1731232824084	200	9.771088269958234	0.0	383025	386.068954565	0.2
1074.5591922369736	200	9.885019315392833	0.0	383025	386.068954565	0.2
1074.945261191539	200	9.998950360827434	0.0	383025	386.068954565	0.2
1075.8313301461044	200	9.612881406262034	0.0	383025	386.068954565	0.2
1076.2173991006696	200	9.726812451696633	0.0	383025	386.068954565	0.2
1076.5902334449522	200	9.853978107414097	0.0	383025	372.83434428253474	0.2
1076.9585348121861	200	9.985676740180207	0.0	383025	368.301367234	0.2
1077.82683617942	200	9.617375372946315	0.0	383025	368.301367234	0.2
1078.2020400139386	200	9.742171538427774	0.0	383025	375.20383451854076	0.2
1078.5810110651232	200	9.86320048724332	0.0	383025	378.971051184	0.2
1078.9599821163076	200	9.984229436058868	0.0	383025	378.971051184	0.2
1079.838953167492	200	9.605258384874414	0.0	383025	378.971051184	0.2
1080.2179242186764	200	9.72628733368996	0.0	383025	378.971051184	0.2
1080.5964605034244	200	9.847751048942207	0.0	383025	378.5362847477533	0.2
1080.9749903066408	200	9.96922124572585	0.0	383025	378.529803216	0.2
1081.8535201098573	200	9.590691442509494	0.0	383025	378.529803216	0.2
1082.2320499130738	200	9.712161639293136	0.0	383025	378.529803216	0.2
1082.5918509991443	200	9.852360553222507	0.0	383025	359.80108607062937	0.2
1082.9454846930041	200	9.998726859362828	0.0	383025	353.63369386	0.2
1083.4048926105381	200	9.645093165503146	0.0	383025	353.63369386	0.2
1083.7769645261913	200	9.773021249849824	0.0	383025	372.071915653	0.2
1084.1490364418446	200	9.9009493341965	0.0	383025	372.071915653	0.2

