6679.530521800504	400	0.5	0.16202653994453203	181435	162.026539945	-2.8405307988906405
6679.695057048584	400	0.8354647519198054	0.0	184429	164.53524808	0.4
6679.944351271769	600	1.0861705287350878	0.0	285584	249.294223185	0.39999999999999997
6680.282330925076	800	1.2481908754279065	0.0	391425	337.979653307	0.6000000000000001
6680.620310578383	800	1.4102112221207252	0.0	391425	337.979653307	0.8
6681.041034866663	1000	1.4894869338419978	0.0	490176	420.724288279	0.8
6681.481209603156	1000	1.5493121973491306	0.0	513389	440.174736493	1.0
6681.907697887182	1000	1.6228239133238358	0.0	497055	426.488284025	1.0
6682.353427979365	1000	1.677093821139772	0.0	520019	445.730092184	1.0
6682.825339465806	1000	1.705182334698223	0.0	551265	471.911486442	1.0
6683.3031724754255	1000	1.7273493250787424	0.0	558332	477.833009619	1.0
6683.7631060117	1000	1.7674157888039588	0.0	536970	459.933536275	1.0
6684.223039547975	1000	1.8074822525291752	0.0	536970	459.933536275	1.0
6684.682973084248	1000	1.8475487162543915	0.0	536970	459.933536275	1.0
6685.142906620523	1000	1.887615179979608	0.0	536970	459.933536275	1.0
6685.602840156797	1000	1.9276816437048243	0.0	536970	459.933536275	1.0
6686.0765606949635	1000	1.9539611055381934	0.0	553424	473.720538167	1.0
6686.51942907246	1000	2.0110927280416226	0.0	522960	442.868377497	1.0
6686.842466176396	200	2.1880556241065023	0.0	383025	323.037103935	-0.6000000000000001
6687.16550328033	200	2.365018520171382	0.0	383025	323.037103935	0.2
6687.488540384265	200	2.5419814162362617	0.0	383025	323.037103935	0.2
6687.811577488201	200	2.7189443123011414	0.0	383025	323.037103935	0.2
6688.137098100097	200	2.893423700405046	0.0	383025	325.520611896	0.2
6688.468223365501	200	3.062298435000621	0.0	383025	331.125265404	0.2
6688.799348630906	200	3.2311731695961963	0.0	383025	331.125265404	0.2
6689.130473896311	200	3.4000479041917715	0.0	383025	331.125265404	0.2
6689.461599161716	200	3.5689226387873467	0.0	383025	331.125265404	0.2
6689.7927244271195	200	3.737797373382922	0.0	383025	331.125265404	0.2
6690.123849692524	200	3.9066721079784976	0.0	383025	331.125265404	0.2
6690.454974957929	200	4.075546842574073	0.0	383025	331.125265404	0.2
6690.786100223334	200	4.244421577169648	0.0	383025	331.125265404	0.2
6691.117225488738	200	4.413296311765223	0.0	383025	331.125265404	0.2
6691.448350754143	200	4.5821710463607985	0.0	383025	331.125265404	0.2
6691.7794760195475	200	4.751045780956374	0.0	383025	331.125265404	0.2
6692.110601284952	200	4.919920515551949	0.0	383025	331.125265404	0.2
6692.437230884605	200	5.093290915898995	0.0	383025	326.629599653	0.2
6692.762420768038	200	5.2681010324660775	0.0	383025	325.189883433	0.2
6693.087610651472	200	5.44291114903316	0.0	383025	325.189883433	0.2
6693.412800534905	200	5.617721265600242	0.0	383025	325.189883433	0.2
6693.737990418338	200	5.792531382167325	0.0	383025	325.189883433	0.2
6694.063180301771	200	5.967341498734407	0.0	383025	325.189883433	0.2
6694.388370185205	200	6.142151615301489	0.0	383025	325.189883433	0.2
6694.712644475763	200	6.317877324742512	0.0	383025	324.274290559	0.2
6695.035845003012	200	6.494676797494878	0.0	383025	323.200527248	0.2
6695.359045530259	200	6.671476270247243	0.0	383025	323.200527248	0.2
6695.682246057508	200	6.8482757429996095	0.0	383025	323.200527248	0.2
6696.005446584755	200	7.025075215751975	0.0	383025	323.200527248	0.2
6696.328647112004	200	7.20187468850434	0.0	383025	323.200527248	0.2
6696.651847639251	200	7.378674161256706	0.0	383025	323.200527248	0.2
6696.9750481665	200	7.555473634009071	0.0	383025	323.200527248	0.2
6697.298248693747	200	7.732273106761437	0.0	383025	323.200527248	0.2
6697.620960525407	200	7.909561275101454	0.0	383025	322.71183166	0.2
6697.942916199829	200	8.087605600679987	0.0	383025	321.955674421	0.2
6698.264871874249	200	8.265649926258524	0.0	383025	321.955674421	0.2
6698.586827548671	200	8.44369425183706	0.0	383025	321.955674421	0.2
6698.908783223092	200	8.621738577415595	0.0	383025	321.955674421	0.2
6699.229405523178	200	8.801116277328736	0.0	383025	320.622300087	0.2
6699.541514656918	200	8.989007143589761	0.0	383025	312.109133739	0.2
6699.8536237906565	200	9.176898009850785	0.0	383025	312.109133739	0.2
6700.165732924395	200	9.36478887611181	0.0	383025	312.109133739	0.2
6700.477912603798	200	9.55260919670865	0.0	383025	312.179679403	0.2
6700.792301931474	200	9.738219869032188	0.0	383025	314.389327676	0.2
6701.1066912591505	200	9.923830541355725	0.0	383025	314.389327676	0.2
6701.921080586826	200	9.609441213679261	0.0	383025	314.389327676	0.2
6702.235353339565	200	9.795168460940875	0.0	383025	314.2727527383864	0.2
6702.548427212788	200	9.982094587718107	0.0	383025	313.073873223	0.2
6703.36150108601	200	9.66902071449534	0.0	383025	313.073873223	0.2
6703.674574959234	200	9.855946841272573	0.0	383025	313.073873223	0.2
6704.486722897259	200	9.543798903247579	0.0	383025	312.1479380249952	0.2
6704.797623956683	200	9.732897843823004	0.0	383025	310.901059425	0.2
6705.108525016108	200	9.92199678439843	0.0	383025	310.901059425	0.2
6705.919881096955	200	9.610640703552027	0.0	383025	311.3560808464021	0.2
6706.23412722294	200	9.79639457756721	0.0	383025	314.246125985	0.2
6706.5483733489245	200	9.98214845158239	0.0	383025	314.246125985	0.2
6707.363334495519	200	9.667187304988477	0.0	383025	314.9611465939128	0.2
6707.679669875888	200	9.85085192461874	0.0	383025	316.33538037	0.2
6708.496005256258	200	9.534516544249	0.0	383025	316.33538037	0.2
6708.812406481066	200	9.718115319440358	0.0	383025	316.4012248086417	0.2
6709.128845915811	200	9.901675884695862	0.0	383025	316.439434744	0.2
6709.945285350555	200	9.585236449951365	0.0	383025	316.439434744	0.2
6710.2617247852995	200	9.76879701520687	0.0	383025	316.439434744	0.2
6710.576390982117	200	9.954130818388904	0.0	383025	314.66619681796476	0.2
6711.390653975953	200	9.639867824554187	0.0	383025	314.262993835	0.2
6711.7049169697875	200	9.825604830719469	0.0	383025	314.262993835	0.2
6712.519210957133	200	9.511310843374668	0.0	383025	314.29398734480196	0.2
6712.847245645315	200	9.683276155192686	0.0	383025	328.034688182	0.2
6713.175280333497	200	9.855241467010707	0.0	383025	328.034688182	0.2
6714.003315021679	200	9.527206778828726	0.0	383025	328.034688182	0.2
6714.331349709861	200	9.699172090646746	0.0	383025	328.034688182	0.2
6714.656935912114	200	9.873585888393784	0.0	383025	325.5862022529625	0.2
6715.4753438082125	200	9.555177992294922	0.0	383025	318.407896099	0.2
6715.793751704311	200	9.736770096196063	0.0	383025	318.407896099	0.2
6716.1121596004095	200	9.918362200097201	0.0	383025	318.407896099	0.2
6716.862639913655	200	9.59995430399834	0.0	383025	318.407896099	0.2
6717.177649461467	200	9.784944756186313	0.0	383025	315.009547812	0.2
6717.492659009279	200	9.969935208374284	0.0	383025	315.009547812	0.2
6718.164769608173	200	9.654925660562258	0.0	383025	315.009547812	0.2
6718.475436989217	200	9.84425827951814	0.0	383025	310.667381044	0.2
6718.8545400785315	200	9.533590898474024	0.0	383025	310.667381044	0.2
6719.164497476162	200	9.72363350084341	0.0	383025	309.957397631	0.2
6719.474454873793	200	9.913676103212797	0.0	383025	309.957397631	0.2
6720.212720210686	200	9.603718705582185	0.0	383025	309.957397631	0.2
6720.526712285116	200	9.789726631150844	0.0	383025	313.992074431	0.2
6720.840704359547	200	9.9757345567195	0.0	383025	313.992074431	0.2
6721.284980558435	200	9.661742482288158	0.0	383025	313.992074431	0.2
6721.598951268783	200	9.847771771940248	0.0	383025	313.970710348	0.2
6722.1211475528835	200	9.533801061592337	0.0	383025	313.970710348	0.2
6722.440547771669	200	9.71440084280658	0.0	383025	319.400218786	0.2
6722.759947990455	200	9.89500062402082	0.0	383025	319.400218786	0.2
6723.13577451565	200	9.575600405235061	0.0	383025	319.400218786	0.2
6723.462407957284	200	9.748966963601667	0.0	383025	326.633441633	0.2
6723.789041398917	200	9.922333521968273	0.0	383025	326.633441633	0.2
6724.615674840551	200	9.59570008033488	0.0	383025	326.633441633	0.2
6724.942308282184	200	9.769066638701487	0.0	383025	326.633441633	0.2
6725.268941723818	200	9.942433197068093	0.0	383025	326.633441633	0.2
6725.851802073961	200	9.615799755434699	0.0	383025	326.633441633	0.2
6726.172457394938	200	9.795144434457669	0.0	383025	320.655320977	0.2
6726.493112715915	200	9.974489113480638	0.0	383025	320.655320977	0.2
6727.313768036892	200	9.653833792503608	0.0	383025	320.655320977	0.2
6727.634423357868	200	9.833178471526578	0.0	383025	320.655320977	0.2

