5314.432910167236	400	0.5	0.15830443951411527	181435	158.304439514	-2.7660887902823057
5314.593661893613	400	0.8392482736233431	0.0	184429	160.751726377	0.4
5314.837097421787	600	1.0958127454496218	0.0	285584	243.435528174	0.39999999999999997
5315.167047074482	800	1.2658630927540968	0.0	391425	329.949652696	0.6000000000000001
5315.496996727177	800	1.435913440058572	0.0	391425	329.949652696	0.8
5315.907665159085	1000	1.525245008150335	0.0	490176	410.668431908	0.8
5316.33730782945	1000	1.5956023377851238	0.0	513389	429.642670365	1.0
5316.753599135883	1000	1.679311031352029	0.0	497055	416.291306433	1.0
5317.1886611489	1000	1.7442490183352974	0.0	520019	435.062013017	1.0
5317.650072229298	1000	1.7828379379374846	0.0	551265	461.411080398	1.0
5318.1213945668405	1000	1.811515600394824	0.0	558332	471.322337543	1.0
5318.57506653189	1000	1.8578436353448498	0.0	536970	453.67196505	1.0
5319.02873849694	1000	1.9041716702948752	0.0	536970	453.67196505	1.0
5319.482410461989	1000	1.9504997052449007	0.0	536970	453.67196505	1.0
5319.936082427039	1000	1.9968277401949264	0.0	536970	453.67196505	1.0
5320.389754392088	1000	2.043155775144952	0.0	536970	453.67196505	1.0
5320.719481790726	200	2.213428376507479	0.0	383025	329.727398637	-0.6000000000000001
5321.049486369989	200	2.3834237972447725	0.0	383025	330.004579263	0.2
5321.379490949252	200	2.5534192179820665	0.0	383025	330.004579263	0.2
5321.709495528515	200	2.7234146387193605	0.0	383025	330.004579263	0.2
5322.039500107778	200	2.8934100594566545	0.0	383025	330.004579263	0.2
5322.36950468704	200	3.063405480193948	0.0	383025	330.004579263	0.2
5322.699509266303	200	3.233400900931242	0.0	383025	330.004579263	0.2
5323.029513845566	200	3.403396321668536	0.0	383025	330.004579263	0.2
5323.359518424829	200	3.57339174240583	0.0	383025	330.004579263	0.2
5323.689523004091	200	3.7433871631431237	0.0	383025	330.004579263	0.2
5324.019527583354	200	3.9133825838804177	0.0	383025	330.004579263	0.2
5324.349532162617	200	4.083378004617711	0.0	383025	330.004579263	0.2
5324.66503416768	200	4.26787599955489	0.0	383025	315.502005063	0.2
5324.977521400024	200	4.455388767210441	0.0	383025	312.487232344	0.2
5325.290008632368	200	4.6429015348659926	0.0	383025	312.487232344	0.2
5325.602495864712	200	4.830414302521543	0.0	383025	312.487232344	0.2
5325.918610586586	200	5.014299580648889	0.0	383025	316.114721873	0.2
5326.244749292443	200	5.188160874792191	0.0	383025	326.138705857	0.2
5326.570887998299	200	5.362022168935493	0.0	383025	326.138705857	0.2
5326.897026704157	200	5.535883463078795	0.0	383025	326.138705857	0.2
5327.223165410014	200	5.709744757222097	0.0	383025	326.138705857	0.2
5327.549304115871	200	5.883606051365399	0.0	383025	326.138705857	0.2
5327.875442821728	200	6.057467345508702	0.0	383025	326.138705857	0.2
5328.201581527585	200	6.231328639652004	0.0	383025	326.138705857	0.2
5328.527720233442	200	6.405189933795305	0.0	383025	326.138705857	0.2
5328.853858939299	200	6.579051227938607	0.0	383025	326.138705857	0.2
5329.179997645157	200	6.7529125220819095	0.0	383025	326.138705857	0.2
5329.502085554488	200	6.930824612750309	0.0	383025	322.087909332	0.2
5329.8221702285955	200	7.110739938642298	0.0	383025	320.084674108	0.2
5330.142254902704	200	7.290655264534286	0.0	383025	320.084674108	0.2
5330.462339576811	200	7.470570590426275	0.0	383025	320.084674108	0.2
5330.78242425092	200	7.650485916318264	0.0	383025	320.084674108	0.2
5331.098777015036	200	7.834133152201259	0.0	383025	316.352764117	0.2
5331.413784061561	200	8.019126105675522	0.0	383025	315.007046526	0.2
5331.728791108087	200	8.204119059149784	0.0	383025	315.007046526	0.2
5332.043798154612	200	8.389112012624047	0.0	383025	315.007046526	0.2
5332.359781333138	200	8.573128834097883	0.0	383025	315.983178526	0.2
5332.678800904301	200	8.75410926293548	0.0	383025	319.019571162	0.2
5332.997820475463	200	8.935089691773076	0.0	383025	319.019571162	0.2
5333.316840046627	200	9.116070120610672	0.0	383025	319.019571162	0.2
5333.63585961779	200	9.297050549448267	0.0	383025	319.019571162	0.2
5333.954879188952	200	9.478030978285863	0.0	383025	319.019571162	0.2
5334.273898760115	200	9.65901140712346	0.0	383025	319.019571162	0.2
5334.599985674729	200	9.832924492508527	0.0	383025	326.086914615	0.2
5335.429489236328	200	9.503420930910062	0.0	383025	329.503561598	0.2
5335.758992797926	200	9.6739173693116	0.0	383025	329.503561598	0.2
5336.0884963595245	200	9.844413807713135	0.0	383025	329.503561598	0.2
5336.917999921123	200	9.514910246114672	0.0	383025	329.503561598	0.2
5337.247503482721	200	9.68540668451621	0.0	383025	329.503561598	0.2
5337.577007044319	200	9.855903122917745	0.0	383025	329.503561598	0.2
5338.388415465012	200	9.526399561319282	0.0	383025	329.503561598	0.2
5338.714898900061	200	9.699916126270294	0.0	383025	326.483435049	0.2
5339.04138233511	200	9.873432691221307	0.0	383025	326.483435049	0.2
5339.8678657701585	200	9.54694925617232	0.0	383025	326.483435049	0.2
5340.194349205207	200	9.720465821123332	0.0	383025	326.483435049	0.2
5340.520832640256	200	9.893982386074345	0.0	383025	326.483435049	0.2
5341.348285768862	200	9.56652925746811	0.0	383025	327.45312860623574	0.2
5341.680809724563	200	9.734005301767635	0.0	383025	332.5239557	0.2
5342.013333680264	200	9.90148134606716	0.0	383025	332.5239557	0.2
5342.845857635964	200	9.568957390366684	0.0	383025	332.5239557	0.2
5343.178381591665	200	9.736433434666209	0.0	383025	332.5239557	0.2
5343.510905547367	200	9.903909478965733	0.0	383025	332.5239557	0.2
5343.880348428816	200	9.571385523265258	0.0	383025	332.5239557	0.2
5344.210468899758	200	9.7412650523238	0.0	383025	330.120470941	0.2
5344.540589370698	200	9.911144581382343	0.0	383025	330.120470941	0.2
5345.37070984164	200	9.581024110440886	0.0	383025	330.120470941	0.2
5345.70083031258	200	9.750903639499427	0.0	383025	330.120470941	0.2
5346.030950783522	200	9.92078316855797	0.0	383025	330.120470941	0.2
5346.861071254463	200	9.590662697616512	0.0	383025	330.120470941	0.2
5347.191191725404	200	9.760542226675053	0.0	383025	330.120470941	0.2
5347.521312196345	200	9.930421755733596	0.0	383025	330.120470941	0.2
5348.349179674977	200	9.602554277102085	0.0	383025	327.8674786315117	0.2
5348.676504720774	200	9.775229231305433	0.0	383025	327.325045797	0.2
5349.003829766571	200	9.947904185508781	0.0	383025	327.325045797	0.2
5349.8311548123675	200	9.620579139712131	0.0	383025	327.325045797	0.2
5350.158479858164	200	9.793254093915479	0.0	383025	327.325045797	0.2
5350.4845082586935	200	9.967225693386233	0.0	383025	326.0284005292451	0.2
5351.305236844705	200	9.646497107374655	0.0	383025	320.728586012	0.2
5351.625965430717	200	9.825768521363075	0.0	383025	320.728586012	0.2
5352.4466940167285	200	9.505039935351498	0.0	383025	320.728586012	0.2
5352.76352064014	200	9.688213311939847	0.0	383025	316.82662341164956	0.2
5353.076375817229	200	9.875358134851043	0.0	383025	312.855177089	0.2
5353.889230994318	200	9.56250295776224	0.0	383025	312.855177089	0.2
5354.209833349913	200	9.74190060216615	0.0	383025	320.6023555960892	0.2
5354.532519685858	200	9.919214266221234	0.0	383025	322.686335945	0.2
5355.355206021803	200	9.596527930276318	0.0	383025	322.686335945	0.2
5355.677892357747	200	9.773841594331401	0.0	383025	322.686335945	0.2
5356.000578693692	200	9.951155258386486	0.0	383025	322.686335945	0.2
5356.823306975642	200	9.628426976437227	0.0	383025	322.7282819492567	0.2
5357.1466545401245	200	9.805079411953995	0.0	383025	323.347564483	0.2
5357.470002104607	200	9.981731847470762	0.0	383025	323.347564483	0.2
5358.29334966909	200	9.65838428298753	0.0	383025	323.347564483	0.2
5358.620226007152	200	9.831507944925297	0.0	383025	326.8763380622324	0.2
5359.449955211765	200	9.501778740312453	0.0	383025	329.729204613	0.2
5359.779684416378	200	9.672049535699609	0.0	383025	329.729204613	0.2
5360.10941362099	200	9.842320331086764	0.0	383025	329.729204613	0.2
5360.939142825603	200	9.51259112647392	0.0	383025	329.729204613	0.2
5361.268872030217	200	9.682861921861077	0.0	383025	329.729204613	0.2
5361.598601234829	200	9.853132717248233	0.0	383025	329.729204613	0.2
5362.419774711693	200	9.531959240384111	0.0	383025	321.17347686412194	0.2
5362.731844145616	200	9.719889806461033	0.0	383025	312.069433923	0.2
5363.0425399490305	200	9.909194003046677	0.0	383025	310.69580341435477	0.2
5363.851852072154	200	9.599881879924451	0.0	383025	309.312123122	0.2
5364.161164195276	200	9.790569756802224	0.0	383025	309.312123122	0.2

