2277.054944536313	400	0.5	0.16309166515372142	181435	163.091665154	-2.8618333030744285
2277.220562486061	400	0.8343820502514085	0.0	184429	165.617949749	0.4
2277.471533247498	600	1.0834112888147487	0.0	285584	250.970761437	0.39999999999999997
2277.8118107850887	800	1.2431337512239016	0.0	391425	340.277537591	0.6000000000000001
2278.1520883226794	800	1.4028562136330542	0.0	391425	340.277537591	0.8
2278.5731128734815	1000	1.4818316628312107	0.0	490176	421.024550802	0.8
2279.0105416254614	1000	1.544402910851186	0.0	513389	437.42875198	1.0
2279.4348949502855	1000	1.620049586027357	0.0	497055	424.353324824	1.0
2279.8789630862584	1000	1.6759814500543129	0.0	520019	444.068135973	1.0
2280.3491127557463	1000	1.7058317805668903	0.0	551265	470.149669487	1.0
2280.8085656186813	1000	1.746378917631833	0.0	558332	459.452862935	1.0
2281.2446710240715	1000	1.8102735122417621	0.0	536970	436.10540539	1.0
2281.662936889059	1000	1.8920076472544274	0.0	536970	418.265864987	1.0
2282.08064123922	1000	1.974303297093463	0.0	536970	417.704350161	1.0
2282.4963413769024	1000	2.0586031594106027	0.0	536970	415.700137683	1.0
2282.79694300317	200	2.258001533143306	0.0	383025	300.601626267	-0.6000000000000001
2283.097663391295	200	2.4572811450183663	0.0	383025	300.720388125	0.2
2283.400861287767	200	2.6540832485462214	0.0	383025	303.197896472	0.2
2283.704059184239	200	2.850885352074077	0.0	383025	303.197896472	0.2
2284.0059500403786	200	3.048994495934586	0.0	383025	301.890856139	0.2
2284.3069631460867	200	3.24798139022636	0.0	383025	301.013105708	0.2
2284.6075000093056	200	3.447444527007482	0.0	383025	300.536863219	0.2
2284.906043681676	200	3.648900854637498	0.0	383025	298.54367237	0.2
2285.2045873540455	200	3.850357182267514	0.0	383025	298.54367237	0.2
2285.4964766351704	200	4.058467901142073	0.0	383025	291.889281125	0.2
2285.7881074884367	200	4.266837047876061	0.0	383025	291.630853266	0.2
2286.080860803736	200	4.474083732576564	0.0	383025	292.753315299	0.2
2286.373614119035	200	4.681330417277068	0.0	383025	292.753315299	0.2
2286.6680316676648	200	4.886912868647659	0.0	383025	294.417548629	0.2
2286.962633865483	200	5.0923106708290256	0.0	383025	294.602197819	0.2
2287.260263548663	200	5.294680987649229	0.0	383025	297.62968318	0.2
2287.5585262828836	200	5.496418253428537	0.0	383025	298.262734221	0.2
2287.857172605187	200	5.697771931125498	0.0	383025	298.646322303	0.2
2288.1561982557655	200	5.898746280546308	0.0	383025	299.025650579	0.2
2288.455942834881	200	6.099001701430864	0.0	383025	299.744579115	0.2
2288.7562403677557	200	6.298704168556231	0.0	383025	300.297532875	0.2
2289.059057589684	200	6.495886946627718	0.0	383025	302.817221929	0.2
2289.3679925387537	200	6.68695199755807	0.0	383025	308.93494907	0.2
2289.6773506626278	200	6.877593873684187	0.0	383025	309.358123874	0.2
2289.994677380548	200	7.060267155763736	0.0	383025	317.32671792	0.2
2290.312004098469	200	7.242940437843284	0.0	383025	317.32671792	0.2
2290.62211136249	200	7.432833173821727	0.0	383025	310.107264022	0.2
2290.920551710136	200	7.6343928261765175	0.0	383025	298.440347645	0.2
2291.217660299495	200	7.837284236817323	0.0	383025	297.108589359	0.2
2291.514246179363	200	8.040698356948779	0.0	383025	296.585879869	0.2
2291.8092639675274	200	8.245680568784316	0.0	383025	295.017788164	0.2
2292.101726183614	200	8.453218352697538	0.0	383025	292.462216087	0.2
2292.396261103575	200	8.658683432736831	0.0	383025	294.534919961	0.2
2292.6914922451797	200	8.863452291132177	0.0	383025	295.231141605	0.2
2292.9900974239445	200	9.064847112367286	0.0	383025	298.605178765	0.2
2293.2887026027097	200	9.266241933602396	0.0	383025	298.605178765	0.2
2293.5857874582216	200	9.469157078090399	0.0	383025	297.084855512	0.2
2293.8827397261193	200	9.672204810192664	0.0	383025	296.952267898	0.2
2294.179134366411	200	9.875810169901154	0.0	383025	296.394640292	0.2
2294.8182928021383	200	9.57987167106377	0.0	383025	295.938498837	0.2
2295.121748534638	200	9.77641593856404	0.0	383025	303.4557325	0.2
2295.4252108212554	200	9.972953651946503	0.0	383025	303.46228661754037	0.2
2296.2291307969713	200	9.669033676230718	0.0	383025	303.91997571578327	0.2
2296.536637576095	200	9.861526897107156	0.0	383025	307.5067791235624	0.2
2296.998836465937	200	9.551209769459144	0.0	383025	310.317127648	0.2
2297.3238372147507	200	9.72620902064536	0.0	383025	325.000748814	0.2
2297.6488379635643	200	9.901208271831576	0.0	383025	325.000748814	0.2
2298.483378381158	200	9.56666785423781	0.0	383025	334.54041759376565	0.2
2298.819025880573	200	9.731020354823109	0.0	383025	335.64749941470194	0.2
2299.152688810911	200	9.89735742448491	0.0	383025	333.662930338	0.2
2299.6457489408563	200	9.563694494146713	0.0	383025	333.662930338	0.2
2299.967667123798	200	9.741776311205276	0.0	383025	321.918182941	0.2
2300.2895853067394	200	9.919858128263838	0.0	383025	321.918182941	0.2
2301.104190488143	200	9.605252946860238	0.0	383025	314.6051814036006	0.2
2301.4168994252354	200	9.792544009767363	0.0	383025	312.7089370928744	0.2
2301.7296823607276	200	9.979761074275705	0.0	383025	312.782935492	0.2
2302.54178134344	200	9.667662091563153	0.0	383025	312.09898271255133	0.2
2302.8505577915757	200	9.858885643427541	0.0	383025	308.77644813561153	0.2
2303.3951788457243	200	9.548678074766269	0.0	383025	310.207568661	0.2
2303.71021760897	200	9.733639311520534	0.0	383025	315.038763246	0.2
2304.0240826208264	200	9.919774299664171	0.0	383025	313.86501185636234	0.2
2304.456373879322	200	9.6102873102611	0.0	383025	309.486989403	0.2
2304.7684835996743	200	9.798177589909034	0.0	383025	312.109720352	0.2
2305.0808938460555	200	9.985767343527833	0.0	383025	312.4102463812035	0.2
2305.8945957388014	200	9.672065450781961	0.0	383025	313.701892746	0.2
2306.208599106266	200	9.858062083317291	0.0	383025	314.0033674646704	0.2
2306.8516537529404	200	9.544049536598076	0.0	383025	314.012546719	0.2
2307.156355333849	200	9.739347955689146	0.0	383025	304.701580909	0.2
2307.4709677062783	200	9.924735583259825	0.0	383025	314.6123724293215	0.2
2308.0722389085363	200	9.608277984927769	0.0	383025	316.457598332	0.2
2308.394747561392	200	9.785769332071904	0.0	383025	322.508652856	0.2
2308.7165925410222	200	9.963924352441564	0.0	383025	321.84497963034	0.2
2309.5349390545443	200	9.64557783891939	0.0	383025	318.346513522	0.2
2309.837807695273	200	9.84270919819058	0.0	383025	302.86864072881167	0.2
2310.5714924495687	200	9.54105807357441	0.0	383025	301.651124616	0.2
2310.879006916202	200	9.733543606941096	0.0	383025	307.51446663331404	0.2
2311.1874297999493	200	9.925120723193695	0.0	383025	308.422883747	0.2
2311.9522464236043	200	9.616697839446294	0.0	383025	308.422883747	0.2
2312.2594671752377	200	9.809477087812882	0.0	383025	307.2207516334121	0.2
2312.5699724095125	200	9.998971853538244	0.0	383025	310.505234275	0.2
2313.315102765977	200	9.688466619263606	0.0	383025	310.505234275	0.2
2313.632335430773	200	9.871233954467733	0.0	383025	317.232664796	0.2
2314.458440641614	200	9.54512874362681	0.0	383025	326.10521084092466	0.2
2314.7855589914884	200	9.718010393751968	0.0	383025	327.1183498748433	0.2
2315.1124524872353	200	9.891116898005286	0.0	383025	326.893495747	0.2
2315.868214160077	200	9.564223402258605	0.0	383025	326.893495747	0.2
2316.1745743497067	200	9.75786321262934	0.0	383025	306.360189629	0.2
2316.498886896213	200	9.93355066612271	0.0	383025	324.3125465066301	0.2
2316.9634423213615	200	9.606043395863932	0.0	383025	327.507270259	0.2
2317.29339589448	200	9.776089822745389	0.0	383025	329.953573119	0.2
2317.6233494675985	200	9.946136249626846	0.0	383025	329.953573119	0.2
2318.3883886427866	200	9.617094388846334	0.0	383025	329.0418607805121	0.2
2318.72684759128	200	9.778635440352703	0.0	383025	338.458948494	0.2
2319.0653065397737	200	9.940176491859072	0.0	383025	338.458948494	0.2
2319.8051396672554	200	9.60171754336544	0.0	383025	338.458948494	0.2
2320.13513844115	200	9.771718769470535	0.0	383025	329.998773895	0.2
2320.4646502569985	200	9.942206953622394	0.0	383025	329.511815848142	0.2
2321.2924657288017	200	9.614391481818936	0.0	383025	327.815471803	0.2
2321.612609998697	200	9.79424721192346	0.0	383025	320.1442698954768	0.2
2321.9294989542304	200	9.977358256390051	0.0	383025	316.88895553341035	0.2
2322.459431443264	200	9.650258668555255	0.0	383025	327.0995878347962	0.2
2322.790550923262	200	9.819139188557166	0.0	383025	331.119479998	0.2
2323.12167040326	200	9.98801970855908	0.0	383025	331.119479998	0.2
2323.952789883258	200	9.65690022856099	0.0	383025	331.119479998	0.2
2324.283909363256	200	9.825780748562904	0.0	383025	331.119479998	0.2

