417.40099118975064	400	0.5	0.16308921176267718	181435	163.089211763	-2.861784235253544
417.5666066456229	400	0.834384544127766	0.0	184429	165.615455872	0.4
417.8175735453503	600	1.0834176444004124	0.0	285584	250.966899727	0.39999999999999997
418.1578457900341	800	1.2431453997166089	0.0	391425	340.272244684	0.6000000000000001
418.4981180347179	800	1.4028731550328053	0.0	391425	340.272244684	0.8
418.9285311685488	1000	1.472460021201939	0.0	490176	430.413133831	0.8
419.38434428044525	1000	1.5166469093055126	0.0	513389	455.813111896	1.0
419.8232363395896	1000	1.5777548501611822	0.0	497055	438.892059144	1.0
420.2635231153031	1000	1.6374680744476777	0.0	520019	440.286775714	1.0
420.7296642167123	1000	1.6713269730384885	0.0	551265	466.141101409	1.0
421.19837839703354	1000	1.7026127927172503	0.0	558332	468.714180321	1.0
421.6298697258272	1000	1.7711214639235868	0.0	536970	431.491328794	1.0
422.0687328365251	1000	1.8322583532257233	0.0	536970	438.863110698	1.0
422.5147803157386	1000	1.8862108740121375	0.0	536970	446.047479214	1.0
422.9608277949522	1000	1.9401633947985517	0.0	536970	446.047479214	1.0
423.3882909843789	1000	2.012700205371867	0.0	536970	427.463189427	1.0
423.70357447157596	200	2.19741671817479	0.0	383025	315.283487197	-0.6000000000000001
424.0277927392655	200	2.3731984504852397	0.0	383025	324.21826769	0.2
424.35201100695514	200	2.54898018279569	0.0	383025	324.21826769	0.2
424.68710594615754	200	2.713885243593293	0.0	383025	335.094939202	0.2
425.0224086913335	200	2.878582498417338	0.0	383025	335.302745176	0.2
425.3577114365094	200	3.0432797532413822	0.0	383025	335.302745176	0.2
425.68894133522934	200	3.21204985452153	0.0	383025	331.22989872	0.2
426.0086774989163	200	3.3923136908345115	0.0	383025	319.736163687	0.2
426.32841366260334	200	3.5725775271474927	0.0	383025	319.736163687	0.2
426.6491133813716	200	3.7518778083792337	0.0	383025	320.699718768	0.2
426.97215652323877	200	3.928834666512083	0.0	383025	323.043141867	0.2
427.2951996651059	200	4.105791524644932	0.0	383025	323.043141867	0.2
427.61682361502443	200	4.284167574726394	0.0	383025	321.623949919	0.2
427.93433696264395	200	4.466654227106905	0.0	383025	317.513347619	0.2
428.2518503102635	200	4.649140879487416	0.0	383025	317.513347619	0.2
428.57413327057486	200	4.826857919175998	0.0	383025	322.282960311	0.2
428.8966789082374	200	5.004312281513452	0.0	383025	322.545637663	0.2
429.2192245458999	200	5.181766643850906	0.0	383025	322.545637663	0.2
429.52928068388667	200	5.371710505864106	0.0	383025	310.056137987	0.2
429.83703280189064	200	5.563958387860117	0.0	383025	307.752118004	0.2
430.1423678090612	200	5.758623380689507	0.0	383025	305.335007171	0.2
430.4448621563914	200	5.956129033359336	0.0	383025	302.49434733	0.2
430.74724008345555	200	6.153751106295191	0.0	383025	302.377927064	0.2
431.0461327808591	200	6.354858408891617	0.0	383025	298.892697404	0.2
431.34440340239144	200	6.556587787359306	0.0	383025	298.270621532	0.2
431.6366704024995	200	6.764320787251209	0.0	383025	292.267000108	0.2
431.9289374026076	200	6.9720537871431105	0.0	383025	292.267000108	0.2
432.22281899106576	200	7.178172198684936	0.0	383025	293.881588458	0.2
432.51675353941675	200	7.384237650333937	0.0	383025	293.934548351	0.2
432.81743493121195	200	7.5835562585387795	0.0	383025	300.681391795	0.2
433.11814372116453	200	7.782847468586136	0.0	383025	300.708789953	0.2
433.423713218112	200	7.977277971638688	0.0	383025	305.569496947	0.2
433.730817332624	200	8.170173857126683	0.0	383025	307.104114512	0.2
434.0386145272315	200	8.362376662519175	0.0	383025	307.797194608	0.2
434.3464812420363	200	8.55450994771431	0.0	383025	307.866714805	0.2
434.6490474264774	200	8.751943763273232	0.0	383025	302.566184441	0.2
434.9386501278206	200	8.962341061930038	0.0	383025	289.602701343	0.2
435.22837897802924	200	9.172612211721399	0.0	383025	289.728850209	0.2
435.5211581609939	200	9.379833028756728	0.0	383025	292.779182965	0.2
435.83201503914125	200	9.56897615060937	0.0	383025	310.856878147	0.2
436.1428719172886	200	9.758119272462011	0.0	383025	310.856878147	0.2
436.4577676751599	200	9.943223514590663	0.0	383025	314.895757871	0.2
436.8717574252007	200	9.626161535856271	0.0	383025	317.061978734	0.2
437.1854199878814	200	9.81249897317561	0.0	383025	313.662562681	0.2
437.49908255056204	200	9.998836410494947	0.0	383025	313.662562681	0.2
438.31872060085647	200	9.679198360200516	0.0	383025	319.63805029443057	0.2
438.6563266220059	200	9.841592339051095	0.0	383025	337.6060211494214	0.2
439.00504442020383	200	9.992874540853153	0.0	383025	348.717798198	0.2
439.7526946589092	200	9.64415674265521	0.0	383025	348.717798198	0.2
440.06743356005256	200	9.829417841511885	0.0	383025	314.738901143	0.2
440.88552431411017	200	9.511327087454262	0.0	383025	318.0907540576239	0.2
441.20821771300473	200	9.688633688559712	0.0	383025	322.693398895	0.2
441.5181068714179	200	9.878744530146571	0.0	383025	309.8891584131418	0.2
442.2289455688466	200	9.570497517490272	0.0	383025	308.247012656	0.2
442.5450126239044	200	9.754430462432449	0.0	383025	316.0670550578237	0.2
442.86811529153954	200	9.931327794797355	0.0	383025	323.102667635	0.2
443.416082139175	200	9.60822512716226	0.0	383025	323.102667635	0.2
443.7420121384092	200	9.782295127927986	0.0	383025	325.929999234	0.2
444.0679421376435	200	9.956365128693712	0.0	383025	325.929999234	0.2
444.8909930926161	200	9.633314173721136	0.0	383025	323.0509549725751	0.2
445.21385948527626	200	9.810447781060954	0.0	383025	322.8663926601799	0.2
445.5414084774898	200	9.982898788847393	0.0	383025	327.548992214	0.2
446.10669686573226	200	9.65534979663383	0.0	383025	327.548992214	0.2
446.42466481083386	200	9.837381851532202	0.0	383025	317.967945102	0.2
447.2469006046483	200	9.515146057717754	0.0	383025	322.235793814449	0.2
447.589355786285	200	9.672690876081102	0.0	383025	342.455181637	0.2
447.9318109679217	200	9.83023569444445	0.0	383025	342.455181637	0.2
448.26711179834905	200	9.994934864017058	0.0	383025	335.3008304273936	0.2
448.59996065384973	200	9.662587681689514	0.0	383025	332.347182328	0.2
448.93606847061625	200	9.826479864923034	0.0	383025	336.107816766	0.2
449.2721762873827	200	9.990372048156555	0.0	383025	336.107816766	0.2
449.9071091608218	200	9.654264231390075	0.0	383025	336.107816766	0.2
450.2398151530659	200	9.821558239145963	0.0	383025	332.705992244	0.2
450.57233627313775	200	9.989037119074062	0.0	383025	332.5211200719004	0.2
451.39096164616706	200	9.670411746044817	0.0	383025	318.625373029	0.2
451.70769415935354	200	9.853679232858306	0.0	383025	316.73251318650864	0.2
452.2175343940448	200	9.538464104964884	0.0	383025	315.215127893	0.2
452.54158003053	200	9.714418468479646	0.0	383025	324.045636485	0.2
452.8656256670152	200	9.890372831994407	0.0	383025	324.045636485	0.2
453.70329419055037	200	9.552704308459266	0.0	383025	337.6685235351415	0.2
454.0470767030296	200	9.708921795980023	0.0	383025	343.782512479	0.2
454.38957561112164	200	9.866422887887905	0.0	383025	342.49890809211604	0.2
455.2278617138013	200	9.528136785208313	0.0	383025	338.28610268	0.2
455.56547988758945	200	9.690518611420122	0.0	383025	337.61817378819086	0.2
455.9002986224134	200	9.855699876596189	0.0	383025	334.818734824	0.2
456.2673255130278	200	9.520881141772255	0.0	383025	334.818734824	0.2
456.5951095129153	200	9.693097141884707	0.0	383025	327.783999888	0.2
456.92289351280283	200	9.865313141997156	0.0	383025	327.783999888	0.2
457.75045820557256	200	9.537748449227452	0.0	383025	327.5646927697035	0.2
458.07671252717176	200	9.711494127628258	0.0	383025	326.254321599	0.2
458.40649230895565	200	9.881714345844392	0.0	383025	329.77978178386775	0.2
458.82786237273956	200	9.551716718311601	0.0	383025	329.997627533	0.2
459.15665755091356	200	9.722921540137577	0.0	383025	328.795178174	0.2
459.4854527290876	200	9.894126361963552	0.0	383025	328.795178174	0.2
460.31396733011974	200	9.565611760931398	0.0	383025	328.5146010321537	0.2
460.6395401337507	200	9.74003895730045	0.0	383025	325.572803631	0.2
460.96139141039987	200	9.9181876806513	0.0	383025	321.85127664914944	0.2
461.5290086045322	200	9.59682993499086	0.0	383025	321.35774566	0.2
461.83574756028975	200	9.790090979233286	0.0	383025	306.738955758	0.2
462.140415964113	200	9.98542257540998	0.0	383025	304.6684038233057	0.2
462.78386768470426	200	9.682530018990711	0.0	383025	302.892556419	0.2
463.080359528858	200	9.88603817483693	0.0	383025	296.491844154	0.2
463.567129232159	200	9.601178922699324	0.0	383025	284.85925213760515	0.2
463.9202341280258	200	9.74807402683247	0.0	383025	353.104895867	0.2

