285.01467511197933	400	0.5	0.1573134187889536	181435	157.313418789	-2.746268375779072
285.17441946402727	400	0.8402556479520052	0.0	184429	159.744352048	0.4
285.4162950965757	600	1.0983800154035743	0.0	285584	241.875632548	0.39999999999999997
285.74250689073887	800	1.2721682212404324	0.0	391425	326.211794163	0.6000000000000001
286.0615133728157	800	1.4531617391635998	0.0	391425	319.006482077	0.8
286.4559752350513	1000	1.5586998769279607	0.0	490176	394.461862236	0.8
286.85915309739363	1000	1.6555220145856029	0.0	513389	403.177862342	1.0
287.24126507378674	1000	1.7734100381924829	0.0	497055	382.111976393	1.0
287.63868767685744	1000	1.875987435121754	0.0	520019	397.422603071	1.0
288.0794220109502	1000	1.9352531010289817	0.0	551265	440.734334093	1.0
288.5294089945617	1000	1.9852661174175077	0.0	558332	449.986983611	1.0
288.9576852262655	1000	2.056989885713741	0.0	536970	428.276231704	1.0
289.2593407369589	200	2.255334375020298	0.0	383025	301.655510693	-0.6000000000000001
289.56098798408186	200	2.4536871278973638	0.0	383025	301.647247123	0.2
289.8678874634209	200	2.646787648558282	0.0	383025	306.899479339	0.2
290.1818765506969	200	2.832798561282314	0.0	383025	313.989087276	0.2
290.49742616164974	200	3.0172489503294697	0.0	383025	315.549610953	0.2
290.8102049353589	200	3.204470176620352	0.0	383025	312.778773709	0.2
291.11423686617337	200	3.400438245805841	0.0	383025	304.031930815	0.2
291.41098230717927	200	3.6036928048000054	0.0	383025	296.745441006	0.2
291.70774265370756	200	3.8069324582716817	0.0	383025	296.760346528	0.2
292.01010636119986	200	4.004568750779398	0.0	383025	302.363707492	0.2
292.3150145187678	200	4.199660593211469	0.0	383025	304.908157568	0.2
292.620371641695	200	4.394303470284269	0.0	383025	305.357122927	0.2
292.9253595255904	200	4.589315586388787	0.0	383025	304.987883895	0.2
293.2304491863588	200	4.784225925620472	0.0	383025	305.089660768	0.2
293.53605199631335	200	4.978623115665919	0.0	383025	305.602809955	0.2
293.84070501250227	200	5.173970099476963	0.0	383025	304.653016189	0.2
294.1407288422563	200	5.37394626972292	0.0	383025	300.023829754	0.2
294.4396853797099	200	5.574989732269321	0.0	383025	298.956537454	0.2
294.73826952756997	200	5.776405584409204	0.0	383025	298.58414786	0.2
295.03984508166076	200	5.974830030318436	0.0	383025	301.575554091	0.2
295.3576791514029	200	6.1569959605763245	0.0	383025	317.834069742	0.2
295.6757406450916	200	6.338934466887678	0.0	383025	318.061493689	0.2
295.9905855363042	200	6.524089575675014	0.0	383025	314.844891213	0.2
296.3004304098669	200	6.714244702112336	0.0	383025	309.844873563	0.2
296.6028266447646	200	6.911848467214637	0.0	383025	302.396234898	0.2
296.90709772813574	200	7.107577383843503	0.0	383025	304.271083371	0.2
297.24399178423977	200	7.270683327739513	0.0	383025	336.894056104	0.2
297.59476038038525	200	7.419914731593995	0.0	383025	350.768596146	0.2
297.9512080168476	200	7.563467095131635	0.0	383025	356.447636462	0.2
298.3003781641124	200	7.714296947866835	0.0	383025	349.170147265	0.2
298.6466156938212	200	7.868059418157996	0.0	383025	346.237529709	0.2
298.9887306545979	200	8.025944457381328	0.0	383025	342.114960777	0.2
299.32402756909806	200	8.190647542881118	0.0	383025	335.2969145	0.2
299.6524480181207	200	8.362227093858452	0.0	383025	328.420449023	0.2
299.98050742138855	200	8.534167690590639	0.0	383025	328.059403268	0.2
300.31111561610237	200	8.70355949587683	0.0	383025	330.608194714	0.2
300.65140639623047	200	8.863268715748735	0.0	383025	340.290780128	0.2
300.99087686321565	200	9.023798248763566	0.0	383025	339.470466985	0.2
301.3283838956329	200	9.186291216346333	0.0	383025	337.507032417	0.2
301.6635556053179	200	9.351119506661288	0.0	383025	335.171709685	0.2
301.998492741154	200	9.516182370825248	0.0	383025	334.937135836	0.2
302.336879410743	200	9.677795701236217	0.0	383025	338.386669589	0.2
302.6786616144944	200	9.836013497484819	0.0	383025	341.782203751	0.2
303.02101958926886	200	9.993655522710398	0.0	383025	342.357974774	0.2
303.6513233278402	200	9.655332549013973	0.0	383025	338.322973696	0.2
303.9853264253283	200	9.821329451525816	0.0	383025	334.00309748815766	0.2
304.3190162088565	200	9.987639667997643	0.0	383025	333.6897835281737	0.2
305.0924088446896	200	9.655780206426748	0.0	383025	331.859461571	0.2
305.447660972239	200	9.800528078877338	0.0	383025	355.2521275494096	0.2
305.8029862100842	200	9.945202841032156	0.0	383025	355.32523784518224	0.2
306.23094222142606	200	9.592280057489637	0.0	383025	352.9227835425192	0.2
306.56611987832946	200	9.757102400586234	0.0	383025	335.177656903	0.2
306.8972919577294	200	9.9259303211863	0.0	383025	331.17207939993347	0.2
307.45003604166436	200	9.595249794620136	0.0	383025	330.6805265661635	0.2
307.7842622999322	200	9.761023536352319	0.0	383025	334.2262582678177	0.2
308.1183980473703	200	9.926887788914172	0.0	383025	334.1357474381468	0.2
308.5829954297534	200	9.594801907910023	0.0	383025	332.08588100414903	0.2
308.91233099102146	200	9.765466346641935	0.0	383025	329.33556126808776	0.2
309.2341050267311	200	9.943692310932304	0.0	383025	321.77403571	0.2
309.68132437310635	200	9.626893158272976	0.0	383025	316.7991526593285	0.2
309.98508661699975	200	9.823130914379572	0.0	383025	303.762243893	0.2
310.356793447096	200	9.519368670486166	0.0	383025	303.762243893	0.2
310.67845373376394	200	9.69770838381817	0.0	383025	321.660286668	0.2
310.99954871368817	200	9.876613403893964	0.0	383025	321.09497992420665	0.2
311.5506131472644	200	9.561431118253337	0.0	383025	315.1822856406262	0.2
311.8529191118182	200	9.759125153699557	0.0	383025	302.3059645537802	0.2
312.15750614297707	200	9.954538122540727	0.0	383025	304.58703115882975	0.2
312.59689029808743	200	9.626233631109644	0.0	383025	328.304491431	0.2
312.9144866669695	200	9.80863726222759	0.0	383025	317.596368882	0.2
313.60335446592757	200	9.503541417179246	0.0	383025	305.0958450483456	0.2
313.9201790997093	200	9.686716783397555	0.0	383025	316.8246337816911	0.2
314.2375712941748	200	9.869324588931988	0.0	383025	317.3921944655675	0.2
314.7699735519995	200	9.552117774798138	0.0	383025	317.2068141338504	0.2
315.0840862789424	200	9.738005047855241	0.0	383025	314.1127269428973	0.2
315.4024238654545	200	9.9196674613431	0.0	383025	318.3375865121414	0.2
316.15102406646656	200	9.579190239409995	0.0	383025	340.477221933	0.2
316.46851312229893	200	9.761701183577612	0.0	383025	317.4890558323824	0.2
316.77876652929933	200	9.95144777657723	0.0	383025	310.2534070003815	0.2
317.33849763002644	200	9.64451497576954	0.0	383025	306.9328008076902	0.2
317.66057394330227	200	9.822438662493708	0.0	383025	322.0763132758306	0.2
318.2872957540129	200	9.501515097135986	0.0	383025	320.9235653577226	0.2
318.5849988996053	200	9.703811951543642	0.0	383025	297.7031455923426	0.2
318.89000713101416	200	9.898803720134799	0.0	383025	305.00823140884313	0.2
319.45847083866636	200	9.58382664888577	0.0	383025	314.97707124902917	0.2
319.81103999717976	200	9.731257490372403	0.0	383025	352.569158513	0.2
320.14496016426574	200	9.897337323286395	0.0	383025	333.9201670860079	0.2
320.69694080326695	200	9.566334994337081	0.0	383025	331.00232894931514	0.2
321.07799315568366	200	9.685282641920367	0.0	383025	381.05235241671494	0.2
321.44523262656867	200	9.818043171035386	0.0	383025	367.239470885	0.2
321.7795780992848	200	9.983697698319245	0.0	383025	334.34547271614065	0.2
322.2383141624328	200	9.676137431630108	0.0	383025	307.56026668913705	0.2
322.5895191377243	200	9.82493245633863	0.0	383025	351.20497529147866	0.2
322.9425661331945	200	9.971885460868428	0.0	383025	353.04699547	0.2
323.5696487448049	200	9.646058086323471	0.0	383025	325.827374544956	0.2
323.87206346977365	200	9.843643361354747	0.0	383025	302.4147249687247	0.2
324.4522066814392	200	9.525406684089054	0.0	383025	318.23667726569306	0.2
324.7800318786602	200	9.697581486868055	0.0	383025	327.8251972209978	0.2
325.0870015888118	200	9.890611776716474	0.0	383025	306.969710152	0.2
325.4352800424504	200	9.584823332783408	0.0	383025	305.78844393306656	0.2
325.75041757749625	200	9.76968579773753	0.0	383025	315.137535046	0.2
326.06573959898947	200	9.954363776244316	0.0	383025	315.3220214932142	0.2
326.648947291356	200	9.64423467978335	0.0	383025	310.1290964609655	0.2
326.9487475517917	200	9.84443441934766	0.0	383025	299.8002604356897	0.2
327.47857411972586	200	9.530960635101229	0.0	383025	313.47378424643244	0.2
327.80257390492034	200	9.70696084990679	0.0	383025	323.99978519443704	0.2
328.11877611467054	200	9.890758640156525	0.0	383025	316.2022097502654	0.2
328.537012147769	200	9.584917903273485	0.0	383025	305.840736883	0.2
328.85894313808586	200	9.76298691295666	0.0	383025	321.930990317	0.2

