5073.417487388777	400	0.5	0.15651573971665797	181435	156.515739717	-2.7303147943331596
5073.576420898629	400	0.8410664901468652	0.0	184429	158.933509853	0.4
5073.817040960972	600	1.1004464278036454	0.0	285584	240.620062343	0.39999999999999997
5074.143131701009	800	1.274355687766757	0.0	391425	326.090740037	0.6000000000000001
5074.469222441046	800	1.4482649477298688	0.0	391425	326.090740037	0.8
5074.875058411126	1000	1.5424289776504874	0.0	490176	405.835970079	0.8
5075.299639771379	1000	1.6178476173980811	0.0	513389	424.581360252	1.0
5075.711918004249	1000	1.705569384527685	0.0	497055	412.27823287	1.0
5076.143285977163	1000	1.7742014116137355	0.0	520019	431.367972914	1.0
5076.599972378215	1000	1.8175150105622195	0.0	551265	456.686401052	1.0
5077.062385122851	1000	1.8551022659259826	0.0	558332	462.412744636	1.0
5077.507488379493	1000	1.9099990092841994	0.0	536970	445.103256642	1.0
5077.952591636135	1000	1.9648957526424164	0.0	536970	445.103256642	1.0
5078.3976948927775	1000	2.0197924960006337	0.0	536970	445.103256642	1.0
5078.717904635119	200	2.1995827536584724	0.0	383025	320.209742342	-0.6000000000000001
5079.037824144687	200	2.379663244090852	0.0	383025	319.919509568	0.2
5079.357743654254	200	2.5597437345232317	0.0	383025	319.919509568	0.2
5079.677663163821	200	2.739824224955611	0.0	383025	319.919509568	0.2
5079.997582673389	200	2.9199047153879905	0.0	383025	319.919509568	0.2
5080.317502182956	200	3.0999852058203703	0.0	383025	319.919509568	0.2
5080.638787296802	200	3.2787000919745783	0.0	383025	321.285113846	0.2
5080.961808507979	200	3.4556788807975587	0.0	383025	323.021211177	0.2
5081.284829719156	200	3.632657669620539	0.0	383025	323.021211177	0.2
5081.607850930333	200	3.809636458443519	0.0	383025	323.021211177	0.2
5081.93087214151	200	3.9866152472664993	0.0	383025	323.021211177	0.2
5082.253893352688	200	4.1635940360894805	0.0	383025	323.021211177	0.2
5082.576914563864	200	4.34057282491246	0.0	383025	323.021211177	0.2
5082.899935775042	200	4.51755161373544	0.0	383025	323.021211177	0.2
5083.222534881218	200	4.694952507558426	0.0	383025	322.599106177	0.2
5083.545070302	200	4.872417086777521	0.0	383025	322.535420781	0.2
5083.86760572278	200	5.049881665996616	0.0	383025	322.535420781	0.2
5084.190141143561	200	5.227346245215711	0.0	383025	322.535420781	0.2
5084.512676564343	200	5.404810824434806	0.0	383025	322.535420781	0.2
5084.835211985123	200	5.582275403653901	0.0	383025	322.535420781	0.2
5085.157747405904	200	5.759739982872996	0.0	383025	322.535420781	0.2
5085.480282826686	200	5.937204562092091	0.0	383025	322.535420781	0.2
5085.802818247466	200	6.114669141311186	0.0	383025	322.535420781	0.2
5086.1263500608065	200	6.2911373279709935	0.0	383025	323.53181334	0.2
5086.451042313751	200	6.466445075027202	0.0	383025	324.692252944	0.2
5086.775734566695	200	6.641752822083411	0.0	383025	324.692252944	0.2
5087.100426819639	200	6.817060569139619	0.0	383025	324.692252944	0.2
5087.425119072584	200	6.992368316195827	0.0	383025	324.692252944	0.2
5087.749811325528	200	7.167676063252036	0.0	383025	324.692252944	0.2
5088.074503578472	200	7.342983810308244	0.0	383025	324.692252944	0.2
5088.399195831416	200	7.518291557364452	0.0	383025	324.692252944	0.2
5088.723888084361	200	7.693599304420661	0.0	383025	324.692252944	0.2
5089.048580337305	200	7.868907051476869	0.0	383025	324.692252944	0.2
5089.373272590249	200	8.044214798533078	0.0	383025	324.692252944	0.2
5089.696308213033	200	8.221179175747917	0.0	383025	323.035622785	0.2
5090.018889764994	200	8.398597623786948	0.0	383025	322.581551961	0.2
5090.341471316955	200	8.576016071825975	0.0	383025	322.581551961	0.2
5090.664052868916	200	8.753434519865005	0.0	383025	322.581551961	0.2
5090.986634420877	200	8.930852967904032	0.0	383025	322.581551961	0.2
5091.309215972837	200	9.108271415943062	0.0	383025	322.581551961	0.2
5091.631797524798	200	9.28568986398209	0.0	383025	322.581551961	0.2
5091.954379076758	200	9.463108312021118	0.0	383025	322.581551961	0.2
5092.276960628719	200	9.640526760060148	0.0	383025	322.581551961	0.2
5092.6022790662555	200	9.815208322524251	0.0	383025	325.318437536	0.2
5092.929935642284	200	9.98755174649529	0.0	383025	327.656576029	0.2
5093.757592218313	200	9.659895170466328	0.0	383025	327.656576029	0.2
5094.085248794342	200	9.832238594437367	0.0	383025	327.656576029	0.2
5094.912905370372	200	9.504582018408406	0.0	383025	327.656576029	0.2
5095.240561946401	200	9.676925442379444	0.0	383025	327.656576029	0.2
5095.56821852243	200	9.849268866350483	0.0	383025	327.656576029	0.2
5096.39422294863	200	9.523264440150012	0.0	383025	326.00442620047187	0.2
5096.712320618945	200	9.705166769835015	0.0	383025	318.097670315	0.2
5097.03041828926	200	9.887069099520021	0.0	383025	318.097670315	0.2
5097.848515959575	200	9.568971429205025	0.0	383025	318.097670315	0.2
5098.16661362989	200	9.75087375889003	0.0	383025	318.097670315	0.2
5098.482857620675	200	9.934629768105793	0.0	383025	316.2439907842359	0.2
5099.298612158573	200	9.618875230207903	0.0	383025	315.754537898	0.2
5099.614366696471	200	9.803120692310012	0.0	383025	315.754537898	0.2
5099.930121234369	200	9.987366154412122	0.0	383025	315.754537898	0.2
5100.745568443379	200	9.671918945401144	0.0	383025	315.44720901097986	0.2
5101.058630826433	200	9.858856562347706	0.0	383025	313.062383053	0.2
5101.871693209487	200	9.545794179294269	0.0	383025	313.062383053	0.2
5102.184386056379	200	9.73310133240298	0.0	383025	312.69284689128983	0.2
5102.496254285748	200	9.921233103033728	0.0	383025	311.868229369	0.2
5103.308122515118	200	9.609364873664477	0.0	383025	311.868229369	0.2
5103.619964265034	200	9.79752312374866	0.0	383025	311.84174991581875	0.2
5103.931669429293	200	9.985817959489125	0.0	383025	311.70516426	0.2
5104.743374593552	200	9.674112795229593	0.0	383025	311.70516426	0.2
5105.055079757812	200	9.862407630970061	0.0	383025	311.70516426	0.2
5105.866381113829	200	9.551106274952923	0.0	383025	311.30135601713823	0.2
5106.173366571413	200	9.74412081736946	0.0	383025	306.985457583	0.2
5106.480352028996	200	9.937135359785996	0.0	383025	306.985457583	0.2
5107.288066737187	200	9.629420651594264	0.0	383025	307.71470819173135	0.2
5107.597088344097	200	9.820399044683848	0.0	383025	309.02160691	0.2
5108.10124831015	200	9.51137743777343	0.0	383025	309.02160691	0.2
5108.410801458883	200	9.70182428904101	0.0	383025	309.553148732	0.2
5108.720354607615	200	9.892271140308589	0.0	383025	309.553148732	0.2
5109.473705466388	200	9.582717991576168	0.0	383025	309.553148732	0.2
5109.781500425026	200	9.774923032938744	0.0	383025	307.794958637	0.2
5110.089295383663	200	9.967128074301321	0.0	383025	307.794958637	0.2
5110.634273023553	200	9.659333115663898	0.0	383025	307.794958637	0.2
5110.944963502339	200	9.848642636877779	0.0	383025	310.690478786	0.2
5111.53421743875	200	9.537952158091661	0.0	383025	310.690478786	0.2
5111.843460011906	200	9.728709584935542	0.0	383025	309.242573156	0.2
5112.152702585062	200	9.919467011779425	0.0	383025	309.242573156	0.2
5112.858236363911	200	9.610224438623307	0.0	383025	309.242573156	0.2
5113.170626202222	200	9.797834600312505	0.0	383025	312.389838311	0.2
5113.483016040533	200	9.985444762001705	0.0	383025	312.389838311	0.2
5113.87886657087	200	9.673054923690904	0.0	383025	312.389838311	0.2
5114.194823030006	200	9.857098464554143	0.0	383025	315.956459137	0.2
5115.010779489143	200	9.541142005417383	0.0	383025	315.956459137	0.2
5115.32673594828	200	9.725185546280624	0.0	383025	315.956459137	0.2
5115.642692407416	200	9.909229087143864	0.0	383025	315.956459137	0.2
5116.361892054562	200	9.593272628007103	0.0	383025	315.956459137	0.2
5116.675417632575	200	9.779747049994869	0.0	383025	313.525578012	0.2
5116.988943210587	200	9.966221471982633	0.0	383025	313.525578012	0.2
5117.346288491247	200	9.652695893970398	0.0	383025	313.525578012	0.2
5117.656201733503	200	9.842782651715043	0.0	383025	309.913242255	0.2
5118.466114975758	200	9.532869409459687	0.0	383025	309.913242255	0.2
5118.776028218013	200	9.72295616720433	0.0	383025	309.913242255	0.2
5119.090716557563	200	9.908267827655083	0.0	383025	314.6883395492478	0.2
5119.907668163402	200	9.591316221815603	0.0	383025	316.951605839	0.2
5120.2248453215125	200	9.774139063704878	0.0	383025	317.1771581107251	0.2
5120.543950313227	200	9.955034071991106	0.0	383025	319.104991714	0.2
5121.36305530494	200	9.635929080277334	0.0	383025	319.104991714	0.2
5121.682160296654	200	9.816824088563562	0.0	383025	319.104991714	0.2

