847.4075292916474	400	0.5	0.14583061436019595	181435	145.83061436	-2.516612287203919
847.5556013525829	400	0.8519279390644772	0.0	184429	148.072060936	0.4
847.779402714897	600	1.1281265767504682	0.0	285584	223.801362314	0.39999999999999997
848.0824415344518	800	1.325087757195588	0.0	391425	303.038819555	0.6000000000000001
848.3854803540066	800	1.5220489376407076	0.0	391425	303.038819555	0.8
848.7696263400543	1000	1.6379029515930499	0.0	490176	384.145986048	0.8
849.1728505654854	1000	1.7346787261619685	0.0	513389	403.224225431	1.0
849.5689713452293	1000	1.8385579464181268	0.0	497055	396.120779744	1.0
849.9839652866093	1000	1.9235640050381706	0.0	520019	414.99394138	1.0
850.4232938017113	1000	1.984235489936181	0.0	551265	439.328515102	1.0
850.8778715635963	1000	2.0296577280512142	0.0	558332	454.577761885	1.0
851.194565353884	200	2.212963937763603	0.0	383025	316.693790288	-0.6000000000000001
851.5112591441715	200	2.3962701474759918	0.0	383025	316.693790288	0.2
851.8279529344591	200	2.579576357188381	0.0	383025	316.693790288	0.2
852.1412765235624	200	2.766252768085047	0.0	383025	313.323589103	0.2
852.453884020781	200	2.953645270866486	0.0	383025	312.607497219	0.2
852.7664915179995	200	3.1410377736479256	0.0	383025	312.607497219	0.2
853.0790990152179	200	3.3284302764293647	0.0	383025	312.607497219	0.2
853.3917065124365	200	3.5158227792108043	0.0	383025	312.607497219	0.2
853.7040798794739	200	3.703449412173394	0.0	383025	312.373367037	0.2
854.0110712222246	200	3.8964580694226565	0.0	383025	306.991342751	0.2
854.3180625649753	200	4.089466726671919	0.0	383025	306.991342751	0.2
854.6253654676896	200	4.282163823957663	0.0	383025	307.302902714	0.2
854.9351309183547	200	4.4723983732924815	0.0	383025	309.765450665	0.2
855.2448963690199	200	4.662632922627301	0.0	383025	309.765450665	0.2
855.5546618196851	200	4.852867471962121	0.0	383025	309.765450665	0.2
855.8670844399775	200	5.040444851669686	0.0	383025	312.422620292	0.2
856.1801314494465	200	5.227397842200541	0.0	383025	313.047009469	0.2
856.4931784589156	200	5.4143508327313965	0.0	383025	313.047009469	0.2
856.8062254683848	200	5.601303823262252	0.0	383025	313.047009469	0.2
857.1217375514886	200	5.785791740158315	0.0	383025	315.512083104	0.2
857.4417289432012	200	5.965800348445865	0.0	383025	319.991391712	0.2
857.7617203349135	200	6.145808956733416	0.0	383025	319.991391712	0.2
858.081711726626	200	6.325817565020966	0.0	383025	319.991391712	0.2
858.4017031183384	200	6.505826173308517	0.0	383025	319.991391712	0.2
858.7216958209214	200	6.6858334707256635	0.0	383025	319.992702583	0.2
859.0417007597702	200	6.865828531876887	0.0	383025	320.004938849	0.2
859.361705698619	200	7.04582359302811	0.0	383025	320.004938849	0.2
859.6817106374676	200	7.225818654179333	0.0	383025	320.004938849	0.2
860.0017155763164	200	7.405813715330556	0.0	383025	320.004938849	0.2
860.3217205151652	200	7.585808776481779	0.0	383025	320.004938849	0.2
860.6473383563542	200	7.760190935292809	0.0	383025	325.617841189	0.2
860.9735570861917	200	7.933972205455349	0.0	383025	326.218729837	0.2
861.2997758160292	200	8.10775347561789	0.0	383025	326.218729837	0.2
861.6259945458667	200	8.281534745780432	0.0	383025	326.218729837	0.2
861.952213275704	200	8.455316015942971	0.0	383025	326.218729837	0.2
862.2750656010401	200	8.632463690607066	0.0	383025	322.852325336	0.2
862.5965893005961	200	8.81093999105107	0.0	383025	321.523699556	0.2
862.9181130001521	200	8.989416291495072	0.0	383025	321.523699556	0.2
863.2396366997081	200	9.167892591939076	0.0	383025	321.523699556	0.2
863.561160399264	200	9.346368892383078	0.0	383025	321.523699556	0.2
863.8838883783185	200	9.52364091332866	0.0	383025	322.727979054	0.2
864.2175197329359	200	9.690009558711223	0.0	383025	333.631354617	0.2
864.5511510875533	200	9.856378204093787	0.0	383025	333.631354617	0.2
865.3847824421708	200	9.522746849476349	0.0	383025	333.631354617	0.2
865.7184137967882	200	9.689115494858912	0.0	383025	333.631354617	0.2
866.0520451514057	200	9.855484140241474	0.0	383025	333.631354617	0.2
866.7496542679592	200	9.521852785624038	0.0	383025	333.631354617	0.2
867.0840085768167	200	9.687498476766551	0.0	383025	334.354308857	0.2
867.4183628856741	200	9.853144167909067	0.0	383025	334.354308857	0.2
868.2527171945316	200	9.51878985905158	0.0	383025	334.354308857	0.2
868.5870715033891	200	9.684435550194094	0.0	383025	334.354308857	0.2
868.9214258122465	200	9.850081241336607	0.0	383025	334.354308857	0.2
869.6358836694851	200	9.515726932479122	0.0	383025	334.354308857	0.2
869.9801669798445	200	9.671443622119613	0.0	383025	344.28331036	0.2
870.324450290204	200	9.827160311760103	0.0	383025	344.28331036	0.2
870.6687336005635	200	9.982877001400594	0.0	383025	344.28331036	0.2
871.5130169109229	200	9.638593691041084	0.0	383025	344.28331036	0.2
871.8573002212825	200	9.794310380681575	0.0	383025	344.28331036	0.2
872.2015835316419	200	9.950027070322065	0.0	383025	344.28331036	0.2
873.0458668420014	200	9.605743759962555	0.0	383025	344.28331036	0.2
873.3901501523608	200	9.761460449603046	0.0	383025	344.28331036	0.2
873.7344334627203	200	9.917177139243536	0.0	383025	344.28331036	0.2
874.1416535776559	200	9.572893828884027	0.0	383025	344.28331036	0.2
874.4639378045849	200	9.750609601954938	0.0	383025	322.284226929	0.2
874.7862220315141	200	9.92832537502585	0.0	383025	322.284226929	0.2
875.6085062584431	200	9.606041148096761	0.0	383025	322.284226929	0.2
875.9307894316626	200	9.78375797487732	0.0	383025	322.2831732194416	0.2
876.2529149646113	200	9.961632441928504	0.0	383025	322.125532949	0.2
877.07504049756	200	9.639506908979689	0.0	383025	322.125532949	0.2
877.3971660305089	200	9.817381376030873	0.0	383025	322.125532949	0.2
877.715681250612	200	9.998866155927631	0.0	383025	318.51522010324067	0.2
878.5331227033065	200	9.681424703233121	0.0	383025	317.441452695	0.2
878.8505641560009	200	9.86398325053861	0.0	383025	317.441452695	0.2
879.6662411629372	200	9.548306243602283	0.0	383025	315.67700693632713	0.2
879.9821824498443	200	9.732364956695188	0.0	383025	315.94128690709533	0.2
880.3013562397288	200	9.913191166810725	0.0	383025	319.173789884	0.2
881.1205300296132	200	9.59401737692626	0.0	383025	319.173789884	0.2
881.4397038194976	200	9.774843587041795	0.0	383025	319.173789884	0.2
881.757172849111	200	9.957374557428407	0.0	383025	317.4690296133883	0.2
882.1369564732069	200	9.641710788146336	0.0	383025	315.663769282	0.2
882.4590514708888	200	9.819615790464459	0.0	383025	322.094997682	0.2
882.7811464685707	200	9.99752079278258	0.0	383025	322.094997682	0.2
883.2336461901122	200	9.675425795100704	0.0	383025	322.094997682	0.2
883.560913395889	200	9.84815858932385	0.0	383025	327.267205777	0.2
884.3881806016659	200	9.520891383546996	0.0	383025	327.267205777	0.2
884.7154478074427	200	9.693624177770142	0.0	383025	327.267205777	0.2
885.0427150132197	200	9.866356971993287	0.0	383025	327.267205777	0.2
885.8740132793179	200	9.53505870589508	0.0	383025	331.2982660982061	0.2
886.2074666054802	200	9.701605379732607	0.0	383025	333.453326162	0.2
886.5409199316427	200	9.868152053570135	0.0	383025	333.453326162	0.2
887.3743732578051	200	9.534698727407662	0.0	383025	333.453326162	0.2
887.7078265839675	200	9.701245401245188	0.0	383025	333.453326162	0.2
888.04127991013	200	9.867792075082717	0.0	383025	333.453326162	0.2
888.870206190876	200	9.538865794336559	0.0	383025	328.9262807461576	0.2
889.1970484891187	200	9.712023496093915	0.0	383025	326.842298243	0.2
889.5238907873613	200	9.88518119785127	0.0	383025	326.842298243	0.2
890.0982248098554	200	9.558338899608627	0.0	383025	326.842298243	0.2
890.4201672635837	200	9.736396445880281	0.0	383025	321.942453728	0.2
890.742109717312	200	9.914453992151937	0.0	383025	321.942453728	0.2
891.1373711229769	200	9.592511538423592	0.0	383025	321.942453728	0.2
891.4622970056602	200	9.76758565574029	0.0	383025	324.925882683	0.2
891.7872228883434	200	9.942659773056986	0.0	383025	324.925882683	0.2
892.4902455045132	200	9.617733890373684	0.0	383025	324.925882683	0.2
892.8075832989325	200	9.800396095954298	0.0	383025	317.337794419	0.2
893.1249210933519	200	9.983058301534912	0.0	383025	317.337794419	0.2
893.652368851916	200	9.665720507115527	0.0	383025	317.337794419	0.2
893.9642051955891	200	9.853884163442364	0.0	383025	311.836343673	0.2
894.7760415392623	200	9.5420478197692	0.0	383025	311.836343673	0.2
895.0851861728104	200	9.732903186221142	0.0	383025	309.14463354806037	0.2

