3432.979298967513	400	0.5	0.15246734983405819	181435	152.467349834	-2.649346996681164
3433.1341172818543	400	0.845181685658525	0.0	184429	154.818314341	0.4
3433.368365060039	600	1.1109339074734466	0.0	285584	234.247778185	0.39999999999999997
3433.68572186776	800	1.2935770997527962	0.0	391425	317.356807721	0.6000000000000001
3434.0117696281213	800	1.4675293393914777	0.0	391425	326.047760361	0.8
3434.4206060299502	1000	1.5586929375631449	0.0	490176	408.836401828	0.8
3434.8464562130503	1000	1.63284275446306	0.0	513389	425.8501831	1.0
3435.2601648975333	1000	1.7191340699797801	0.0	497055	413.708684483	1.0
3435.7120110817295	1000	1.767287885783451	0.0	520019	451.846184196	1.0
3436.1891103961157	1000	1.7901885713975614	0.0	551265	477.099314386	1.0
3436.6620362374615	1000	1.8172627300516604	0.0	558332	472.925841346	1.0
3437.117250355634	1000	1.8620486118791242	0.0	536970	455.214118173	1.0
3437.567774820712	1000	1.9115241468005049	0.0	536970	450.524465079	1.0
3438.0158225443784	1000	1.963476423134544	0.0	536970	448.047723666	1.0
3438.4717412061264	1000	2.007557761386382	0.0	536970	455.918661748	1.0
3438.8040507594383	200	2.1752482080742968	0.0	383025	332.309553312	-0.6000000000000001
3439.1430737298583	200	2.336225237654331	0.0	383025	339.02297042	0.2
3439.482096700278	200	2.4972022672343654	0.0	383025	339.02297042	0.2
3439.820743763818	200	2.6585552036946165	0.0	383025	338.64706354	0.2
3440.156974063004	200	2.822324904508881	0.0	383025	336.230299186	0.2
3440.4932043621898	200	2.9860946053231454	0.0	383025	336.230299186	0.2
3440.8293953998054	200	3.14990356770758	0.0	383025	336.191037616	0.2
3441.1607052387526	200	3.3185937287605163	0.0	383025	331.309838947	0.2
3441.4920150776993	200	3.487283889813452	0.0	383025	331.309838947	0.2
3441.8233392143825	200	3.6559597531303862	0.0	383025	331.324136683	0.2
3442.154774939676	200	3.82452402783749	0.0	383025	331.435725293	0.2
3442.486210664969	200	3.9930883025445936	0.0	383025	331.435725293	0.2
3442.809116693295	200	4.17018227421837	0.0	383025	322.906028326	0.2
3443.1286738480494	200	4.350625119464356	0.0	383025	319.557154754	0.2
3443.447721638781	200	4.531577328732443	0.0	383025	319.047790732	0.2
3443.76347010971	200	4.715828857803482	0.0	383025	315.748470929	0.2
3444.079218580639	200	4.900080386874521	0.0	383025	315.748470929	0.2
3444.3947789947993	200	5.084519972714408	0.0	383025	315.56041416	0.2
3444.7102957452084	200	5.269003222305259	0.0	383025	315.516750409	0.2
3445.0299432818415	200	5.449355685672271	0.0	383025	319.647536633	0.2
3445.3560669853023	200	5.6232319822114425	0.0	383025	326.123703461	0.2
3445.6812929314947	200	5.798006036018955	0.0	383025	325.225946192	0.2
3445.9993903286463	200	5.97990863886752	0.0	383025	318.097397151	0.2
3446.3174877257975	200	6.161811241716085	0.0	383025	318.097397151	0.2
3446.636743466783	200	6.342555500730333	0.0	383025	319.255740986	0.2
3446.9565504534407	200	6.522748514073101	0.0	383025	319.806986657	0.2
3447.277839357642	200	6.701459609871879	0.0	383025	321.288904201	0.2
3447.6011908788046	200	6.8781080887090535	0.0	383025	323.351521163	0.2
3447.924542399968	200	7.054756567546228	0.0	383025	323.351521163	0.2
3448.243450725043	200	7.235848242470636	0.0	383025	318.908325076	0.2
3448.5632461395417	200	7.416052827972277	0.0	383025	319.795414498	0.2
3448.892577212001	200	7.586721755512952	0.0	383025	329.331072459	0.2
3449.221908284461	200	7.757390683053627	0.0	383025	329.331072459	0.2
3449.5519045960127	200	7.9273943715015065	0.0	383025	329.996311552	0.2
3449.885140108846	200	8.094158858667901	0.0	383025	333.235512834	0.2
3450.217285465254	200	8.262013502260224	0.0	383025	332.145356408	0.2
3450.546199666305	200	8.433099301209134	0.0	383025	328.914201051	0.2
3450.875113867356	200	8.604185100158043	0.0	383025	328.914201051	0.2
3451.193077106531	200	8.786221860983035	0.0	383025	317.963239175	0.2
3451.5109810423687	200	8.968317925145035	0.0	383025	317.903935838	0.2
3451.840846771503	200	9.138452196010805	0.0	383025	329.865729134	0.2
3452.1801573384896	200	9.29914162902395	0.0	383025	339.310566987	0.2
3452.5194679054766	200	9.459831062037095	0.0	383025	339.310566987	0.2
3452.8568490023235	200	9.62244996519	0.0	383025	337.381096847	0.2
3453.1859024532496	200	9.793396514264003	0.0	383025	329.053450926	0.2
3453.514955904176	200	9.964343063338005	0.0	383025	329.053450926	0.2
3454.341648103337	200	9.637650864177411	0.0	383025	326.692199161	0.2
3454.6655790394843	200	9.813719928029734	0.0	383025	323.9309361476772	0.2
3454.9891026612718	200	9.990196306242417	0.0	383025	323.523621787	0.2
3455.3992680002043	200	9.686249139521918	0.0	383025	303.9471667204986	0.2
3455.713537012156	200	9.871980127570035	0.0	383025	314.269011952	0.2
3456.482562229724	200	9.557711115618153	0.0	383025	314.269011952	0.2
3456.808936805704	200	9.73133653963797	0.0	383025	326.37457598018153	0.2
3457.135222946042	200	9.905050399299695	0.0	383025	326.286140338	0.2
3457.915212100953	200	9.578764258961419	0.0	383025	326.286140338	0.2
3458.2473212684968	200	9.746655091417814	0.0	383025	332.109167544	0.2
3458.5868042685715	200	9.90717209134276	0.0	383025	339.4830000750554	0.2
3459.4315526607006	200	9.562423699213678	0.0	383025	344.748392129	0.2
3459.784087275003	200	9.709889084911087	0.0	383025	352.53461430259125	0.2
3460.1376772429517	200	9.856299116962933	0.0	383025	353.589967948	0.2
3460.9912672109	200	9.50270914901478	0.0	383025	353.589967948	0.2
3461.3399687563806	200	9.654007603534149	0.0	383025	348.70154548063147	0.2
3461.687833059657	200	9.806143300257768	0.0	383025	347.864303276	0.2
3462.035697362933	200	9.958278996981386	0.0	383025	347.864303276	0.2
3462.879511573623	200	9.614464786291792	0.0	383025	343.81421068959406	0.2
3463.217583961161	200	9.776392398753945	0.0	383025	338.0723875378468	0.2
3463.540812971258	200	9.95316338865666	0.0	383025	323.229010097	0.2
3464.22657479053	200	9.629934378559378	0.0	383025	323.229010097	0.2
3464.5342318932794	200	9.822277275809533	0.0	383025	307.6571027498453	0.2
3464.8570029607376	200	9.999506208351546	0.0	383025	322.771067458	0.2
3465.5655062180367	200	9.676735140893559	0.0	383025	322.771067458	0.2
3465.8866220327463	200	9.855619326183929	0.0	383025	321.11581470962943	0.2
3466.2330034924876	200	9.54085258428838	0.0	383025	314.766741896	0.2
3466.5481330002576	200	9.725723076518502	0.0	383025	315.12950777	0.2
3466.863262508027	200	9.910593568748622	0.0	383025	315.12950777	0.2
3467.6872561070345	200	9.5865999697413	0.0	383025	323.99359900732077	0.2
3468.0429035261805	200	9.73095255059572	0.0	383025	355.64741914558	0.2
3468.4034261232655	200	9.87042995351028	0.0	383025	360.522597085	0.2
3468.76650866606	200	9.50990735642484	0.0	383025	360.522597085	0.2
3469.0074827022845	200	9.768933320200256	0.0	383025	240.974036225	0.2
3469.52259496901	200	9.528144149204664	0.0	383025	240.78917099559283	0.2
3469.809220199186	200	9.741518919028701	0.0	383025	286.62523017596067	0.2
3470.1175392423747	200	9.933199875840033	0.0	383025	308.319043189	0.2
3470.4298060216083	200	9.626700237520305	0.0	383025	306.49963831972894	0.2
3470.7323256166987	200	9.824180642429873	0.0	383025	302.51959509	0.2
3471.5056514188836	200	9.521661047339443	0.0	383025	302.51959509	0.2
3471.7944371056524	200	9.732875360570832	0.0	383025	288.7856867686115	0.2
3472.0875095248052	200	9.939802941418174	0.0	383025	293.07241915265644	0.2
3472.5873266835647	200	9.626226590096335	0.0	383025	313.576351322	0.2
3472.8931819494865	200	9.820371324174253	0.0	383025	305.855265922	0.2
3473.2637532354456	200	9.521133694024595	0.0	383025	299.2376301496591	0.2
3473.5721720588863	200	9.712714870583882	0.0	383025	308.418823441	0.2
3473.8807157290257	200	9.904171200444566	0.0	383025	308.54367013931676	0.2
3474.2284944723992	200	9.594429870052448	0.0	383025	309.741330392	0.2
3474.5388062454062	200	9.784118097045837	0.0	383025	310.311773007	0.2
3474.849118018413	200	9.973806324039227	0.0	383025	310.311773007	0.2
3475.659767304446	200	9.663157038005938	0.0	383025	310.6492860332889	0.2
3475.9710632360066	200	9.851861106445364	0.0	383025	311.2959315605756	0.2
3476.3742487541194	200	9.54057141188329	0.0	383025	311.289694562	0.2
3476.6854835411036	200	9.729336624899082	0.0	383025	311.2347869842077	0.2
3476.9986443393177	200	9.916175826684826	0.0	383025	313.1607982142566	0.2
3477.815222248218	200	9.599597917784934	0.0	383025	316.5779089	0.2
3478.131800157118	200	9.783020008885039	0.0	383025	316.5779089	0.2
3478.4483780660184	200	9.966442099985146	0.0	383025	316.5779089	0.2
3479.269346974571	200	9.645473191432561	0.0	383025	320.96890855258397	0.2

