4100.365931332595	400	0.5	0.1602764654742413	181435	160.276465474	-2.8055293094848257
4100.528687626866	400	0.8372437057296065	0.0	184429	162.75629427	0.4
4100.775227181615	600	1.090704150979995	0.0	285584	246.53955475	0.39999999999999997
4101.1094312519335	800	1.2565000806613968	0.0	391425	334.204070319	0.6000000000000001
4101.443635322253	800	1.4222960103427986	0.0	391425	334.204070319	0.8
4101.859631501271	1000	1.506299831323857	0.0	490176	415.996179019	0.8
4102.294854221989	1000	1.5710771106064914	0.0	513389	435.222720717	1.0
4102.7165480437225	1000	1.6493832888725424	0.0	497055	421.693821734	1.0
4103.157262168888	1000	1.7086691637067835	0.0	520019	440.714125166	1.0
4103.623856297583	1000	1.742075035012443	0.0	551265	466.594128694	1.0
4104.093881779316	1000	1.7720495532798586	0.0	558332	470.025481733	1.0
4104.543522136498	1000	1.8224091960970832	0.0	536970	449.640357183	1.0
4104.993162493681	1000	1.8727688389143078	0.0	536970	449.640357183	1.0
4105.442802850864	1000	1.9231284817315322	0.0	536970	449.640357183	1.0
4105.893110521928	1000	1.9728208106669827	0.0	536970	450.307671065	1.0
4106.34410417304	1000	2.021827159555252	0.0	536970	450.993651112	1.0
4106.668668474988	200	2.197262857607154	0.0	383025	324.564301948	-0.6000000000000001
4106.993232776937	200	2.3726985556590554	0.0	383025	324.564301948	0.2
4107.317797078884	200	2.548134253710957	0.0	383025	324.564301948	0.2
4107.642361380832	200	2.723569951762858	0.0	383025	324.564301948	0.2
4107.96692568278	200	2.8990056498147596	0.0	383025	324.564301948	0.2
4108.291489984728	200	3.074441347866661	0.0	383025	324.564301948	0.2
4108.614914693634	200	3.251016638960931	0.0	383025	323.424708906	0.2
4108.936231914677	200	3.429699417918822	0.0	383025	321.317221042	0.2
4109.257549135718	200	3.6083821968767125	0.0	383025	321.317221042	0.2
4109.578866356761	200	3.787064975834603	0.0	383025	321.317221042	0.2
4109.900183577803	200	3.9657477547924938	0.0	383025	321.317221042	0.2
4110.221500798845	200	4.144430533750385	0.0	383025	321.317221042	0.2
4110.544565565267	200	4.3213657673288	0.0	383025	323.064766422	0.2
4110.8729333169495	200	4.492998015646128	0.0	383025	328.367751683	0.2
4111.201301068632	200	4.664630263963455	0.0	383025	328.367751683	0.2
4111.529668820314	200	4.836262512280782	0.0	383025	328.367751683	0.2
4111.858036571997	200	5.007894760598109	0.0	383025	328.367751683	0.2
4112.18640432368	200	5.179527008915437	0.0	383025	328.367751683	0.2
4112.514772075362	200	5.351159257232764	0.0	383025	328.367751683	0.2
4112.843139827045	200	5.5227915055500905	0.0	383025	328.367751683	0.2
4113.171507578728	200	5.694423753867418	0.0	383025	328.367751683	0.2
4113.499875330411	200	5.866056002184745	0.0	383025	328.367751683	0.2
4113.828243082093	200	6.037688250502073	0.0	383025	328.367751683	0.2
4114.156610833776	200	6.209320498819399	0.0	383025	328.367751683	0.2
4114.484368320585	200	6.3815630120093285	0.0	383025	327.75748681	0.2
4114.810560960043	200	6.555370372551895	0.0	383025	326.192639457	0.2
4115.1367535995005	200	6.729177733094462	0.0	383025	326.192639457	0.2
4115.4629462389585	200	6.90298509363703	0.0	383025	326.192639457	0.2
4115.7891388784155	200	7.076792454179596	0.0	383025	326.192639457	0.2
4116.1153315178735	200	7.250599814722164	0.0	383025	326.192639457	0.2
4116.441524157331	200	7.42440717526473	0.0	383025	326.192639457	0.2
4116.763313772679	200	7.602617559916241	0.0	383025	321.789615348	0.2
4117.084193909369	200	7.781737423226866	0.0	383025	320.880136689	0.2
4117.405074046058	200	7.9608572865374905	0.0	383025	320.880136689	0.2
4117.725954182747	200	8.139977149848116	0.0	383025	320.880136689	0.2
4118.046834319436	200	8.319097013158743	0.0	383025	320.880136689	0.2
4118.3684709009	200	8.497460431694467	0.0	383025	321.636581464	0.2
4118.692614506749	200	8.673316825845657	0.0	383025	324.143605849	0.2
4119.016758112598	200	8.849173219996848	0.0	383025	324.143605849	0.2
4119.340901718447	200	9.025029614148039	0.0	383025	324.143605849	0.2
4119.6650453242955	200	9.20088600829923	0.0	383025	324.143605849	0.2
4119.989188930144	200	9.376742402450422	0.0	383025	324.143605849	0.2
4120.313332535993	200	9.552598796601613	0.0	383025	324.143605849	0.2
4120.637476141842	200	9.728455190752804	0.0	383025	324.143605849	0.2
4120.962814793772	200	9.903116538822573	0.0	383025	325.33865193	0.2
4121.795125879864	200	9.570805452730536	0.0	383025	332.311086092	0.2
4122.127436965957	200	9.738494366638498	0.0	383025	332.311086092	0.2
4122.459748052049	200	9.906183280546461	0.0	383025	332.311086092	0.2
4123.292059138141	200	9.573872194454426	0.0	383025	332.311086092	0.2
4123.624370224233	200	9.741561108362388	0.0	383025	332.311086092	0.2
4123.956681310325	200	9.909250022270351	0.0	383025	332.311086092	0.2
4124.788992396417	200	9.576938936178314	0.0	383025	332.311086092	0.2
4125.12130348251	200	9.744627850086276	0.0	383025	332.311086092	0.2
4125.448767317887	200	9.917164014708195	0.0	383025	327.4638353780827	0.2
4126.272299316816	200	9.593632015779088	0.0	383025	323.531998929	0.2
4126.595831315745	200	9.77010001684998	0.0	383025	323.531998929	0.2
4126.919363314675	200	9.946568017920873	0.0	383025	323.531998929	0.2
4127.260135550287	200	9.623036018991765	0.0	383025	323.531998929	0.2
4127.587465248644	200	9.795706320634046	0.0	383025	327.329698358	0.2
4127.914794947002	200	9.968376622276327	0.0	383025	327.329698358	0.2
4128.74212464536	200	9.64104692391861	0.0	383025	327.329698358	0.2
4129.069454343717	200	9.813717225560891	0.0	383025	327.329698358	0.2
4129.396784042075	200	9.986387527203172	0.0	383025	327.329698358	0.2
4130.224094617649	200	9.659076951628773	0.0	383025	327.31057557439925	0.2
4130.5464445997795	200	9.836726969497972	0.0	383025	322.349982131	0.2
4131.36879458191	200	9.51437698736717	0.0	383025	322.349982131	0.2
4131.691144564042	200	9.692027005236369	0.0	383025	322.349982131	0.2
4132.013494546172	200	9.869677023105567	0.0	383025	322.349982131	0.2
4132.836079652354	200	9.547091916924149	0.0	383025	322.58510618141736	0.2
4133.158791503254	200	9.72438006602353	0.0	383025	322.711850901	0.2
4133.481503354155	200	9.90166821512291	0.0	383025	322.711850901	0.2
4134.304215205056	200	9.578956364222291	0.0	383025	322.711850901	0.2
4134.626087319906	200	9.757084249371484	0.0	383025	321.87211485080707	0.2
4134.947804611579	200	9.935366957698506	0.0	383025	321.717291673	0.2
4135.769521903253	200	9.613649666025525	0.0	383025	321.717291673	0.2
4136.091239194926	200	9.791932374352546	0.0	383025	321.717291673	0.2
4136.412956486599	200	9.970215082679566	0.0	383025	321.717291673	0.2
4137.233830083526	200	9.64934148575201	0.0	383025	320.8735969275548	0.2
4137.552331447901	200	9.830840121376779	0.0	383025	318.501364375	0.2
4137.95877037765	200	9.512338757001547	0.0	383025	318.501364375	0.2
4138.284338209436	200	9.686770925215422	0.0	383025	325.567831786	0.2
4138.6099060412225	200	9.861203093429296	0.0	383025	325.567831786	0.2
4139.435473873009	200	9.53563526164317	0.0	383025	325.567831786	0.2
4139.7610417047945	200	9.710067429857045	0.0	383025	325.567831786	0.2
4140.086609536581	200	9.884499598070919	0.0	383025	325.567831786	0.2
4140.773522038957	200	9.558931766284793	0.0	383025	325.567831786	0.2
4141.086372433934	200	9.7460813713076	0.0	383025	312.850394977	0.2
4141.399222828912	200	9.933230976330407	0.0	383025	312.850394977	0.2
4142.08196898401	200	9.620380581353215	0.0	383025	312.850394977	0.2
4142.386510417598	200	9.815839147764148	0.0	383025	304.541433589	0.2
4142.960030421287	200	9.511297714175079	0.0	383025	304.541433589	0.2
4143.274134277648	200	9.69719385781427	0.0	383025	314.103856361	0.2
4143.588238134009	200	9.883090001453459	0.0	383025	314.103856361	0.2
4144.402362745811	200	9.568965389650915	0.0	383025	314.12461180254286	0.2
4144.721358299174	200	9.749969836287976	0.0	383025	318.995553363	0.2
4145.040353852537	200	9.930974282925035	0.0	383025	318.995553363	0.2
4145.8593494059005	200	9.611978729562095	0.0	383025	318.995553363	0.2
4146.1780145518605	200	9.793313583601702	0.0	383025	318.66514596039497	0.2
4146.496399832515	200	9.974928302947298	0.0	383025	318.385280654	0.2
4146.88851833705	200	9.656543022292894	0.0	383025	318.385280654	0.2
4147.207320202799	200	9.837741156544446	0.0	383025	318.801865748	0.2
4148.026122068548	200	9.518939290795997	0.0	383025	318.801865748	0.2
4148.344923934296	200	9.700137425047549	0.0	383025	318.801865748	0.2
4148.657382524046	200	9.887678835298168	0.0	383025	312.4585897493811	0.2

