5655.844080506192	400	0.5	0.16049186309681143	181435	160.491863097	-2.8098372619362286
5656.007055752528	400	0.8370247536633955	0.0	184429	162.975246337	0.4
5656.253934349439	600	1.0901461567518855	0.0	285584	246.878596912	0.39999999999999997
5656.588603115182	800	1.2554773910083992	0.0	391425	334.668765743	0.6000000000000001
5656.923271880925	800	1.4208086252649128	0.0	391425	334.668765743	0.8
5657.339849991463	1000	1.5042305147275705	0.0	490176	416.578110537	0.8
5657.7756822019155	1000	1.5683983042752931	0.0	513389	435.832210452	1.0
5658.19796612184	1000	1.6461143843503305	0.0	497055	422.283919925	1.0
5658.639297607804	1000	1.7047828983870885	0.0	520019	441.331485963	1.0
5659.081725302234	1000	1.7623552039563761	0.0	551265	442.427694431	1.0
5659.52765840663	1000	1.8164220995614593	0.0	558332	445.933104395	1.0
5659.963122939924	1000	1.880957566266925	0.0	536970	435.464533295	1.0
5660.4012537348535	1000	1.9428267713371934	0.0	536970	438.13079493	1.0
5660.839384529782	1000	2.004695976407462	0.0	536970	438.13079493	1.0
5661.154773653436	200	2.1893068527544446	0.0	383025	315.389123653	-0.6000000000000001
5661.46820469938	200	2.37587580680968	0.0	383025	313.431045945	0.2
5661.780388792379	200	2.563691713810989	0.0	383025	312.184092999	0.2
5662.092572885377	200	2.7515076208122977	0.0	383025	312.184092999	0.2
5662.404756978376	200	2.9393235278136065	0.0	383025	312.184092999	0.2
5662.717803343885	200	3.126277162304971	0.0	383025	313.046365509	0.2
5663.031208726887	200	3.312871779303401	0.0	383025	313.405383002	0.2
5663.344614109888	200	3.49946639630183	0.0	383025	313.405383002	0.2
5663.658019492891	200	3.6860610133002596	0.0	383025	313.405383002	0.2
5663.971424875893	200	3.872655630298689	0.0	383025	313.405383002	0.2
5664.285273741284	200	4.0588067649068105	0.0	383025	313.848865392	0.2
5664.600567836227	200	4.243512669964341	0.0	383025	315.294094942	0.2
5664.915861931169	200	4.42821857502187	0.0	383025	315.294094942	0.2
5665.231156026112	200	4.612924480079402	0.0	383025	315.294094942	0.2
5665.547328869432	200	4.796751636759237	0.0	383025	316.17284332	0.2
5665.8638832997885	200	4.980197206402915	0.0	383025	316.554430356	0.2
5666.180437730145	200	5.1636427760465935	0.0	383025	316.554430356	0.2
5666.496992160501	200	5.347088345690271	0.0	383025	316.554430356	0.2
5666.812236505227	200	5.531844000964101	0.0	383025	315.244344726	0.2
5667.127044475236	200	5.717036030955476	0.0	383025	314.807970009	0.2
5667.441852445245	200	5.90222806094685	0.0	383025	314.807970009	0.2
5667.7566604152535	200	6.087420090938225	0.0	383025	314.807970009	0.2
5668.071468385262	200	6.272612120929599	0.0	383025	314.807970009	0.2
5668.387410964989	200	6.456669541202897	0.0	383025	315.942579727	0.2
5668.703442327537	200	6.640638178653982	0.0	383025	316.031362549	0.2
5669.019473690086	200	6.824606816105067	0.0	383025	316.031362549	0.2
5669.335505052634	200	7.008575453556152	0.0	383025	316.031362549	0.2
5669.651536415183	200	7.192544091007236	0.0	383025	316.031362549	0.2
5669.968328112679	200	7.375752393511756	0.0	383025	316.791697495	0.2
5670.285178853332	200	7.558901652858697	0.0	383025	316.850740653	0.2
5670.602029593985	200	7.742050912205638	0.0	383025	316.850740653	0.2
5670.918880334639	200	7.9252001715525795	0.0	383025	316.850740653	0.2
5671.235731075292	200	8.108349430899521	0.0	383025	316.850740653	0.2
5671.547986420143	200	8.296094086048226	0.0	383025	312.255344851	0.2
5671.860120998928	200	8.4839595072636	0.0	383025	312.134578785	0.2
5672.172255577713	200	8.671824928478975	0.0	383025	312.134578785	0.2
5672.4853719599105	200	8.858708546281557	0.0	383025	313.116382197	0.2
5672.800449321188	200	9.043631185004013	0.0	383025	315.077361278	0.2
5673.115526682465	200	9.228553823726468	0.0	383025	315.077361278	0.2
5673.430604043742	200	9.413476462448923	0.0	383025	315.077361278	0.2
5673.74568140502	200	9.59839910117138	0.0	383025	315.077361278	0.2
5674.060426628744	200	9.783653877448176	0.0	383025	314.745223723	0.2
5674.374765289088	200	9.969315217103741	0.0	383025	314.338660344	0.2
5675.189103949432	200	9.654976556759308	0.0	383025	314.338660344	0.2
5675.499659745063	200	9.844420761129179	0.0	383025	310.5557956301282	0.2
5676.308761875236	200	9.535318630955404	0.0	383025	309.102130174	0.2
5676.617862481114	200	9.726218025077845	0.0	383025	309.1006058775575	0.2
5676.926957518053	200	9.91712298813796	0.0	383025	309.09503694	0.2
5677.378516495492	200	9.608027951198075	0.0	383025	309.09503694	0.2
5677.687573815863	200	9.798970630825474	0.0	383025	309.057320373	0.2
5677.996631136236	200	9.989913310452872	0.0	383025	309.057320373	0.2
5678.625324329625	200	9.68085599008027	0.0	383025	309.057320373	0.2
5678.932413413532	200	9.873766906173252	0.0	383025	307.089083907	0.2
5679.633316557371	200	9.566677822266234	0.0	383025	307.089083907	0.2
5679.945844340166	200	9.754150039470721	0.0	383025	312.527782796	0.2
5680.258372122962	200	9.94162225667521	0.0	383025	312.527782796	0.2
5681.070720591288	200	9.629273788349572	0.0	383025	312.3484683256372	0.2
5681.380713135438	200	9.819281244199923	0.0	383025	309.99254415	0.2
5682.195402304259	200	9.504592075378827	0.0	383025	314.6891688210969	0.2
5682.512065925764	200	9.687928453874331	0.0	383025	316.663621504	0.2
5682.828729547268	200	9.871264832369834	0.0	383025	316.663621504	0.2
5683.645342615588	200	9.554651764051071	0.0	383025	316.6130683187624	0.2
5683.9616684165085	200	9.738325963129805	0.0	383025	316.325800921	0.2
5684.274621325656	200	9.925373053982693	0.0	383025	312.9529091471125	0.2
5685.08599151554	200	9.614002864098875	0.0	383025	311.370189884	0.2
5685.40135400568	200	9.798640373957966	0.0	383025	315.36249014090845	0.2
5685.717215959018	200	9.982778420620225	0.0	383025	315.861953338	0.2
5686.533077912356	200	9.666916467282485	0.0	383025	315.861953338	0.2
5686.851216311234	200	9.848778068404647	0.0	383025	318.1383988778381	0.2
5687.669762065338	200	9.530232314301157	0.0	383025	318.545754103	0.2
5687.988307819442	200	9.71168656019767	0.0	383025	318.545754103	0.2
5688.306853573546	200	9.89314080609418	0.0	383025	318.545754103	0.2
5689.131518204164	200	9.568476175474974	0.0	383025	324.66463061920683	0.2
5689.456667577954	200	9.743326801685676	0.0	383025	325.149373789	0.2
5689.781816951743	200	9.918177427896378	0.0	383025	325.149373789	0.2
5690.434430220323	200	9.59302805410708	0.0	383025	325.149373789	0.2
5690.756810730305	200	9.77064754412563	0.0	383025	322.380509981	0.2
5691.0791912402865	200	9.948267034144179	0.0	383025	322.380509981	0.2
5691.446177146402	200	9.625886524162729	0.0	383025	322.380509981	0.2
5691.766937640422	200	9.805126030142741	0.0	383025	320.76049402	0.2
5692.087698134442	200	9.984365536122754	0.0	383025	320.76049402	0.2
5692.835345315955	200	9.663605042102766	0.0	383025	320.76049402	0.2
5693.154723046568	200	9.84422731149144	0.0	383025	319.377730611	0.2
5693.974100777179	200	9.524849580880115	0.0	383025	319.377730611	0.2
5694.293022175925	200	9.705928182134215	0.0	383025	318.9213987458989	0.2
5694.610739366833	200	9.888210991226442	0.0	383025	317.717190908	0.2
5695.428456557739	200	9.570493800318669	0.0	383025	317.717190908	0.2
5695.7461737486465	200	9.752776609410896	0.0	383025	317.717190908	0.2
5696.065217557978	200	9.933732800080017	0.0	383025	319.04380933087845	0.2
5696.885023569375	200	9.613926788682825	0.0	383025	319.806011397	0.2
5697.204829580773	200	9.794120777285634	0.0	383025	319.806011397	0.2
5697.527090522638	200	9.971859835420977	0.0	383025	322.2609418646576	0.2
5698.351213510727	200	9.64773684733184	0.0	383025	324.122988089	0.2
5698.675336498815	200	9.823613859242704	0.0	383025	324.122988089	0.2
5699.498853197613	200	9.500097160445739	0.0	383025	323.51669879696414	0.2
5699.818331193905	200	9.680619164153889	0.0	383025	319.477996292	0.2
5700.137809190196	200	9.861141167862037	0.0	383025	319.477996292	0.2
5700.826115763614	200	9.541663171570185	0.0	383025	319.477996292	0.2
5701.154108948208	200	9.713669986976017	0.0	383025	327.993184594	0.2
5701.4821021328025	200	9.885676802381846	0.0	383025	327.993184594	0.2
5702.310095317397	200	9.557683617787676	0.0	383025	327.993184594	0.2
5702.638838854633	200	9.728940080552125	0.0	383025	328.7435372355507	0.2
5702.972680048433	200	9.895098886751816	0.0	383025	333.8411938	0.2
5703.806521242233	200	9.561257692951505	0.0	383025	333.8411938	0.2
5704.140362436033	200	9.727416499151195	0.0	383025	333.8411938	0.2
5704.474203629833	200	9.893575305350884	0.0	383025	333.8411938	0.2

