5852.81017517909	400	0.5	0.15470573990018813	181435	154.7057399	-2.6941147980037625
5852.967268820913	400	0.8429063581775743	0.0	184429	157.093641822	0.4
5853.205039890572	600	1.105135288518163	0.0	285584	237.771069659	0.39999999999999997
5853.527225765627	800	1.2829494134641155	0.0	391425	322.185875054	0.6000000000000001
5853.849411640681	800	1.460763538410068	0.0	391425	322.185875054	0.8
5854.250357603485	1000	1.5598175756062285	0.0	490176	400.945962804	0.8
5854.669817383029	1000	1.6403577960619418	0.0	513389	419.459779544	1.0
5855.089889910693	1000	1.720285268398355	0.0	497055	420.072527664	1.0
5855.5294944233465	1000	1.780680755745064	0.0	520019	439.604512653	1.0
5855.994912267055	1000	1.8152629120358597	0.0	551265	465.417843709	1.0
5856.466168388002	1000	1.8440067910888611	0.0	558332	471.256120947	1.0
5856.915445308814	1000	1.8947298702771336	0.0	536970	449.276920812	1.0
5857.356601628688	1000	1.9535735504025395	0.0	536970	441.156319875	1.0
5857.797757948562	1000	2.0124172305279453	0.0	536970	441.156319875	1.0
5858.115305203381	200	2.194869975709303	0.0	383025	317.547254819	-0.6000000000000001
5858.4328524582	200	2.37732272089066	0.0	383025	317.547254819	0.2
5858.750429058781	200	2.559746120309501	0.0	383025	317.576600581	0.2
5859.069806911387	200	2.7403682677039396	0.0	383025	319.377852606	0.2
5859.3891847639925	200	2.920990415098378	0.0	383025	319.377852606	0.2
5859.708562616598	200	3.101612562492816	0.0	383025	319.377852606	0.2
5860.027940469204	200	3.2822347098872546	0.0	383025	319.377852606	0.2
5860.347318321809	200	3.462856857281693	0.0	383025	319.377852606	0.2
5860.677632382771	200	3.63254279632006	0.0	383025	330.314060962	0.2
5861.011036141182	200	3.7991390379098458	0.0	383025	333.40375841	0.2
5861.344439899592	200	3.9657352794996314	0.0	383025	333.40375841	0.2
5861.6778436580025	200	4.132331521089417	0.0	383025	333.40375841	0.2
5862.0112474164125	200	4.298927762679202	0.0	383025	333.40375841	0.2
5862.3446511748225	200	4.465524004268988	0.0	383025	333.40375841	0.2
5862.678054933233	200	4.632120245858774	0.0	383025	333.40375841	0.2
5863.011458691643	200	4.7987164874485595	0.0	383025	333.40375841	0.2
5863.344862450054	200	4.965312729038345	0.0	383025	333.40375841	0.2
5863.678266208464	200	5.131908970628131	0.0	383025	333.40375841	0.2
5864.011669966874	200	5.298505212217917	0.0	383025	333.40375841	0.2
5864.345073725285	200	5.465101453807702	0.0	383025	333.40375841	0.2
5864.678477483695	200	5.631697695397488	0.0	383025	333.40375841	0.2
5865.011881242106	200	5.798293936987274	0.0	383025	333.40375841	0.2
5865.3477528363155	200	5.962422342776687	0.0	383025	335.871594211	0.2
5865.685150817513	200	6.125024361579327	0.0	383025	337.397981197	0.2
5866.022548798711	200	6.287626380381966	0.0	383025	337.397981197	0.2
5866.359946779909	200	6.450228399184606	0.0	383025	337.397981197	0.2
5866.697344761106	200	6.6128304179872455	0.0	383025	337.397981197	0.2
5867.034742742304	200	6.7754324367898855	0.0	383025	337.397981197	0.2
5867.372140723502	200	6.938034455592525	0.0	383025	337.397981197	0.2
5867.709538704699	200	7.100636474395165	0.0	383025	337.397981197	0.2
5868.046936685896	200	7.263238493197804	0.0	383025	337.397981197	0.2
5868.384334667094	200	7.425840512000444	0.0	383025	337.397981197	0.2
5868.721732648291	200	7.588442530803083	0.0	383025	337.397981197	0.2
5869.059130629489	200	7.751044549605723	0.0	383025	337.397981197	0.2
5869.391359572829	200	7.918815606266286	0.0	383025	332.228943339	0.2
5869.722274990662	200	8.087900188433125	0.0	383025	330.915417833	0.2
5870.0531904084955	200	8.256984770599963	0.0	383025	330.915417833	0.2
5870.384105826329	200	8.426069352766802	0.0	383025	330.915417833	0.2
5870.715021244162	200	8.595153934933641	0.0	383025	330.915417833	0.2
5871.045936661995	200	8.76423851710048	0.0	383025	330.915417833	0.2
5871.3768520798285	200	8.93332309926732	0.0	383025	330.915417833	0.2
5871.707767497662	200	9.102407681434158	0.0	383025	330.915417833	0.2
5872.040044219054	200	9.270130960041133	0.0	383025	332.276721393	0.2
5872.372619368081	200	9.437555811014246	0.0	383025	332.575149027	0.2
5872.705194517108	200	9.60498066198736	0.0	383025	332.575149027	0.2
5873.037769666134	200	9.772405512960473	0.0	383025	332.575149027	0.2
5873.370344815161	200	9.939830363933586	0.0	383025	332.575149027	0.2
5874.2029199641875	200	9.607255214906699	0.0	383025	332.575149027	0.2
5874.535495113215	200	9.774680065879814	0.0	383025	332.575149027	0.2
5874.868070262241	200	9.942104916852927	0.0	383025	332.575149027	0.2
5875.415821316542	200	9.60952976782604	0.0	383025	332.575149027	0.2
5875.748193693818	200	9.777157390550055	0.0	383025	332.372377276	0.2
5876.080566071095	200	9.944785013274071	0.0	383025	332.372377276	0.2
5876.912938448371	200	9.612412635998087	0.0	383025	332.372377276	0.2
5877.245310825648	200	9.780040258722103	0.0	383025	332.372377276	0.2
5877.577683202924	200	9.947667881446119	0.0	383025	332.372377276	0.2
5878.410055580201	200	9.615295504170135	0.0	383025	332.372377276	0.2
5878.742427957477	200	9.78292312689415	0.0	383025	332.372377276	0.2
5879.074397081662	200	9.95095400270901	0.0	383025	331.9691241851408	0.2
5879.906099902118	200	9.619251182253704	0.0	383025	331.702820455	0.2
5880.237802722573	200	9.787548361798397	0.0	383025	331.702820455	0.2
5880.569505543029	200	9.955845541343091	0.0	383025	331.702820455	0.2
5881.401208363484	200	9.624142720887784	0.0	383025	331.702820455	0.2
5881.73291118394	200	9.792439900432479	0.0	383025	331.702820455	0.2
5882.0646140043955	200	9.960737079977173	0.0	383025	331.702820455	0.2
5882.897437692446	200	9.627913391927644	0.0	383025	332.82368804952966	0.2
5883.233349459756	200	9.79200162461692	0.0	383025	335.911767311	0.2
5883.569261227067	200	9.9560898573062	0.0	383025	335.911767311	0.2
5884.405172994377	200	9.620178089995479	0.0	383025	335.911767311	0.2
5884.7410847616875	200	9.784266322684758	0.0	383025	335.911767311	0.2
5885.076996528998	200	9.948354555374037	0.0	383025	335.911767311	0.2
5885.912908296308	200	9.612442788063316	0.0	383025	335.911767311	0.2
5886.249976800777	200	9.77537428359486	0.0	383025	337.0685044684549	0.2
5886.589078713905	200	9.93627237046652	0.0	383025	339.101913128	0.2
5887.428180627033	200	9.59717045733818	0.0	383025	339.101913128	0.2
5887.767282540161	200	9.758068544209838	0.0	383025	339.101913128	0.2
5888.106384453289	200	9.918966631081497	0.0	383025	339.101913128	0.2
5888.945486366417	200	9.579864717953157	0.0	383025	339.101913128	0.2
5889.2845882795455	200	9.740762804824815	0.0	383025	339.101913128	0.2
5889.623690192673	200	9.901660891696475	0.0	383025	339.101913128	0.2
5890.462792105802	200	9.562558978568132	0.0	383025	339.101913128	0.2
5890.8018940189295	200	9.723457065439792	0.0	383025	339.101913128	0.2
5891.140995932057	200	9.884355152311452	0.0	383025	339.101913128	0.2
5891.980097845186	200	9.54525323918311	0.0	383025	339.101913128	0.2
5892.3191997583135	200	9.70615132605477	0.0	383025	339.101913128	0.2
5892.658301671441	200	9.867049412926429	0.0	383025	339.101913128	0.2
5893.495030599414	200	9.530320484953466	0.0	383025	336.72892797296316	0.2
5893.827443871521	200	9.697907212847609	0.0	383025	332.413272106	0.2
5894.159857143626	200	9.865493940741754	0.0	383025	332.413272106	0.2
5894.9922704157325	200	9.533080668635897	0.0	383025	332.413272106	0.2
5895.324683687839	200	9.700667396530042	0.0	383025	332.413272106	0.2
5895.657096959945	200	9.868254124424185	0.0	383025	332.413272106	0.2
5896.108375052833	200	9.53584085231833	0.0	383025	332.413272106	0.2
5896.442824794646	200	9.701391110505282	0.0	383025	334.449741813	0.2
5896.77727453646	200	9.866941368692236	0.0	383025	334.449741813	0.2
5897.611724278273	200	9.532491626879189	0.0	383025	334.449741813	0.2
5897.946174020087	200	9.698041885066143	0.0	383025	334.449741813	0.2
5898.2806237619	200	9.863592143253095	0.0	383025	334.449741813	0.2
5899.115073503714	200	9.52914240144005	0.0	383025	334.449741813	0.2
5899.4495232455265	200	9.694692659627002	0.0	383025	334.449741813	0.2
5899.783972987339	200	9.860242917813956	0.0	383025	334.449741813	0.2
5900.5173351213525	200	9.525793176000908	0.0	383025	334.449741813	0.2
5900.854777567903	200	9.688350729451	0.0	383025	337.44244655	0.2
5901.192220014453	200	9.850908282901091	0.0	383025	337.44244655	0.2
5902.029662461004	200	9.513465836351182	0.0	383025	337.44244655	0.2
5902.367104907554	200	9.676023389801275	0.0	383025	337.44244655	0.2

