6193.674789101643	400	0.5	0.1611379643804244	181435	161.13796438	-2.822759287608488
6193.838421111082	400	0.8363679905601603	0.0	184429	163.63200944	0.4
6194.086316690324	600	1.0884724113190045	0.0	285584	247.895579241	0.39999999999999997
6194.422379344759	800	1.2524097568829387	0.0	391425	336.062654436	0.6000000000000001
6194.758441999195	800	1.4163471024468726	0.0	391425	336.062654436	0.8
6195.176765656859	1000	1.4980234447835832	0.0	490176	418.323657663	0.8
6195.614426077369	1000	1.5603630242731983	0.0	513389	437.66042051	1.0
6196.038480040965	1000	1.6363090606768038	0.0	497055	424.053963596	1.0
6196.4839154744	1000	1.6908736272404432	0.0	520019	445.435433436	1.0
6196.959282673534	1000	1.715506428107548	0.0	551265	475.367199133	1.0
6197.440615696719	1000	1.7341734049222062	0.0	558332	481.333023185	1.0
6197.903915334677	1000	1.7708737669651606	0.0	536970	463.299637957	1.0
6198.3672149726335	1000	1.8075741290081153	0.0	536970	463.299637957	1.0
6198.824936391478	1000	1.849852710163842	0.0	536970	457.721418844	1.0
6199.2779930989855	1000	1.8967960026573019	0.0	536970	453.056707507	1.0
6199.731049806493	1000	1.9437392951507617	0.0	536970	453.056707507	1.0
6200.197682793987	1000	1.9771063076559305	0.0	553424	466.632987495	1.0
6200.63917977847	1000	2.0356093231733334	0.0	522960	441.496984483	1.0
6200.965215675062	200	2.2095734265819176	0.0	383025	326.035896591	-0.6000000000000001
6201.289436592936	200	2.385352508707686	0.0	383025	324.220917874	0.2
6201.60698736143	200	2.5678017402135707	0.0	383025	317.550768494	0.2
6201.924538129923	200	2.7502509717194554	0.0	383025	317.550768494	0.2
6202.242088898417	200	2.9327002032253398	0.0	383025	317.550768494	0.2
6202.559639666911	200	3.1151494347312245	0.0	383025	317.550768494	0.2
6202.877265733636	200	3.2975233680058134	0.0	383025	317.626066725	0.2
6203.19490437533	200	3.4798847263116297	0.0	383025	317.638641694	0.2
6203.512543017025	200	3.662246084617446	0.0	383025	317.638641694	0.2
6203.83018165872	200	3.844607442923262	0.0	383025	317.638641694	0.2
6204.147820300414	200	4.026968801229079	0.0	383025	317.638641694	0.2
6204.465458942109	200	4.209330159534895	0.0	383025	317.638641694	0.2
6204.780990492404	200	4.393798609239465	0.0	383025	315.531550295	0.2
6205.096389607877	200	4.578399493766673	0.0	383025	315.399115473	0.2
6205.411788723351	200	4.763000378293881	0.0	383025	315.399115473	0.2
6205.727220911782	200	4.947568189862384	0.0	383025	315.432188431	0.2
6206.04268581253	200	5.132103289114066	0.0	383025	315.464900748	0.2
6206.358150713278	200	5.316638388365747	0.0	383025	315.464900748	0.2
6206.673615614026	200	5.501173487617429	0.0	383025	315.464900748	0.2
6206.98596999864	200	5.68881910300311	0.0	383025	312.354384614	0.2
6207.2973990647315	200	5.877390036911349	0.0	383025	311.429066092	0.2
6207.608828130824	200	6.065960970819589	0.0	383025	311.429066092	0.2
6207.920257196915	200	6.254531904727828	0.0	383025	311.429066092	0.2
6208.231631991956	200	6.443157109686545	0.0	383025	311.374795041	0.2
6208.542942545589	200	6.631846556054142	0.0	383025	311.310553632	0.2
6208.854253099222	200	6.820536002421738	0.0	383025	311.310553632	0.2
6209.165563652854	200	7.009225448789334	0.0	383025	311.310553632	0.2
6209.476945384635	200	7.197843717008874	0.0	383025	311.38173178	0.2
6209.788658897862	200	7.386130203781483	0.0	383025	311.713513227	0.2
6210.100372411089	200	7.5744166905540915	0.0	383025	311.713513227	0.2
6210.412085924316	200	7.7627031773267	0.0	383025	311.713513227	0.2
6210.723799437544	200	7.950989664099309	0.0	383025	311.713513227	0.2
6211.038781098255	200	8.136008003387596	0.0	383025	314.981660712	0.2
6211.353992936827	200	8.320796164814947	0.0	383025	315.211838573	0.2
6211.6692047753995	200	8.505584326242296	0.0	383025	315.211838573	0.2
6211.983140479185	200	8.691648622456876	0.0	383025	313.935703785	0.2
6212.288797849655	200	8.885991251987317	0.0	383025	305.65737047	0.2
6212.594455220124	200	9.08033388151776	0.0	383025	305.65737047	0.2
6212.900112590593	200	9.2746765110482	0.0	383025	305.65737047	0.2
6213.2074878841395	200	9.46730121750203	0.0	383025	307.375293546	0.2
6213.519330394863	200	9.655458706779715	0.0	383025	311.842510722	0.2
6213.831172905585	200	9.843616196057399	0.0	383025	311.842510722	0.2
6214.432379676253	200	9.531773685335084	0.0	383025	311.842510722	0.2
6214.736771555432	200	9.727381806156012	0.0	383025	304.391879179	0.2
6215.041163434612	200	9.92298992697694	0.0	383025	304.391879179	0.2
6215.847404152731	200	9.616749208858346	0.0	383025	306.24071811859466	0.2
6216.1583902078155	200	9.80576315377324	0.0	383025	310.986055085	0.2
6216.466587010349	200	9.99756635123995	0.0	383025	308.19680253328914	0.2
6217.271837058859	200	9.692316302730053	0.0	383025	305.25004851	0.2
6217.57492911014	200	9.889224251448097	0.0	383025	303.09205128195606	0.2
6217.939072175566	200	9.58810960860168	0.0	383025	301.114642846	0.2
6218.2521730124945	200	9.775008771673397	0.0	383025	313.100836928	0.2
6218.565273849422	200	9.961907934745112	0.0	383025	313.100836928	0.2
6219.0807054003135	200	9.648807097816826	0.0	383025	313.100836928	0.2
6219.392169417179	200	9.837343080951408	0.0	383025	311.464016865	0.2
6220.108892324838	200	9.52587906408599	0.0	383025	311.464016865	0.2
6220.41963647835	200	9.715134910572985	0.0	383025	310.744153513	0.2
6220.730380631863	200	9.904390757059979	0.0	383025	310.744153513	0.2
6221.53861619391	200	9.593646603546974	0.0	383025	310.744153513	0.2
6221.848944371238	200	9.783318426218518	0.0	383025	310.328177328454	0.2
6222.154202889168	200	9.978059908288685	0.0	383025	305.25851793	0.2
6222.6777979525195	200	9.672801390358853	0.0	383025	305.25851793	0.2
6222.984783098617	200	9.865816244261083	0.0	383025	306.985146098	0.2
6223.504075177733	200	9.558831098163314	0.0	383025	306.985146098	0.2
6223.809337769068	200	9.753568506827737	0.0	383025	305.262591336	0.2
6224.114600360404	200	9.94830591549216	0.0	383025	305.262591336	0.2
6224.867957563365	200	9.643043324156583	0.0	383025	305.262591336	0.2
6225.169878208742	200	9.841122678778907	0.0	383025	301.920645378	0.2
6225.970889436631	200	9.540111450889615	0.0	383025	301.01122788929166	0.2
6226.269119603788	200	9.74188128373384	0.0	383025	298.230167156	0.2
6226.5789219769595	200	9.93207891056247	0.0	383025	309.80237317136977	0.2
6227.19034900574	200	9.620894846780967	0.0	383025	311.184063782	0.2
6227.49845503966	200	9.812788812860417	0.0	383025	308.106033921	0.2
6227.953016106421	200	9.504682778939866	0.0	383025	308.106033921	0.2
6228.277243147976	200	9.680455737385152	0.0	383025	324.227041555	0.2
6228.60147018953	200	9.85622869583044	0.0	383025	324.227041555	0.2
6229.425697231085	200	9.532001654275726	0.0	383025	324.227041555	0.2
6229.74992427264	200	9.707774612721012	0.0	383025	324.227041555	0.2
6230.073686837756	200	9.884012047604877	0.0	383025	323.76256511613576	0.2
6230.897388100878	200	9.56031078448377	0.0	383025	323.701263121	0.2
6231.2210893639985	200	9.736609521362665	0.0	383025	323.701263121	0.2
6231.5483047569605	200	9.909394128400217	0.0	383025	327.21539296244816	0.2
6232.3806029986545	200	9.577095886706669	0.0	383025	332.298241694	0.2
6232.7129012403475	200	9.74479764501312	0.0	383025	332.298241694	0.2
6233.045199482041	200	9.912499403319572	0.0	383025	332.298241694	0.2
6233.668434526489	200	9.580201161626023	0.0	383025	332.298241694	0.2
6234.002967286754	200	9.74566840136059	0.0	383025	334.532760265	0.2
6234.33750004702	200	9.911135641095155	0.0	383025	334.532760265	0.2
6235.172032807285	200	9.576602880829721	0.0	383025	334.532760265	0.2
6235.50656556755	200	9.742070120564287	0.0	383025	334.532760265	0.2
6235.841098327815	200	9.907537360298853	0.0	383025	334.532760265	0.2
6236.523764347528	200	9.57300460003342	0.0	383025	334.532760265	0.2
6236.857057844881	200	9.739711102680449	0.0	383025	333.293497353	0.2
6237.190351342234	200	9.906417605327478	0.0	383025	333.293497353	0.2
6238.023644839586	200	9.57312410797451	0.0	383025	333.293497353	0.2
6238.3569383369395	200	9.739830610621539	0.0	383025	333.293497353	0.2
6238.690231834293	200	9.906537113268568	0.0	383025	333.293497353	0.2
6239.519412411513	200	9.577356536048507	0.0	383025	329.1805772200631	0.2
6239.847116534161	200	9.74965241340071	0.0	383025	327.704122648	0.2
6240.174820656808	200	9.921948290752914	0.0	383025	327.704122648	0.2
6241.002524779456	200	9.594244168105119	0.0	383025	327.704122648	0.2
6241.331498540611	200	9.765270406950242	0.0	383025	328.97376115487685	0.2

