5170.436651179879	400	0.5	0.15804345100300038	181435	158.043451003	-2.760869020060008
5170.59713761097	400	0.8395135689087974	0.0	184429	160.486431091	0.4
5170.8401623355885	600	1.0964888442898382	0.0	285584	243.024724619	0.39999999999999997
5171.169548935797	800	1.2671022440812267	0.0	391425	329.386600209	0.6000000000000001
5171.498935536006	800	1.437715643872615	0.0	391425	329.386600209	0.8
5171.908898865236	1000	1.527752314642606	0.0	490176	409.96332923	0.8
5172.337803041756	1000	1.5988481381222028	0.0	513389	428.90417652	1.0
5172.753785035427	1000	1.6828661444508248	0.0	497055	415.981993671	1.0
5173.188570923409	1000	1.7480802564690627	0.0	520019	434.785887982	1.0
5173.648880609283	1000	1.787770570595535	0.0	551265	460.309685874	1.0
5174.114963087825	1000	1.8216880920541103	0.0	558332	466.082478541	1.0
5174.563595672922	1000	1.873055506957091	0.0	536970	448.632585097	1.0
5175.01222825802	1000	1.9244229218600721	0.0	536970	448.632585097	1.0
5175.460860843116	1000	1.9757903367630532	0.0	536970	448.632585097	1.0
5175.8958332323255	1000	2.0408179475536135	0.0	536970	434.972389209	1.0
5176.2065327553855	200	2.2301184244936674	0.0	383025	310.69952306	-0.6000000000000001
5176.517232278445	200	2.4194189014337217	0.0	383025	310.69952306	0.2
5176.827931801505	200	2.6087193783737757	0.0	383025	310.69952306	0.2
5177.139137685157	200	2.7975134947212092	0.0	383025	311.205883653	0.2
5177.451739924836	200	2.984911255042796	0.0	383025	312.602239678	0.2
5177.764342164514	200	3.1723090153643834	0.0	383025	312.602239678	0.2
5178.0769444041935	200	3.3597067756859706	0.0	383025	312.602239678	0.2
5178.389546643872	200	3.547104536007558	0.0	383025	312.602239678	0.2
5178.702148883551	200	3.7345022963291448	0.0	383025	312.602239678	0.2
5179.014751123229	200	3.921900056650732	0.0	383025	312.602239678	0.2
5179.329368001206	200	4.107283178674072	0.0	383025	314.616877977	0.2
5179.657704505568	200	4.278946674311576	0.0	383025	328.336504362	0.2
5179.986041009931	200	4.450610169949079	0.0	383025	328.336504362	0.2
5180.3143775142935	200	4.622273665586584	0.0	383025	328.336504362	0.2
5180.642714018656	200	4.793937161224088	0.0	383025	328.336504362	0.2
5180.971050523019	200	4.965600656861593	0.0	383025	328.336504362	0.2
5181.299387027381	200	5.137264152499098	0.0	383025	328.336504362	0.2
5181.627723531744	200	5.308927648136602	0.0	383025	328.336504362	0.2
5181.9560600361065	200	5.480591143774107	0.0	383025	328.336504362	0.2
5182.284396540468	200	5.652254639411612	0.0	383025	328.336504362	0.2
5182.610139467974	200	5.826511711907109	0.0	383025	325.742927505	0.2
5182.933445487562	200	6.00320569231917	0.0	383025	323.306019588	0.2
5183.25675150715	200	6.179899672731231	0.0	383025	323.306019588	0.2
5183.5800575267385	200	6.3565936531432925	0.0	383025	323.306019588	0.2
5183.903363546327	200	6.533287633555354	0.0	383025	323.306019588	0.2
5184.2266695659155	200	6.709981613967415	0.0	383025	323.306019588	0.2
5184.5499755855035	200	6.886675594379476	0.0	383025	323.306019588	0.2
5184.8732816050915	200	7.063369574791537	0.0	383025	323.306019588	0.2
5185.188651872587	200	7.247999307296883	0.0	383025	315.370267495	0.2
5185.50388489926	200	7.432766280623951	0.0	383025	315.233026673	0.2
5185.819117925933	200	7.617533253951018	0.0	383025	315.233026673	0.2
5186.134350952606	200	7.802300227278086	0.0	383025	315.233026673	0.2
5186.449583979279	200	7.9870672006051535	0.0	383025	315.233026673	0.2
5186.764817005952	200	8.171834173932222	0.0	383025	315.233026673	0.2
5187.080199078822	200	8.35645210106156	0.0	383025	315.382072871	0.2
5187.395840333285	200	8.540810846598383	0.0	383025	315.641254463	0.2
5187.711481587749	200	8.725169592135204	0.0	383025	315.641254463	0.2
5188.0271228422125	200	8.909528337672025	0.0	383025	315.641254463	0.2
5188.342764096676	200	9.093887083208847	0.0	383025	315.641254463	0.2
5188.658405351139	200	9.278245828745668	0.0	383025	315.641254463	0.2
5188.974046605602	200	9.46260457428249	0.0	383025	315.641254463	0.2
5189.294437273936	200	9.642213905949435	0.0	383025	320.390668333	0.2
5189.617675429259	200	9.81897575062502	0.0	383025	323.238155324	0.2
5189.9409135845835	200	9.995737595300609	0.0	383025	323.238155324	0.2
5190.764151739908	200	9.672499439976196	0.0	383025	323.238155324	0.2
5191.087389895231	200	9.849261284651783	0.0	383025	323.238155324	0.2
5191.910628050556	200	9.526023129327372	0.0	383025	323.238155324	0.2
5192.231946620307	200	9.704704559575868	0.0	383025	321.3185697515044	0.2
5192.5510453427205	200	9.885605837162894	0.0	383025	319.098722413	0.2
5193.370144065133	200	9.566507114749918	0.0	383025	319.098722413	0.2
5193.689242787546	200	9.747408392336943	0.0	383025	319.098722413	0.2
5194.00834150996	200	9.92830966992397	0.0	383025	319.098722413	0.2
5194.824928819849	200	9.611722360034078	0.0	383025	316.58730988989254	0.2
5195.141139966851	200	9.795511213032478	0.0	383025	316.211147002	0.2
5195.457351113853	200	9.979300066030879	0.0	383025	316.211147002	0.2
5195.838516764229	200	9.66308891902928	0.0	383025	316.211147002	0.2
5196.158969180234	200	9.84263650302464	0.0	383025	320.452416005	0.2
5196.979421596238	200	9.52218408702	0.0	383025	320.452416005	0.2
5197.299874012243	200	9.70173167101536	0.0	383025	320.452416005	0.2
5197.620326428248	200	9.88127925501072	0.0	383025	320.452416005	0.2
5198.197995532549	200	9.56082683900608	0.0	383025	320.452416005	0.2
5198.507365500428	200	9.75145687112752	0.0	383025	309.369967879	0.2
5198.816735468306	200	9.94208690324896	0.0	383025	309.369967879	0.2
5199.171431894618	200	9.6327169353704	0.0	383025	309.369967879	0.2
5199.471961573364	200	9.832187256624483	0.0	383025	300.529678746	0.2
5199.878877087135	200	9.531657577878564	0.0	383025	300.529678746	0.2
5200.173782111288	200	9.73675255372561	0.0	383025	294.905024153	0.2
5200.4686871354415	200	9.941847529572655	0.0	383025	294.905024153	0.2
5201.174693114677	200	9.6469425054197	0.0	383025	294.905024153	0.2
5201.480154208733	200	9.841481411363477	0.0	383025	305.461094056	0.2
5202.057638426985	200	9.536020317307253	0.0	383025	305.461094056	0.2
5202.364360309156	200	9.729298435136954	0.0	383025	306.72188217	0.2
5202.671082191326	200	9.922576552966655	0.0	383025	306.72188217	0.2
5203.249992977702	200	9.615854670796356	0.0	383025	306.72188217	0.2
5203.5561095233	200	9.809738125198141	0.0	383025	306.116545598	0.2
5204.206647844901	200	9.503621579599924	0.0	383025	306.116545598	0.2
5204.514412787789	200	9.695856636712126	0.0	383025	307.764942888	0.2
5204.822177730678	200	9.888091693824327	0.0	383025	307.764942888	0.2
5205.2876593545325	200	9.580326750936527	0.0	383025	307.764942888	0.2
5205.594027755666	200	9.773958349803486	0.0	383025	306.368401133	0.2
5205.900396156799	200	9.967589948670446	0.0	383025	306.368401133	0.2
5206.715735901734	200	9.652250203735298	0.0	383025	315.339744935149	0.2
5207.043069331353	200	9.82491677411701	0.0	383025	327.333429618	0.2
5207.370402760971	200	9.997583344498725	0.0	383025	327.333429618	0.2
5208.19773619059	200	9.67024991488044	0.0	383025	327.333429618	0.2
5208.525069620209	200	9.842916485262155	0.0	383025	327.333429618	0.2
5209.024863397486	200	9.51558305564387	0.0	383025	327.333429618	0.2
5209.348959479499	200	9.691486973630415	0.0	383025	324.096082013	0.2
5209.673055561513	200	9.867390891616962	0.0	383025	324.096082013	0.2
5210.497151643526	200	9.543294809603509	0.0	383025	324.096082013	0.2
5210.821247725539	200	9.719198727590056	0.0	383025	324.096082013	0.2
5211.145343807552	200	9.895102645576602	0.0	383025	324.096082013	0.2
5211.516476738904	200	9.571006563563149	0.0	383025	324.096082013	0.2
5211.83708671624	200	9.750396586227577	0.0	383025	320.609977336	0.2
5212.157696693576	200	9.929786608892003	0.0	383025	320.609977336	0.2
5212.9783066709115	200	9.609176631556432	0.0	383025	320.609977336	0.2
5213.2989166482475	200	9.788566654220858	0.0	383025	320.609977336	0.2
5213.619526625583	200	9.967956676885285	0.0	383025	320.609977336	0.2
5214.170833249472	200	9.647346699549713	0.0	383025	320.609977336	0.2
5214.4948303523215	200	9.823349596700831	0.0	383025	323.997102849	0.2
5214.81882745517	200	9.99935249385195	0.0	383025	323.997102849	0.2
5215.64282455802	200	9.675355391003068	0.0	383025	323.997102849	0.2
5215.966821660869	200	9.851358288154186	0.0	383025	323.997102849	0.2
5216.790818763718	200	9.527361185305304	0.0	383025	323.997102849	0.2
5217.117558272564	200	9.700621676459527	0.0	383025	326.73950884577715	0.2

