138.80963162497497	400	0.5	0.14922810085852278	181435	149.228100859	-2.5845620171704557
138.96115723697505	400	0.848474387999909	0.0	184429	151.525612	0.4
139.19030634247056	600	1.1193252825043851	0.0	285584	229.149105496	0.39999999999999997
139.50067484567307	800	1.3089567793018757	0.0	391425	310.368503203	0.6000000000000001
139.8110433488756	800	1.4985882760993663	0.0	391425	310.368503203	0.8
140.19719058378854	1000	1.6124410411864374	0.0	490176	386.147234913	0.8
140.60098961525554	1000	1.7086420097194326	0.0	513389	403.799031467	1.0
140.9101479350182	1000	1.8994836899567913	0.0	497055	309.158319763	1.0
141.29749382783288	1000	2.012137797142078	0.0	520019	387.345892815	1.0
141.5924295264629	200	2.2172020985120904	0.0	383025	294.93569863	-0.6000000000000001
141.88736522509288	200	2.422266399882102	0.0	383025	294.93569863	0.2
142.20163436849973	200	2.6079972564752625	0.0	383025	314.269143407	0.2
142.51934329713717	200	2.790288327837789	0.0	383025	317.708928637	0.2
142.83705222577464	200	2.9725793992003156	0.0	383025	317.708928637	0.2
143.1547611544121	200	3.154870470562842	0.0	383025	317.708928637	0.2
143.48050034260655	200	3.329131282368409	0.0	383025	325.739188194	0.2
143.8156024031505	200	3.494029221824467	0.0	383025	335.102060544	0.2
144.15070446369444	200	3.6589271612805256	0.0	383025	335.102060544	0.2
144.4858065242384	200	3.8238251007365838	0.0	383025	335.102060544	0.2
144.82090858478236	200	3.9887230401926423	0.0	383025	335.102060544	0.2
145.15601064532632	200	4.1536209796487	0.0	383025	335.102060544	0.2
145.49111270587028	200	4.318518919104759	0.0	383025	335.102060544	0.2
145.82621476641424	200	4.483416858560817	0.0	383025	335.102060544	0.2
146.16131682695817	200	4.648314798016875	0.0	383025	335.102060544	0.2
146.49641888750213	200	4.813212737472933	0.0	383025	335.102060544	0.2
146.8315209480461	200	4.978110676928992	0.0	383025	335.102060544	0.2
147.16662300859005	200	5.14300861638505	0.0	383025	335.102060544	0.2
147.5001120219915	200	5.309519602983611	0.0	383025	333.489013401	0.2
147.8332073407872	200	5.476424284187909	0.0	383025	333.095318796	0.2
148.1663026595829	200	5.643328965392207	0.0	383025	333.095318796	0.2
148.4993979783786	200	5.810233646596505	0.0	383025	333.095318796	0.2
148.83249329717432	200	5.9771383278008035	0.0	383025	333.095318796	0.2
149.16558861597002	200	6.1440430090051015	0.0	383025	333.095318796	0.2
149.4972227693549	200	6.31240885562023	0.0	383025	331.634153385	0.2
149.82713428660574	200	6.482497338369348	0.0	383025	329.911517251	0.2
150.15704580385662	200	6.652585821118465	0.0	383025	329.911517251	0.2
150.4869573211075	200	6.822674303867582	0.0	383025	329.911517251	0.2
150.81686883835837	200	6.9927627866167	0.0	383025	329.911517251	0.2
151.14678035560925	200	7.162851269365817	0.0	383025	329.911517251	0.2
151.47171818469243	200	7.337913440282643	0.0	383025	324.937829083	0.2
151.78995489768576	200	7.519676727289303	0.0	383025	318.236712993	0.2
152.10819161067909	200	7.701440014295963	0.0	383025	318.236712993	0.2
152.4264283236724	200	7.883203301302623	0.0	383025	318.236712993	0.2
152.74466503666574	200	8.064966588309282	0.0	383025	318.236712993	0.2
153.06264493164667	200	8.246986693328353	0.0	383025	317.979894981	0.2
153.3800258374097	200	8.429605787565302	0.0	383025	317.380905763	0.2
153.69740674317276	200	8.612224881802252	0.0	383025	317.380905763	0.2
154.0147876489358	200	8.794843976039203	0.0	383025	317.380905763	0.2
154.33216855469885	200	8.977463070276153	0.0	383025	317.380905763	0.2
154.65005364732804	200	9.159577977646974	0.0	383025	317.885092629	0.2
154.96939267152305	200	9.340238953451921	0.0	383025	319.339024195	0.2
155.2887316957181	200	9.520899929256867	0.0	383025	319.339024195	0.2
155.60807071991314	200	9.701560905061815	0.0	383025	319.339024195	0.2
155.9274097441082	200	9.882221880866762	0.0	383025	319.339024195	0.2
156.74650985552793	200	9.563121769447015	0.0	383025	319.10011142	0.2
157.0613273835877	200	9.74830424138725	0.0	383025	314.81752806	0.2
157.37614491164746	200	9.933486713327484	0.0	383025	314.81752806	0.2
158.19262256072645	200	9.617009064248501	0.0	383025	316.47764907898267	0.2
158.50924375163513	200	9.800387873339815	0.0	383025	316.621190909	0.2
158.82586494254383	200	9.983766682431131	0.0	383025	316.621190909	0.2
159.64889917889968	200	9.660732446075267	0.0	383025	323.03423635586523	0.2
159.97631971897573	200	9.833311905999222	0.0	383025	327.420540076	0.2
160.80374025905175	200	9.505891365923178	0.0	383025	327.420540076	0.2
161.12757328526854	200	9.682058339706419	0.0	383025	323.8330262167603	0.2
161.4455637438367	200	9.864067881138283	0.0	383025	317.990458568	0.2
162.26355420240483	200	9.546077422570146	0.0	383025	317.990458568	0.2
162.58154466097298	200	9.72808696400201	0.0	383025	317.990458568	0.2
162.90179526583992	200	9.907836359135066	0.0	383025	320.25060486694446	0.2
163.7221128054772	200	9.587518819497793	0.0	383025	320.317539637	0.2
164.04191348181152	200	9.767718143163462	0.0	383025	319.80067633433055	0.2
164.35914816220145	200	9.950483462773535	0.0	383025	317.23468039	0.2
165.17638284259138	200	9.633248782383607	0.0	383025	317.23468039	0.2
165.49362659092998	200	9.816005034044991	0.0	383025	317.2437483386161	0.2
165.81172807486942	200	9.99790355010553	0.0	383025	318.101483939	0.2
166.6298295588089	200	9.679802066166069	0.0	383025	318.101483939	0.2
166.9484335366564	200	9.861198088318542	0.0	383025	318.60397784752666	0.2
167.76882770377503	200	9.540803921199934	0.0	383025	320.394167119	0.2
168.08922187089365	200	9.720409754081327	0.0	383025	320.394167119	0.2
168.40961603801227	200	9.90001558696272	0.0	383025	320.394167119	0.2
169.22804519783662	200	9.581586427138365	0.0	383025	318.42915982435517	0.2
169.54578296707265	200	9.763848657902338	0.0	383025	317.737769236	0.2
169.86009203103748	200	9.949539593937505	0.0	383025	314.30906396483203	0.2
170.6736612113993	200	9.635970413575707	0.0	383025	313.569180362	0.2
170.9872303917611	200	9.82240123321391	0.0	383025	313.569180362	0.2
171.31047997127502	200	9.999151653699991	0.0	383025	323.2495795139184	0.2
172.13627343850615	200	9.673358186468855	0.0	383025	325.793467231	0.2
172.46323531382177	200	9.846396311153253	0.0	383025	326.9618753156028	0.2
173.29206153800692	200	9.51757008696809	0.0	383025	328.826224185	0.2
173.62088776219204	200	9.68874386278293	0.0	383025	328.826224185	0.2
173.9497139863772	200	9.85991763859777	0.0	383025	328.826224185	0.2
174.77707356566782	200	9.532558059307155	0.0	383025	327.35957929061453	0.2
175.10059434593558	200	9.709037279039416	0.0	383025	323.520780268	0.2
175.4241151262033	200	9.885516498771675	0.0	383025	323.520780268	0.2
175.99486843192562	200	9.561995718503937	0.0	383025	323.520780268	0.2
176.3094514883809	200	9.747412662048704	0.0	383025	314.583056455	0.2
176.62403454483612	200	9.932829605593472	0.0	383025	314.583056455	0.2
177.12959926741163	200	9.61824654913824	0.0	383025	314.583056455	0.2
177.45101818121267	200	9.79682763533717	0.0	383025	321.418913801	0.2
177.77243709501374	200	9.9754087215361	0.0	383025	321.418913801	0.2
178.10909428283824	200	9.65398980773503	0.0	383025	321.418913801	0.2
178.43896830235596	200	9.82411578821733	0.0	383025	329.874019518	0.2
178.76884232187368	200	9.99424176869963	0.0	383025	329.874019518	0.2
179.59871634139137	200	9.664367749181931	0.0	383025	329.874019518	0.2
179.92859036090908	200	9.834493729664231	0.0	383025	329.874019518	0.2
180.63307274253876	200	9.504619710146532	0.0	383025	329.874019518	0.2
180.96254823587682	200	9.675144216808468	0.0	383025	329.475493338	0.2
181.29202372921492	200	9.845668723470402	0.0	383025	329.475493338	0.2
182.05453420767915	200	9.516193230132338	0.0	383025	329.475493338	0.2
182.38541983858053	200	9.685307599230951	0.0	383025	330.885630901	0.2
182.7163054694819	200	9.854421968329564	0.0	383025	330.885630901	0.2
183.5471911003833	200	9.52353633742818	0.0	383025	330.885630901	0.2
183.87807673128466	200	9.692650706526793	0.0	383025	330.885630901	0.2
184.20896236218604	200	9.861765075625406	0.0	383025	330.885630901	0.2
185.03601853737925	200	9.53470890043222	0.0	383025	327.0561751931866	0.2
185.35960493036788	200	9.711122507443587	0.0	383025	323.586392989	0.2
185.6831913233565	200	9.887536114454957	0.0	383025	323.586392989	0.2
186.1820560862373	200	9.563949721466326	0.0	383025	323.586392989	0.2
186.50201013092558	200	9.743995676778079	0.0	383025	319.954044688	0.2
186.82196417561383	200	9.924041632089832	0.0	383025	319.954044688	0.2
187.33705887685903	200	9.604087587401583	0.0	383025	319.954044688	0.2

