4682.8023885092625	400	0.5	0.16162907064089566	181435	161.629070641	-2.832581412817913
4682.966519729089	400	0.8358687801734519	0.0	184429	164.131219827	0.4
4683.215188323957	600	1.0872001853052649	0.0	285584	248.668594868	0.39999999999999997
4683.552310483273	800	1.2500780259886357	0.0	391425	337.122159317	0.6000000000000001
4683.889432642589	800	1.4129558666720068	0.0	391425	337.122159317	0.8
4684.309083103252	1000	1.4933054060085642	0.0	490176	419.650460663	0.8
4684.748133159455	1000	1.5542553498051923	0.0	513389	439.050056203	1.0
4685.173532546054	1000	1.6288559632071797	0.0	497055	425.399386598	1.0
4685.61812343362	1000	1.6842650756407898	0.0	520019	444.590887566	1.0
4686.088827264892	1000	1.7135612443686903	0.0	551265	470.703831272	1.0
4686.559719323454	1000	1.742669185805992	0.0	558332	470.892058563	1.0
4686.9913749846855	1000	1.8110135245753787	0.0	536970	431.655661231	1.0
4687.423030645916	1000	1.8793578633447654	0.0	536970	431.655661231	1.0
4687.8563432870915	1000	1.9460452221697218	0.0	536970	433.312641175	1.0
4688.291425051941	1000	2.010963457321283	0.0	536970	435.081764848	1.0
4688.604639278026	200	2.1977492312358904	0.0	383025	313.214226085	-0.6000000000000001
4688.917853504112	200	2.384535005150498	0.0	383025	313.214226085	0.2
4689.2310677301975	200	2.5713207790651054	0.0	383025	313.214226085	0.2
4689.5442268236	200	2.758161685662381	0.0	383025	313.159093403	0.2
4689.856204810024	200	2.946183699238118	0.0	383025	311.977986424	0.2
4690.1681827964485	200	3.134205712813855	0.0	383025	311.977986424	0.2
4690.480160782873	200	3.3222277263895927	0.0	383025	311.977986424	0.2
4690.792138769297	200	3.51024973996533	0.0	383025	311.977986424	0.2
4691.104081092364	200	3.6983074168985604	0.0	383025	311.942323067	0.2
4691.412851267211	200	3.8895372420512713	0.0	383025	308.770174847	0.2
4691.721621442058	200	4.080767067203982	0.0	383025	308.770174847	0.2
4692.030391616905	200	4.271996892356693	0.0	383025	308.770174847	0.2
4692.339161791752	200	4.463226717509404	0.0	383025	308.770174847	0.2
4692.647931966599	200	4.654456542662115	0.0	383025	308.770174847	0.2
4692.956702141446	200	4.845686367814825	0.0	383025	308.770174847	0.2
4693.261757202704	200	5.04063130655764	0.0	383025	305.055061257	0.2
4693.565991593228	200	5.236396916032186	0.0	383025	304.234390525	0.2
4693.870225983754	200	5.432162525506732	0.0	383025	304.234390525	0.2
4694.178042626449	200	5.624345882811997	0.0	383025	307.816642695	0.2
4694.486602080344	200	5.815786428916598	0.0	383025	308.559453895	0.2
4694.79516153424	200	6.0072269750212	0.0	383025	308.559453895	0.2
4695.106635379563	200	6.1957531296974615	0.0	383025	311.473845324	0.2
4695.42568305383	200	6.376705455430935	0.0	383025	319.047674267	0.2
4695.744730728096	200	6.5576577811644094	0.0	383025	319.047674267	0.2
4696.063778402363	200	6.738610106897883	0.0	383025	319.047674267	0.2
4696.3828260766295	200	6.919562432631357	0.0	383025	319.047674267	0.2
4696.701873750896	200	7.100514758364831	0.0	383025	319.047674267	0.2
4697.018556729359	200	7.283831779901621	0.0	383025	316.682978463	0.2
4697.327188472111	200	7.4752000371501355	0.0	383025	308.631742751	0.2
4697.635820214862	200	7.66656829439865	0.0	383025	308.631742751	0.2
4697.944451957614	200	7.857936551647165	0.0	383025	308.631742751	0.2
4698.253083700364	200	8.04930480889568	0.0	383025	308.631742751	0.2
4698.560064724655	200	8.242323784605157	0.0	383025	306.981024291	0.2
4698.866359691183	200	8.436028818076739	0.0	383025	306.294966528	0.2
4699.172654657711	200	8.629733851548322	0.0	383025	306.294966528	0.2
4699.478949624239	200	8.8234388850199	0.0	383025	306.294966528	0.2
4699.784053870856	200	9.018334638403708	0.0	383025	305.104246616	0.2
4700.088065094404	200	9.214323414856052	0.0	383025	304.011223548	0.2
4700.392076317952	200	9.410312191308394	0.0	383025	304.011223548	0.2
4700.698496127832	200	9.603892381428958	0.0	383025	306.419809879	0.2
4701.0119082524425	200	9.790480256818745	0.0	383025	313.41212461	0.2
4701.325320377053	200	9.977068132208531	0.0	383025	313.41212461	0.2
4702.138732501663	200	9.663656007598318	0.0	383025	313.41212461	0.2
4702.4515799476485	200	9.850808561613036	0.0	383025	312.8474459852831	0.2
4703.264218170702	200	9.53817033855933	0.0	383025	312.638223054	0.2
4703.576856393756	200	9.725532115505624	0.0	383025	312.638223054	0.2
4703.89249066976	200	9.909897839501918	0.0	383025	315.6342760037063	0.2
4704.7089269071685	200	9.593461602092699	0.0	383025	316.436237409	0.2
4705.025363144578	200	9.777025364683478	0.0	383025	316.436237409	0.2
4705.341799381987	200	9.96058912727426	0.0	383025	316.436237409	0.2
4706.156628357945	200	9.645760151315278	0.0	383025	314.8289759589806	0.2
4706.471351329805	200	9.831037179455812	0.0	383025	314.722971859	0.2
4707.283995251009	200	9.518393258250509	0.0	383025	312.64392120530357	0.2
4707.592071476355	200	9.710317032904216	0.0	383025	308.076225346	0.2
4707.900147701701	200	9.902240807557924	0.0	383025	308.076225346	0.2
4708.710713583566	200	9.591674925692395	0.0	383025	310.56588186552835	0.2
4709.022366844021	200	9.780021665237443	0.0	383025	311.653260455	0.2
4709.333136116286	200	9.969252392971095	0.0	383025	310.76927226634854	0.2
4710.139782711042	200	9.662605798215306	0.0	383025	306.646594756	0.2
4710.446429305797	200	9.855959203459518	0.0	383025	306.646594756	0.2
4711.259406601528	200	9.54298190772918	0.0	383025	312.97729573033854	0.2
4711.573496151698	200	9.72889235755922	0.0	383025	314.08955017	0.2
4711.898862398542	200	9.903526110714402	0.0	383025	325.3662468448179	0.2
4712.726303878085	200	9.576084631171824	0.0	383025	327.441479543	0.2
4713.053745357627	200	9.748643151629246	0.0	383025	327.441479543	0.2
4713.3811868371695	200	9.921201672086667	0.0	383025	327.441479543	0.2
4714.208628316712	200	9.593760192544089	0.0	383025	327.441479543	0.2
4714.5347643055175	200	9.767624203738208	0.0	383025	326.13598880587926	0.2
4714.858270587514	200	9.944117921741315	0.0	383025	323.506281997	0.2
4715.681776869511	200	9.620611639744421	0.0	383025	323.506281997	0.2
4716.007065407954	200	9.795323101302266	0.0	383025	325.2885384421563	0.2
4716.333599747323	200	9.968788761931693	0.0	383025	326.534339371	0.2
4717.160134086694	200	9.642254422561122	0.0	383025	326.534339371	0.2
4717.486668426064	200	9.81572008319055	0.0	383025	326.534339371	0.2
4717.813202765434	200	9.989185743819979	0.0	383025	326.534339371	0.2
4718.641699980939	200	9.660688528314791	0.0	383025	328.49721550518694	0.2
4718.970461443296	200	9.83192706595754	0.0	383025	328.761462357	0.2
4719.799222905653	200	9.503165603600287	0.0	383025	328.761462357	0.2
4720.1279843680095	200	9.674404141243036	0.0	383025	328.761462357	0.2
4720.456745830366	200	9.845642678885785	0.0	383025	328.761462357	0.2
4721.284811592216	200	9.51757691703673	0.0	383025	328.06576184905435	0.2
4721.612040994189	200	9.690347515063682	0.0	383025	327.229401973	0.2
4721.939270396162	200	9.863118113090636	0.0	383025	327.229401973	0.2
4722.766499798135	200	9.535888711117588	0.0	383025	327.229401973	0.2
4723.093729200108	200	9.708659309144542	0.0	383025	327.229401973	0.2
4723.420958602081	200	9.881429907171494	0.0	383025	327.229401973	0.2
4724.252344570573	200	9.550043938680348	0.0	383025	331.3859684911462	0.2
4724.584161494631	200	9.718227014621792	0.0	383025	331.816924059	0.2
4724.91597841869	200	9.886410090563237	0.0	383025	331.816924059	0.2
4725.747795342749	200	9.55459316650468	0.0	383025	331.816924059	0.2
4726.079612266808	200	9.722776242446125	0.0	383025	331.816924059	0.2
4726.411429190866	200	9.89095931838757	0.0	383025	331.816924059	0.2
4727.241885377898	200	9.560503131356395	0.0	383025	330.45618703117526	0.2
4727.560222673309	200	9.742165835944888	0.0	383025	318.337295412	0.2
4727.87855996872	200	9.923828540533382	0.0	383025	318.337295412	0.2
4728.47303501335	200	9.605491245121877	0.0	383025	318.337295412	0.2
4728.789188516174	200	9.78933774229812	0.0	383025	316.153502824	0.2
4729.105342018998	200	9.973184239474362	0.0	383025	316.153502824	0.2
4729.9193632738625	200	9.659162984609779	0.0	383025	314.0212548645831	0.2
4730.232162197929	200	9.846364060544014	0.0	383025	312.798924066	0.2
4730.753025065657	200	9.53356513647825	0.0	383025	312.798924066	0.2
4731.070468612425	200	9.716121589710943	0.0	383025	317.443546767	0.2
4731.387912159193	200	9.898678042943637	0.0	383025	317.443546767	0.2
4732.20535570596	200	9.58123449617633	0.0	383025	317.443546767	0.2
4732.528417448907	200	9.758172753228715	0.0	383025	323.06174294761445	0.2

