5558.828667925961	400	0.5	0.1539091549034533	181435	153.909154903	-2.678183098069066
5558.984951837719	400	0.843716088242682	0.0	184429	156.283911757	0.4
5559.221469059279	600	1.107198866681529	0.0	285584	236.517221561	0.39999999999999997
5559.5419363944575	800	1.2867315315031773	0.0	391425	320.467335178	0.6000000000000001
5559.862403729636	800	1.466264196324826	0.0	391425	320.467335178	0.8
5560.261197589222	1000	1.5674703367389955	0.0	490176	398.793859586	0.8
5560.6791695039165	1000	1.649498422045682	0.0	513389	417.971914693	1.0
5561.0842502296755	1000	1.7444176962865208	0.0	497055	405.080725759	1.0
5561.507733354385	1000	1.8209345715766687	0.0	520019	423.48312471	1.0
5561.956242520636	1000	1.8724254053254115	0.0	551265	448.509166251	1.0
5562.410373201546	1000	1.9182947244162354	0.0	558332	454.130680909	1.0
5562.837139971258	1000	1.9915279547032128	0.0	536970	426.766769713	1.0
5563.263799153789	1000	2.064868772172161	0.0	536970	426.659182531	1.0
5563.571005484476	200	2.25766244148524	0.0	383025	307.206330687	-0.6000000000000001
5563.879377170722	200	2.449290755239429	0.0	383025	308.371686246	0.2
5564.187763761915	200	2.6409041640464364	0.0	383025	308.386591193	0.2
5564.4961503531085	200	2.832517572853444	0.0	383025	308.386591193	0.2
5564.804351790227	200	3.024316135734816	0.0	383025	308.201437119	0.2
5565.110883075045	200	3.2177848509162477	0.0	383025	306.531284819	0.2
5565.417414359864	200	3.4112535660976793	0.0	383025	306.531284819	0.2
5565.723945644682	200	3.6047222812791104	0.0	383025	306.531284819	0.2
5566.029849772728	200	3.7988181532333494	0.0	383025	305.904128046	0.2
5566.3349017836545	200	3.99376614230659	0.0	383025	305.052010927	0.2
5566.639953794581	200	4.1887141313798315	0.0	383025	305.052010927	0.2
5566.950579324903	200	4.378088601057515	0.0	383025	310.625530322	0.2
5567.267356907485	200	4.5613110184756644	0.0	383025	316.777582582	0.2
5567.584134490067	200	4.744533435893813	0.0	383025	316.777582582	0.2
5567.90091207265	200	4.927755853311963	0.0	383025	316.777582582	0.2
5568.217689655231	200	5.110978270730112	0.0	383025	316.777582582	0.2
5568.519052362728	200	5.309615563233026	0.0	383025	301.362707497	0.2
5568.815243257277	200	5.513424668684695	0.0	383025	296.190894548	0.2
5569.111434151825	200	5.717233774136362	0.0	383025	296.190894548	0.2
5569.423164299786	200	5.905503626176213	0.0	383025	311.73014796	0.2
5569.738452825735	200	6.090215100226911	0.0	383025	315.288525949	0.2
5570.053741351685	200	6.274926574277609	0.0	383025	315.288525949	0.2
5570.369029877634	200	6.4596380483283085	0.0	383025	315.288525949	0.2
5570.685561566197	200	6.643106359765111	0.0	383025	316.531688563	0.2
5571.004314170787	200	6.82435375517577	0.0	383025	318.752604589	0.2
5571.323066775377	200	7.005601150586428	0.0	383025	318.752604589	0.2
5571.641819379966	200	7.186848545997086	0.0	383025	318.752604589	0.2
5571.957669120023	200	7.370998805940851	0.0	383025	315.849740056	0.2
5572.26706741235	200	7.561600513613186	0.0	383025	309.398292328	0.2
5572.5764657046775	200	7.752202221285521	0.0	383025	309.398292328	0.2
5572.885863997005	200	7.942803928957855	0.0	383025	309.398292328	0.2
5573.199544339745	200	8.129123586217213	0.0	383025	313.680342741	0.2
5573.518067237682	200	8.310600688281193	0.0	383025	318.522897936	0.2
5573.836590135618	200	8.492077790345173	0.0	383025	318.522897936	0.2
5574.155113033555	200	8.673554892409152	0.0	383025	318.522897936	0.2
5574.475119522322	200	8.853548403641383	0.0	383025	320.006488768	0.2
5574.799445390993	200	9.02922253497084	0.0	383025	324.325868671	0.2
5575.123771259664	200	9.204896666300298	0.0	383025	324.325868671	0.2
5575.448097128335	200	9.380570797629755	0.0	383025	324.325868671	0.2
5575.772422997005	200	9.556244928959211	0.0	383025	324.325868671	0.2
5576.096748865676	200	9.731919060288668	0.0	383025	324.325868671	0.2
5576.420033319501	200	9.9086346064634	0.0	383025	323.284453825	0.2
5577.2431745164195	200	9.585493409544664	0.0	383025	323.141196919	0.2
5577.563933753392	200	9.764734172573032	0.0	383025	320.7592369716319	0.2
5577.882966656621	200	9.94570126934461	0.0	383025	319.032903228	0.2
5578.701999559849	200	9.626668366116188	0.0	383025	319.032903228	0.2
5579.021018429292	200	9.80764949667455	0.0	383025	319.0188694416375	0.2
5579.339931771863	200	9.988736154102565	0.0	383025	318.913342572	0.2
5579.862931610408	200	9.669822811530578	0.0	383025	318.913342572	0.2
5580.184706258793	200	9.848048163145211	0.0	383025	321.774648385	0.2
5580.534116509222	200	9.526273514759845	0.0	383025	321.774648385	0.2
5580.855066931053	200	9.70532309292917	0.0	383025	320.950421831	0.2
5581.176017352884	200	9.884372671098493	0.0	383025	320.950421831	0.2
5581.996967774714	200	9.563422249267818	0.0	383025	320.950421831	0.2
5582.317495395578	200	9.742894628404263	0.0	383025	320.5276208635543	0.2
5582.637877758053	200	9.922512265929077	0.0	383025	320.382362475	0.2
5583.458260120528	200	9.602129903453891	0.0	383025	320.382362475	0.2
5583.778701126704	200	9.7816888972787	0.0	383025	320.4410061751914	0.2
5584.107503441077	200	9.95288658290602	0.0	383025	328.802314373	0.2
5584.936305755449	200	9.62408426853334	0.0	383025	328.802314373	0.2
5585.265108069822	200	9.795281954160659	0.0	383025	328.802314373	0.2
5585.593910384195	200	9.966479639787979	0.0	383025	328.802314373	0.2
5586.420119032198	200	9.640270991783979	0.0	383025	326.2086480040003	0.2
5586.741807409752	200	9.818582614230296	0.0	383025	321.688377554	0.2
5587.063495787305	200	9.996894236676614	0.0	383025	321.688377554	0.2
5587.884708392924	200	9.675681631058314	0.0	383025	321.21260561829865	0.2
5588.201230402288	200	9.859159621693545	0.0	383025	316.522009365	0.2
5589.019964336226	200	9.540425687756096	0.0	383025	318.7339339374483	0.2
5589.338896840134	200	9.721493183848104	0.0	383025	318.932503908	0.2
5589.657829344042	200	9.902560679940112	0.0	383025	318.932503908	0.2
5590.473452891783	200	9.586937132198297	0.0	383025	315.62354774181495	0.2
5590.783115954454	200	9.777274069528287	0.0	383025	309.66306267	0.2
5591.0927790171245	200	9.967611006858279	0.0	383025	309.66306267	0.2
5591.90246897441	200	9.657921049572298	0.0	383025	309.6899572859803	0.2
5592.215048453973	200	9.845341570009575	0.0	383025	312.5794795627231	0.2
5593.03617712939	200	9.52421289459301	0.0	383025	321.128675417	0.2
5593.357305804806	200	9.703084219176443	0.0	383025	321.128675417	0.2
5593.682430941352	200	9.877959082629964	0.0	383025	325.1251365464775	0.2
5594.509716539199	200	9.550673484783957	0.0	383025	327.285597846	0.2
5594.837002137045	200	9.723387886937948	0.0	383025	327.285597846	0.2
5595.16428773489	200	9.896102289091939	0.0	383025	327.285597846	0.2
5595.991698365763	200	9.568691658219477	0.0	383025	327.4106308724624	0.2
5596.319704046194	200	9.740685977789155	0.0	383025	328.00568043	0.2
5596.647709726624	200	9.912680297358833	0.0	383025	328.00568043	0.2
5597.1049499069295	200	9.584674616928512	0.0	383025	328.00568043	0.2
5597.4208644269675	200	9.768760096890196	0.0	383025	315.914520038	0.2
5597.736778947006	200	9.95284557685188	0.0	383025	315.914520038	0.2
5598.079671546035	200	9.636931056813564	0.0	383025	315.914520038	0.2
5598.390364675817	200	9.826237927030823	0.0	383025	310.693129783	0.2
5598.729422239555	200	9.515544797248081	0.0	383025	310.693129783	0.2
5599.04602337458	200	9.698943662223122	0.0	383025	316.601135025	0.2
5599.362624509605	200	9.882342527198164	0.0	383025	316.601135025	0.2
5599.85739350276	200	9.565741392173203	0.0	383025	316.601135025	0.2
5600.183092723616	200	9.740042171316416	0.0	383025	325.699220857	0.2
5600.508791944473	200	9.914342950459629	0.0	383025	325.699220857	0.2
5601.334491165329	200	9.58864372960284	0.0	383025	325.699220857	0.2
5601.6596487577535	200	9.763486137178477	0.0	383025	325.1575924243627	0.2
5601.984347821189	200	9.93878707374333	0.0	383025	324.699063435	0.2
5602.809046884624	200	9.614088010308182	0.0	383025	324.699063435	0.2
5603.133745948059	200	9.789388946873034	0.0	383025	324.699063435	0.2
5603.4529027358885	200	9.97023215904349	0.0	383025	319.1567878295427	0.2
5604.270603349331	200	9.652531545600995	0.0	383025	317.700613442	0.2
5604.588303962774	200	9.8348309321585	0.0	383025	317.700613442	0.2
5605.397044292141	200	9.52609060279237	0.0	383025	308.7403293661298	0.2
5605.709551421257	200	9.713583473676564	0.0	383025	312.50712911580604	0.2
5606.0297080778355	200	9.893426817097012	0.0	383025	320.15665658	0.2
5606.849864734415	200	9.57327016051746	0.0	383025	320.15665658	0.2

