3383.555125391125	400	0.5	0.14801474282231616	181435	148.014742822	-2.5602948564463235
3383.7054176225242	400	0.8497077686004523	0.0	184429	150.2922314	0.4
3383.93265686696	600	1.1224685241648784	0.0	285584	227.239244436	0.39999999999999997
3384.2404076907214	800	1.3147177004030624	0.0	391425	307.750823762	0.6000000000000001
3384.5531091611156	800	1.5020162300090945	0.0	391425	312.701470394	0.8
3384.950064341306	1000	1.605061049818513	0.0	490176	396.955180191	0.8
3385.374141662947	1000	1.6809837281780051	0.0	513389	424.077321641	1.0
3385.790433281715	1000	1.764692109409658	0.0	497055	416.291618768	1.0
3386.225495621497	1000	1.8296297696277481	0.0	520019	435.062339782	1.0
3386.6815463753965	1000	1.8735790157278749	0.0	551265	456.0507539	1.0
3387.1404793356573	1000	1.9146460554672575	0.0	558332	458.932960261	1.0
3387.577036299207	1000	1.9780890919173033	0.0	536970	436.55696355	1.0
3388.0051972746724	1000	2.04992811645242	0.0	536970	428.160975465	1.0
3388.3134748462826	200	2.241650544842392	0.0	383025	308.27757161	-0.6000000000000001
3388.6221430016576	200	2.4329823894673677	0.0	383025	308.668155375	0.2
3388.931128184979	200	2.62399720614551	0.0	383025	308.985183322	0.2
3389.2374355709776	200	2.8176898201473377	0.0	383025	306.307385998	0.2
3389.539335779832	200	3.015789611292633	0.0	383025	301.900208855	0.2
3389.839539940101	200	3.2155854510238604	0.0	383025	300.204160269	0.2
3390.133719683865	200	3.4214057072600554	0.0	383025	294.179743764	0.2
3390.427899427629	200	3.62722596349625	0.0	383025	294.179743764	0.2
3390.723997490076	200	3.831127901049324	0.0	383025	296.098062447	0.2
3391.0207131753546	200	4.0344122157709	0.0	383025	296.715685278	0.2
3391.3216858583414	200	4.233439532784074	0.0	383025	300.972682987	0.2
3391.6386367374303	200	4.4164886536952075	0.0	383025	316.950879089	0.2
3391.9555876165196	200	4.59953777460634	0.0	383025	316.950879089	0.2
3392.272329362281	200	4.782796028844952	0.0	383025	316.741745761	0.2
3392.5774531836432	200	4.977672207482968	0.0	383025	305.123821362	0.2
3392.882577005005	200	5.172548386120984	0.0	383025	305.123821362	0.2
3393.1911520817966	200	5.363973309329342	0.0	383025	308.575076792	0.2
3393.5008932784913	200	5.554232112634561	0.0	383025	309.741196695	0.2
3393.810634475186	200	5.74449091593978	0.0	383025	309.741196695	0.2
3394.1213856745753	200	5.933739716550325	0.0	383025	310.751199389	0.2
3394.432482836158	200	6.1226425549674595	0.0	383025	311.097161583	0.2
3394.7435799977407	200	6.311545393384594	0.0	383025	311.097161583	0.2
3395.0637851115084	200	6.491340279616999	0.0	383025	320.205113768	0.2
3395.3840982921547	200	6.671027098970696	0.0	383025	320.313180646	0.2
3395.704411472801	200	6.850713918324392	0.0	383025	320.313180646	0.2
3396.0296219535117	200	7.025503437613839	0.0	383025	325.210480711	0.2
3396.3584913082623	200	7.196634082863173	0.0	383025	328.869354751	0.2
3396.6873606630124	200	7.3677647281125065	0.0	383025	328.869354751	0.2
3397.010839505755	200	7.54428588537001	0.0	383025	323.478842742	0.2
3397.322367429245	200	7.7327579618802496	0.0	383025	311.52792349	0.2
3397.6338953527347	200	7.921230038390489	0.0	383025	311.52792349	0.2
3397.9398285462926	200	8.1152968448328	0.0	383025	305.933193558	0.2
3398.237097909759	200	8.318027481366032	0.0	383025	297.269363467	0.2
3398.532579717436	200	8.5225456736896	0.0	383025	295.481807676	0.2
3398.81898263698	200	8.736142754145916	0.0	383025	286.402919544	0.2
3399.105333644462	200	8.94979174666365	0.0	383025	286.351007482	0.2
3399.390002559511	200	9.165122831614706	0.0	383025	284.668915049	0.2
3399.673942669829	200	9.381182721296666	0.0	383025	283.940110318	0.2
3399.9565597348837	200	9.598565656241714	0.0	383025	282.617065055	0.2
3400.2404314132027	200	9.814693977922705	0.0	383025	283.871678319	0.2
3400.9003189787145	200	9.521410563316794	0.0	383025	293.283414606	0.2
3401.1998801062728	200	9.721849435758365	0.0	383025	299.56112755842776	0.2
3401.502689101431	200	9.919040440600156	0.0	383025	302.808995158	0.2
3402.20728145117	200	9.616231445441947	0.0	383025	302.808995158	0.2
3402.5234096311633	200	9.800103265448556	0.0	383025	316.128179993	0.2
3402.839537811157	200	9.983975085455164	0.0	383025	316.128179993	0.2
3403.661226569816	200	9.66228632679609	0.0	383025	321.68875865907364	0.2
3403.9826963352016	200	9.840816561410685	0.0	383025	321.4697653854063	0.2
3404.8034423712074	200	9.520070525405204	0.0	383025	320.746036005	0.2
3405.1270731105014	200	9.69643978611143	0.0	383025	323.6307392937746	0.2
3405.4517389056423	200	9.871773990970487	0.0	383025	324.665795141	0.2
3406.2839526494777	200	9.539560247134796	0.0	383025	332.21374383569207	0.2
3406.624357195351	200	9.699155701261644	0.0	383025	340.404545873	0.2
3406.964761741224	200	9.858751155388491	0.0	383025	340.404545873	0.2
3407.6648342678036	200	9.518346609515339	0.0	383025	340.404545873	0.2
3408.002203925199	200	9.680976952120012	0.0	383025	337.369657395	0.2
3408.3395735825943	200	9.843607294724686	0.0	383025	337.369657395	0.2
3408.9187202882827	200	9.506237637329361	0.0	383025	337.369657395	0.2
3409.257670504646	200	9.66728742096618	0.0	383025	338.950216363	0.2
3409.596620721009	200	9.828337204602997	0.0	383025	338.950216363	0.2
3409.935570937372	200	9.989386988239813	0.0	383025	338.950216363	0.2
3410.7758489939706	200	9.649108931641383	0.0	383025	340.27805659842977	0.2
3411.117571131771	200	9.807386793841124	0.0	383025	341.7221378	0.2
3411.4592932695714	200	9.965664656040865	0.0	383025	341.7221378	0.2
3412.298722087058	200	9.62623583855401	0.0	383025	339.42881748685403	0.2
3412.6371941806146	200	9.787763744997607	0.0	383025	338.472093556	0.2
3412.9756662741715	200	9.949291651441202	0.0	383025	338.472093556	0.2
3413.8137584653664	200	9.611199460246164	0.0	383025	338.0921911950396	0.2
3414.151526322572	200	9.773431603040404	0.0	383025	337.767857206	0.2
3414.4892941797775	200	9.935663745834646	0.0	383025	337.767857206	0.2
3415.3248890950435	200	9.600068830568706	0.0	383025	335.5949152659392	0.2
3415.659421334125	200	9.765536591487505	0.0	383025	334.532239081	0.2
3415.9939535732065	200	9.931004352406307	0.0	383025	334.532239081	0.2
3416.829209843155	200	9.59574808245762	0.0	383025	335.2562699486866	0.2
3417.166308883644	200	9.758649041968441	0.0	383025	337.099040489	0.2
3417.503407924133	200	9.921550001479263	0.0	383025	337.099040489	0.2
3418.3403120465478	200	9.584645879064627	0.0	383025	336.9041224146374	0.2
3418.6770437435857	200	9.747914182026788	0.0	383025	336.731697038	0.2
3419.0137754406237	200	9.91118248498895	0.0	383025	336.731697038	0.2
3419.846909064802	200	9.578048860810537	0.0	383025	333.1336241784134	0.2
3420.1793433938446	200	9.745614531767883	0.0	383025	332.434329043	0.2
3420.5142174453276	200	9.910740480285192	0.0	383025	334.8740514826888	0.2
3421.3529533220676	200	9.572004603545373	0.0	383025	338.73587674	0.2
3421.691689198807	200	9.733268726805557	0.0	383025	338.73587674	0.2
3422.030280900531	200	9.894677025081746	0.0	383025	338.59170172381033	0.2
3422.8685991288253	200	9.556358796787634	0.0	383025	338.318228294	0.2
3423.2069173571194	200	9.718040568493521	0.0	383025	338.318228294	0.2
3423.5454205558644	200	9.879537369748174	0.0	383025	338.5031987453476	0.2
3424.384780587512	200	9.540177338100657	0.0	383025	339.360031648	0.2
3424.7241406191597	200	9.70081730645314	0.0	383025	339.360031648	0.2
3425.066401925523	200	9.858556000089449	0.0	383025	342.26130636369135	0.2
3425.9106234549813	200	9.51433447063121	0.0	383025	344.221529458	0.2
3426.25484498444	200	9.670112941172972	0.0	383025	344.221529458	0.2
3426.599066513898	200	9.825891411714734	0.0	383025	344.221529458	0.2
3426.943288043356	200	9.981669882256496	0.0	383025	344.221529458	0.2
3427.786725933309	200	9.638231992303908	0.0	383025	343.4378899525869	0.2
3428.13010413485	200	9.794853790762405	0.0	383025	343.378201542	0.2
3428.4734823363915	200	9.951475589220902	0.0	383025	343.378201542	0.2
3429.316928308586	200	9.608029617026935	0.0	383025	343.4459721939676	0.2
3429.6605577775154	200	9.764400148097389	0.0	383025	343.62946893	0.2
3430.0041872464444	200	9.920770679167845	0.0	383025	343.62946893	0.2
3430.678690095358	200	9.5771412102383	0.0	383025	343.62946893	0.2
3431.0130153468253	200	9.742815958771036	0.0	383025	334.325251467	0.2
3431.3473405982922	200	9.908490707303772	0.0	383025	334.325251467	0.2
3432.165515050945	200	9.574165455836509	0.0	383025	334.325251467	0.2
3432.4961733343116	200	9.743507172469782	0.0	383025	330.658283367	0.2
3432.8268316176786	200	9.912848889103055	0.0	383025	330.658283367	0.2

