6241.4804815475045	400	0.5	0.1489830068938952	181435	148.983006894	-2.5796601378779043
6241.631758021053	400	0.8487235264506066	0.0	184429	151.276473549	0.4
6241.860521341476	600	1.1199602060284928	0.0	285584	228.763320422	0.39999999999999997
6242.1703610828345	800	1.310120464669643	0.0	391425	309.839741359	0.6000000000000001
6242.480200824193	800	1.5002807233107929	0.0	391425	309.839741359	0.8
6242.865685898116	1000	1.614795649387779	0.0	490176	385.485073923	0.8
6243.272443037664	1000	1.7080385098403486	0.0	513389	406.757139547	1.0
6243.669928220445	1000	1.8105533270587413	0.0	497055	397.485182782	1.0
6244.085315264666	1000	1.895166282838467	0.0	520019	415.38704422	1.0
6244.523799651237	1000	1.956681896266417	0.0	551265	438.484386572	1.0
6244.956456123908	1000	2.024025423595915	0.0	558332	432.656472671	1.0
6245.256405464882	200	2.2240760826220516	0.0	383025	299.949340974	-0.6000000000000001
6245.556354805856	200	2.4241267416481884	0.0	383025	299.949340974	0.2
6245.85630414683	200	2.624177400674325	0.0	383025	299.949340974	0.2
6246.156217377506	200	2.824264169997892	0.0	383025	299.913230676	0.2
6246.453964732947	200	3.026516814557399	0.0	383025	297.74735544	0.2
6246.751712088388	200	3.2287694591169056	0.0	383025	297.74735544	0.2
6247.049459443828	200	3.4310221036764124	0.0	383025	297.74735544	0.2
6247.349932013967	200	3.6305495335377636	0.0	383025	300.472570139	0.2
6247.653917413178	200	3.826564134326691	0.0	383025	303.985399211	0.2
6247.957902812389	200	4.022578735115618	0.0	383025	303.985399211	0.2
6248.261888211599	200	4.218593335904546	0.0	383025	303.985399211	0.2
6248.565873610811	200	4.414607936693474	0.0	383025	303.985399211	0.2
6248.869859010021	200	4.610622537482401	0.0	383025	303.985399211	0.2
6249.17952219023	200	4.800959357273183	0.0	383025	309.663180209	0.2
6249.491368273285	200	4.989113274218187	0.0	383025	311.846083055	0.2
6249.8032143563405	200	5.177267191163192	0.0	383025	311.846083055	0.2
6250.115060439396	200	5.365421108108196	0.0	383025	311.846083055	0.2
6250.431314379687	200	5.549167167816717	0.0	383025	316.253940291	0.2
6250.755782799496	200	5.724698748007926	0.0	383025	324.468419809	0.2
6251.080251219305	200	5.900230328199135	0.0	383025	324.468419809	0.2
6251.404719639114	200	6.075761908390344	0.0	383025	324.468419809	0.2
6251.729188058923	200	6.251293488581554	0.0	383025	324.468419809	0.2
6252.053656478732	200	6.4268250687727635	0.0	383025	324.468419809	0.2
6252.378124898541	200	6.602356648963973	0.0	383025	324.468419809	0.2
6252.7025933183495	200	6.777888229155182	0.0	383025	324.468419809	0.2
6253.027061738158	200	6.953419809346391	0.0	383025	324.468419809	0.2
6253.354246799449	200	7.126234748055806	0.0	383025	327.185061291	0.2
6253.682782693653	200	7.297698853852314	0.0	383025	328.535894203	0.2
6254.011318587857	200	7.469162959648822	0.0	383025	328.535894203	0.2
6254.339854482061	200	7.64062706544533	0.0	383025	328.535894203	0.2
6254.668390376265	200	7.812091171241838	0.0	383025	328.535894203	0.2
6254.996926270469	200	7.983555277038347	0.0	383025	328.535894203	0.2
6255.325462164673	200	8.155019382834855	0.0	383025	328.535894203	0.2
6255.653998058877	200	8.326483488631363	0.0	383025	328.535894203	0.2
6255.982533953081	200	8.49794759442787	0.0	383025	328.535894203	0.2
6256.311069847285	200	8.66941170022438	0.0	383025	328.535894203	0.2
6256.639605741489	200	8.840875806020888	0.0	383025	328.535894203	0.2
6256.9681416356925	200	9.012339911817394	0.0	383025	328.535894203	0.2
6257.296677529896	200	9.183804017613902	0.0	383025	328.535894203	0.2
6257.6252134241	200	9.35526812341041	0.0	383025	328.535894203	0.2
6257.953749318304	200	9.526732229206917	0.0	383025	328.535894203	0.2
6258.282149756291	200	9.69833179122002	0.0	383025	328.400437987	0.2
6258.610355741844	200	9.870125805667659	0.0	383025	328.205985552	0.2
6259.4385617273965	200	9.541919820115297	0.0	383025	328.205985552	0.2
6259.766767712948	200	9.713713834562935	0.0	383025	328.205985552	0.2
6260.094973698501	200	9.88550784901057	0.0	383025	328.205985552	0.2
6260.923179684054	200	9.557301863458209	0.0	383025	328.205985552	0.2
6261.251385669607	200	9.729095877905847	0.0	383025	328.205985552	0.2
6261.57959165516	200	9.900889892353485	0.0	383025	328.205985552	0.2
6262.407797640712	200	9.572683906801123	0.0	383025	328.205985552	0.2
6262.736003626264	200	9.74447792124876	0.0	383025	328.205985552	0.2
6263.0642838323265	200	9.916197715186572	0.0	383025	328.2802060621884	0.2
6263.89271975814	200	9.587761789373614	0.0	383025	328.435925813	0.2
6264.221155683953	200	9.759325863560655	0.0	383025	328.435925813	0.2
6264.549591609767	200	9.930889937747695	0.0	383025	328.435925813	0.2
6265.37802753558	200	9.602454011934737	0.0	383025	328.435925813	0.2
6265.7064634613935	200	9.774018086121778	0.0	383025	328.435925813	0.2
6266.034899387207	200	9.945582160308819	0.0	383025	328.435925813	0.2
6266.86333531302	200	9.61714623449586	0.0	383025	328.435925813	0.2
6267.191771238834	200	9.788710308682901	0.0	383025	328.435925813	0.2
6267.520207164647	200	9.960274382869942	0.0	383025	328.435925813	0.2
6268.347857138197	200	9.632624409319666	0.0	383025	327.64997355027737	0.2
6268.669555186246	200	9.81092636127103	0.0	383025	321.698048049	0.2
6268.991253234294	200	9.989228313222393	0.0	383025	321.698048049	0.2
6269.8129512823425	200	9.667530265173756	0.0	383025	321.698048049	0.2
6270.134649330392	200	9.84583221712512	0.0	383025	321.698048049	0.2
6270.958828363799	200	9.52165318371848	0.0	383025	324.17903340664134	0.2
6271.2838192446125	200	9.696662302905175	0.0	383025	324.990880813	0.2
6271.608810125425	200	9.871671422091872	0.0	383025	324.990880813	0.2
6272.433801006239	200	9.546680541278567	0.0	383025	324.990880813	0.2
6272.758791887052	200	9.721689660465263	0.0	383025	324.990880813	0.2
6273.083782767866	200	9.89669877965196	0.0	383025	324.990880813	0.2
6273.908773648679	200	9.571707898838655	0.0	383025	324.990880813	0.2
6274.234540601527	200	9.7459409459905	0.0	383025	325.76695284815435	0.2
6274.560397529285	200	9.92008401823236	0.0	383025	325.856927758	0.2
6275.386254457044	200	9.594227090474222	0.0	383025	325.856927758	0.2
6275.712111384802	200	9.768370162716083	0.0	383025	325.856927758	0.2
6276.037968312559	200	9.942513234957943	0.0	383025	325.856927758	0.2
6276.863825240318	200	9.616656307199804	0.0	383025	325.856927758	0.2
6277.189682168076	200	9.790799379441665	0.0	383025	325.856927758	0.2
6277.515539095833	200	9.964942451683527	0.0	383025	325.856927758	0.2
6278.337301334806	200	9.643180212711	0.0	383025	321.762238972526	0.2
6278.6579827985715	200	9.822498748945927	0.0	383025	320.681463765	0.2
6279.478664262337	200	9.501817285180854	0.0	383025	320.681463765	0.2
6279.799345726102	200	9.681135821415781	0.0	383025	320.681463765	0.2
6280.120027189867	200	9.860454357650708	0.0	383025	320.681463765	0.2
6280.942023103401	200	9.538458444116161	0.0	383025	321.99591353454724	0.2
6281.268605075389	200	9.711876472128136	0.0	383025	326.581971988	0.2
6281.595187047377	200	9.885294500140109	0.0	383025	326.581971988	0.2
6282.4217690193655	200	9.558712528152084	0.0	383025	326.581971988	0.2
6282.748350991354	200	9.732130556164059	0.0	383025	326.581971988	0.2
6283.074932963342	200	9.905548584176033	0.0	383025	326.581971988	0.2
6283.581531425435	200	9.578966612188008	0.0	383025	326.581971988	0.2
6283.902802149192	200	9.75769588843062	0.0	383025	321.270723757	0.2
6284.224072872949	200	9.936425164673233	0.0	383025	321.270723757	0.2
6285.045343596707	200	9.615154440915846	0.0	383025	321.270723757	0.2
6285.366614320465	200	9.79388371715846	0.0	383025	321.270723757	0.2
6285.687885044222	200	9.972612993401073	0.0	383025	321.270723757	0.2
6286.31679659103	200	9.651342269643687	0.0	383025	321.270723757	0.2
6286.64135116585	200	9.82678769482252	0.0	383025	324.554574821	0.2
6287.465905740672	200	9.502233120001353	0.0	383025	324.554574821	0.2
6287.790460315493	200	9.677678545180187	0.0	383025	324.554574821	0.2
6288.115014890314	200	9.853123970359022	0.0	383025	324.554574821	0.2
6288.939569465135	200	9.528569395537856	0.0	383025	324.554574821	0.2
6289.266413903801	200	9.701724956872365	0.0	383025	326.8444386654893	0.2
6289.594862590314	200	9.873276270359144	0.0	383025	328.448686513	0.2
6290.423311276827	200	9.54482758384592	0.0	383025	328.448686513	0.2
6290.75175996334	200	9.7163788973327	0.0	383025	328.448686513	0.2
6291.080208649853	200	9.887930210819476	0.0	383025	328.448686513	0.2

