4537.916683611676	400	0.5	0.16175679933634082	181435	161.756799336	-2.8351359867268164
4538.080944667948	400	0.8357389437274947	0.0	184429	164.261056273	0.4
4538.32981431152	600	1.086869300154482	0.0	285584	248.869643573	0.39999999999999997
4538.667212030705	800	1.2494715809700512	0.0	391425	337.397719184	0.6000000000000001
4539.00460974989	800	1.4120738617856206	0.0	391425	337.397719184	0.8
4539.4246052902845	1000	1.4920783213910427	0.0	490176	419.995540395	0.8
4539.864016767973	1000	1.5526668437021476	0.0	513389	439.411477689	1.0
4540.2897660770595	1000	1.6269175346155607	0.0	497055	425.749309087	1.0
4540.734622935972	1000	1.6820606757023242	0.0	520019	444.856858913	1.0
4541.205200762633	1000	1.711482849041836	0.0	551265	470.57782666	1.0
4541.681683015478	1000	1.7350005961961015	0.0	558332	476.482252846	1.0
4542.14031747546	1000	1.7763661362142733	0.0	536970	458.634459982	1.0
4542.598951935442	1000	1.8177316762324454	0.0	536970	458.634459982	1.0
4543.057586395423	1000	1.8590972162506172	0.0	536970	458.634459982	1.0
4543.516220855405	1000	1.9004627562687892	0.0	536970	458.634459982	1.0
4543.974855315386	1000	1.941828296286961	0.0	536970	458.634459982	1.0
4544.4472369705645	1000	1.9694466411088634	0.0	553424	472.381655178	1.0
4544.892410548831	1000	2.0242730628416954	0.0	522960	445.173578267	1.0
4545.2210522437	200	2.195631367972613	0.0	383025	328.641694869	-0.6000000000000001
4545.549693938569	200	2.3669896731035305	0.0	383025	328.641694869	0.2
4545.878335633438	200	2.538347978234448	0.0	383025	328.641694869	0.2
4546.206977328307	200	2.7097062833653656	0.0	383025	328.641694869	0.2
4546.535619023176	200	2.8810645884962827	0.0	383025	328.641694869	0.2
4546.856682458243	200	3.0600011534287552	0.0	383025	321.063435068	0.2
4547.174314680639	200	3.2423689310326664	0.0	383025	317.632222396	0.2
4547.491946903036	200	3.4247367086365776	0.0	383025	317.632222396	0.2
4547.809579125433	200	3.607104486240489	0.0	383025	317.632222396	0.2
4548.125696731179	200	3.7909868804935813	0.0	383025	316.117605747	0.2
4548.422419903166	200	3.99426370850683	0.0	383025	296.723171987	0.2
4548.719143075153	200	4.197540536520079	0.0	383025	296.723171987	0.2
4549.015866247139	200	4.400817364533328	0.0	383025	296.723171987	0.2
4549.322522068148	200	4.594161543524575	0.0	383025	306.655821009	0.2
4549.638531934572	200	4.778151677100525	0.0	383025	316.009866424	0.2
4549.954541800996	200	4.962141810676476	0.0	383025	316.009866424	0.2
4550.27055166742	200	5.146131944252426	0.0	383025	316.009866424	0.2
4550.586561533843	200	5.330122077828377	0.0	383025	316.009866424	0.2
4550.902571400267	200	5.514112211404328	0.0	383025	316.009866424	0.2
4551.22049597474	200	5.696187636931125	0.0	383025	317.924574473	0.2
4551.538435401198	200	5.878248210473387	0.0	383025	317.939426458	0.2
4551.856374827655	200	6.06030878401565	0.0	383025	317.939426458	0.2
4552.174314254113	200	6.242369357557912	0.0	383025	317.939426458	0.2
4552.49225368057	200	6.424429931100174	0.0	383025	317.939426458	0.2
4552.8082082504525	200	6.608475361217852	0.0	383025	315.954569882	0.2
4553.1150881785725	200	6.801595433098758	0.0	383025	306.879928119	0.2
4553.421968106692	200	6.994715504979664	0.0	383025	306.879928119	0.2
4553.728848034812	200	7.18783557686057	0.0	383025	306.879928119	0.2
4554.036046058884	200	7.380637552787555	0.0	383025	307.198024073	0.2
4554.3433962849385	200	7.5732873267322205	0.0	383025	307.350226055	0.2
4554.6507465109935	200	7.765937100676886	0.0	383025	307.350226055	0.2
4554.958096737048	200	7.95858687462155	0.0	383025	307.350226055	0.2
4555.266622264357	200	8.150061347314034	0.0	383025	308.525527308	0.2
4555.579747036887	200	8.336936574783255	0.0	383025	313.124772531	0.2
4555.8928718094185	200	8.523811802252476	0.0	383025	313.124772531	0.2
4556.205996581949	200	8.710687029721697	0.0	383025	313.124772531	0.2
4556.51912135448	200	8.897562257190918	0.0	383025	313.124772531	0.2
4556.83059988701	200	9.08608372466175	0.0	383025	311.478532529	0.2
4557.1403373471085	200	9.276346264562765	0.0	383025	309.737460099	0.2
4557.450074807208	200	9.466608804463778	0.0	383025	309.737460099	0.2
4557.759812267307	200	9.656871344364792	0.0	383025	309.737460099	0.2
4558.069549727406	200	9.847133884265807	0.0	383025	309.737460099	0.2
4558.882068761147	200	9.534614850525156	0.0	383025	312.519033741	0.2
4559.194960029065	200	9.721723582606458	0.0	383025	312.891267919	0.2
4559.501655515227	200	9.915028096445116	0.0	383025	306.69548616134335	0.2
4560.300428629283	200	9.616254982388861	0.0	383025	298.773114056	0.2
4560.605028168162	200	9.811655443509842	0.0	383025	304.5995388790206	0.2
4561.41345565216	200	9.503227959511818	0.0	383025	308.427483998	0.2
4561.722379291996	200	9.69430431967694	0.0	383025	308.92363983487877	0.2
4562.032072775281	200	9.88461083639138	0.0	383025	309.693483286	0.2
4562.841766258567	200	9.57491735310582	0.0	383025	309.693483286	0.2
4563.167509160429	200	9.7491744512435	0.0	383025	325.7429018623189	0.2
4563.500491454804	200	9.916192156868636	0.0	383025	332.982294375	0.2
4564.33347374918	200	9.583209862493772	0.0	383025	332.982294375	0.2
4564.666456043555	200	9.750227568118907	0.0	383025	332.982294375	0.2
4564.99943833793	200	9.917245273744044	0.0	383025	332.982294375	0.2
4565.499914366472	200	9.58426297936918	0.0	383025	332.982294375	0.2
4565.818242736616	200	9.765934609224276	0.0	383025	318.328370145	0.2
4566.136571106761	200	9.947606239079372	0.0	383025	318.328370145	0.2
4566.954899476906	200	9.62927786893447	0.0	383025	318.328370145	0.2
4567.273375894333	200	9.810801451506483	0.0	383025	318.476417427984	0.2
4567.595927981199	200	9.988249364640856	0.0	383025	322.552086866	0.2
4568.418480068064	200	9.665697277775228	0.0	383025	322.552086866	0.2
4568.744611972195	200	9.839565373644826	0.0	383025	326.13190413040235	0.2
4569.577465724357	200	9.506711621482506	0.0	383025	332.853752162	0.2
4569.910319476519	200	9.673857869320186	0.0	383025	332.853752162	0.2
4570.243173228682	200	9.841004117157865	0.0	383025	332.853752162	0.2
4571.076026980844	200	9.508150364995545	0.0	383025	332.853752162	0.2
4571.408880733006	200	9.675296612833225	0.0	383025	332.853752162	0.2
4571.740929608287	200	9.843247737552153	0.0	383025	332.04887528107207	0.2
4572.571605426354	200	9.512571919485358	0.0	383025	330.675818067	0.2
4572.902281244422	200	9.681896101418566	0.0	383025	330.675818067	0.2
4573.232957062489	200	9.851220283351774	0.0	383025	330.675818067	0.2
4574.063632880556	200	9.52054446528498	0.0	383025	330.675818067	0.2
4574.394308698623	200	9.689868647218187	0.0	383025	330.675818067	0.2
4574.72498451669	200	9.859192829151395	0.0	383025	330.675818067	0.2
4575.559949927849	200	9.52422741799195	0.0	383025	334.96541115944444	0.2
4575.896523406284	200	9.687653939556878	0.0	383025	336.573478435	0.2
4576.233096884719	200	9.851080461121807	0.0	383025	336.573478435	0.2
4577.069670363154	200	9.514506982686735	0.0	383025	336.573478435	0.2
4577.4062438415895	200	9.677933504251664	0.0	383025	336.573478435	0.2
4577.742817320024	200	9.841360025816591	0.0	383025	336.573478435	0.2
4578.57939079846	200	9.50478654738152	0.0	383025	336.573478435	0.2
4578.915964276895	200	9.668213068946448	0.0	383025	336.573478435	0.2
4579.25253775533	200	9.831639590511378	0.0	383025	336.573478435	0.2
4579.589111233765	200	9.995066112076305	0.0	383025	336.573478435	0.2
4580.018948744396	200	9.658492633641234	0.0	383025	336.573478435	0.2
4580.3546830821515	200	9.822758295886048	0.0	383025	335.734337755	0.2
4580.690417419907	200	9.987023958130864	0.0	383025	335.734337755	0.2
4581.526151757662	200	9.65128962037568	0.0	383025	335.734337755	0.2
4581.8618860954175	200	9.815555282620496	0.0	383025	335.734337755	0.2
4582.197620433173	200	9.979820944865311	0.0	383025	335.734337755	0.2
4583.033354770929	200	9.644086607110127	0.0	383025	335.734337755	0.2
4583.369089108684	200	9.808352269354943	0.0	383025	335.734337755	0.2
4583.704823446439	200	9.972617931599759	0.0	383025	335.734337755	0.2
4584.540557784195	200	9.636883593844574	0.0	383025	335.734337755	0.2
4584.8703685431765	200	9.807072834862334	0.0	383025	329.81075898223924	0.2
4585.199463295828	200	9.977978082211472	0.0	383025	329.094752651	0.2
4586.028558048479	200	9.64888332956061	0.0	383025	329.094752651	0.2
4586.357652801129	200	9.819788576909746	0.0	383025	329.094752651	0.2
4586.68674755378	200	9.990693824258884	0.0	383025	329.094752651	0.2
4587.135999967359	200	9.661599071608022	0.0	383025	329.094752651	0.2

