6389.416534457222	400	0.5	0.15564942606590024	181435	155.649426066	-2.712988521318005
6389.574587357709	400	0.8419470995127295	0.0	184429	158.052900487	0.4
6389.813843817013	600	1.1026906402099266	0.0	285584	239.256459303	0.39999999999999997
6390.138065585678	800	1.2784688715443164	0.0	391425	324.221768666	0.6000000000000001
6390.462287354345	800	1.4542471028787063	0.0	391425	324.221768666	0.8
6390.865782837968	1000	1.5507516192549362	0.0	490176	403.495483624	0.8
6391.287912874613	1000	1.628621582610703	0.0	513389	422.130036644	1.0
6391.6969305695075	1000	1.7196038877161894	0.0	497055	409.017694895	1.0
6392.124382929269	1000	1.7921515279544933	0.0	520019	427.452359762	1.0
6392.576918442594	1000	1.839616014628958	0.0	551265	452.535513326	1.0
6393.03512708676	1000	1.8814073704631344	0.0	558332	458.208644166	1.0
6393.475974807113	1000	1.940559650111178	0.0	536970	440.847720352	1.0
6393.916512810866	1000	2.0000216463574767	0.0	536970	440.538003754	1.0
6394.233619015846	200	2.182915441378127	0.0	383025	317.106204979	-0.6000000000000001
6394.5507252208245	200	2.365809236398777	0.0	383025	317.106204979	0.2
6394.867831425804	200	2.5487030314194272	0.0	383025	317.106204979	0.2
6395.184937630783	200	2.731596826440077	0.0	383025	317.106204979	0.2
6395.499792694459	200	2.916741762763996	0.0	383025	314.855063676	0.2
6395.812001296075	200	3.104533161147688	0.0	383025	312.208601616	0.2
6396.124209897692	200	3.29232455953138	0.0	383025	312.208601616	0.2
6396.436418499307	200	3.4801159579150722	0.0	383025	312.208601616	0.2
6396.748627100924	200	3.6679073562987643	0.0	383025	312.208601616	0.2
6397.06083570254	200	3.8556987546824564	0.0	383025	312.208601616	0.2
6397.373044304157	200	4.0434901530661485	0.0	383025	312.208601616	0.2
6397.685252905773	200	4.23128155144984	0.0	383025	312.208601616	0.2
6397.993866464804	200	4.422667992418544	0.0	383025	308.613559031	0.2
6398.301058580958	200	4.615475876264605	0.0	383025	307.192116154	0.2
6398.608250697112	200	4.808283760110665	0.0	383025	307.192116154	0.2
6398.915442813267	200	5.001091643956726	0.0	383025	307.192116154	0.2
6399.2226349294215	200	5.193899527802787	0.0	383025	307.192116154	0.2
6399.52643428084	200	5.390100176384674	0.0	383025	303.799351418	0.2
6399.827282557496	200	5.589251899728912	0.0	383025	300.848276656	0.2
6400.128130834152	200	5.788403623073149	0.0	383025	300.848276656	0.2
6400.4289791108085	200	5.987555346417387	0.0	383025	300.848276656	0.2
6400.729827387464	200	6.186707069761623	0.0	383025	300.848276656	0.2
6401.03067566412	200	6.385858793105861	0.0	383025	300.848276656	0.2
6401.326685526071	200	6.589848931155502	0.0	383025	296.00986195	0.2
6401.620519985808	200	6.796014471418439	0.0	383025	293.834459737	0.2
6401.914354445545	200	7.002180011681376	0.0	383025	293.834459737	0.2
6402.216099933695	200	7.200434523531649	0.0	383025	301.74548815	0.2
6402.522598645907	200	7.3939358113195235	0.0	383025	306.498712212	0.2
6402.829097358119	200	7.587437099107397	0.0	383025	306.498712212	0.2
6403.13559607033	200	7.780938386895272	0.0	383025	306.498712212	0.2
6403.442094782543	200	7.974439674683146	0.0	383025	306.498712212	0.2
6403.756469955354	200	8.160064501871208	0.0	383025	314.375172812	0.2
6404.071085774707	200	8.345448682517171	0.0	383025	314.615819354	0.2
6404.385701594061	200	8.530832863163136	0.0	383025	314.615819354	0.2
6404.700317413415	200	8.716217043809099	0.0	383025	314.615819354	0.2
6405.014933232768	200	8.901601224455064	0.0	383025	314.615819354	0.2
6405.329549052122	200	9.086985405101029	0.0	383025	314.615819354	0.2
6405.644164871475	200	9.272369585746992	0.0	383025	314.615819354	0.2
6405.958780690829	200	9.457753766392957	0.0	383025	314.615819354	0.2
6406.266450367752	200	9.650084089470068	0.0	383025	307.669676923	0.2
6406.572341218872	200	9.844193238350075	0.0	383025	305.89085112	0.2
6407.378232069991	200	9.538302387230083	0.0	383025	305.89085112	0.2
6407.684122921111	200	9.732411536110089	0.0	383025	305.89085112	0.2
6407.997088275706	200	9.919446181515108	0.0	383025	312.96535459498	0.2
6408.813491327343	200	9.603043129877646	0.0	383025	316.403051637	0.2
6409.129894378981	200	9.786640078240183	0.0	383025	316.403051637	0.2
6409.446297430618	200	9.970237026602721	0.0	383025	316.403051637	0.2
6410.262700482255	200	9.65383397496526	0.0	383025	316.403051637	0.2
6410.580248855707	200	9.836285601512882	0.0	383025	317.54837345237706	0.2
6411.401796104993	200	9.514738352227699	0.0	383025	321.547249285	0.2
6411.723343354278	200	9.693191102942517	0.0	383025	321.547249285	0.2
6412.0448906035635	200	9.871643853657336	0.0	383025	321.547249285	0.2
6412.866437852849	200	9.550096604372152	0.0	383025	321.547249285	0.2
6413.187985102135	200	9.72854935508697	0.0	383025	321.547249285	0.2
6413.509532351421	200	9.907002105801789	0.0	383025	321.547249285	0.2
6414.333238185417	200	9.583296271804903	0.0	383025	323.70583399688576	0.2
6414.658736802137	200	9.757797655084152	0.0	383025	325.498616721	0.2
6414.984235418858	200	9.932299038363402	0.0	383025	325.498616721	0.2
6415.809734035579	200	9.606800421642653	0.0	383025	325.498616721	0.2
6416.135232652299	200	9.781301804921902	0.0	383025	325.498616721	0.2
6416.46073126902	200	9.955803188201152	0.0	383025	325.498616721	0.2
6417.28622988574	200	9.630304571480403	0.0	383025	325.498616721	0.2
6417.611728502461	200	9.804805954759653	0.0	383025	325.498616721	0.2
6417.937227119181	200	9.979307338038904	0.0	383025	325.498616721	0.2
6418.762725735902	200	9.653808721318153	0.0	383025	325.498616721	0.2
6419.088224352622	200	9.828310104597403	0.0	383025	325.498616721	0.2
6419.913339071641	200	9.503195385578861	0.0	383025	325.1147190185412	0.2
6420.235149303697	200	9.681385153522433	0.0	383025	321.810232056	0.2
6420.556959535754	200	9.859574921466004	0.0	383025	321.810232056	0.2
6421.37876976781	200	9.537764689409576	0.0	383025	321.810232056	0.2
6421.700579999866	200	9.715954457353147	0.0	383025	321.810232056	0.2
6422.022390231922	200	9.894144225296719	0.0	383025	321.810232056	0.2
6422.844200463978	200	9.57233399324029	0.0	383025	321.810232056	0.2
6423.166010696035	200	9.750523761183862	0.0	383025	321.810232056	0.2
6423.491742012082	200	9.924792445137184	0.0	383025	325.7313160466775	0.2
6424.318310760621	200	9.59822369659785	0.0	383025	326.568748539	0.2
6424.64487950916	200	9.771654948058517	0.0	383025	326.568748539	0.2
6424.971448257699	200	9.945086199519183	0.0	383025	326.568748539	0.2
6425.798017006239	200	9.61851745097985	0.0	383025	326.568748539	0.2
6426.124585754778	200	9.791948702440516	0.0	383025	326.568748539	0.2
6426.451154503317	200	9.96537995390118	0.0	383025	326.568748539	0.2
6427.2777232518565	200	9.638811205361847	0.0	383025	326.568748539	0.2
6427.6042920003965	200	9.812242456822514	0.0	383025	326.568748539	0.2
6427.930860748936	200	9.98567370828318	0.0	383025	326.568748539	0.2
6428.757429497475	200	9.659104959743846	0.0	383025	326.568748539	0.2
6429.083998246014	200	9.832536211204513	0.0	383025	326.568748539	0.2
6429.750249015155	200	9.50596746266518	0.0	383025	326.568748539	0.2
6430.076960772732	200	9.679255705088211	0.0	383025	326.711757577	0.2
6430.4036725303085	200	9.852543947511244	0.0	383025	326.711757577	0.2
6431.2303842878855	200	9.525832189934276	0.0	383025	326.711757577	0.2
6431.5570960454625	200	9.699120432357308	0.0	383025	326.711757577	0.2
6431.883807803039	200	9.87240867478034	0.0	383025	326.711757577	0.2
6432.710519560616	200	9.54569691720337	0.0	383025	326.711757577	0.2
6433.037231318193	200	9.718985159626403	0.0	383025	326.711757577	0.2
6433.36394307577	200	9.892273402049435	0.0	383025	326.711757577	0.2
6434.190654833347	200	9.565561644472467	0.0	383025	326.711757577	0.2
6434.517366590924	200	9.7388498868955	0.0	383025	326.711757577	0.2
6434.844078348501	200	9.912138129318532	0.0	383025	326.711757577	0.2
6435.66852938121	200	9.587687096609804	0.0	383025	324.45103270872823	0.2
6435.99277407648	200	9.763442401340338	0.0	383025	324.244695269	0.2
6436.317018771749	200	9.939197706070875	0.0	383025	324.244695269	0.2
6437.141263467019	200	9.61495301080141	0.0	383025	324.244695269	0.2
6437.465508162288	200	9.790708315531946	0.0	383025	324.244695269	0.2
6437.789752857558	200	9.96646362026248	0.0	383025	324.244695269	0.2
6438.613997552827	200	9.642218924993015	0.0	383025	324.244695269	0.2
6438.938242248097	200	9.817974229723552	0.0	383025	324.244695269	0.2
6439.262486943366	200	9.993729534454086	0.0	383025	324.244695269	0.2

