372.23626170069394	400	0.5	0.14914891402558594	181435	149.148914026	-2.582978280511719
372.3877068191376	400	0.8485548815563436	0.0	184429	151.445118444	0.4
372.6167312822405	600	1.1195304184533978	0.0	285584	229.024463103	0.39999999999999997
372.9269289490218	800	1.309332751672099	0.0	391425	310.197666781	0.6000000000000001
373.234025587279	800	1.502236113414905	0.0	391425	307.096638257	0.8
373.6147293518111	1000	1.6215323488828002	0.0	490176	380.703764532	0.8
374.01200433114315	1000	1.7242573695507404	0.0	513389	397.274979332	1.0
374.41471115456034	1000	1.8215505461335777	0.0	497055	402.706823417	1.0
374.8404930557124	1000	1.8957686449815037	0.0	520019	425.781901152	1.0
375.29728449038373	1000	1.9389772103101017	0.0	551265	456.791434671	1.0
375.7621113848264	1000	1.9741503158674363	0.0	558332	464.826894443	1.0
376.2143556173957	1000	2.021906083298164	0.0	536970	452.244232569	1.0
376.53588448592717	200	2.200377214766693	0.0	383025	321.528868531	-0.6000000000000001
376.856958266251	200	2.379303434442828	0.0	383025	321.073780324	0.2
377.1723038605199	200	2.5639578401739618	0.0	383025	315.345594269	0.2
377.48680045092806	200	2.7494612497658193	0.0	383025	314.496590408	0.2
377.7995306309855	200	2.9367310697083546	0.0	383025	312.730180057	0.2
378.1096960344142	200	3.126565666279666	0.0	383025	310.165403429	0.2
378.4199102594898	200	3.316351441203986	0.0	383025	310.214225076	0.2
378.73540695330564	200	3.500854747388204	0.0	383025	315.496693816	0.2
379.05090364712146	200	3.6853580535724224	0.0	383025	315.496693816	0.2
379.368404445015	200	3.867857255678881	0.0	383025	317.500797894	0.2
379.6886366786156	200	4.047625022078335	0.0	383025	320.232233601	0.2
380.0081643334142	200	4.228097367279754	0.0	383025	319.527654799	0.2
380.31834967139696	200	4.41791202929697	0.0	383025	310.185337983	0.2
380.62853500937973	200	4.607726691314184	0.0	383025	310.185337983	0.2
380.93459401006845	200	4.8016676906254885	0.0	383025	306.059000689	0.2
381.23795878961835	200	4.998302911075633	0.0	383025	303.36477955	0.2
381.5440372308075	200	5.192224469886515	0.0	383025	306.078441189	0.2
381.85197172057127	200	5.384289980122705	0.0	383025	307.934489764	0.2
382.16101325214134	200	5.575248448552635	0.0	383025	309.04153157	0.2
382.47187189746916	200	5.764389803224851	0.0	383025	310.858645328	0.2
382.784557998697	200	5.951703701996998	0.0	383025	312.686101228	0.2
383.0991923237845	200	6.137069376909459	0.0	383025	314.634325088	0.2
383.4157980619581	200	6.3204636387358475	0.0	383025	316.605738174	0.2
383.74102165667193	200	6.495240044022005	0.0	383025	325.223594714	0.2
384.0662452513858	200	6.670016449308161	0.0	383025	325.223594714	0.2
384.3851814279133	200	6.8510802727806475	0.0	383025	318.936176528	0.2
384.7034350933222	200	7.032826607371783	0.0	383025	318.253665409	0.2
385.01633456514793	200	7.219927135546061	0.0	383025	312.899471826	0.2
385.32564638982956	200	7.410615310864439	0.0	383025	309.311824682	0.2
385.6310274377854	200	7.605234262908616	0.0	383025	305.381047956	0.2
385.9362519034552	200	7.800009797238866	0.0	383025	305.22446567	0.2
386.24017134087865	200	7.996090359815407	0.0	383025	303.919437423	0.2
386.5397805663963	200	8.196481134297755	0.0	383025	299.609225518	0.2
386.83159684231236	200	8.40466485838168	0.0	383025	291.816275916	0.2
387.1217465521522	200	8.61451514854185	0.0	383025	290.14970984	0.2
387.4112862189964	200	8.824975481697646	0.0	383025	289.539666844	0.2
387.7060182403602	200	9.030243460333846	0.0	383025	294.732021364	0.2
388.0015135506186	200	9.234748150075418	0.0	383025	295.495310258	0.2
388.29773159245974	200	9.438530108234307	0.0	383025	296.218041841	0.2
388.59416523913956	200	9.642096461554475	0.0	383025	296.43364668	0.2
388.898077692279	200	9.83818400841504	0.0	383025	303.912453139	0.2
389.25881167855505	200	9.53329947763229	0.0	383025	304.884530783	0.2
389.5678886491105	200	9.724222507076824	0.0	383025	309.076970555	0.2
389.87696561966595	200	9.915145536521356	0.0	383025	309.076970555	0.2
390.2724834332769	200	9.609388380468012	0.0	383025	305.75715605334483	0.2
390.57357670262485	200	9.808295111120014	0.0	383025	301.093269348	0.2
391.0067669953126	200	9.507126947278948	0.0	383025	301.16816384106625	0.2
391.30784982646185	200	9.706044116129686	0.0	383025	301.082831149	0.2
391.6129856170892	200	9.900908325502375	0.0	383025	305.13579062731077	0.2
392.2223914273317	200	9.590325781392755	0.0	383025	310.58254411	0.2
392.5397006885847	200	9.773016520139741	0.0	383025	317.309261253	0.2
392.85893216836627	200	9.953785040358092	0.0	383025	319.231479781648	0.2
393.3893291387512	200	9.631268568299385	0.0	383025	322.516472059	0.2
393.71034997307305	200	9.810247733977512	0.0	383025	321.020834322	0.2
394.03119849172055	200	9.989399215330002	0.0	383025	320.8485186475096	0.2
394.5620961354294	200	9.668825285723356	0.0	383025	320.573929607	0.2
394.87962687102566	200	9.851294550127086	0.0	383025	317.530735596	0.2
395.69465033386496	200	9.536271087287773	0.0	383025	315.0234628393131	0.2
396.01996552264956	200	9.710955898503125	0.0	383025	325.3151887846468	0.2
396.3471710578538	200	9.883750363298939	0.0	383025	327.205535204	0.2
397.1695537440469	200	9.561367677105835	0.0	383025	322.3826861931056	0.2
397.4860518954696	200	9.74486952568313	0.0	383025	316.49815142270467	0.2
397.8005576519771	200	9.930363769175607	0.0	383025	314.505756508	0.2
398.6178241161381	200	9.613097305014609	0.0	383025	317.26646416099703	0.2
398.9362791052748	200	9.794642315877866	0.0	383025	318.45498913674476	0.2
399.2538616745676	200	9.977059746585097	0.0	383025	317.582569293	0.2
400.0708872244719	200	9.660034196680776	0.0	383025	317.02554990432196	0.2
400.38779230318124	200	9.8431291179714	0.0	383025	316.9050787093747	0.2
401.06765133619155	200	9.526209475643334	0.0	383025	316.919642328	0.2
401.39173061374646	200	9.702130198088481	0.0	383025	324.079277555	0.2
401.7175390397491	200	9.876321772085795	0.0	383025	325.80842600268596	0.2
402.39285060539356	200	9.55007963653348	0.0	383025	326.242135552	0.2
402.7258526044302	200	9.717077637496857	0.0	383025	333.001999037	0.2
403.0615268693404	200	9.88140337258672	0.0	383025	335.67426491013885	0.2
403.9020297145038	200	9.540900527423315	0.0	383025	340.502845163	0.2
404.22523375486867	200	9.717696487058435	0.0	383025	323.20404036488117	0.2
404.5444630112507	200	9.898467230676468	0.0	383025	319.229256382	0.2
405.3782059275877	200	9.564724314339449	0.0	383025	333.7429163370206	0.2
405.7237838554399	200	9.719146386487298	0.0	383025	345.5779278521508	0.2
406.0786717134945	200	9.86425852843268	0.0	383025	354.887858055	0.2
406.50333794869664	200	9.509370670378063	0.0	383025	354.887858055	0.2
406.83709069195186	200	9.675617927122808	0.0	383025	333.752743255	0.2
407.1708434352071	200	9.841865183867554	0.0	383025	333.752743255	0.2
407.5819274280507	200	9.534965076374808	0.0	383025	306.90010749274506	0.2
407.8758612409316	200	9.741031263493866	0.0	383025	293.933812881	0.2
408.1820053764198	200	9.934887128005645	0.0	383025	306.14413548822125	0.2
408.61294715104583	200	9.616547219552608	0.0	383025	318.339908453	0.2
408.93151205956127	200	9.797982311037186	0.0	383025	318.564908515	0.2
409.2500769680767	200	9.979417402521767	0.0	383025	318.564908515	0.2
410.0698959739098	200	9.659598396688622	0.0	383025	319.8190058331456	0.2
410.3935228609813	200	9.83597150961714	0.0	383025	323.6268870714818	0.2
410.99527812846566	200	9.5116826114792	0.0	383025	324.288898138	0.2
411.32320257724086	200	9.68375816270397	0.0	383025	327.9244487752291	0.2
411.6383872573972	200	9.868573482547676	0.0	383025	315.1846801562958	0.2
412.4710621333939	200	9.535898606550967	0.0	383025	332.6748759967083	0.2
412.80812827539836	200	9.698832464546507	0.0	383025	337.066142004	0.2
413.14519441740276	200	9.861766322542048	0.0	383025	337.066142004	0.2
413.77670927379523	200	9.524700180537588	0.0	383025	337.066142004	0.2
414.09961687593307	200	9.701792578399743	0.0	383025	322.907602138	0.2
414.42320000082276	200	9.878209453510024	0.0	383025	323.58312488972007	0.2
414.92081689812164	200	9.544870763718409	0.0	383025	333.338689792	0.2
415.24731056261567	200	9.718377099224336	0.0	383025	326.493664494	0.2
415.57380422710975	200	9.891883434730262	0.0	383025	326.493664494	0.2
415.92789622715094	200	9.568470241107356	0.0	383025	323.4131936229069	0.2
416.24614302978307	200	9.750223438475178	0.0	383025	318.246802632	0.2
416.56438983241526	200	9.931976635842998	0.0	383025	318.246802632	0.2
416.9257465811599	200	9.614884424412013	0.0	383025	317.0922114309859	0.2
417.23790197798803	200	9.80272902758387	0.0	383025	312.155396828	0.2

