4974.340056063968	400	0.5	0.15708988438472854	181435	157.089884385	-2.741797687694571
4974.4995731928975	400	0.8404828710712315	0.0	184429	159.517128929	0.4
4974.741096975751	600	1.0989590882171607	0.0	285584	241.523782854	0.39999999999999997
4975.068426366416	800	1.2716296975522263	0.0	391425	327.329390665	0.6000000000000001
4975.39575575708	800	1.444300306887292	0.0	391425	327.329390665	0.8
4975.80314287185	1000	1.5369131921179877	0.0	490176	407.387114769	0.8
4976.229348833513	1000	1.6107072304546295	0.0	513389	426.205961663	1.0
4976.642312773672	1000	1.6977432902950613	0.0	497055	412.96394016	1.0
4977.074168074182	1000	1.7658879897843964	0.0	520019	431.855300511	1.0
4977.531568898848	1000	1.8084871651195757	0.0	551265	457.400824665	1.0
4977.994705225726	1000	1.8453508382409265	0.0	558332	463.136326879	1.0
4978.440504380072	1000	1.8995516838954327	0.0	536970	445.799154345	1.0
4978.8863035344175	1000	1.9537525295499387	0.0	536970	445.799154345	1.0
4979.332102688763	1000	2.007953375204445	0.0	536970	445.799154345	1.0
4979.652961714581	200	2.18709434938702	0.0	383025	320.859025817	-0.6000000000000001
4979.973820740398	200	2.3662353235695948	0.0	383025	320.859025817	0.2
4980.294679766215	200	2.5453762977521692	0.0	383025	320.859025817	0.2
4980.615538792033	200	2.7245172719347437	0.0	383025	320.859025817	0.2
4980.936294960309	200	2.903761103658972	0.0	383025	320.756168276	0.2
4981.256718558018	200	3.0833375059499843	0.0	383025	320.423597709	0.2
4981.577142155727	200	3.262913908240997	0.0	383025	320.423597709	0.2
4981.8975657534365	200	3.4424903105320097	0.0	383025	320.423597709	0.2
4982.217989351146	200	3.622066712823022	0.0	383025	320.423597709	0.2
4982.538412948855	200	3.8016431151140346	0.0	383025	320.423597709	0.2
4982.858836546565	200	3.981219517405047	0.0	383025	320.423597709	0.2
4983.179260144274	200	4.16079591969606	0.0	383025	320.423597709	0.2
4983.499683741983	200	4.340372321987073	0.0	383025	320.423597709	0.2
4983.820107339692	200	4.519948724278085	0.0	383025	320.423597709	0.2
4984.140467729132	200	4.699588334839089	0.0	383025	320.360389439	0.2
4984.460638359934	200	4.879417704036928	0.0	383025	320.170630802	0.2
4984.780808990737	200	5.0592470732347685	0.0	383025	320.170630802	0.2
4985.1009796215385	200	5.239076442432608	0.0	383025	320.170630802	0.2
4985.421150252341	200	5.418905811630448	0.0	383025	320.170630802	0.2
4985.741320883144	200	5.598735180828287	0.0	383025	320.170630802	0.2
4986.061491513946	200	5.778564550026127	0.0	383025	320.170630802	0.2
4986.381662144749	200	5.958393919223967	0.0	383025	320.170630802	0.2
4986.701832775551	200	6.138223288421806	0.0	383025	320.170630802	0.2
4987.022003406353	200	6.3180526576196465	0.0	383025	320.170630802	0.2
4987.342174037156	200	6.497882026817486	0.0	383025	320.170630802	0.2
4987.662344667958	200	6.677711396015326	0.0	383025	320.170630802	0.2
4987.9825152987605	200	6.857540765213165	0.0	383025	320.170630802	0.2
4988.302685929563	200	7.037370134411005	0.0	383025	320.170630802	0.2
4988.621398155892	200	7.218657908081796	0.0	383025	318.712226329	0.2
4988.939413594394	200	7.400642469579848	0.0	383025	318.015438502	0.2
4989.257429032896	200	7.582627031077902	0.0	383025	318.015438502	0.2
4989.5754444713975	200	7.764611592575955	0.0	383025	318.015438502	0.2
4989.893459909899	200	7.946596154074008	0.0	383025	318.015438502	0.2
4990.211475348401	200	8.128580715572062	0.0	383025	318.015438502	0.2
4990.529490786903	200	8.310565277070115	0.0	383025	318.015438502	0.2
4990.846057865995	200	8.49399819797758	0.0	383025	316.567079093	0.2
4991.161517346173	200	8.678538717799086	0.0	383025	315.459480178	0.2
4991.476976826352	200	8.863079237620589	0.0	383025	315.459480178	0.2
4991.79243630653	200	9.04761975744209	0.0	383025	315.459480178	0.2
4992.107895786709	200	9.232160277263594	0.0	383025	315.459480178	0.2
4992.4233552668875	200	9.416700797085097	0.0	383025	315.459480178	0.2
4992.7388147470665	200	9.6012413169066	0.0	383025	315.459480178	0.2
4993.055622521915	200	9.784433542057586	0.0	383025	316.807774849	0.2
4993.3727208247055	200	9.96733523926735	0.0	383025	317.09830279	0.2
4994.189819127495	200	9.650236936477112	0.0	383025	317.09830279	0.2
4994.506917430285	200	9.833138633686877	0.0	383025	317.09830279	0.2
4995.324015733076	200	9.51604033089664	0.0	383025	317.09830279	0.2
4995.641114035865	200	9.698942028106403	0.0	383025	317.09830279	0.2
4995.95754397946	200	9.882512084512275	0.0	383025	316.42994359412853	0.2
4996.773642253635	200	9.566413810336032	0.0	383025	316.098274176	0.2
4997.089740527811	200	9.750315536159787	0.0	383025	316.098274176	0.2
4997.405838801988	200	9.934217261983544	0.0	383025	316.098274176	0.2
4998.221937076163	200	9.6181189878073	0.0	383025	316.098274176	0.2
4998.538025794174	200	9.802030269796367	0.0	383025	316.08871801093323	0.2
4998.853929953995	200	9.986126109975324	0.0	383025	315.904159821	0.2
4999.669834113816	200	9.670221950154279	0.0	383025	315.904159821	0.2
4999.985738273636	200	9.854317790333234	0.0	383025	315.904159821	0.2
5000.801642433457	200	9.53841363051219	0.0	383025	315.904159821	0.2
5001.117546593277	200	9.722509470691145	0.0	383025	315.904159821	0.2
5001.433574858086	200	9.90648120588289	0.0	383025	316.0282648082548	0.2
5002.249668380212	200	9.590387683756582	0.0	383025	316.093522126	0.2
5002.565761902338	200	9.774294161630275	0.0	383025	316.093522126	0.2
5002.8818554244635	200	9.958200639503966	0.0	383025	316.093522126	0.2
5003.432931713597	200	9.642107117377659	0.0	383025	316.093522126	0.2
5003.7480847639	200	9.82695406707548	0.0	383025	315.153050302	0.2
5004.563237814202	200	9.511801016773301	0.0	383025	315.153050302	0.2
5004.878390864505	200	9.696647966471122	0.0	383025	315.153050302	0.2
5005.193543914807	200	9.881494916168943	0.0	383025	315.153050302	0.2
5005.649445098027	200	9.566341865866764	0.0	383025	315.153050302	0.2
5005.963609492053	200	9.752177471840993	0.0	383025	314.164394026	0.2
5006.277773886079	200	9.938013077815219	0.0	383025	314.164394026	0.2
5007.091938280105	200	9.623848683789447	0.0	383025	314.164394026	0.2
5007.40610267413	200	9.809684289763675	0.0	383025	314.164394026	0.2
5007.720267068156	200	9.995519895737901	0.0	383025	314.164394026	0.2
5008.5357988752285	200	9.67998808866499	0.0	383025	315.5318070729121	0.2
5008.85189118698	200	9.863895776913912	0.0	383025	316.092311751	0.2
5009.667983498731	200	9.547803465162835	0.0	383025	316.092311751	0.2
5009.984075810482	200	9.731711153411757	0.0	383025	316.092311751	0.2
5010.300168122233	200	9.915618841660681	0.0	383025	316.092311751	0.2
5011.116546591136	200	9.599240372756654	0.0	383025	316.37846890402653	0.2
5011.434160537932	200	9.781626425961349	0.0	383025	317.613946795	0.2
5011.751774484727	200	9.964012479166044	0.0	383025	317.613946795	0.2
5012.569388431523	200	9.646398532370739	0.0	383025	317.613946795	0.2
5012.887002378318	200	9.828784585575432	0.0	383025	317.613946795	0.2
5013.703217665066	200	9.512569298828115	0.0	383025	316.2152867473186	0.2
5014.018635567159	200	9.697151396734428	0.0	383025	315.417902094	0.2
5014.3340534692525	200	9.881733494640743	0.0	383025	315.417902094	0.2
5015.149471371346	200	9.566315592547056	0.0	383025	315.417902094	0.2
5015.464889273439	200	9.75089769045337	0.0	383025	315.417902094	0.2
5015.783458567318	200	9.932328396574597	0.0	383025	318.56929387877216	0.2
5016.6038996468715	200	9.61188731702125	0.0	383025	320.441079553	0.2
5016.924340726425	200	9.791446237467902	0.0	383025	320.441079553	0.2
5017.244781805978	200	9.971005157914554	0.0	383025	320.441079553	0.2
5018.0652228855315	200	9.650564078361207	0.0	383025	320.441079553	0.2
5018.385663965085	200	9.830122998807859	0.0	383025	320.441079553	0.2
5019.173513086069	200	9.509681919254511	0.0	383025	320.441079553	0.2
5019.488069270331	200	9.695125734992914	0.0	383025	314.556184262	0.2
5019.802625454592	200	9.880569550731314	0.0	383025	314.556184262	0.2
5020.617181638854	200	9.566013366469715	0.0	383025	314.556184262	0.2
5020.931737823116	200	9.751457182208116	0.0	383025	314.556184262	0.2
5021.246571051458	200	9.93662395386682	0.0	383025	314.8332283412971	0.2
5022.06165396098	200	9.621541044344472	0.0	383025	315.082909522	0.2
5022.376736870503	200	9.806458134822126	0.0	383025	315.082909522	0.2
5022.691819780026	200	9.991375225299779	0.0	383025	315.082909522	0.2
5023.507176157048	200	9.676018848277414	0.0	383025	315.3563770223654	0.2
5023.823177927126	200	9.860017078198837	0.0	383025	316.001770079	0.2

