4926.456409661132	400	0.5	0.16240642245467804	181435	162.406422455	-2.848128449093561
4926.621331060459	400	0.8350786006730023	0.0	184429	164.921399327	0.4
4926.871223229833	600	1.0851864312994153	0.0	285584	249.892169374	0.39999999999999997
4927.210022435661	800	1.2463872254718609	0.0	391425	338.799205828	0.6000000000000001
4927.548821641488	800	1.4075880196443062	0.0	391425	338.799205828	0.8
4927.970572243815	1000	1.4858374173176094	0.0	490176	421.750602327	0.8
4928.411821896955	1000	1.5445877641768992	0.0	513389	441.249653141	1.0
4928.839350898048	1000	1.617058763084442	0.0	497055	427.529001092	1.0
4929.284067446202	1000	1.6723422149301879	0.0	520019	444.716548154	1.0
4929.743643224035	1000	1.7127664370974707	0.0	551265	459.575777833	1.0
4930.208982386123	1000	1.747427275008645	0.0	558332	465.339162089	1.0
4930.65729162836	1000	1.7991180327713245	0.0	536970	448.309242237	1.0
4931.108450721903	1000	1.8479589392289109	0.0	536970	451.159093542	1.0
4931.559609815445	1000	1.896799845686497	0.0	536970	451.159093542	1.0
4932.010768908986	1000	1.9456407521440833	0.0	536970	451.159093542	1.0
4932.461928002529	1000	1.9944816586016696	0.0	536970	451.159093542	1.0
4932.927969230938	1000	2.028440430191633	0.0	553424	466.04122841	1.0
4933.255002160983	200	2.2014075001470856	0.0	383025	327.032930045	-0.6000000000000001
4933.582035091028	200	2.374374570102538	0.0	383025	327.032930045	0.2
4933.909068021072	200	2.547341640057991	0.0	383025	327.032930045	0.2
4934.236100951117	200	2.7203087100134433	0.0	383025	327.032930045	0.2
4934.553490698283	200	2.9029189628473286	0.0	383025	317.389747166	0.2
4934.868252131304	200	3.088157529826574	0.0	383025	314.761433021	0.2
4935.183013564325	200	3.273396096805819	0.0	383025	314.761433021	0.2
4935.497774997346	200	3.4586346637850642	0.0	383025	314.761433021	0.2
4935.812536430367	200	3.6438732307643096	0.0	383025	314.761433021	0.2
4936.130985982899	200	3.8254236782327	0.0	383025	318.449552532	0.2
4936.449715004344	200	4.006694656787304	0.0	383025	318.729021445	0.2
4936.76844402579	200	4.187965635341907	0.0	383025	318.729021445	0.2
4937.0810304989855	200	4.375379162146598	0.0	383025	312.586473195	0.2
4937.390425542276	200	4.565984118856048	0.0	383025	309.395043291	0.2
4937.699820585565	200	4.756589075565497	0.0	383025	309.395043291	0.2
4938.014829281803	200	4.941580379327659	0.0	383025	315.008696238	0.2
4938.332033813199	200	5.124375847931662	0.0	383025	317.204531396	0.2
4938.649238344595	200	5.307171316535665	0.0	383025	317.204531396	0.2
4938.966442875991	200	5.489966785139668	0.0	383025	317.204531396	0.2
4939.283024883454	200	5.673384777675467	0.0	383025	316.582007464	0.2
4939.598630990332	200	5.8577786707978605	0.0	383025	315.606106878	0.2
4939.9142370972095	200	6.042172563920254	0.0	383025	315.606106878	0.2
4940.229843204087	200	6.226566457042648	0.0	383025	315.606106878	0.2
4940.544778771077	200	6.411630890052242	0.0	383025	314.93556699	0.2
4940.857516686281	200	6.598892974848219	0.0	383025	312.737915204	0.2
4941.170254601485	200	6.786155059644196	0.0	383025	312.737915204	0.2
4941.482992516689	200	6.973417144440174	0.0	383025	312.737915204	0.2
4941.794711288253	200	7.161698372876768	0.0	383025	311.718771563	0.2
4942.104687718882	200	7.351721942247675	0.0	383025	309.976430629	0.2
4942.414664149512	200	7.541745511618581	0.0	383025	309.976430629	0.2
4942.72721833445	200	7.729191326680075	0.0	383025	312.554184939	0.2
4943.044183950889	200	7.912225710240262	0.0	383025	316.96561644	0.2
4943.361149567329	200	8.095260093800452	0.0	383025	316.96561644	0.2
4943.678115183769	200	8.278294477360639	0.0	383025	316.96561644	0.2
4943.995106428269	200	8.461303232861136	0.0	383025	316.9912445	0.2
4944.31937156271	200	8.63703809841937	0.0	383025	324.265134442	0.2
4944.643636697152	200	8.812772963977606	0.0	383025	324.265134442	0.2
4944.967901831594	200	8.988507829535841	0.0	383025	324.265134442	0.2
4945.292166966035	200	9.164242695094076	0.0	383025	324.265134442	0.2
4945.613397971691	200	9.343011689438354	0.0	383025	321.231005656	0.2
4945.9260953252015	200	9.53031433592759	0.0	383025	312.697353511	0.2
4946.238792678713	200	9.717616982416828	0.0	383025	312.697353511	0.2
4946.551490032224	200	9.904919628906066	0.0	383025	312.697353511	0.2
4947.366447610375	200	9.58996205075576	0.0	383025	314.95757815	0.2
4947.685354236659	200	9.771055424471884	0.0	383025	318.906626284	0.2
4948.0046103471805	200	9.951799313949653	0.0	383025	319.256110522231	0.2
4948.824593779526	200	9.631815881603734	0.0	383025	319.983432346	0.2
4949.144577211872	200	9.811832449257814	0.0	383025	319.983432346	0.2
4949.461758582007	200	9.994651079123393	0.0	383025	317.1813701344199	0.2
4950.275972837781	200	9.680436823349357	0.0	383025	314.214255774	0.2
4950.590909290254	200	9.865500370876783	0.0	383025	314.9364524725752	0.2
4951.406243425897	200	9.550166235234084	0.0	383025	315.334135643	0.2
4951.724448549571	200	9.731961111558695	0.0	383025	318.20512367538964	0.2
4952.0466540522275	200	9.90975560890264	0.0	383025	322.205502656	0.2
4952.553716033192	200	9.587550106246587	0.0	383025	322.205502656	0.2
4952.869212486174	200	9.772053653265285	0.0	383025	315.496452981	0.2
4953.184708939156	200	9.956557200283985	0.0	383025	315.496452981	0.2
4953.79155104819	200	9.641060747302685	0.0	383025	315.496452981	0.2
4954.105867950592	200	9.826743844900143	0.0	383025	314.316902403	0.2
4954.920564576883	200	9.512047218608183	0.0	383025	314.696626291961	0.2
4955.235844613889	200	9.696767181603889	0.0	383025	315.280037004	0.2
4955.546977232628	200	9.885634562864569	0.0	383025	311.13261873932015	0.2
4956.357001882796	200	9.575609912696379	0.0	383025	310.024650168	0.2
4956.662483384556	200	9.770128410936703	0.0	383025	305.4815017596759	0.2
4956.9673995336925	200	9.965212261799893	0.0	383025	304.916149137	0.2
4957.584426097521	200	9.660296112663085	0.0	383025	304.916149137	0.2
4957.890616348781	200	9.854105861403026	0.0	383025	306.19025126	0.2
4958.641297479153	200	9.547915610142967	0.0	383025	306.19025126	0.2
4958.951652937818	200	9.737560151477236	0.0	383025	310.355458666	0.2
4959.26209155782	200	9.92712153147528	0.0	383025	310.4386200019574	0.2
4959.627691000626	200	9.611964312761508	0.0	383025	315.157218714	0.2
4959.943228270484	200	9.796427042903952	0.0	383025	315.537269858	0.2
4960.258765540342	200	9.980889773046396	0.0	383025	315.537269858	0.2
4960.711356920165	200	9.66535250318884	0.0	383025	315.537269858	0.2
4961.025923593429	200	9.850785829924739	0.0	383025	314.566673264	0.2
4961.8404902666925	200	9.536219156660636	0.0	383025	314.566673264	0.2
4962.1589220795895	200	9.71778734376396	0.0	383025	318.43181289667564	0.2
4962.477681722838	200	9.899027700515315	0.0	383025	318.759643249	0.2
4963.028579864774	200	9.580268057266668	0.0	383025	318.759643249	0.2
4963.346690824109	200	9.762157097931219	0.0	383025	318.110959335	0.2
4963.664801783444	200	9.944046138595768	0.0	383025	318.110959335	0.2
4964.481520771585	200	9.627327150455422	0.0	383025	316.71898814034586	0.2
4964.793179591876	200	9.815668330164112	0.0	383025	311.658820291	0.2
4965.6047783204995	200	9.504069601539598	0.0	383025	311.59872862451226	0.2
4965.916126727896	200	9.692721194143093	0.0	383025	311.348407397	0.2
4966.228696832166	200	9.880151089873124	0.0	383025	312.57010426997186	0.2
4967.043087005826	200	9.56576091621216	0.0	383025	314.390173661	0.2
4967.357477179487	200	9.751370742551195	0.0	383025	314.390173661	0.2
4967.67526265067	200	9.933585271368129	0.0	383025	317.7854711830665	0.2
4968.495226455457	200	9.613621466581986	0.0	383025	319.963804786	0.2
4968.815042753493	200	9.793805168545784	0.0	383025	319.81629803620206	0.2
4969.133416168387	200	9.975431753650788	0.0	383025	318.373414895	0.2
4969.951789583281	200	9.657058338755789	0.0	383025	318.373414895	0.2
4970.265562487874	200	9.843285434162947	0.0	383025	313.77290459284177	0.2
4971.077865963989	200	9.530981958048105	0.0	383025	312.303476115	0.2
4971.387723145445	200	9.72112477659262	0.0	383025	309.857181455486	0.2
4971.696862587615	200	9.911985334422797	0.0	383025	309.13944217	0.2
4972.335562636287	200	9.602845892252972	0.0	383025	309.13944217	0.2
4972.659642996882	200	9.778765531657974	0.0	383025	324.080360595	0.2
4972.983723357477	200	9.954685171062978	0.0	383025	324.080360595	0.2
4973.549605434959	200	9.63060481046798	0.0	383025	324.080360595	0.2
4973.866285807271	200	9.81392443815572	0.0	383025	316.680372312	0.2
4974.182966179585	200	9.997244065843459	0.0	383025	316.680372312	0.2

