1511.5540743358254	400	0.5	0.14361192722675917	181435	143.611927227	-2.4722385445351835
1511.6998910973462	400	0.8541832384793233	0.0	184429	145.816761521	0.4
1511.9202001811784	600	1.133874154646949	0.0	285584	220.309083832	0.39999999999999997
1512.2184524401955	800	1.3356218956300328	0.0	391425	298.252259017	0.6000000000000001
1512.5167046992124	800	1.5373696366131162	0.0	391425	298.252259017	0.8
1512.9188239120222	1000	1.6352504238033663	0.0	490176	402.11921281	0.8
1513.3398556395234	1000	1.7142186963022008	0.0	513389	421.031727501	1.0
1513.7452297655507	1000	1.8088445702749776	0.0	497055	405.374126027	1.0
1514.1592711823146	1000	1.8948031535111014	0.0	520019	414.041416764	1.0
1514.5975899391528	1000	1.9564843966727201	0.0	551265	438.318756838	1.0
1515.0413995736174	1000	2.012674762208194	0.0	558332	443.809634465	1.0
1515.345520994498	200	2.2085533413277605	0.0	383025	304.12142088	-0.6000000000000001
1515.6354337918806	200	2.418640543945252	0.0	383025	289.912797383	0.2
1515.925346589263	200	2.628727746562743	0.0	383025	289.912797383	0.2
1516.2392811614839	200	2.8147931743419146	0.0	383025	313.934572221	0.2
1516.5699956935948	200	2.9840786422307684	0.0	383025	330.714532111	0.2
1516.900710225706	200	3.1533641101196217	0.0	383025	330.714532111	0.2
1517.231424757817	200	3.322649578008475	0.0	383025	330.714532111	0.2
1517.5621392899282	200	3.4919350458973284	0.0	383025	330.714532111	0.2
1517.8928538220391	200	3.661220513786182	0.0	383025	330.714532111	0.2
1518.2235683541503	200	3.8305059816750355	0.0	383025	330.714532111	0.2
1518.5542828862613	200	3.999791449563889	0.0	383025	330.714532111	0.2
1518.8849974183724	200	4.169076917452743	0.0	383025	330.714532111	0.2
1519.217280105221	200	4.336794230604031	0.0	383025	332.282686849	0.2
1519.5591092205973	200	4.494965115227993	0.0	383025	341.829115376	0.2
1519.9009383359733	200	4.653135999851955	0.0	383025	341.829115376	0.2
1520.2427674513494	200	4.811306884475917	0.0	383025	341.829115376	0.2
1520.5845965667256	200	4.969477769099878	0.0	383025	341.829115376	0.2
1520.9264256821016	200	5.12764865372384	0.0	383025	341.829115376	0.2
1521.2682547974778	200	5.285819538347801	0.0	383025	341.829115376	0.2
1521.610083912854	200	5.443990422971763	0.0	383025	341.829115376	0.2
1521.95191302823	200	5.602161307595725	0.0	383025	341.829115376	0.2
1522.293742143606	200	5.760332192219686	0.0	383025	341.829115376	0.2
1522.6355712589823	200	5.918503076843648	0.0	383025	341.829115376	0.2
1522.9774003743582	200	6.07667396146761	0.0	383025	341.829115376	0.2
1523.3162835527462	200	6.2377907830796975	0.0	383025	338.883178388	0.2
1523.649881883614	200	6.404192452211909	0.0	383025	333.598330868	0.2
1523.9834802144817	200	6.57059412134412	0.0	383025	333.598330868	0.2
1524.3170785453494	200	6.736995790476332	0.0	383025	333.598330868	0.2
1524.6506768762172	200	6.903397459608542	0.0	383025	333.598330868	0.2
1524.984275207085	200	7.069799128740754	0.0	383025	333.598330868	0.2
1525.3178735379524	200	7.236200797872965	0.0	383025	333.598330868	0.2
1525.6515901281284	200	7.402484207697071	0.0	383025	333.716590176	0.2
1525.9870099453606	200	7.5670643904650365	0.0	383025	335.419817232	0.2
1526.3224297625925	200	7.731644573233002	0.0	383025	335.419817232	0.2
1526.6578495798246	200	7.896224756000968	0.0	383025	335.419817232	0.2
1526.9932693970566	200	8.060804938768932	0.0	383025	335.419817232	0.2
1527.3286892142887	200	8.225385121536897	0.0	383025	335.419817232	0.2
1527.6641090315209	200	8.389965304304864	0.0	383025	335.419817232	0.2
1527.9995288487528	200	8.554545487072827	0.0	383025	335.419817232	0.2
1528.334948665985	200	8.719125669840793	0.0	383025	335.419817232	0.2
1528.6703684832169	200	8.883705852608756	0.0	383025	335.419817232	0.2
1529.005788300449	200	9.048286035376721	0.0	383025	335.419817232	0.2
1529.3405475926866	200	9.213526743139372	0.0	383025	334.759292237	0.2
1529.675201778118	200	9.378872557707856	0.0	383025	334.654185432	0.2
1530.0098559635496	200	9.544218372276342	0.0	383025	334.654185432	0.2
1530.344510148981	200	9.709564186844828	0.0	383025	334.654185432	0.2
1530.6791643344127	200	9.874910001413312	0.0	383025	334.654185432	0.2
1531.513818519844	200	9.540255815981798	0.0	383025	334.654185432	0.2
1531.8484727052758	200	9.705601630550284	0.0	383025	334.654185432	0.2
1532.1831268907074	200	9.87094744511877	0.0	383025	334.654185432	0.2
1533.0212926492866	200	9.532781686539549	0.0	383025	338.1657585792204	0.2
1533.3609620271989	200	9.693112308627157	0.0	383025	339.669377912	0.2
1533.7006314051112	200	9.853442930714763	0.0	383025	339.669377912	0.2
1534.5403007830234	200	9.513773552802371	0.0	383025	339.669377912	0.2
1534.8799701609357	200	9.67410417488998	0.0	383025	339.669377912	0.2
1535.219639538848	200	9.834434796977586	0.0	383025	339.669377912	0.2
1535.5593089167603	200	9.994765419065194	0.0	383025	339.669377912	0.2
1536.3989782946726	200	9.6550960411528	0.0	383025	339.669377912	0.2
1536.7383504624186	200	9.815723873406945	0.0	383025	339.3721677458562	0.2
1537.0726319325397	200	9.981442403285913	0.0	383025	334.281470121	0.2
1537.9069134026608	200	9.647160933164882	0.0	383025	334.281470121	0.2
1538.2411948727818	200	9.81287946304385	0.0	383025	334.281470121	0.2
1538.575476342903	200	9.978597992922818	0.0	383025	334.281470121	0.2
1539.089053284249	200	9.644316522801786	0.0	383025	334.281470121	0.2
1539.4261573150693	200	9.807212491981458	0.0	383025	337.10403082	0.2
1539.7632613458898	200	9.97010846116113	0.0	383025	337.10403082	0.2
1540.60036537671	200	9.633004430340801	0.0	383025	337.10403082	0.2
1540.9374694075302	200	9.795900399520473	0.0	383025	337.10403082	0.2
1541.2745734383507	200	9.958796368700146	0.0	383025	337.10403082	0.2
1542.111677469171	200	9.621692337879816	0.0	383025	337.10403082	0.2
1542.4487814999911	200	9.784588307059488	0.0	383025	337.10403082	0.2
1542.786494730599	200	9.946875076451645	0.0	383025	337.71323060784147	0.2
1543.6259124392873	200	9.607457367763477	0.0	383025	339.417708688	0.2
1543.9653301479755	200	9.768039659075306	0.0	383025	339.417708688	0.2
1544.3047478566637	200	9.928621950387136	0.0	383025	339.417708688	0.2
1545.1441655653516	200	9.589204241698965	0.0	383025	339.417708688	0.2
1545.4835832740398	200	9.749786533010797	0.0	383025	339.417708688	0.2
1545.823000982728	200	9.910368824322626	0.0	383025	339.417708688	0.2
1546.6624186914162	200	9.570951115634456	0.0	383025	339.417708688	0.2
1546.9993231214976	200	9.7340466855531	0.0	383025	336.90443008135674	0.2
1547.3351734237287	200	9.898196383322079	0.0	383025	335.850302231	0.2
1548.1710237259597	200	9.562346081091057	0.0	383025	335.850302231	0.2
1548.5068740281909	200	9.726495778860034	0.0	383025	335.850302231	0.2
1548.8427243304218	200	9.890645476629013	0.0	383025	335.850302231	0.2
1549.6785746326527	200	9.554795174397992	0.0	383025	335.850302231	0.2
1550.014424934884	200	9.71894487216697	0.0	383025	335.850302231	0.2
1550.3466705504784	200	9.886699256572522	0.0	383025	332.2456155944484	0.2
1551.1752033425494	200	9.558166464501628	0.0	383025	328.532792071	0.2
1551.50373613462	200	9.729633672430735	0.0	383025	328.532792071	0.2
1551.832268926691	200	9.901100880359841	0.0	383025	328.532792071	0.2
1552.6608521378444	200	9.572517669206608	0.0	383025	328.58321115323525	0.2
1552.9896995639906	200	9.74367024306025	0.0	383025	328.847426146	0.2
1553.3185469901368	200	9.914822816913894	0.0	383025	328.847426146	0.2
1554.147394416283	200	9.585975390767539	0.0	383025	328.847426146	0.2
1554.476449054722	200	9.756920752328654	0.0	383025	329.05463843888606	0.2
1554.8061603104072	200	9.927209496643549	0.0	383025	329.711255685	0.2
1555.6358715660924	200	9.597498240958444	0.0	383025	329.711255685	0.2
1555.9655828217776	200	9.76778698527334	0.0	383025	329.711255685	0.2
1556.2952940774628	200	9.938075729588236	0.0	383025	329.711255685	0.2
1557.124651519852	200	9.608718287199036	0.0	383025	329.3574423892002	0.2
1557.4526291000373	200	9.780740707013695	0.0	383025	327.977580185	0.2
1557.7806066802225	200	9.952763126828357	0.0	383025	327.977580185	0.2
1558.6085842604077	200	9.624785546643018	0.0	383025	327.977580185	0.2
1558.93464560247	200	9.798724204580731	0.0	383025	326.0613420622874	0.2
1559.2600500827627	200	9.973319724288045	0.0	383025	325.404480293	0.2
1560.0854545630555	200	9.64791524399536	0.0	383025	325.404480293	0.2
1560.4084015574535	200	9.82496824959738	0.0	383025	322.9469943979805	0.2
1561.2309469510335	200	9.502422856017164	0.0	383025	322.54539358	0.2
1561.5534923446137	200	9.679877462436947	0.0	383025	322.54539358	0.2

