3619.4133241050963	400	0.5	0.1585912011371149	181435	158.591201137	-2.771824022742298
3619.5743673251727	400	0.8389567799238462	0.0	184429	161.043220076	0.4
3619.8182542245336	600	1.095069880562963	0.0	285584	243.886899361	0.39999999999999997
3620.1488225322205	800	1.2645015728764903	0.0	391425	330.568307686	0.6000000000000001
3620.479390839907	800	1.4339332651900176	0.0	391425	330.568307686	0.8
3620.8908340047237	1000	1.5224901003729403	0.0	490176	411.443164817	0.8
3621.3212880966057	1000	1.592036008491097	0.0	513389	430.454091882	1.0
3621.738365008344	1000	1.6749590967529613	0.0	497055	417.076911738	1.0
3622.1750524880117	1000	1.7382716170849817	0.0	520019	436.687479668	1.0
3622.6374342469953	1000	1.7758898581012832	0.0	551265	462.381758984	1.0
3623.1056153618074	1000	1.807708743289194	0.0	558332	468.181114812	1.0
3623.556266288533	1000	1.8570578165634328	0.0	536970	450.650926726	1.0
3624.0069172152594	1000	1.9064068898376718	0.0	536970	450.650926726	1.0
3624.457568141985	1000	1.9557559631119106	0.0	536970	450.650926726	1.0
3624.9082190687113	1000	2.0051050363861496	0.0	536970	450.650926726	1.0
3625.232538902611	200	2.180785202486426	0.0	383025	324.3198339	-0.6000000000000001
3625.5592770682956	200	2.3540470368020223	0.0	383025	326.738165684	0.2
3625.8873575788307	200	2.5259665262666275	0.0	383025	328.080510535	0.2
3626.215438089366	200	2.6978860157312328	0.0	383025	328.080510535	0.2
3626.5435185999013	200	2.869805505195838	0.0	383025	328.080510535	0.2
3626.871599110437	200	3.041724994660443	0.0	383025	328.080510535	0.2
3627.199679620972	200	3.2136444841250484	0.0	383025	328.080510535	0.2
3627.527760131507	200	3.3855639735896537	0.0	383025	328.080510535	0.2
3627.8558406420425	200	3.5574834630542593	0.0	383025	328.080510535	0.2
3628.182419231607	200	3.730904873489519	0.0	383025	326.578589565	0.2
3628.500787404053	200	3.912536701043601	0.0	383025	318.368172446	0.2
3628.819155576499	200	4.094168528597684	0.0	383025	318.368172446	0.2
3629.1375237489447	200	4.275800356151765	0.0	383025	318.368172446	0.2
3629.4558919213905	200	4.457432183705847	0.0	383025	318.368172446	0.2
3629.774260093836	200	4.639064011259928	0.0	383025	318.368172446	0.2
3630.0981600151727	200	4.815164089923172	0.0	383025	323.899921337	0.2
3630.426117064168	200	4.987207040927637	0.0	383025	327.957048996	0.2
3630.754074113164	200	5.159249991932101	0.0	383025	327.957048996	0.2
3631.082031162159	200	5.331292942936565	0.0	383025	327.957048996	0.2
3631.4099882111545	200	5.5033358939410295	0.0	383025	327.957048996	0.2
3631.73794526015	200	5.675378844945493	0.0	383025	327.957048996	0.2
3632.0659023091453	200	5.847421795949957	0.0	383025	327.957048996	0.2
3632.3938593581406	200	6.019464746954421	0.0	383025	327.957048996	0.2
3632.721816407136	200	6.191507697958886	0.0	383025	327.957048996	0.2
3633.049773456132	200	6.36355064896335	0.0	383025	327.957048996	0.2
3633.377730505127	200	6.535593599967814	0.0	383025	327.957048996	0.2
3633.7056875541225	200	6.707636550972278	0.0	383025	327.957048996	0.2
3634.0354723655396	200	6.877851739555188	0.0	383025	329.784811417	0.2
3634.3655905339583	200	7.0477335711366065	0.0	383025	330.118168419	0.2
3634.695708702377	200	7.2176154027180255	0.0	383025	330.118168419	0.2
3635.0258268707958	200	7.3874972342994445	0.0	383025	330.118168419	0.2
3635.3559450392145	200	7.557379065880863	0.0	383025	330.118168419	0.2
3635.686063207633	200	7.727260897462282	0.0	383025	330.118168419	0.2
3636.016181376052	200	7.897142729043701	0.0	383025	330.118168419	0.2
3636.3462995444706	200	8.06702456062512	0.0	383025	330.118168419	0.2
3636.67641771289	200	8.236906392206539	0.0	383025	330.118168419	0.2
3637.0065358813085	200	8.406788223787956	0.0	383025	330.118168419	0.2
3637.3366540497273	200	8.576670055369375	0.0	383025	330.118168419	0.2
3637.666772218146	200	8.746551886950794	0.0	383025	330.118168419	0.2
3637.9968903865647	200	8.916433718532213	0.0	383025	330.118168419	0.2
3638.3269414856054	200	9.086382619491468	0.0	383025	330.051099041	0.2
3638.6560958152777	200	9.2572282898188	0.0	383025	329.154329673	0.2
3638.98525014495	200	9.428073960146133	0.0	383025	329.154329673	0.2
3639.3144044746227	200	9.598919630473464	0.0	383025	329.154329673	0.2
3639.643558804295	200	9.769765300800795	0.0	383025	329.154329673	0.2
3639.9727131339673	200	9.940610971128127	0.0	383025	329.154329673	0.2
3640.80186746364	200	9.611456641455458	0.0	383025	329.154329673	0.2
3641.1310217933124	200	9.78230231178279	0.0	383025	329.154329673	0.2
3641.4601761229846	200	9.95314798211012	0.0	383025	329.154329673	0.2
3642.2893304526574	200	9.623993652437452	0.0	383025	329.154329673	0.2
3642.6179477090527	200	9.795376396041926	0.0	383025	328.61725639552606	0.2
3642.946217354382	200	9.967106750712897	0.0	383025	328.269645329	0.2
3643.774486999711	200	9.63883710538387	0.0	383025	328.269645329	0.2
3644.1027566450402	200	9.810567460054841	0.0	383025	328.269645329	0.2
3644.431026290369	200	9.982297814725813	0.0	383025	328.269645329	0.2
3645.2592959356984	200	9.654028169396785	0.0	383025	328.269645329	0.2
3645.586178560579	200	9.827145544516409	0.0	383025	326.88262488037645	0.2
3646.4060926190855	200	9.507231486009323	0.0	383025	319.914058507	0.2
3646.7260066775925	200	9.687317427502238	0.0	383025	319.914058507	0.2
3647.0459207360996	200	9.867403368995152	0.0	383025	319.914058507	0.2
3647.8658347946066	200	9.547489310488066	0.0	383025	319.914058507	0.2
3648.185812129107	200	9.727511975987838	0.0	383025	319.9773345002278	0.2
3648.505811074071	200	9.90751303102342	0.0	383025	319.998944964	0.2
3649.3258100190355	200	9.587514086059002	0.0	383025	319.998944964	0.2
3649.6458089639996	200	9.767515141094584	0.0	383025	319.998944964	0.2
3649.965807908964	200	9.947516196130165	0.0	383025	319.998944964	0.2
3650.7859550928624	200	9.62736901223183	0.0	383025	320.1471838983367	0.2
3651.106333590745	200	9.806990514349149	0.0	383025	320.378497883	0.2
3651.426712088628	200	9.986612016466468	0.0	383025	320.378497883	0.2
3652.2470905865107	200	9.666233518583788	0.0	383025	320.378497883	0.2
3652.5674690843935	200	9.845855020701107	0.0	383025	320.378497883	0.2
3653.382356033711	200	9.530968071383624	0.0	383025	314.88694931748165	0.2
3653.6971113832246	200	9.71621272186978	0.0	383025	314.755349514	0.2
3654.011866732739	200	9.901457372355937	0.0	383025	314.755349514	0.2
3654.8237841105106	200	9.589539994584173	0.0	383025	311.9173777717642	0.2
3655.1335078048687	200	9.779816300225976	0.0	383025	309.723694358	0.2
3655.443231499227	200	9.970092605867778	0.0	383025	309.723694358	0.2
3656.251913478474	200	9.661410626620969	0.0	383025	308.68197924680885	0.2
3656.556274507559	200	9.857049597535923	0.0	383025	304.361029085	0.2
3657.3465380930306	200	9.552688568450876	0.0	383025	304.361029085	0.2
3657.6534749720895	200	9.745751689392124	0.0	383025	306.936879059	0.2
3657.960411851148	200	9.93881481033337	0.0	383025	306.936879059	0.2
3658.7674061536854	200	9.631820507796034	0.0	383025	306.99430253733726	0.2
3659.074981334847	200	9.824245326634543	0.0	383025	307.575181161	0.2
3659.882271520499	200	9.516955140982478	0.0	383025	307.290185652066	0.2
3660.188811463806	200	9.710415197675832	0.0	383025	306.539943307	0.2
3660.4953514071126	200	9.903875254369188	0.0	383025	306.539943307	0.2
3661.301716585492	200	9.597510075989561	0.0	383025	306.3651783796275	0.2
3661.6046880430385	200	9.79453861844339	0.0	383025	302.9714575461715	0.2
3661.9298532518833	200	9.969373409598607	0.0	383025	325.165208845	0.2
3662.755018460728	200	9.644208200753825	0.0	383025	325.165208845	0.2
3663.080183669573	200	9.819042991909042	0.0	383025	325.165208845	0.2
3663.405348878418	200	9.99387778306426	0.0	383025	325.165208845	0.2
3663.9203926760806	200	9.668712574219477	0.0	383025	325.165208845	0.2
3664.2404311443806	200	9.848674105919574	0.0	383025	320.0384683	0.2
3665.06046961268	200	9.52863563761967	0.0	383025	320.0384683	0.2
3665.3805080809802	200	9.708597169319768	0.0	383025	320.0384683	0.2
3665.7005465492803	200	9.888558701019866	0.0	383025	320.0384683	0.2
3666.520212227859	200	9.568893022441296	0.0	383025	319.6656785785698	0.2
3666.8287741622376	200	9.760331088062484	0.0	383025	308.561934379	0.2
3667.1373360966163	200	9.951769153683674	0.0	383025	308.561934379	0.2
3667.7712820319275	200	9.643207219304863	0.0	383025	308.561934379	0.2
3668.0772456834698	200	9.837243567762977	0.0	383025	305.963651542	0.2
3668.5005204482277	200	9.53127991622109	0.0	383025	305.963651542	0.2
3668.8066637043366	200	9.725136660112305	0.0	383025	306.143256109	0.2

