3527.0576831931394	400	0.5	0.1463934061601849	181435	146.39340616	-2.527868123203698
3527.20632733294	400	0.8513558601994282	0.0	184429	148.644139801	0.4
3527.431014546018	600	1.1266686471211897	0.0	285584	224.687213078	0.39999999999999997
3527.734586889233	800	1.3230963039061616	0.0	391425	303.572343215	0.6000000000000001
3528.0329454566727	800	1.524737736466682	0.0	391425	298.358567439	0.8
3528.397407974793	1000	1.6602752183459115	0.0	490176	364.462518121	0.8
3528.7754523218896	1000	1.7822308712493742	0.0	513389	378.044347097	1.0
3529.1395056925303	1000	1.9181775006089732	0.0	497055	364.05337064	1.0
3529.536869353479	1000	2.020813839660762	0.0	520019	397.363660948	1.0
3529.832027413126	200	2.2256557800134806	0.0	383025	295.158059647	-0.6000000000000001
3530.1251814011807	200	2.432501791958777	0.0	383025	293.153988055	0.2
3530.4307573810024	200	2.626925812137147	0.0	383025	305.575979822	0.2
3530.7449675181765	200	2.8127156749632842	0.0	383025	314.210137174	0.2
3531.073564549989	200	2.984118643150714	0.0	383025	328.597031813	0.2
3531.415494632983	200	3.1421885601567725	0.0	383025	341.930082994	0.2
3531.7574247159773	200	3.300258477162831	0.0	383025	341.930082994	0.2
3532.099354798971	200	3.4583283941688894	0.0	383025	341.930082994	0.2
3532.432051971093	200	3.6256312220468723	0.0	383025	332.697172122	0.2
3532.76341401235	200	3.7942691807897964	0.0	383025	331.362041257	0.2
3533.0942652042454	200	3.963417988894792	0.0	383025	330.851191895	0.2
3533.4218520810073	200	4.135831112132555	0.0	383025	327.586876762	0.2
3533.7494389577696	200	4.308244235370319	0.0	383025	327.586876762	0.2
3534.07610503781	200	4.481578155329351	0.0	383025	326.666080041	0.2
3534.4019274648613	200	4.655755728278035	0.0	383025	325.822427051	0.2
3534.7254647084537	200	4.832218484686093	0.0	383025	323.537243592	0.2
3535.0455800983855	200	5.012103094753978	0.0	383025	320.115389932	0.2
3535.365695488317	200	5.191987704821862	0.0	383025	320.115389932	0.2
3535.682891957485	200	5.374791235653946	0.0	383025	317.196469168	0.2
3535.9999338751795	200	5.557749317959792	0.0	383025	317.041917694	0.2
3536.316103568454	200	5.741579624685418	0.0	383025	316.169693274	0.2
3536.63195883927	200	5.925724353869289	0.0	383025	315.855270816	0.2
3536.94769222968	200	6.109990963459425	0.0	383025	315.73339041	0.2
3537.2632275860833	200	6.294455607056313	0.0	383025	315.535356403	0.2
3537.579592706051	200	6.478090487088738	0.0	383025	316.365119968	0.2
3537.8969722203983	200	6.66071097274112	0.0	383025	317.379514348	0.2
3538.214228937772	200	6.843454255367292	0.0	383025	317.256717374	0.2
3538.530897107166	200	7.026786085973558	0.0	383025	316.668169394	0.2
3538.846036926075	200	7.2116462670639185	0.0	383025	315.13981891	0.2
3539.1497846303346	200	7.40789856280492	0.0	383025	303.747704259	0.2
3539.453919534269	200	7.603763658870072	0.0	383025	304.134903935	0.2
3539.7611948594895	200	7.796488333649823	0.0	383025	307.27532522	0.2
3540.0739304292906	200	7.983752763848434	0.0	383025	312.735569801	0.2
3540.392234381228	200	8.165448811911332	0.0	383025	318.303951937	0.2
3540.710704915965	200	8.346978277173996	0.0	383025	318.470534737	0.2
3541.034562057481	200	8.523121135658158	0.0	383025	323.857141516	0.2
3541.3588337081533	200	8.698849484985754	0.0	383025	324.271650672	0.2
3541.6837141911096	200	8.873969002029384	0.0	383025	324.880482956	0.2
3542.0062059197576	200	9.051477273381476	0.0	383025	322.491728648	0.2
3542.324076730889	200	9.2336064622503	0.0	383025	317.870811131	0.2
3542.641914514924	200	9.415768678215075	0.0	383025	317.837784035	0.2
3542.959293109086	200	9.598390084052932	0.0	383025	317.378594162	0.2
3543.2766717032478	200	9.781011489890787	0.0	383025	317.378594162	0.2
3543.59379329844	200	9.96388989469925	0.0	383025	317.121595192	0.2
3544.230234264888	200	9.646921114755399	0.0	383025	316.968779944	0.2
3544.549077360604	200	9.828078019039943	0.0	383025	318.843095715	0.2
3545.181780742584	200	9.515884021609919	0.0	383025	312.1939974300221	0.2
3545.485981303052	200	9.711683461141961	0.0	383025	304.200560468	0.2
3545.796830024888	200	9.90083473930593	0.0	383025	310.8487218360306	0.2
3546.475898315074	200	9.589079856090125	0.0	383025	311.754883216	0.2
3546.7911118852544	200	9.773866285909946	0.0	383025	315.21357018017926	0.2
3547.1102754431345	200	9.95470272802985	0.0	383025	319.16355788	0.2
3547.928771054026	200	9.636207117138142	0.0	383025	318.49561089170993	0.2
3548.244780502363	200	9.820197668801292	0.0	383025	316.0094483368486	0.2
3548.9124157694678	200	9.504477856228421	0.0	383025	315.719812573	0.2
3549.236787987245	200	9.680105638451256	0.0	383025	324.372217777	0.2
3549.5640749274526	200	9.852818698243707	0.0	383025	327.28694020754887	0.2
3550.022954684472	200	9.520166092641945	0.0	383025	332.652605602	0.2
3550.3435876048984	200	9.699533172215824	0.0	383025	320.632920426	0.2
3550.6633268161086	200	9.87979396100584	0.0	383025	319.73921120998335	0.2
3551.171534706937	200	9.563989709568796	0.0	383025	315.804251437	0.2
3551.5034494966876	200	9.732074919818627	0.0	383025	331.91478975	0.2
3551.8347820826643	200	9.900742333841864	0.0	383025	331.33258597676513	0.2
3552.251171896666	200	9.580372958250026	0.0	383025	320.369375592	0.2
3552.5718561270887	200	9.75968872782725	0.0	383025	320.684230423	0.2
3552.8934458119074	200	9.938099043008718	0.0	383025	321.5896848185321	0.2
3553.2795467329247	200	9.614195745025787	0.0	383025	323.903297983	0.2
3553.579477304814	200	9.81426517313632	0.0	383025	299.930571889	0.2
3554.390280444038	200	9.503462033912538	0.0	383025	310.8031392237824	0.2
3554.727323741371	200	9.666418736579605	0.0	383025	337.0432973329339	0.2
3555.075364022383	200	9.818378455567235	0.0	383025	348.040281012	0.2
3555.4234043033953	200	9.970338174554866	0.0	383025	348.040281012	0.2
3556.2693855924	200	9.624356885549915	0.0	383025	345.9812890049526	0.2
3556.594317872151	200	9.799424605799143	0.0	383025	324.93227975077167	0.2
3556.9124006279176	200	9.981341850032262	0.0	383025	318.082755767	0.2
3557.7036176097795	200	9.663259094265385	0.0	383025	318.082755767	0.2
3558.0373377501683	200	9.829538953876854	0.0	383025	333.720140389	0.2
3558.3672537457232	200	9.9996229583217	0.0	383025	329.9159955551542	0.2
3559.0632702937373	200	9.669999898683827	0.0	383025	329.623059638	0.2
3559.3869052316277	200	9.846364960793549	0.0	383025	323.63493789	0.2
3559.742027773951	200	9.528817878915111	0.0	383025	317.54708187843846	0.2
3560.075046806135	200	9.69579884673119	0.0	383025	333.019032184	0.2
3560.408065838319	200	9.862779814547268	0.0	383025	333.019032184	0.2
3560.742388990295	200	9.537424996215963	0.0	383025	325.35481833130484	0.2
3561.0611022722765	200	9.718711714234107	0.0	383025	318.713281982	0.2
3561.379815554258	200	9.89999843225225	0.0	383025	318.713281982	0.2
3561.7251383773296	200	9.570534436120244	0.0	383025	329.4639961320059	0.2
3562.050347601322	200	9.745325212127845	0.0	383025	325.209223992	0.2
3562.375556825314	200	9.920115988135446	0.0	383025	325.209223992	0.2
3563.1980353809854	200	9.597637432464074	0.0	383025	322.47855567137253	0.2
3563.511281925858	200	9.784390887591739	0.0	383025	313.2465448723366	0.2
3563.8232206099633	200	9.972452203486396	0.0	383025	311.9386841053421	0.2
3564.6336475718517	200	9.66202524159815	0.0	383025	310.4269618882482	0.2
3564.9463705973244	200	9.849302216125226	0.0	383025	312.7230254729213	0.2
3565.4579471290363	200	9.527059492836841	0.0	383025	322.242723288	0.2
3565.7792021379323	200	9.70580448394085	0.0	383025	321.255008896	0.2
3566.0995759917055	200	9.885430630167727	0.0	383025	320.3738537731223	0.2
3566.756413477389	200	9.567493237172492	0.0	383025	317.93739299523605	0.2
3567.085082086456	200	9.738824628105183	0.0	383025	328.66860906730886	0.2
3567.41236619418	200	9.91154052038131	0.0	383025	327.284107724	0.2
3568.2396503019036	200	9.584256412657437	0.0	383025	327.284107724	0.2
3568.5669344096273	200	9.756972304933562	0.0	383025	327.284107724	0.2
3568.8857867422494	200	9.93811997231128	0.0	383025	318.8523326222815	0.2
3569.434271248058	200	9.658014360031665	0.0	383025	280.10561228	0.2
3569.7476949990073	200	9.844590609082234	0.0	383025	313.4237509494309	0.2
3570.0921775598463	200	9.513250712901867	0.0	383025	331.33989618	0.2
3570.4190868026953	200	9.686341470052518	0.0	383025	326.909242849	0.2
3570.745996045545	200	9.859432227203172	0.0	383025	326.909242849	0.2
3571.5643867761446	200	9.541041496603263	0.0	383025	318.39073059990756	0.2
3571.8795125634138	200	9.725915709334116	0.0	383025	315.12578726914717	0.2
3572.194267146631	200	9.911161126117495	0.0	383025	314.754583217	0.2

