4830.662653682374	400	0.5	0.15618376699915584	181435	156.183766999	-2.723675339983117
4830.82124974137	400	0.8414039410042864	0.0	184429	158.596058996	0.4
4831.06134726894	600	1.1013064134341544	0.0	285584	240.09752757	0.39999999999999997
4831.386721816286	800	1.2759318660885783	0.0	391425	325.374547346	0.6000000000000001
4831.712096363631	800	1.4505573187430023	0.0	391425	325.374547346	0.8
4832.1164168622845	1000	1.5462368200894028	0.0	490176	404.320498654	0.8
4832.533751149114	1000	1.6289025332601073	0.0	513389	417.334286829	1.0
4832.938125675916	1000	1.7245280064589186	0.0	497055	404.374526801	1.0
4833.360720352667	1000	1.8019333297075986	0.0	520019	422.594676751	1.0
4833.8081063029485	1000	1.8545473794263274	0.0	551265	447.385950281	1.0
4834.275903987661	1000	1.886749694713681	0.0	558332	467.797684713	1.0
4834.734914971383	1000	1.9277387109920885	0.0	536970	459.010983722	1.0
4835.193925955104	1000	1.968727727270496	0.0	536970	459.010983722	1.0
4835.652936938825	1000	2.0097167435489034	0.0	536970	459.010983722	1.0
4835.98322006831	200	2.179433614063154	0.0	383025	330.283129486	-0.6000000000000001
4836.313503197795	200	2.3491504845774043	0.0	383025	330.283129486	0.2
4836.643786327281	200	2.5188673550916545	0.0	383025	330.283129486	0.2
4836.974069456766	200	2.688584225605905	0.0	383025	330.283129486	0.2
4837.304352586251	200	2.8583010961201554	0.0	383025	330.283129486	0.2
4837.633812903227	200	3.0288407791444674	0.0	383025	329.460316976	0.2
4837.949589060998	200	3.2130646213743823	0.0	383025	315.77615777	0.2
4838.265365218768	200	3.397288463604297	0.0	383025	315.77615777	0.2
4838.581141376539	200	3.5815123058342113	0.0	383025	315.77615777	0.2
4838.896917534308	200	3.7657361480641263	0.0	383025	315.77615777	0.2
4839.212693692079	200	3.9499599902940408	0.0	383025	315.77615777	0.2
4839.528469849849	200	4.134183832523955	0.0	383025	315.77615777	0.2
4839.844246007619	200	4.318407674753869	0.0	383025	315.77615777	0.2
4840.156699696153	200	4.505953986220659	0.0	383025	312.453688533	0.2
4840.467484845135	200	4.695168837237465	0.0	383025	310.785148983	0.2
4840.778269994118	200	4.884383688254271	0.0	383025	310.785148983	0.2
4841.089055143101	200	5.073598539271077	0.0	383025	310.785148983	0.2
4841.399815430038	200	5.262838252334716	0.0	383025	310.760286936	0.2
4841.710571064393	200	5.452082617979816	0.0	383025	310.755634355	0.2
4842.021326698748	200	5.641326983624915	0.0	383025	310.755634355	0.2
4842.332082333104	200	5.8305713492700155	0.0	383025	310.755634355	0.2
4842.644391763104	200	6.018261919269679	0.0	383025	312.30943	0.2
4842.957654868963	200	6.2049988134107625	0.0	383025	313.263105859	0.2
4843.270917974823	200	6.391735707551846	0.0	383025	313.263105859	0.2
4843.584181080681	200	6.578472601692929	0.0	383025	313.263105859	0.2
4843.89744418654	200	6.7652094958340125	0.0	383025	313.263105859	0.2
4844.210707292399	200	6.951946389975095	0.0	383025	313.263105859	0.2
4844.523090714563	200	7.139562967810731	0.0	383025	312.383422164	0.2
4844.835392468779	200	7.327261213594857	0.0	383025	312.301754216	0.2
4845.147694222995	200	7.514959459378984	0.0	383025	312.301754216	0.2
4845.45999597721	200	7.702657705163111	0.0	383025	312.301754216	0.2
4845.772297731427	200	7.890355950947238	0.0	383025	312.301754216	0.2
4846.086716294812	200	8.075937387561375	0.0	383025	314.418563386	0.2
4846.404012331141	200	8.258641351233408	0.0	383025	317.296036328	0.2
4846.721308367469	200	8.44134531490544	0.0	383025	317.296036328	0.2
4847.038604403797	200	8.624049278577473	0.0	383025	317.296036328	0.2
4847.355900440125	200	8.806753242249506	0.0	383025	317.296036328	0.2
4847.673196476453	200	8.98945720592154	0.0	383025	317.296036328	0.2
4847.990467414645	200	9.172186267730206	0.0	383025	317.270938191	0.2
4848.305846233932	200	9.356807448442854	0.0	383025	315.378819287	0.2
4848.62122505322	200	9.541428629155504	0.0	383025	315.378819287	0.2
4848.9366038725075	200	9.726049809868153	0.0	383025	315.378819287	0.2
4849.251982691796	200	9.910670990580803	0.0	383025	315.378819287	0.2
4850.067012401681	200	9.59564128069581	0.0	383025	315.029709885	0.2
4850.378940121841	200	9.783713560535405	0.0	383025	311.92772016	0.2
4850.690867842001	200	9.971785840375	0.0	383025	311.92772016	0.2
4851.269121323347	200	9.659858120214594	0.0	383025	311.92772016	0.2
4851.585542746293	200	9.843436697267572	0.0	383025	316.421422947	0.2
4852.40196416924	200	9.52701527432055	0.0	383025	316.421422947	0.2
4852.718385592188	200	9.71059385137353	0.0	383025	316.421422947	0.2
4853.033815970444	200	9.895163473116718	0.0	383025	315.4303782568118	0.2
4853.848734125817	200	9.580245317743314	0.0	383025	314.918155373	0.2
4854.1636522811905	200	9.76532716236991	0.0	383025	314.918155373	0.2
4854.478570436563	200	9.950409006996507	0.0	383025	314.918155373	0.2
4855.2935512136655	200	9.635428229893549	0.0	383025	314.98077710295934	0.2
4855.608641868852	200	9.820337574707207	0.0	383025	315.090655186	0.2
4856.144669342916	200	9.505246919520863	0.0	383025	315.090655186	0.2
4856.458270381052	200	9.691645881385138	0.0	383025	313.601038136	0.2
4856.771871419188	200	9.878044843249414	0.0	383025	313.601038136	0.2
4857.585472457323	200	9.56444380511369	0.0	383025	313.601038136	0.2
4857.895264905	200	9.754651357436657	0.0	383025	309.79244767703295	0.2
4858.204337522831	200	9.945578739605464	0.0	383025	309.072617831	0.2
4858.563087976588	200	9.636506121774271	0.0	383025	309.072617831	0.2
4858.880880960536	200	9.8187131378256	0.0	383025	317.792983949	0.2
4859.698673944485	200	9.500920153876928	0.0	383025	317.792983949	0.2
4860.016466928433	200	9.683127169928257	0.0	383025	317.792983949	0.2
4860.334259912381	200	9.865334185979586	0.0	383025	317.792983949	0.2
4861.151859070149	200	9.547735028211246	0.0	383025	317.59915776833924	0.2
4861.469298298224	200	9.730295800136446	0.0	383025	317.439228075	0.2
4861.786737526299	200	9.912856572061646	0.0	383025	317.439228075	0.2
4862.606518547545	200	9.593075550815236	0.0	383025	319.78102124641015	0.2
4862.927731809863	200	9.771862288497209	0.0	383025	321.213262318	0.2
4863.2489450721805	200	9.95064902617918	0.0	383025	321.213262318	0.2
4864.070158334498	200	9.629435763861153	0.0	383025	321.213262318	0.2
4864.391371596816	200	9.808222501543124	0.0	383025	321.213262318	0.2
4864.711096177948	200	9.988497920411485	0.0	383025	319.7245811316415	0.2
4865.530810942349	200	9.66878315600981	0.0	383025	319.714764402	0.2
4865.849085938346	200	9.850508160012495	0.0	383025	318.27499599731533	0.2
4866.66099340159	200	9.538600696769198	0.0	383025	311.907463243	0.2
4866.972900864833	200	9.726693233525898	0.0	383025	311.907463243	0.2
4867.281632127688	200	9.917961970672044	0.0	383025	308.7312628538556	0.2
4868.0882533250115	200	9.611340773347647	0.0	383025	306.621197324	0.2
4868.394874522336	200	9.804719576023249	0.0	383025	306.621197324	0.2
4868.707812844431	200	9.991781253928263	0.0	383025	312.93832209498777	0.2
4869.521987053358	200	9.677607045001345	0.0	383025	314.174208927	0.2
4869.836161262285	200	9.863432836074427	0.0	383025	314.174208927	0.2
4870.457260649163	200	9.54925862714751	0.0	383025	314.174208927	0.2
4870.769732094125	200	9.73678718218559	0.0	383025	312.471444962	0.2
4871.082203539087	200	9.924315737223672	0.0	383025	312.471444962	0.2
4871.549014554186	200	9.611844292261754	0.0	383025	312.471444962	0.2
4871.867873927682	200	9.79298491876597	0.0	383025	318.859373496	0.2
4872.186733301178	200	9.974125545270187	0.0	383025	318.859373496	0.2
4873.005592674674	200	9.655266171774405	0.0	383025	318.859373496	0.2
4873.324452048169	200	9.836406798278622	0.0	383025	318.859373496	0.2
4874.148896470704	200	9.511962375744101	0.0	383025	324.4444225345213	0.2
4874.475300551338	200	9.6855582951106	0.0	383025	326.404080634	0.2
4874.80170463197	200	9.859154214477098	0.0	383025	326.404080634	0.2
4875.481542488859	200	9.532750133843596	0.0	383025	326.404080634	0.2
4875.806166422095	200	9.708126200607541	0.0	383025	324.623933236	0.2
4876.130790355332	200	9.883502267371487	0.0	383025	324.623933236	0.2
4876.955414288567	200	9.558878334135432	0.0	383025	324.623933236	0.2
4877.280038221804	200	9.734254400899378	0.0	383025	324.623933236	0.2
4877.6046621550395	200	9.909630467663323	0.0	383025	324.623933236	0.2
4878.180463454348	200	9.585006534427269	0.0	383025	324.623933236	0.2
4878.50401896678	200	9.761451021994896	0.0	383025	323.555512432	0.2
4878.827574479212	200	9.937895509562523	0.0	383025	323.555512432	0.2

