1561.7102260891634	400	0.5	0.1567337445497496	181435	156.73374455	-2.734674890994992
1561.8693812013169	400	0.8408448878465249	0.0	184429	159.155112153	0.4
1562.1103444096477	600	1.0998816795157416	0.0	285584	240.963208331	0.39999999999999997
1562.436905469864	800	1.273320619299214	0.0	391425	326.561060217	0.6000000000000001
1562.7646870422618	800	1.4455390469017129	0.0	391425	327.781572398	0.8
1563.180793795469	1000	1.5294322936944735	0.0	490176	416.106753207	0.8
1563.6214671440218	1000	1.5887589451417516	0.0	513389	440.673348553	1.0
1564.0598360292076	1000	1.650390059955933	0.0	497055	438.368885186	1.0
1564.517995607736	1000	1.692230481427512	0.0	520019	458.159578528	1.0
1565.0032528321237	1000	1.706973257039736	0.0	551265	485.257224388	1.0
1565.4952495968557	1000	1.714976492307732	0.0	558332	491.996764732	1.0
1565.9688049774504	1000	1.7414211117131317	0.0	536970	473.555380595	1.0
1566.435136627936	1000	1.7750894612278048	0.0	536970	466.331650485	1.0
1566.8974877336095	1000	1.8127383555541492	0.0	536970	462.351105674	1.0
1567.3598388392832	1000	1.8503872498804936	0.0	536970	462.351105674	1.0
1567.825909322677	1000	1.8843167664868445	0.0	536970	466.070483394	1.0
1568.3130480757677	1000	1.8971780133960037	0.0	553424	487.138753091	1.0
1568.7664201403254	1000	1.943805948838364	0.0	522960	453.372064558	1.0
1569.2013612640187	1000	2.008864825144787	0.0	522960	434.941123694	1.0
1569.5182948328816	200	2.1919312562820705	0.0	383025	316.933568863	-0.6000000000000001
1569.827260683069	200	2.382965406094548	0.0	383025	308.965850188	0.2
1570.1362265332564	200	2.573999555907026	0.0	383025	308.965850188	0.2
1570.440306462487	200	2.769919626676533	0.0	383025	304.07992923	0.2
1570.7429679376683	200	2.9672581514952556	0.0	383025	302.661475181	0.2
1571.051161260621	200	3.1590648285427596	0.0	383025	308.193322952	0.2
1571.3696735590236	200	3.3405525301400574	0.0	383025	318.512298403	0.2
1571.688185857426	200	3.5220402317373556	0.0	383025	318.512298403	0.2
1572.0067974231777	200	3.7034286659858395	0.0	383025	318.611565752	0.2
1572.325497369287	200	3.884728719876672	0.0	383025	318.699946109	0.2
1572.6443334496937	200	4.065892639469994	0.0	383025	318.836080407	0.2
1572.9637256729422	200	4.24650041622131	0.0	383025	319.392223249	0.2
1573.283117896191	200	4.427108192972626	0.0	383025	319.392223249	0.2
1573.602811126209	200	4.607414962954888	0.0	383025	319.693230018	0.2
1573.9235526969355	200	4.7866733922281925	0.0	383025	320.741570727	0.2
1574.2442942676623	200	4.965931821501498	0.0	383025	320.741570727	0.2
1574.5644644085796	200	5.145761680584222	0.0	383025	320.170140917	0.2
1574.8840342563103	200	5.32619183285345	0.0	383025	319.569847731	0.2
1575.2036041040408	200	5.5066219851226785	0.0	383025	319.569847731	0.2
1575.5177710207427	200	5.692455068421039	0.0	383025	314.166916702	0.2
1575.828523021641	200	5.88170306752248	0.0	383025	310.752000899	0.2
1576.1361969472944	200	6.074029141869465	0.0	383025	307.673925653	0.2
1576.439589135592	200	6.2706369535716275	0.0	383025	303.392188298	0.2
1576.7432303043709	200	6.466995784792976	0.0	383025	303.641168779	0.2
1577.0503707117357	200	6.659855377428196	0.0	383025	307.140407365	0.2
1577.3575111191005	200	6.852714970063414	0.0	383025	307.140407365	0.2
1577.6730993201795	200	7.037126768984336	0.0	383025	315.588201079	0.2
1577.9898514117463	200	7.220374677417423	0.0	383025	316.752091567	0.2
1578.3075980891037	200	7.402628000059938	0.0	383025	317.746677357	0.2
1578.6285231615943	200	7.5817029275694585	0.0	383025	320.92507249	0.2
1578.9491719697571	200	7.761054119406672	0.0	383025	320.648808163	0.2
1579.2682279166843	200	7.941998172479621	0.0	383025	319.055946927	0.2
1579.5872838636112	200	8.12294222555257	0.0	383025	319.055946927	0.2
1579.9069633436116	200	8.303262745552423	0.0	383025	319.67948	0.2
1580.2296657574282	200	8.480560331735651	0.0	383025	322.702413817	0.2
1580.5543079977735	200	8.65591809139009	0.0	383025	324.642240346	0.2
1580.885817381692	200	8.824408707471532	0.0	383025	331.509383919	0.2
1581.2173267656106	200	8.992899323552974	0.0	383025	331.509383919	0.2
1581.5459720972385	200	9.164253991925065	0.0	383025	328.645331628	0.2
1581.8722299712003	200	9.33799611796325	0.0	383025	326.257873962	0.2
1582.198487845162	200	9.511738244001435	0.0	383025	326.257873962	0.2
1582.5212333847876	200	9.688992704375838	0.0	383025	322.745539626	0.2
1582.8410049412446	200	9.869221147918774	0.0	383025	319.771556457	0.2
1583.5080607747896	200	9.549449591461709	0.0	383025	319.771556457	0.2
1583.8129056702774	200	9.744604695974152	0.0	383025	304.844895488	0.2
1584.1131450064688	200	9.944365359782696	0.0	383025	300.2393361914567	0.2
1584.4346346745867	200	9.64480475625715	0.0	383025	299.560603526	0.2
1584.7673115962211	200	9.812127834622835	0.0	383025	332.676921634	0.2
1585.0999885178553	200	9.97945091298852	0.0	383025	332.676921634	0.2
1585.742625202185	200	9.646773991354207	0.0	383025	332.676921634	0.2
1586.0892704336509	200	9.800128759888509	0.0	383025	346.645231466	0.2
1586.4359156651167	200	9.95348352842281	0.0	383025	346.645231466	0.2
1587.0424564109749	200	9.606838296957113	0.0	383025	346.645231466	0.2
1587.388266275738	200	9.761028432193871	0.0	383025	345.809864763	0.2
1587.7340761405012	200	9.91521856743063	0.0	383025	345.809864763	0.2
1588.5672111425467	200	9.569408702667388	0.0	383025	345.809864763	0.2
1588.8973427122612	200	9.739277132952761	0.0	383025	330.131569715	0.2
1589.2243782290425	200	9.91224161617149	0.0	383025	327.0355167812698	0.2
1589.671438085415	200	9.58595783322439	0.0	383025	326.283782947	0.2
1589.9923841406169	200	9.765011778022265	0.0	383025	320.946055202	0.2
1590.313330195819	200	9.94406572282014	0.0	383025	320.946055202	0.2
1591.1297439809262	200	9.627651937713052	0.0	383025	316.41378510708785	0.2
1591.4430743405326	200	9.814321578106682	0.0	383025	313.3303596063694	0.2
1591.9477377277467	200	9.503196029721188	0.0	383025	311.125548385	0.2
1592.2555449955355	200	9.695388761932467	0.0	383025	307.807267789	0.2
1592.5638674652878	200	9.887066292180203	0.0	383025	308.3224697522635	0.2
1593.0619607992037	200	9.57785336570696	0.0	383025	309.212926473	0.2
1593.373025030085	200	9.766789134825547	0.0	383025	311.064230881	0.2
1593.6863277199147	200	9.953486444995978	0.0	383025	313.30268982957045	0.2
1594.5084382157302	200	9.631375949180546	0.0	383025	322.110495815	0.2
1594.8297159879487	200	9.81009817696211	0.0	383025	321.27777221843735	0.2
1595.150922378356	200	9.988891786554957	0.0	383025	321.206390407	0.2
1595.9694322356647	200	9.670381929246236	0.0	383025	318.509857308722	0.2
1596.285474994834	200	9.854339170076882	0.0	383025	316.0427591693526	0.2
1596.654513577447	200	9.5360172280068	0.0	383025	318.32194207	0.2
1596.9801229590441	200	9.710407846409785	0.0	383025	325.609381597	0.2
1597.305732340641	200	9.884798464812771	0.0	383025	325.609381597	0.2
1598.1315731327618	200	9.558957672692204	0.0	383025	325.8407921205669	0.2
1598.4582638029306	200	9.732267002523434	0.0	383025	326.690670169	0.2
1598.7771462341505	200	9.913384571303322	0.0	383025	318.8824312201114	0.2
1599.386286644816	200	9.595488962143857	0.0	383025	317.895609159	0.2
1599.7148218770449	200	9.766953729914905	0.0	383025	328.535232229	0.2
1600.0433571092738	200	9.93841849768595	0.0	383025	328.535232229	0.2
1600.8651460490466	200	9.616629557912974	0.0	383025	321.78893977297514	0.2
1601.1755235168773	200	9.806252090082369	0.0	383025	310.37746783060607	0.2
1601.4827010163383	200	9.999074590621387	0.0	383025	307.177499461	0.2
1602.2887829277179	200	9.692992679241856	0.0	383025	306.08191137953133	0.2
1602.5917382176892	200	9.89003738927027	0.0	383025	302.9552899715854	0.2
1603.2637514151388	200	9.587379025385356	0.0	383025	302.658363885	0.2
1603.5765007272105	200	9.774629713313727	0.0	383025	312.749312072	0.2
1603.890480714031	200	9.96064972649337	0.0	383025	313.979986820358	0.2
1604.5248769580958	200	9.64649365163909	0.0	383025	314.156074854	0.2
1604.8433381585942	200	9.828032451140533	0.0	383025	318.461200499	0.2
1605.6687212075478	200	9.502649402186787	0.0	383025	325.38304895374534	0.2
1606.0027487607215	200	9.668621849013395	0.0	383025	334.027553173	0.2
1606.3407326745685	200	9.830637935166319	0.0	383025	337.9839138470754	0.2
1606.679148437996	200	9.992222171738923	0.0	383025	338.415763427	0.2
1607.1504914899617	200	9.65380640831153	0.0	383025	338.415763427	0.2
1607.472778600218	200	9.831519298055381	0.0	383025	322.287110256	0.2
1608.1825673340247	200	9.509232187799235	0.0	383025	322.287110256	0.2
1608.5126555572392	200	9.679143964584714	0.0	383025	330.088223215	0.2

