753.7038260227018	400	0.5	0.15528759061342512	181435	155.287590613	-2.7057518122685025
753.8615111168085	400	0.8423149058933316	0.0	184429	157.685094107	0.4
754.1001980365194	600	1.103627986182447	0.0	285584	238.686919711	0.39999999999999997
754.4236391871013	800	1.2801868356003656	0.0	391425	323.441150582	0.6000000000000001
754.7462351367499	800	1.4575908859518278	0.0	391425	322.595949649	0.8
755.1465196429994	1000	1.5573063797023168	0.0	490176	400.28450625	0.8
755.5736019533133	1000	1.630224069388413	0.0	513389	427.082310314	1.0
755.988336748544	1000	1.7154892741577257	0.0	497055	414.734795231	1.0
756.4291811129285	1000	1.7746449097731565	0.0	520019	440.844364385	1.0
756.8998021081842	1000	1.804023914517478	0.0	551265	470.620995256	1.0
757.3773047572872	1000	1.826521265414382	0.0	558332	477.502649103	1.0
757.8373181327447	1000	1.866507889956849	0.0	536970	460.013375458	1.0
758.2973315082022	1000	1.9064945144993162	0.0	536970	460.013375458	1.0
758.7471257591719	1000	1.9567002635296638	0.0	536970	449.79425097	1.0
759.1933748287152	1000	2.01045119398648	0.0	536970	446.249069543	1.0
759.5142155384112	200	2.189610484290314	0.0	383025	320.840709696	-0.6000000000000001
759.8346950306654	200	2.369130992036158	0.0	383025	320.479492254	0.2
760.1535490929598	200	2.550276929741842	0.0	383025	318.854062294	0.2
760.4724031552543	200	2.7314228674475256	0.0	383025	318.854062294	0.2
760.7935706149701	200	2.9102554077315492	0.0	383025	321.167459716	0.2
761.1174310446221	200	3.0863949780796767	0.0	383025	323.860429652	0.2
761.4412914742741	200	3.2625345484278037	0.0	383025	323.860429652	0.2
761.7615982029926	200	3.442227819709192	0.0	383025	320.306728719	0.2
762.0794817553815	200	3.624344267320293	0.0	383025	317.883552389	0.2
762.3973653077703	200	3.806460714931393	0.0	383025	317.883552389	0.2
762.7151415605412	200	3.9886844621605673	0.0	383025	317.776252771	0.2
763.0329098893503	200	4.170916133351397	0.0	383025	317.768328809	0.2
763.3531426773387	200	4.350683345363017	0.0	383025	320.232787988	0.2
763.674178357993	200	4.52964766470869	0.0	383025	321.035680654	0.2
763.9952140386474	200	4.708611984054362	0.0	383025	321.035680654	0.2
764.3268139937493	200	4.877012028952402	0.0	383025	331.599955102	0.2
764.6592703843684	200	5.04455563833336	0.0	383025	332.456390619	0.2
764.9917267749875	200	5.212099247714319	0.0	383025	332.456390619	0.2
765.3225188680806	200	5.381307154621201	0.0	383025	330.792093093	0.2
765.6531600274349	200	5.550665995266916	0.0	383025	330.641159354	0.2
765.983801186789	200	5.720024835912632	0.0	383025	330.641159354	0.2
766.304694631013	200	5.899131391688644	0.0	383025	320.893444224	0.2
766.6235814691261	200	6.08024455357568	0.0	383025	318.886838113	0.2
766.941088167754	200	6.262737854947683	0.0	383025	317.506698628	0.2
767.2576572379323	200	6.446168784769319	0.0	383025	316.569070178	0.2
767.5738229470767	200	6.630003075625003	0.0	383025	316.165709144	0.2
767.8825095515243	200	6.821316471177351	0.0	383025	308.686604448	0.2
768.191196155972	200	7.012629866729699	0.0	383025	308.686604448	0.2
768.4920036910465	200	7.211822331655196	0.0	383025	300.807535075	0.2
768.7920172837008	200	7.411808739000859	0.0	383025	300.013592654	0.2
769.093953614431	200	7.609872408270675	0.0	383025	301.93633073	0.2
769.3964055911026	200	7.807420431599038	0.0	383025	302.451976672	0.2
769.6991955865583	200	8.004630436143437	0.0	383025	302.789995456	0.2
770.001985582014	200	8.201840440687835	0.0	383025	302.789995456	0.2
770.3195174112179	200	8.384308611483878	0.0	383025	317.531829204	0.2
770.6413858868376	200	8.562440135864147	0.0	383025	321.86847562	0.2
770.9660361802944	200	8.737789842407427	0.0	383025	324.650293457	0.2
771.2908483777156	200	8.912977644986046	0.0	383025	324.812197421	0.2
771.6143640472962	200	9.089461975405529	0.0	383025	323.515669581	0.2
771.937205607291	200	9.26662041541071	0.0	383025	322.841559995	0.2
772.260047167286	200	9.44377885541589	0.0	383025	322.841559995	0.2
772.5641151940256	200	9.639710828676218	0.0	383025	304.06802674	0.2
772.867003850801	200	9.836822171900755	0.0	383025	302.888656775	0.2
773.6778816490242	200	9.52594437367763	0.0	383025	310.877798223	0.2
773.9971260072954	200	9.706700015406541	0.0	383025	319.24435827108954	0.2
774.3171458128943	200	9.886680209807594	0.0	383025	320.019805599	0.2
774.6657934758847	200	9.566660040115327	0.0	383025	320.0201696922668	0.2
774.9865700266452	200	9.745883489354826	0.0	383025	320.77655076	0.2
775.3073465774057	200	9.925106938594327	0.0	383025	320.77655076	0.2
776.127696218722	200	9.604757297277931	0.0	383025	320.3496413163949	0.2
776.4467847309121	200	9.785668785087877	0.0	383025	319.08851219005294	0.2
776.773264500968	200	9.959189015031951	0.0	383025	326.479770056	0.2
777.4523226071614	200	9.632709244976024	0.0	383025	326.479770056	0.2
777.7819861508241	200	9.80304570131329	0.0	383025	329.663543663	0.2
778.1071644202733	200	9.977867431864087	0.0	383025	325.17826944920085	0.2
778.5889690008946	200	9.655675163728084	0.0	383025	322.192268136	0.2
778.9213289760047	200	9.823315188617933	0.0	383025	332.35997511	0.2
779.2536889511149	200	9.990955213507783	0.0	383025	332.35997511	0.2
780.0824214732602	200	9.662222691362553	0.0	383025	328.7325221452311	0.2
780.408517960792	200	9.83612620383079	0.0	383025	326.096487532	0.2
780.7514704348376	200	9.993173729785124	0.0	383025	342.9524740456666	0.2
781.5950214138293	200	9.649622750793418	0.0	383025	343.550978992	0.2
781.9158253800903	200	9.828818784532476	0.0	383025	320.8039662609425	0.2
782.5833030551405	200	9.508314354797761	0.0	383025	320.504429735	0.2
782.9044563789282	200	9.68716103101005	0.0	383025	321.153323788	0.2
783.2244984145538	200	9.867118995384676	0.0	383025	320.0420356253746	0.2
783.7406317027296	200	9.548136572611073	0.0	383025	318.982422774	0.2
784.0563096618279	200	9.732458613512781	0.0	383025	315.677959098	0.2
784.3712405969065	200	9.917527678434123	0.0	383025	314.930935078659	0.2
784.9084962201314	200	9.60777980861133	0.0	383025	309.747869823	0.2
785.2292411646198	200	9.787034864122958	0.0	383025	320.744944488	0.2
785.5499861091082	200	9.966289919634587	0.0	383025	320.744944488	0.2
786.3684853252882	200	9.647790703454564	0.0	383025	318.4992161800213	0.2
786.6837240227836	200	9.832552005959275	0.0	383025	315.23869749528814	0.2
787.3567171269774	200	9.517423188989447	0.0	383025	315.12881697	0.2
787.6688849131822	200	9.705255402784626	0.0	383025	312.167786205	0.2
787.9887059584105	200	9.885434357556333	0.0	383025	319.82104522829275	0.2
788.6105343709959	200	9.564446701042224	0.0	383025	320.987656514	0.2
788.9297477794048	200	9.745233292633149	0.0	383025	319.213408409	0.2
789.2485874736346	200	9.926393598403417	0.0	383025	318.8396942297337	0.2
789.713319215083	200	9.608474695184231	0.0	383025	317.918903219	0.2
790.0308723877456	200	9.790921522521453	0.0	383025	317.553172663	0.2
790.3487274840903	200	9.973066426176786	0.0	383025	317.8550963446664	0.2
790.7296319536564	200	9.653724749762029	0.0	383025	319.341676415	0.2
791.0364669260457	200	9.84688977737273	0.0	383025	306.834972389	0.2
791.808534579165	200	9.540054804983434	0.0	383025	306.834972389	0.2
792.1060516315903	200	9.742537752558116	0.0	383025	297.5170524253184	0.2
792.401653078694	200	9.94693630545439	0.0	383025	295.601447104	0.2
792.8137644549039	200	9.65005618837897	0.0	383025	296.8801170754189	0.2
793.1161911916108	200	9.847629451672043	0.0	383025	302.426736707	0.2
793.9233643204684	200	9.540456322814558	0.0	383025	307.17312885748515	0.2
794.2432081243932	200	9.720612518889814	0.0	383025	319.8438039247443	0.2
794.5721825570427	200	9.891638086240233	0.0	383025	328.97443265	0.2
795.253780831315	200	9.562663653590652	0.0	383025	328.97443265	0.2
795.5862818051976	200	9.730162679708018	0.0	383025	332.500973883	0.2
795.8999123074236	200	9.916532177481994	0.0	383025	313.6305022260244	0.2
796.7069707631565	200	9.609473721749069	0.0	383025	307.05845573292453	0.2
797.0145134811722	200	9.8019310037333	0.0	383025	307.5427180157701	0.2
797.322298800852	200	9.994145684053624	0.0	383025	307.78531968	0.2
797.6405760423091	200	9.690578040454877	0.0	383025	303.56764359874796	0.2
797.9369276333862	200	9.89422644937779	0.0	383025	296.3515910770881	0.2
798.4653985748198	200	9.590521511128836	0.0	383025	303.7049382489534	0.2
798.7830784502655	200	9.772841635683083	0.0	383025	317.679875446	0.2
799.1007583257114	200	9.955161760237328	0.0	383025	317.679875446	0.2
799.9184382011572	200	9.637481884791574	0.0	383025	317.679875446	0.2

