4344.0441588248605	400	0.5	0.15868563609377903	181435	158.685636094	-2.773712721875581
4344.205298038238	400	0.8388607866225393	0.0	184429	161.139213377	0.4
4344.449333580984	600	1.0948252438760693	0.0	285584	244.035542746	0.39999999999999997
4344.780105621153	800	1.2640532037073726	0.0	391425	330.772040169	0.6000000000000001
4345.110877661321	800	1.4332811635386762	0.0	391425	330.772040169	0.8
4345.52257595745	1000	1.521582867411114	0.0	490176	411.698296128	0.8
4345.953297262757	1000	1.5908615621031572	0.0	513389	430.721305308	1.0
4346.370632886251	1000	1.6735259386093808	0.0	497055	417.335623494	1.0
4346.8067659407725	1000	1.7373928840879698	0.0	520019	436.133054521	1.0
4347.261128761355	1000	1.7830300635046805	0.0	551265	454.362820583	1.0
4347.721188138138	1000	1.8229706867223543	0.0	558332	460.059376782	1.0
4348.1640280676975	1000	1.8801307571628705	0.0	536970	442.839929559	1.0
4348.6082560491695	1000	1.9359027756913847	0.0	536970	444.227981471	1.0
4349.0564894472645	1000	1.987669377595878	0.0	536970	448.233398096	1.0
4349.50472284536	1000	2.0394359795003716	0.0	536970	448.233398096	1.0
4349.827318236734	200	2.216840588127425	0.0	383025	322.595391373	-0.6000000000000001
4350.149913628107	200	2.3942451967544773	0.0	383025	322.595391373	0.2
4350.47250901948	200	2.57164980538153	0.0	383025	322.595391373	0.2
4350.795104410853	200	2.749054414008583	0.0	383025	322.595391373	0.2
4351.119383752302	200	2.9247750725591497	0.0	383025	324.279341449	0.2
4351.449267251009	200	3.0948915738522196	0.0	383025	329.883498707	0.2
4351.779150749716	200	3.26500807514529	0.0	383025	329.883498707	0.2
4352.109034248423	200	3.43512457643836	0.0	383025	329.883498707	0.2
4352.438917747129	200	3.6052410777314297	0.0	383025	329.883498707	0.2
4352.768801245837	200	3.7753575790245	0.0	383025	329.883498707	0.2
4353.098684744544	200	3.94547408031757	0.0	383025	329.883498707	0.2
4353.42856824325	200	4.115590581610641	0.0	383025	329.883498707	0.2
4353.755476588584	200	4.288682236276683	0.0	383025	326.908345334	0.2
4354.079138935332	200	4.46501988953037	0.0	383025	323.662346746	0.2
4354.402801282078	200	4.641357542784057	0.0	383025	323.662346746	0.2
4354.726463628825	200	4.817695196037744	0.0	383025	323.662346746	0.2
4355.050125975572	200	4.994032849291431	0.0	383025	323.662346746	0.2
4355.373788322318	200	5.170370502545118	0.0	383025	323.662346746	0.2
4355.697450669065	200	5.346708155798804	0.0	383025	323.662346746	0.2
4356.021113015812	200	5.5230458090524905	0.0	383025	323.662346746	0.2
4356.342444806638	200	5.701714018226188	0.0	383025	321.331790826	0.2
4356.657921377716	200	5.886237447148309	0.0	383025	315.476571078	0.2
4356.973397948793	200	6.0707608760704295	0.0	383025	315.476571078	0.2
4357.288874519871	200	6.255284304992551	0.0	383025	315.476571078	0.2
4357.602140837956	200	6.4420179869080325	0.0	383025	313.266318085	0.2
4357.913082277614	200	6.631076547248413	0.0	383025	310.94143966	0.2
4358.224023717274	200	6.8201351075887935	0.0	383025	310.94143966	0.2
4358.534965156933	200	7.009193667929174	0.0	383025	310.94143966	0.2
4358.848999406632	200	7.195159418230051	0.0	383025	314.034249699	0.2
4359.16365742166	200	7.380501403202225	0.0	383025	314.658015028	0.2
4359.478315436687	200	7.5658433881744	0.0	383025	314.658015028	0.2
4359.792973451715	200	7.751185373146575	0.0	383025	314.658015028	0.2
4360.1076314667425	200	7.9365273581187505	0.0	383025	314.658015028	0.2
4360.425216899528	200	8.118941925333413	0.0	383025	317.585432785	0.2
4360.744187248465	200	8.299971576397011	0.0	383025	318.970348936	0.2
4361.063157597401	200	8.48100122746061	0.0	383025	318.970348936	0.2
4361.382127946337	200	8.662030878524204	0.0	383025	318.970348936	0.2
4361.701098295274	200	8.843060529587802	0.0	383025	318.970348936	0.2
4362.02006864421	200	9.0240901806514	0.0	383025	318.970348936	0.2
4362.333918620176	200	9.21024020468626	0.0	383025	313.849975965	0.2
4362.64710592649	200	9.397052898371394	0.0	383025	313.187306315	0.2
4362.960293232805	200	9.58386559205653	0.0	383025	313.187306315	0.2
4363.27348053912	200	9.770678285741663	0.0	383025	313.187306315	0.2
4363.587018732496	200	9.957140092365021	0.0	383025	313.538193377	0.2
4364.409709107968	200	9.63444971689377	0.0	383025	322.690375471	0.2
4364.73239948344	200	9.811759341422515	0.0	383025	322.690375471	0.2
4365.055089858911	200	9.989068965951263	0.0	383025	322.690375471	0.2
4365.874622747654	200	9.669536077207898	0.0	383025	319.5328887433642	0.2
4366.187662608706	200	9.856496216155142	0.0	383025	313.039861053	0.2
4366.70593176025	200	9.543456355102384	0.0	383025	313.039861053	0.2
4367.020707052258	200	9.72868106309326	0.0	383025	314.775292009	0.2
4367.335482344268	200	9.913905771084137	0.0	383025	314.775292009	0.2
4367.8298127455955	200	9.599130479075015	0.0	383025	314.775292009	0.2
4368.155205783553	200	9.77373744111666	0.0	383025	325.393037958	0.2
4368.480598821511	200	9.948344403158305	0.0	383025	325.393037958	0.2
4369.30599185947	200	9.62295136519995	0.0	383025	325.393037958	0.2
4369.631384897428	200	9.797558327241598	0.0	383025	325.393037958	0.2
4369.956777935386	200	9.972165289283243	0.0	383025	325.393037958	0.2
4370.790211206425	200	9.638732018243601	0.0	383025	333.4332710396418	0.2
4371.1245993249995	200	9.804343899668792	0.0	383025	334.388118575	0.2
4371.458987443574	200	9.969955781093985	0.0	383025	334.388118575	0.2
4372.293375562148	200	9.635567662519176	0.0	383025	334.388118575	0.2
4372.627763680723	200	9.801179543944366	0.0	383025	334.388118575	0.2
4372.962151799297	200	9.966791425369559	0.0	383025	334.388118575	0.2
4373.7959115076355	200	9.633031717031034	0.0	383025	333.7597083385246	0.2
4374.128381634799	200	9.80056158986804	0.0	383025	332.470127163	0.2
4374.460851761963	200	9.968091462705049	0.0	383025	332.470127163	0.2
4375.293321889126	200	9.635621335542055	0.0	383025	332.470127163	0.2
4375.625792016289	200	9.803151208379061	0.0	383025	332.470127163	0.2
4375.958262143453	200	9.97068108121607	0.0	383025	332.470127163	0.2
4376.561207086157	200	9.638210954053076	0.0	383025	332.470127163	0.2
4376.885237843227	200	9.814180196983477	0.0	383025	324.03075707	0.2
4377.209268600296	200	9.990149439913878	0.0	383025	324.03075707	0.2
4378.033299357366	200	9.66611868284428	0.0	383025	324.03075707	0.2
4378.352698981379	200	9.846719058830539	0.0	383025	319.399624013743	0.2
4379.166083015954	200	9.53333502425524	0.0	383025	313.384034575	0.2
4379.479467050529	200	9.719950989679942	0.0	383025	313.384034575	0.2
4379.790471262599	200	9.90894677761052	0.0	383025	311.00421206942286	0.2
4380.12681774699	200	9.600643007555988	0.0	383025	308.303770055	0.2
4380.438733123676	200	9.788727630870394	0.0	383025	311.915376686	0.2
4380.750648500361	200	9.976812254184798	0.0	383025	311.915376686	0.2
4381.562563877047	200	9.664896877499205	0.0	383025	311.915376686	0.2
4381.873793566925	200	9.853667187620436	0.0	383025	311.2296898787673	0.2
4382.371084441912	200	9.542530945763838	0.0	383025	311.136241857	0.2
4382.684796101651	200	9.728819286024928	0.0	383025	313.711659739	0.2
4382.99850776139	200	9.915107626286018	0.0	383025	313.711659739	0.2
4383.719509214675	200	9.601395966547107	0.0	383025	313.711659739	0.2
4384.0299506829	200	9.790954498322268	0.0	383025	310.441468225	0.2
4384.340392151124	200	9.980513030097429	0.0	383025	310.441468225	0.2
4385.150807323126	200	9.670097858096383	0.0	383025	310.41517200104516	0.2
4385.460331625193	200	9.860573556028841	0.0	383025	309.524302068	0.2
4385.987492376194	200	9.551049253961299	0.0	383025	309.524302068	0.2
4386.296409444096	200	9.742132186058972	0.0	383025	308.917067902	0.2
4386.605326511998	200	9.933215118156646	0.0	383025	308.917067902	0.2
4387.29863121344	200	9.62429805025432	0.0	383025	308.917067902	0.2
4387.611193390413	200	9.81173587328066	0.0	383025	312.562176974	0.2
4387.923755567387	200	9.999173696307002	0.0	383025	312.562176974	0.2
4388.68839199462	200	9.686611519333342	0.0	383025	312.562176974	0.2
4389.0053427174325	200	9.86966079652143	0.0	383025	316.950722812	0.2
4389.821714404528	200	9.55328910942588	0.0	383025	316.3716870955509	0.2
4390.135971174222	200	9.739032339732448	0.0	383025	314.256769693	0.2
4390.450227943915	200	9.924775570039017	0.0	383025	314.256769693	0.2
4391.132651549357	200	9.610518800345586	0.0	383025	314.256769693	0.2
4391.443955656366	200	9.799214693336815	0.0	383025	311.304107009	0.2
4391.755259763374	200	9.987910586328043	0.0	383025	311.304107009	0.2

