0.138742942412	400	0.5	0.13874294241179633	181435	138.742942412	-2.3748588482359265
0.279610372213	400	0.8591325701983346	0.0	184429	140.867429802	0.4
0.492255531448	600	1.1464874109637304	0.0	285584	212.645159235	0.39999999999999997
0.784939793961	800	1.3538031484505924	0.0	391425	292.684262513	0.6000000000000001
1.08202063942	800	1.556722302994822	0.0	391425	297.080845456	0.8
1.45409280761	1000	1.6846501348004421	0.0	490176	372.072168194	0.8
1.84470593853	1000	1.7940370038845743	0.0	513389	390.613130916	1.0
2.22376466264	1000	1.9149782797705552	0.0	497055	379.058724114	1.0
2.61934244104	1000	2.01940050137149	0.0	520019	395.577778399	1.0
2.91572453415	200	2.2230184082663116	0.0	383025	296.382093105	-0.6000000000000001
3.21272554796	200	2.4260173944508425	0.0	383025	297.001013815	0.2
3.50910737997	200	2.6296355624437218	0.0	383025	296.381832007	0.2
3.81148197185	200	2.8272609705663245	0.0	383025	302.374591877	0.2
4.1162433363	200	3.022499606109252	0.0	383025	304.761364457	0.2
4.42660466407	200	3.2121382783465844	0.0	383025	310.361327763	0.2
4.73641353155	200	3.402329410860065	0.0	383025	309.808867487	0.2
5.04545978828	200	3.593283154132183	0.0	383025	309.046256728	0.2
5.34904177087	200	3.7897011715440296	0.0	383025	303.581982588	0.2
5.65157022702	200	3.987172715394406	0.0	383025	302.52845615	0.2
5.95181293661	200	4.1869300057988275	0.0	383025	300.242709596	0.2
6.24668724289	200	4.39205569952415	0.0	383025	294.874306275	0.2
6.53965338668	200	4.599089555728051	0.0	383025	292.966143796	0.2
6.83305731866	200	4.805685623755376	0.0	383025	293.403931973	0.2
7.12844431118	200	5.010298631227656	0.0	383025	295.386992528	0.2
7.42422115084	200	5.214521791575421	0.0	383025	295.776839652	0.2
7.71968837596	200	5.419054566449416	0.0	383025	295.467225126	0.2
8.01132486841	200	5.627418073997587	0.0	383025	291.636492452	0.2
8.30113710842	200	5.83760583399421	0.0	383025	289.812240003	0.2
8.58878730746	200	6.049955634952294	0.0	383025	287.650199042	0.2
8.87615250487	200	6.262590437542118	0.0	383025	287.36519741	0.2
9.16266805907	200	6.476074883337735	0.0	383025	286.515554204	0.2
9.44920113403	200	6.689541808383019	0.0	383025	286.533074955	0.2
9.73587066245	200	6.902872279964869	0.0	383025	286.669528418	0.2
10.0219807822	200	7.1167621602480455	0.0	383025	286.110119717	0.2
10.3099956639	200	7.328747278467571	0.0	383025	288.01488178	0.2
10.5984010156	200	7.540341926776313	0.0	383025	288.405351691	0.2
10.8867740325	200	7.7519689098685305	0.0	383025	288.373016908	0.2
11.1742062186	200	7.964536723819026	0.0	383025	287.43218605	0.2
11.4609936892	200	8.177749253199206	0.0	383025	286.78747062	0.2
11.7471645402	200	8.391578402260333	0.0	383025	286.170850939	0.2
12.0336225207	200	8.605120421740496	0.0	383025	286.45798052	0.2
12.3464545072	200	8.792288435209404	0.0	383025	312.831986531	0.2
12.6693543071	200	8.969388635285739	0.0	383025	322.899799924	0.2
12.9914750135	200	9.147267928960494	0.0	383025	322.120706325	0.2
13.3130135775	200	9.325729364904719	0.0	383025	321.538564056	0.2
13.6334631826	200	9.5052797598349	0.0	383025	320.44960507	0.2
13.953435302	200	9.68530764036667	0.0	383025	319.972119468	0.2
14.2693362918	200	9.869406650649438	0.0	383025	315.900989717	0.2
14.971412086963381	200	9.578036975230106	0.0	383025	291.369675419	0.2
15.265073263040598	200	9.784375799152887	0.0	383025	293.6611760772182	0.2
15.559315576043709	200	9.990133486149777	0.0	383025	294.24231300311027	0.2
15.857136007848315	200	9.695528079428485	0.0	383025	294.605406721	0.2
16.169316416454695	200	9.883347670822102	0.0	383025	312.180408606	0.2
16.62698821354307	200	9.572209470072764	0.0	383025	311.1382007493402	0.2
16.930974416382504	200	9.768223267233324	0.0	383025	303.9862028394389	0.2
17.234813092869032	200	9.964384590746796	0.0	383025	303.838676487	0.2
17.710665543518267	200	9.663637531704676	0.0	383025	300.7470590421196	0.2
18.007974426265005	200	9.866328648957936	0.0	383025	297.308882746741	0.2
18.69164740885692	200	9.560699356838906	0.0	383025	305.629292119	0.2
19.00765235205638	200	9.744694413639447	0.0	383025	316.0049431994598	0.2
19.327204673454553	200	9.925142092241273	0.0	383025	319.55232139817383	0.2
19.945514862874205	200	9.602787479816705	0.0	383025	322.354612425	0.2
20.254450706706482	200	9.79385163598443	0.0	383025	308.93584383227557	0.2
20.562417475236977	200	9.985884867453933	0.0	383025	307.96676853	0.2
21.135100904303698	200	9.6709722189995	0.0	383025	314.91264845443163	0.2
21.454461539373007	200	9.851611583930193	0.0	383025	319.360635069308	0.2
22.168492593321034	200	9.528161760046977	0.0	383025	323.449823883	0.2
22.481303816960157	200	9.715350536407852	0.0	383025	312.81122363912596	0.2
22.78300140897605	200	9.91365294439196	0.0	383025	301.6975920158933	0.2
23.419500277368126	200	9.617948499655835	0.0	383025	295.704444736	0.2
23.728156979833646	200	9.809291797190314	0.0	383025	308.6567024655209	0.2
24.039025047689638	200	9.998423729334325	0.0	383025	310.8680678559893	0.2
24.382238705487	200	9.681976602324378	0.0	383025	316.44712700994813	0.2
24.705192849129915	200	9.859022458681466	0.0	383025	322.954143643	0.2
25.11999858550897	200	9.536479837107104	0.0	383025	322.54262157436364	0.2
25.441875797470264	200	9.714602625145808	0.0	383025	321.8772119612955	0.2
25.761304663563347	200	9.895173759052724	0.0	383025	319.42886609308323	0.2
26.582232894146205	200	9.574245528469866	0.0	383025	320.928230582858	0.2
26.903270247720027	200	9.753208174896043	0.0	383025	321.037353574	0.2
27.224321915162143	200	9.932156507453927	0.0	383025	321.0516674421163	0.2
27.74433790556654	200	9.610441739280661	0.0	383025	321.714768173	0.2
28.06266593384688	200	9.792113711000322	0.0	383025	318.32802828033823	0.2
28.374872974819333	200	9.979906670027868	0.0	383025	312.207040972	0.2
28.890841424968944	200	9.671340662195021	0.0	383025	308.5660078328455	0.2
29.18956918259466	200	9.872612904569305	0.0	383025	298.727757626	0.2
29.511936763369278	200	9.579494214153236	0.0	383025	293.1186904160691	0.2
29.804191145121692	200	9.787239832400822	0.0	383025	292.254381752	0.2
30.096711042158493	200	9.99471993536402	0.0	383025	292.51989703679925	0.2
30.876217688119315	200	9.701978144507496	0.0	383025	292.741790857	0.2
31.19795470629154	200	9.880241126335271	0.0	383025	321.73701817222565	0.2
31.58652941593259	200	9.560204727253007	0.0	383025	320.0363990822634	0.2
31.899785262454913	200	9.746948880730683	0.0	383025	313.255846522	0.2
32.24654239436994	200	9.900191748815653	0.0	383025	346.75713191502985	0.2
32.81140782521299	200	9.532034735092196	0.0	383025	368.157013723	0.2
33.21193100885744	200	9.631511551447744	0.0	383025	400.523183644	0.2
33.61245419250189	200	9.730988367803292	0.0	383025	400.523183644	0.2
34.02085698786239	200	9.822585572442796	0.0	383025	408.4027953604956	0.2
34.43486010780346	200	9.908582452501717	0.0	383025	414.003119941	0.2
34.84886322774454	200	9.99457933256064	0.0	383025	414.003119941	0.2
35.48103316327783	200	9.580576212619563	0.0	383025	414.003119941	0.2
35.88676477791225	200	9.67484459798514	0.0	383025	405.731614634	0.2
36.292496392546674	200	9.769112983350716	0.0	383025	405.731614634	0.2
36.70177373526315	200	9.85983564063424	0.0	383025	409.2773427164776	0.2
37.1261243039882	200	9.935485071909191	0.0	383025	424.350568725	0.2
38.05047487271324	200	9.511134503184145	0.0	383025	424.350568725	0.2
38.474825441438284	200	9.586783934459097	0.0	383025	424.350568725	0.2
38.90034991544695	200	9.661259460450427	0.0	383025	425.5244740086709	0.2
39.32927587727254	200	9.73233349862484	0.0	383025	428.925961826	0.2
39.758201839098135	200	9.803407536799252	0.0	383025	428.925961826	0.2
40.18712780092372	200	9.874481574973665	0.0	383025	428.925961826	0.2
40.61605376274931	200	9.945555613148077	0.0	383025	428.925961826	0.2
41.55879966952466	200	9.502809706372728	0.0	383025	442.7459067753488	0.2
42.00177403175442	200	9.559835344142972	0.0	383025	442.97436223	0.2
42.444748393984185	200	9.616860981913215	0.0	383025	442.97436223	0.2
42.88772275621395	200	9.673886619683456	0.0	383025	442.97436223	0.2
43.33069711844371	200	9.7309122574537	0.0	383025	442.97436223	0.2
43.773671480673464	200	9.787937895223942	0.0	383025	442.97436223	0.2
44.216645842903226	200	9.844963532994186	0.0	383025	442.97436223	0.2
44.65962020513299	200	9.901989170764427	0.0	383025	442.97436223	0.2
45.10148515242077	200	9.96012422347665	0.0	383025	441.8649472877789	0.2

