6291.243206817068	400	0.5	0.16299816721526125	181435	162.998167215	-2.8599633443052253
6291.408729725996	400	0.8344770910720455	0.0	184429	165.522908928	0.4
6291.659553318941	600	1.083653498126896	0.0	285584	250.823592945	0.39999999999999997
6291.999629145558	800	1.243577671510016	0.0	391425	340.075826617	0.6000000000000001
6292.339704972175	800	1.403501844893136	0.0	391425	340.075826617	0.8
6292.763054268688	1000	1.4801525483797404	0.0	490176	423.349296513	0.8
6293.205978324512	1000	1.537228492555474	0.0	513389	442.924055824	1.0
6293.635128455441	1000	1.608078361626041	0.0	497055	429.150130929	1.0
6294.083643372172	1000	1.659563444894909	0.0	520019	448.514916731	1.0
6294.557758620728	1000	1.6854481963391543	0.0	551265	474.115248556	1.0
6295.031286115241	1000	1.7119207018264755	0.0	558332	473.527494513	1.0
6295.487078867094	1000	1.7561279499718925	0.0	536970	455.792751855	1.0
6295.942633804317	1000	1.8005730127499573	0.0	536970	455.554937222	1.0
6296.397485553488	1000	1.8457212635782765	0.0	536970	454.851749172	1.0
6296.85233730266	1000	1.8908695144065955	0.0	536970	454.851749172	1.0
6297.307189051831	1000	1.9360177652349146	0.0	536970	454.851749172	1.0
6297.775437215829	1000	1.9677696012379502	0.0	553424	468.248163997	1.0
6298.215813084623	1000	2.0273937324437714	0.0	522960	440.375868794	1.0
6298.541027856584	200	2.2021789604824544	0.0	383025	325.214771961	-0.6000000000000001
6298.866242628545	200	2.3769641885211374	0.0	383025	325.214771961	0.2
6299.191457400505	200	2.551749416559821	0.0	383025	325.214771961	0.2
6299.508404690417	200	2.7348021266487574	0.0	383025	316.947289911	0.2
6299.825115895047	200	2.918090922018307	0.0	383025	316.71120463	0.2
6300.141827099677	200	3.1013797173878563	0.0	383025	316.71120463	0.2
6300.458538304308	200	3.284668512757406	0.0	383025	316.71120463	0.2
6300.775249508938	200	3.4679573081269557	0.0	383025	316.71120463	0.2
6301.091704116191	200	3.651502700874156	0.0	383025	316.454607253	0.2
6301.408135992604	200	3.8350708244602303	0.0	383025	316.431876414	0.2
6301.724567869018	200	4.018638948046305	0.0	383025	316.431876414	0.2
6302.038768365386	200	4.204438451678514	0.0	383025	314.200496368	0.2
6302.352578349272	200	4.390628467791747	0.0	383025	313.809983887	0.2
6302.666388333159	200	4.576818483904981	0.0	383025	313.809983887	0.2
6302.974165303548	200	4.769041513516888	0.0	383025	307.776970388	0.2
6303.278810359586	200	4.964396457478446	0.0	383025	304.645056038	0.2
6303.5834554156245	200	5.159751401440004	0.0	383025	304.645056038	0.2
6303.892162820098	200	5.351043996966465	0.0	383025	308.707404474	0.2
6304.212174736995	200	5.531032080069889	0.0	383025	320.011916897	0.2
6304.532186653891	200	5.7110201631733135	0.0	383025	320.011916897	0.2
6304.852198570787	200	5.891008246276738	0.0	383025	320.011916897	0.2
6305.1722104876835	200	6.070996329380162	0.0	383025	320.011916897	0.2
6305.485452502348	200	6.257754314715347	0.0	383025	313.242014665	0.2
6305.795565286268	200	6.447641530794946	0.0	383025	310.11278392	0.2
6306.105678070188	200	6.637528746874544	0.0	383025	310.11278392	0.2
6306.415790652172	200	6.827416164890238	0.0	383025	310.112581984	0.2
6306.725892579317	200	7.017314237746128	0.0	383025	310.101927144	0.2
6307.035994506462	200	7.207212310602019	0.0	383025	310.101927144	0.2
6307.346151242547	200	7.397055574515483	0.0	383025	310.156736087	0.2
6307.659046891321	200	7.584159925742475	0.0	383025	312.895648773	0.2
6307.971942540094	200	7.771264276969466	0.0	383025	312.895648773	0.2
6308.284838188866	200	7.9583686281964585	0.0	383025	312.895648773	0.2
6308.598026293547	200	8.14518052351537	0.0	383025	313.188104681	0.2
6308.915976591154	200	8.32723022590851	0.0	383025	317.950297607	0.2
6309.233926888761	200	8.50927992830165	0.0	383025	317.950297607	0.2
6309.551877186368	200	8.691329630694792	0.0	383025	317.950297607	0.2
6309.870070660285	200	8.8731361567784	0.0	383025	318.193473916	0.2
6310.195806346911	200	9.047400470152317	0.0	383025	325.735686626	0.2
6310.521542033537	200	9.221664783526235	0.0	383025	325.735686626	0.2
6310.847277720163	200	9.39592909690015	0.0	383025	325.735686626	0.2
6311.17301340679	200	9.570193410274067	0.0	383025	325.735686626	0.2
6311.498749093416	200	9.744457723647983	0.0	383025	325.735686626	0.2
6311.814352441253	200	9.928854375812037	0.0	383025	315.603347836	0.2
6312.193774636323	200	9.616215107228577	0.0	383025	312.639268583	0.2
6312.503172676859	200	9.806817066691396	0.0	383025	309.398040537	0.2
6312.812570717396	200	9.997419026154216	0.0	383025	309.398040537	0.2
6313.526945863231	200	9.688020985617035	0.0	383025	309.398040537	0.2
6313.828955457324	200	9.88601139152365	0.0	383025	302.009594093	0.2
6314.62877422113	200	9.586192627717816	0.0	383025	299.8187638058346	0.2
6314.929117751359	200	9.785849097488308	0.0	383025	300.3435302295072	0.2
6315.232227735171	200	9.982739113675933	0.0	383025	303.109983812	0.2
6316.035240879359	200	9.679725969487967	0.0	383025	303.0131441879666	0.2
6316.337500234475	200	9.877466614371997	0.0	383025	302.259355116	0.2
6317.143528806904	200	9.571438041941676	0.0	383025	306.02857243032065	0.2
6317.455797830055	200	9.759169018790239	0.0	383025	312.26902315143786	0.2
6317.768553830361	200	9.946413018484765	0.0	383025	312.756000305	0.2
6318.500650846203	200	9.633657018179292	0.0	383025	312.756000305	0.2
6318.811831146422	200	9.822476717960566	0.0	383025	311.180300219	0.2
6319.5547131484145	200	9.511296417741839	0.0	383025	311.180300219	0.2
6319.885717223133	200	9.680292343023007	0.0	383025	331.004074719	0.2
6320.216721297852	200	9.849288268304175	0.0	383025	331.004074719	0.2
6321.04772537257	200	9.518284193585343	0.0	383025	331.004074719	0.2
6321.374626670779	200	9.691382895376117	0.0	383025	326.90129820922584	0.2
6321.695926730232	200	9.870082835924011	0.0	383025	321.300059452	0.2
6322.517226789683	200	9.548782776471906	0.0	383025	321.300059452	0.2
6322.83867760731	200	9.727331958844928	0.0	383025	321.4508176269768	0.2
6323.160217704322	200	9.905791861832348	0.0	383025	321.540097013	0.2
6323.981757801334	200	9.58425176481977	0.0	383025	321.540097013	0.2
6324.303751943832	200	9.762257622322156	0.0	383025	321.99414249761384	0.2
6324.625835493901	200	9.940174072253209	0.0	383025	322.083550069	0.2
6325.4428266032	200	9.61809052218426	0.0	383025	322.083550069	0.2
6325.761027698776	200	9.799889426609148	0.0	383025	318.201095575	0.2
6326.079228794351	200	9.981688331034036	0.0	383025	318.201095575	0.2
6326.886940669083	200	9.663487235458923	0.0	383025	318.201095575	0.2
6327.2075107252085	200	9.842917179333387	0.0	383025	320.570056126	0.2
6327.668731644141	200	9.522347123207853	0.0	383025	320.570056126	0.2
6327.984165287025	200	9.706913480325355	0.0	383025	315.433642882	0.2
6328.299598929907	200	9.891479837442857	0.0	383025	315.433642882	0.2
6329.101984431045	200	9.57604619456036	0.0	383025	315.433642882	0.2
6329.415950342001	200	9.762080283603998	0.0	383025	313.965910956	0.2
6329.732493352034	200	9.945537273571357	0.0	383025	316.5430100326413	0.2
6330.5532779024825	200	9.624752723122954	0.0	383025	320.784550448	0.2
6330.87406245293	200	9.803968172674551	0.0	383025	320.784550448	0.2
6331.201812930866	200	9.976217694738606	0.0	383025	327.75047793594473	0.2
6332.035346111085	200	9.642684514519283	0.0	383025	333.533180219	0.2
6332.368879291304	200	9.80915133429996	0.0	383025	333.533180219	0.2
6332.7024124715235	200	9.975618154080637	0.0	383025	333.533180219	0.2
6333.516858825997	200	9.642084973861314	0.0	383025	333.533180219	0.2
6333.827040410135	200	9.83190338972288	0.0	383025	310.181584138	0.2
6334.508498298705	200	9.521721805584447	0.0	383025	310.181584138	0.2
6334.825326113186	200	9.704893991102809	0.0	383025	316.827814482	0.2
6335.142153927667	200	9.888066176621171	0.0	383025	316.827814482	0.2
6335.96449481094	200	9.565725293348066	0.0	383025	322.3408832731036	0.2
6336.295215261845	200	9.735004842441896	0.0	383025	330.720450906	0.2
6336.625935712752	200	9.904284391535727	0.0	383025	330.720450906	0.2
6337.266090285344	200	9.573563940629557	0.0	383025	330.720450906	0.2
6337.597446394419	200	9.742207831554515	0.0	383025	331.356109075	0.2
6337.928802503495	200	9.910851722479475	0.0	383025	331.356109075	0.2
6338.76015861257	200	9.579495613404433	0.0	383025	331.356109075	0.2
6339.084495027524	200	9.755159198450219	0.0	383025	324.3364149542131	0.2
6339.405352030528	200	9.93430219544668	0.0	383025	320.857003004	0.2
6340.226209033531	200	9.613445192443141	0.0	383025	320.857003004	0.2

