329.00974392482	400	0.5	0.15080078673411892	181435	150.800786734	-2.6160157346823785
329.16286817480807	400	0.8468757500119226	0.0	184429	153.124249988	0.4
329.394492733899	600	1.115251190920917	0.0	285584	231.624559091	0.39999999999999997
329.7086586894865	800	1.3010852353334317	0.0	391425	314.165955587	0.6000000000000001
330.0267704036781	800	1.4829735211418562	0.0	391425	318.111714192	0.8
330.432579150421	1000	1.5771647743988697	0.0	490176	405.808746743	0.8
330.8641447602793	1000	1.6455991645405634	0.0	513389	431.565609858	1.0
331.2763439274156	1000	1.73339999740429	0.0	497055	412.199167136	1.0
331.6977708124635	1000	1.811973112356434	0.0	520019	421.426885048	1.0
332.1577520376778	1000	1.851991887142099	0.0	551265	459.981225214	1.0
332.63907369788615	1000	1.8706702269337432	0.0	558332	481.321660208	1.0
333.1195392156631	1000	1.8902047091568075	0.0	536970	480.465517777	1.0
333.57499094560836	1000	1.9347529792115654	0.0	536970	455.451729945	1.0
334.0138586573463	1000	1.9958852674736463	0.0	536970	438.867711738	1.0
334.44401187863104	1000	2.065732046188901	0.0	536970	430.153221285	1.0
334.7498940057305	200	2.2598499190894525	0.0	383025	305.882127099	-0.6000000000000001
335.0596392045103	200	2.450104720309572	0.0	383025	309.74519878	0.2
335.3807684748659	200	2.6289754499540234	0.0	383025	321.129270356	0.2
335.7213201600157	200	2.7884237648041568	0.0	383025	340.55168515	0.2
336.06100650605663	200	2.948737418763255	0.0	383025	339.686346041	0.2
336.38730744607466	200	3.122436478745242	0.0	383025	326.300940018	0.2
336.6914102810843	200	3.3183336437356297	0.0	383025	304.10283501	0.2
336.99560909932836	200	3.5141348254916083	0.0	383025	304.198818244	0.2
337.30914543080956	200	3.7005984940103542	0.0	383025	313.536331481	0.2
337.63641958886205	200	3.8733243359578853	0.0	383025	327.274158052	0.2
337.9710999272017	200	4.038643997618217	0.0	383025	334.68033834	0.2
338.29926329973887	200	4.2104806250810105	0.0	383025	328.163372537	0.2
338.61915449014646	200	4.39058943467346	0.0	383025	319.891190408	0.2
338.93408879150513	200	4.575655133314731	0.0	383025	314.934301359	0.2
339.2501314704599	200	4.759612454359929	0.0	383025	316.042678955	0.2
339.56900210617584	200	4.940741818644013	0.0	383025	318.870635716	0.2
339.8905846568291	200	5.119159267990682	0.0	383025	321.582550653	0.2
340.20931378968885	200	5.300430135130951	0.0	383025	318.72913286	0.2
340.5225791997533	200	5.4871647250665125	0.0	383025	313.265410064	0.2
340.8312444959798	200	5.678499428839987	0.0	383025	308.665296227	0.2
341.1382524536032	200	5.871491471216581	0.0	383025	307.007957623	0.2
341.45023891325275	200	6.0595050115669915	0.0	383025	311.98645965	0.2
341.7816103161766	200	6.228133608643175	0.0	383025	331.371402924	0.2
342.1130409547869	200	6.396702970032848	0.0	383025	331.43063861	0.2
342.43700547920463	200	6.572738445615118	0.0	383025	323.964524418	0.2
342.7535882383122	200	6.756155686507545	0.0	383025	316.582759108	0.2
343.06500430289407	200	6.9447396219257	0.0	383025	311.416064582	0.2
343.3761211718724	200	7.133622752947319	0.0	383025	311.116868978	0.2
343.6857522839491	200	7.323991640870648	0.0	383025	309.631112077	0.2
343.99464717651	200	7.515096748309756	0.0	383025	308.894892561	0.2
344.30434493684226	200	7.705398987977483	0.0	383025	309.697760332	0.2
344.6185034068377	200	7.891240517982048	0.0	383025	314.158469995	0.2
344.9375957305628	200	8.072148194256963	0.0	383025	319.092323725	0.2
345.2575778328376	200	8.252166091982142	0.0	383025	319.982102275	0.2
345.5729336074052	200	8.436810317414565	0.0	383025	315.355774568	0.2
345.8781142749956	200	8.631629649824234	0.0	383025	305.18066759	0.2
346.18223800720295	200	8.827505917616843	0.0	383025	304.123732207	0.2
346.48999073796904	200	9.019753186850789	0.0	383025	307.752730766	0.2
346.80582166012414	200	9.203922264695741	0.0	383025	315.830922155	0.2
347.13174237815093	200	9.378001546668933	0.0	383025	325.920718027	0.2
347.4573016623755	200	9.552442262444341	0.0	383025	325.559284225	0.2
347.77213438124767	200	9.737609543572171	0.0	383025	314.832718872	0.2
348.083428686787	200	9.926315238032895	0.0	383025	311.294305539	0.2
348.5793859830952	200	9.615579368979404	0.0	383025	310.735869053	0.2
348.89549722516375	200	9.799468126910854	0.0	383025	316.11124206854913	0.2
349.2120858813125	200	9.982879470762127	0.0	383025	316.588656149	0.2
349.5594854497177	200	9.668140382695485	0.0	383025	314.7390880666424	0.2
349.8723467853636	200	9.855279047049581	0.0	383025	312.861335646	0.2
350.57874962623424	200	9.534838539356558	0.0	383025	320.44050769302385	0.2
350.89775908825624	200	9.71582907733454	0.0	383025	319.0094620220184	0.2
351.21480999184723	200	9.898778173743485	0.0	383025	317.050903591054	0.2
351.9665500385716	200	9.583919437826653	0.0	383025	314.85873591683145	0.2
352.2919915418965	200	9.758477934501748	0.0	383025	325.4415033249047	0.2
352.61658923481684	200	9.93388024158139	0.0	383025	324.5976929203596	0.2
353.10503358392117	200	9.613118301455586	0.0	383025	320.7619401258034	0.2
353.4405940682532	200	9.77755781712358	0.0	383025	335.56048433200647	0.2
353.78271970257373	200	9.935432182803012	0.0	383025	342.125634321	0.2
354.262339517946	200	9.593306548482444	0.0	383025	342.125634321	0.2
354.55759433130214	200	9.798051735126213	0.0	383025	295.254813356231	0.2
354.93169299120547	200	9.50237696437852	0.0	383025	295.6747707476935	0.2
355.27638514666864	200	9.657684808915393	0.0	383025	344.692155463	0.2
355.62719548863157	200	9.806874466952491	0.0	383025	350.8103419629032	0.2
355.98102720381615	200	9.9530427517679	0.0	383025	353.83171518459085	0.2
356.8089790564326	200	9.582945876342817	0.0	383025	370.096875425	0.2
357.11057433232287	200	9.7813506004525	0.0	383025	301.59527589031717	0.2
357.411961440193	200	9.979963492582392	0.0	383025	301.3871078701079	0.2
357.9201653852824	200	9.67628014326353	0.0	383025	303.6833493188623	0.2
358.23142271930556	200	9.865022809240424	0.0	383025	311.25733402310607	0.2
358.6811474410705	200	9.553049375104825	0.0	383025	311.9734341355978	0.2
358.9986604190439	200	9.735536397131396	0.0	383025	317.5129779734289	0.2
359.3142457321503	200	9.919951084024982	0.0	383025	315.585313106	0.2
359.6316843114619	200	9.606656607573735	0.0	383025	313.2944764512481	0.2
359.92999016964467	200	9.808350749391007	0.0	383025	298.305858183	0.2
360.2695428069113	200	9.509799430379225	0.0	383025	298.551319011782	0.2
360.5821057519038	200	9.697236485386766	0.0	383025	312.5629449924597	0.2
360.89506827014003	200	9.884273967150511	0.0	383025	312.9625182362546	0.2
361.21807654183374	200	9.571033193395436	0.0	383025	313.240773755	0.2
361.5259597457393	200	9.763149989489849	0.0	383025	307.883203906	0.2
361.8408308496762	200	9.948278885552963	0.0	383025	314.87110393688425	0.2
362.52114384011173	200	9.629383321875759	0.0	383025	318.8955636772052	0.2
362.87266334710796	200	9.777863814879558	0.0	383025	351.5195069962017	0.2
363.21249725160965	200	9.938029910377848	0.0	383025	339.833904502	0.2
363.85174933135835	200	9.599789318231634	0.0	383025	338.24059214621326	0.2
364.168350425281	200	9.783188224309006	0.0	383025	316.6010939226288	0.2
364.4909847175502	200	9.960553932039842	0.0	383025	322.6342922691638	0.2
364.8800845284465	200	9.63112743008881	0.0	383025	329.42650195103073	0.2
365.20327598748537	200	9.807935971049943	0.0	383025	323.191459039	0.2
365.5129985338278	200	9.99821342470751	0.0	383025	309.7225463424331	0.2
366.140256188129	200	9.6908783262702	0.0	383025	307.3350984373092	0.2
366.46037832418983	200	9.870756190209434	0.0	383025	320.122136060766	0.2
367.03940673143893	200	9.551264299147185	0.0	383025	319.4918910622495	0.2
367.3419898346206	200	9.748681195965505	0.0	383025	302.5831031816816	0.2
367.6485834279465	200	9.942087602639608	0.0	383025	306.59359332589577	0.2
368.0272792483915	200	9.622096227264372	0.0	383025	319.991375375	0.2
368.3515878018557	200	9.79778767380018	0.0	383025	324.308553464	0.2
368.6628616411283	200	9.986513834527546	0.0	383025	311.2738392726339	0.2
369.2659898771149	200	9.677093221237522	0.0	383025	309.4206132900246	0.2
369.6054287556224	200	9.837654342730065	0.0	383025	339.43887850745443	0.2
369.9458228475828	200	9.997260250769665	0.0	383025	340.3940919604009	0.2
370.3499882975583	200	9.666947798514164	0.0	383025	330.312452256	0.2
370.6626928115301	200	9.854243284542294	0.0	383025	312.704513972	0.2
371.02405481914565	200	9.541840979380455	0.0	383025	312.40230516183885	0.2
371.352628904291	200	9.713266894235067	0.0	383025	328.574085145	0.2
371.71296935847886	200	9.852926440047234	0.0	383025	360.34045418783137	0.2
372.08711278666834	200	9.978783011857729	0.0	383025	374.1434281895049	0.2

