5754.34538812427	400	0.5	0.15924435290281455	181435	159.244352903	-2.784887058056291
5754.507095274277	400	0.8382928499930379	0.0	184429	161.707150007	0.4
5754.752010253633	600	1.09337787063736	0.0	285584	244.914979356	0.39999999999999997
5755.083987660611	800	1.2614004636597418	0.0	391425	331.977406978	0.6000000000000001
5755.415965067587	800	1.4294230566821233	0.0	391425	331.977406978	0.8
5755.829172827548	1000	1.516215296721311	0.0	490176	413.207759961	0.8
5756.261475079553	1000	1.583913044716885	0.0	513389	432.302252004	1.0
5756.680341350296	1000	1.6650467739746992	0.0	497055	418.866270742	1.0
5757.118097291278	1000	1.7272908329921504	0.0	520019	437.755940983	1.0
5757.581555489546	1000	1.7638326347229627	0.0	551265	463.458198269	1.0
5758.050826843171	1000	1.79456128109806	0.0	558332	469.271353625	1.0
5758.502526295748	1000	1.8428618285215213	0.0	536970	451.699452577	1.0
5758.954225748324	1000	1.8911623759449825	0.0	536970	451.699452577	1.0
5759.40835595414	1000	1.9370321701293463	0.0	536970	454.130205816	1.0
5759.864533080656	1000	1.9808550436128733	0.0	536970	456.177126516	1.0
5760.320710207173	1000	2.0246779170964	0.0	536970	456.177126516	1.0
5760.648971923626	200	2.1964162006430192	0.0	383025	328.261716453	-0.6000000000000001
5760.977233640079	200	2.368154484189638	0.0	383025	328.261716453	0.2
5761.305495356532	200	2.539892767736257	0.0	383025	328.261716453	0.2
5761.633757072987	200	2.7116310512828754	0.0	383025	328.261716453	0.2
5761.96201878944	200	2.883369334829494	0.0	383025	328.261716453	0.2
5762.290280505893	200	3.055107618376113	0.0	383025	328.261716453	0.2
5762.618542222346	200	3.2268459019227316	0.0	383025	328.261716453	0.2
5762.946803938799	200	3.39858418546935	0.0	383025	328.261716453	0.2
5763.275246626634	200	3.570141497634785	0.0	383025	328.442687835	0.2
5763.604485844665	200	3.7409022796040796	0.0	383025	329.239218031	0.2
5763.933725062696	200	3.911663061573374	0.0	383025	329.239218031	0.2
5764.262964280727	200	4.082423843542668	0.0	383025	329.239218031	0.2
5764.592203498758	200	4.253184625511962	0.0	383025	329.239218031	0.2
5764.921442716789	200	4.4239454074812565	0.0	383025	329.239218031	0.2
5765.250681934821	200	4.594706189450552	0.0	383025	329.239218031	0.2
5765.579921152852	200	4.765466971419846	0.0	383025	329.239218031	0.2
5765.909160370883	200	4.936227753389141	0.0	383025	329.239218031	0.2
5766.238399588914	200	5.106988535358436	0.0	383025	329.239218031	0.2
5766.567638806945	200	5.27774931732773	0.0	383025	329.239218031	0.2
5766.896878024976	200	5.4485100992970255	0.0	383025	329.239218031	0.2
5767.226117243007	200	5.619270881266321	0.0	383025	329.239218031	0.2
5767.555356461038	200	5.790031663235616	0.0	383025	329.239218031	0.2
5767.884595679069	200	5.96079244520491	0.0	383025	329.239218031	0.2
5768.2138348971	200	6.131553227174205	0.0	383025	329.239218031	0.2
5768.543074115131	200	6.3023140091435	0.0	383025	329.239218031	0.2
5768.872313333162	200	6.473074791112794	0.0	383025	329.239218031	0.2
5769.201552551193	200	6.6438355730820895	0.0	383025	329.239218031	0.2
5769.530791769224	200	6.814596355051385	0.0	383025	329.239218031	0.2
5769.860030987255	200	6.985357137020679	0.0	383025	329.239218031	0.2
5770.188517407501	200	7.156870716774404	0.0	383025	328.486420246	0.2
5770.513233027742	200	7.332155096533178	0.0	383025	324.715620241	0.2
5770.8379486479835	200	7.507439476291952	0.0	383025	324.715620241	0.2
5771.162664268225	200	7.682723856050726	0.0	383025	324.715620241	0.2
5771.4873798884655	200	7.8580082358095	0.0	383025	324.715620241	0.2
5771.812095508707	200	8.033292615568273	0.0	383025	324.715620241	0.2
5772.136811128948	200	8.208576995327046	0.0	383025	324.715620241	0.2
5772.461526749189	200	8.38386137508582	0.0	383025	324.715620241	0.2
5772.7862423694305	200	8.559145754844595	0.0	383025	324.715620241	0.2
5773.110957989671	200	8.734430134603368	0.0	383025	324.715620241	0.2
5773.435673609913	200	8.909714514362141	0.0	383025	324.715620241	0.2
5773.760389230153	200	9.084998894120917	0.0	383025	324.715620241	0.2
5774.0847052103545	200	9.260682913920684	0.0	383025	324.3159802	0.2
5774.408894497817	200	9.436493626458033	0.0	383025	324.189287463	0.2
5774.733083785279	200	9.61230433899538	0.0	383025	324.189287463	0.2
5775.057273072741	200	9.788115051532728	0.0	383025	324.189287463	0.2
5775.381462360203	200	9.963925764070076	0.0	383025	324.189287463	0.2
5776.205651647666	200	9.639736476607425	0.0	383025	324.189287463	0.2
5776.529840935128	200	9.815547189144773	0.0	383025	324.189287463	0.2
5776.85403022259	200	9.99135790168212	0.0	383025	324.189287463	0.2
5777.678219510052	200	9.667168614219468	0.0	383025	324.189287463	0.2
5778.002408797514	200	9.842979326756817	0.0	383025	324.189287463	0.2
5778.597052341386	200	9.518790039294165	0.0	383025	324.189287463	0.2
5778.920854843773	200	9.69498753690711	0.0	383025	323.802502387	0.2
5779.24465734616	200	9.871185034520057	0.0	383025	323.802502387	0.2
5780.068459848548	200	9.547382532133001	0.0	383025	323.802502387	0.2
5780.392262350934	200	9.723580029745948	0.0	383025	323.802502387	0.2
5780.716064853322	200	9.899777527358895	0.0	383025	323.802502387	0.2
5781.50313656924	200	9.57597502497184	0.0	383025	323.802502387	0.2
5781.82370239587	200	9.755409198341487	0.0	383025	320.56582663	0.2
5782.144268222501	200	9.934843371711136	0.0	383025	320.56582663	0.2
5782.964834049131	200	9.614277545080782	0.0	383025	320.56582663	0.2
5783.285399875761	200	9.79371171845043	0.0	383025	320.56582663	0.2
5783.60471391156	200	9.974397682651803	0.0	383025	319.3140357986276	0.2
5784.422196723598	200	9.656914870613376	0.0	383025	317.482812038	0.2
5784.739679535636	200	9.83943205857495	0.0	383025	317.482812038	0.2
5785.557162347675	200	9.521949246536524	0.0	383025	317.482812038	0.2
5785.8746451597135	200	9.704466434498098	0.0	383025	317.482812038	0.2
5786.190910661189	200	9.88820093302295	0.0	383025	316.2655014751463	0.2
5787.005331961747	200	9.573779632465035	0.0	383025	314.421300558	0.2
5787.319753262305	200	9.759358331907121	0.0	383025	314.421300558	0.2
5787.634174562864	200	9.944937031349205	0.0	383025	314.421300558	0.2
5788.097324485534	200	9.63051573079129	0.0	383025	314.421300558	0.2
5788.41212985678	200	9.815710359545106	0.0	383025	314.805371246	0.2
5789.226935228026	200	9.500904988298922	0.0	383025	314.805371246	0.2
5789.541740599273	200	9.686099617052738	0.0	383025	314.805371246	0.2
5789.856545970519	200	9.871294245806554	0.0	383025	314.805371246	0.2
5790.664106753307	200	9.556488874560369	0.0	383025	314.805371246	0.2
5790.974719543184	200	9.745876084683783	0.0	383025	310.612789877	0.2
5791.285332333061	200	9.935263294807196	0.0	383025	310.612789877	0.2
5791.99053890411	200	9.62465050493061	0.0	383025	310.612789877	0.2
5792.301697533831	200	9.81349187520988	0.0	383025	311.158629721	0.2
5793.112856163552	200	9.50233324548915	0.0	383025	311.158629721	0.2
5793.424014793273	200	9.69117461576842	0.0	383025	311.158629721	0.2
5793.736027400248	200	9.879162008794099	0.0	383025	312.01260697432	0.2
5794.54870576822	200	9.566483640821632	0.0	383025	312.678367972	0.2
5794.861384136192	200	9.753805272849165	0.0	383025	312.678367972	0.2
5795.174062504165	200	9.941126904876699	0.0	383025	312.678367972	0.2
5795.986697894318	200	9.628491514723864	0.0	383025	312.6353901528338	0.2
5796.298171306656	200	9.817018102386246	0.0	383025	311.473412338	0.2
5797.109644718994	200	9.505544690048628	0.0	383025	311.473412338	0.2
5797.4210839153375	200	9.694105493704551	0.0	383025	311.43919634407484	0.2
5797.730563267832	200	9.88462614121036	0.0	383025	309.479352494	0.2
5798.540042620325	200	9.575146788716166	0.0	383025	309.479352494	0.2
5798.849521972819	200	9.765667436221975	0.0	383025	309.479352494	0.2
5799.163960707012	200	9.95122870202969	0.0	383025	314.4387341922839	0.2
5799.979309241567	200	9.63588016747494	0.0	383025	315.348534555	0.2
5800.294657776122	200	9.820531632920192	0.0	383025	315.348534555	0.2
5801.110006310677	200	9.505183098365444	0.0	383025	315.348534555	0.2
5801.425942092795	200	9.689247316247688	0.0	383025	315.93578211775684	0.2
5801.741956212485	200	9.87323319655722	0.0	383025	316.01411969	0.2
5802.5579703321755	200	9.557219076866751	0.0	383025	316.01411969	0.2
5802.873984451866	200	9.741204957176283	0.0	383025	316.01411969	0.2
5803.189998571556	200	9.925190837485816	0.0	383025	316.01411969	0.2
5804.004709458105	200	9.610479950936568	0.0	383025	314.71088654924824	0.2

