6631.713003780096	400	0.5	0.15504871587087937	181435	155.048715871	-2.7009743174175873
6631.870446057602	400	0.8425577224937283	0.0	184429	157.442277506	0.4
6632.108756981477	600	1.104246798618681	0.0	285584	238.310923875	0.39999999999999997
6632.431682787466	800	1.2813209926288833	0.0	391425	322.92580599	0.6000000000000001
6632.754608593456	800	1.4583951866390856	0.0	391425	322.92580599	0.8
6633.1564811613225	1000	1.5565226187733257	0.0	490176	401.872567866	0.8
6633.576911426664	1000	1.6360923534318266	0.0	513389	420.430265341	1.0
6633.984283430232	1000	1.728720349864709	0.0	497055	407.372003567	1.0
6634.410014067532	1000	1.8029897125650767	0.0	520019	425.7306373	1.0
6634.860724406521	1000	1.8522793735755745	0.0	551265	450.71033899	1.0
6635.317084478335	1000	1.895919301761317	0.0	558332	456.360071814	1.0
6635.755801730007	1000	1.9572020500899199	0.0	536970	438.717251671	1.0
6636.194407279076	1000	2.0185965010210327	0.0	536970	438.605549069	1.0
6636.5101350486575	200	2.2028687314396582	0.0	383025	315.727769581	-0.6000000000000001
6636.825862818239	200	2.387140961858284	0.0	383025	315.727769581	0.2
6637.136280515468	200	2.576723264629388	0.0	383025	310.417697229	0.2
6637.4466616206655	200	2.7663421594313595	0.0	383025	310.381105198	0.2
6637.757042725863	200	2.9559610542333306	0.0	383025	310.381105198	0.2
6638.06742383106	200	3.145579949035302	0.0	383025	310.381105198	0.2
6638.377804936258	200	3.335198843837273	0.0	383025	310.381105198	0.2
6638.688604312061	200	3.5243994680339927	0.0	383025	310.799375803	0.2
6639.000125212953	200	3.7128785671418356	0.0	383025	311.520900892	0.2
6639.311646113845	200	3.901357666249678	0.0	383025	311.520900892	0.2
6639.623167014737	200	4.0898367653575205	0.0	383025	311.520900892	0.2
6639.93468791563	200	4.278315864465363	0.0	383025	311.520900892	0.2
6640.249942439538	200	4.4630613405569655	0.0	383025	315.254523908	0.2
6640.567778861764	200	4.645224918331107	0.0	383025	317.836422226	0.2
6640.885615283989	200	4.8273884961052484	0.0	383025	317.836422226	0.2
6641.203451706215	200	5.009552073879389	0.0	383025	317.836422226	0.2
6641.521288128441	200	5.1917156516535305	0.0	383025	317.836422226	0.2
6641.8391245506655	200	5.373879229427672	0.0	383025	317.836422226	0.2
6642.156960972891	200	5.556042807201813	0.0	383025	317.836422226	0.2
6642.474797395117	200	5.738206384975954	0.0	383025	317.836422226	0.2
6642.791393588098	200	5.921610191994893	0.0	383025	316.596192981	0.2
6643.105582771007	200	6.107421009085689	0.0	383025	314.189182909	0.2
6643.419771953916	200	6.293231826176484	0.0	383025	314.189182909	0.2
6643.733961136825	200	6.479042643267279	0.0	383025	314.189182909	0.2
6644.048152833802	200	6.664850946290267	0.0	383025	314.191696977	0.2
6644.3662613706665	200	6.846742409426897	0.0	383025	318.108536863	0.2
6644.68436990753	200	7.028633872563526	0.0	383025	318.108536863	0.2
6645.002478444394	200	7.210525335700155	0.0	383025	318.108536863	0.2
6645.320586981257	200	7.392416798836785	0.0	383025	318.108536863	0.2
6645.6386955181215	200	7.574308261973415	0.0	383025	318.108536863	0.2
6645.957997758682	200	7.755006021413043	0.0	383025	319.30224056	0.2
6646.279200901308	200	7.933802878786391	0.0	383025	321.203142627	0.2
6646.600404043935	200	8.11259973615974	0.0	383025	321.203142627	0.2
6646.92160718656	200	8.291396593533088	0.0	383025	321.203142627	0.2
6647.242810329187	200	8.470193450906438	0.0	383025	321.203142627	0.2
6647.564013471813	200	8.648990308279787	0.0	383025	321.203142627	0.2
6647.885216614439	200	8.827787165653135	0.0	383025	321.203142627	0.2
6648.206419757065	200	9.006584023026484	0.0	383025	321.203142627	0.2
6648.527409260327	200	9.185594519764738	0.0	383025	320.989503262	0.2
6648.848006160166	200	9.36499761992545	0.0	383025	320.596899839	0.2
6649.168603060005	200	9.544400720086163	0.0	383025	320.596899839	0.2
6649.489199959844	200	9.723803820246877	0.0	383025	320.596899839	0.2
6649.809796859683	200	9.90320692040759	0.0	383025	320.596899839	0.2
6650.630393759523	200	9.582610020568302	0.0	383025	320.596899839	0.2
6650.950703839914	200	9.762299940177238	0.0	383025	320.3100803910633	0.2
6651.269887486951	200	9.943116293139505	0.0	383025	319.183647038	0.2
6652.089071133989	200	9.623932646101771	0.0	383025	319.183647038	0.2
6652.408254781027	200	9.804748999064039	0.0	383025	319.183647038	0.2
6652.727438428064	200	9.985565352026306	0.0	383025	319.183647038	0.2
6653.435289057384	200	9.666381704988574	0.0	383025	319.183647038	0.2
6653.749190595434	200	9.852480166938179	0.0	383025	313.90153805	0.2
6654.089562163268	200	9.538578628887786	0.0	383025	313.90153805	0.2
6654.401363340937	200	9.726777451219473	0.0	383025	311.801177668	0.2
6654.713164518605	200	9.914976273551158	0.0	383025	311.801177668	0.2
6655.524965696273	200	9.603175095882843	0.0	383025	311.801177668	0.2
6655.8366914801545	200	9.791449312001939	0.0	383025	311.72578388090335	0.2
6656.147531550326	200	9.9806092418307	0.0	383025	310.840070171	0.2
6656.958371620497	200	9.66976917165946	0.0	383025	310.840070171	0.2
6657.269211690668	200	9.85892910148822	0.0	383025	310.840070171	0.2
6658.0839926117105	200	9.544148180444951	0.0	383025	314.7809210432697	0.2
6658.400297136369	200	9.727843655786861	0.0	383025	316.304524658	0.2
6658.716601661027	200	9.911539131128771	0.0	383025	316.304524658	0.2
6659.192720190186	200	9.595234606470681	0.0	383025	316.304524658	0.2
6659.502496266859	200	9.785458529796987	0.0	383025	309.776076674	0.2
6659.812272343534	200	9.97568245312329	0.0	383025	309.776076674	0.2
6660.391190692828	200	9.665906376449595	0.0	383025	309.776076674	0.2
6660.706846578603	200	9.850250490673654	0.0	383025	315.655885776	0.2
6661.52250246438	200	9.534594604897713	0.0	383025	315.655885776	0.2
6661.838158350155	200	9.718938719121772	0.0	383025	315.655885776	0.2
6662.150569383589	200	9.90652768568789	0.0	383025	312.41103343388215	0.2
6662.957351274882	200	9.599745794393847	0.0	383025	306.781891294	0.2
6663.264133166176	200	9.792963903099807	0.0	383025	306.781891294	0.2
6663.579900225902	200	9.977196843374097	0.0	383025	315.76705972570994	0.2
6664.396983315471	200	9.660113753805774	0.0	383025	317.083089568	0.2
6664.714066405039	200	9.843030664237451	0.0	383025	317.083089568	0.2
6665.290250616709	200	9.525947574669129	0.0	383025	317.083089568	0.2
6665.607462528027	200	9.70873566335206	0.0	383025	317.211911317	0.2
6665.924674439344	200	9.891523752034992	0.0	383025	317.211911317	0.2
6666.472623159014	200	9.574311840717924	0.0	383025	317.211911317	0.2
6666.784810938826	200	9.762124060905471	0.0	383025	312.187779812	0.2
6667.096998718638	200	9.94993628109302	0.0	383025	312.187779812	0.2
6667.90918649845	200	9.637748501280567	0.0	383025	312.187779812	0.2
6668.224192042874	200	9.822742956856596	0.0	383025	315.00554442397413	0.2
6669.041123840838	200	9.50581115889306	0.0	383025	316.931797964	0.2
6669.358100686082	200	9.688834313648414	0.0	383025	316.97684524464637	0.2
6669.67556082963	200	9.871374170101042	0.0	383025	317.460143547	0.2
6670.493020973177	200	9.55391402655367	0.0	383025	317.460143547	0.2
6670.810481116725	200	9.736453883006298	0.0	383025	317.460143547	0.2
6671.127326661628	200	9.919608338103247	0.0	383025	316.84554490304924	0.2
6671.943287738486	200	9.60364726124522	0.0	383025	315.961076858	0.2
6672.259248815345	200	9.787686184387193	0.0	383025	315.961076858	0.2
6672.575209892203	200	9.971725107529164	0.0	383025	315.961076858	0.2
6673.370455616161	200	9.655764030671136	0.0	383025	315.961076858	0.2
6673.687607124949	200	9.838612521883158	0.0	383025	317.151508788	0.2
6674.504758633737	200	9.52146101309518	0.0	383025	317.151508788	0.2
6674.821910142524	200	9.704309504307203	0.0	383025	317.151508788	0.2
6675.13846998648	200	9.887749660350572	0.0	383025	316.55984395663035	0.2
6675.952482284638	200	9.573737362193004	0.0	383025	314.012298158	0.2
6676.2664945827955	200	9.759725064035436	0.0	383025	314.012298158	0.2
6676.580506880953	200	9.945712765877868	0.0	383025	314.012298158	0.2
6677.395560062329	200	9.630659584501847	0.0	383025	315.0531813760202	0.2
6677.713368985256	200	9.812850661575396	0.0	383025	317.808922926	0.2
6678.031177908183	200	9.995041738648945	0.0	383025	317.808922926	0.2
6678.386802750359	200	9.677232815722492	0.0	383025	317.808922926	0.2
6678.701704819487	200	9.86233074659396	0.0	383025	314.902069129	0.2
6679.05422681262	200	9.547428677465426	0.0	383025	314.902069129	0.2
6679.36849526056	200	9.733160229525096	0.0	383025	314.26844794	0.2

