45.24514851451894	400	0.5	0.14366336209816682	181435	143.663362098	-2.473267241963337
45.39101755967782	400	0.8541309548411122	0.0	184429	145.869045159	0.4
45.61140760350312	600	1.1337409110158145	0.0	285584	220.390043825	0.39999999999999997
45.90977082729828	800	1.3353776872206542	0.0	391425	298.363223795	0.6000000000000001
46.205981809820386	800	1.5391667046985502	0.0	391425	296.210982522	0.8
46.574577094752954	1000	1.6705714197659798	0.0	490176	368.595284933	0.8
46.9612831195633	1000	1.7838653949556367	0.0	513389	386.70602481	1.0
47.34206805161974	1000	1.9030804628991917	0.0	497055	380.784932056	1.0
47.744952913273444	1000	2.0001956012454833	0.0	520019	402.884861654	1.0
48.048715850894006	200	2.1964326636249263	0.0	383025	303.762937621	-0.6000000000000001
48.352920890784226	200	2.392227623734702	0.0	383025	304.20503989	0.2
48.65712593067445	200	2.5880225838444786	0.0	383025	304.20503989	0.2
48.96777044387921	200	2.777378070639712	0.0	383025	310.644513205	0.2
49.28021807664616	200	2.9649304378727677	0.0	383025	312.447632767	0.2
49.58682033763517	200	3.1583281768837597	0.0	383025	306.602260989	0.2
49.877490294726385	200	3.3676582197925398	0.0	383025	290.669957091	0.2
50.169089830269094	200	3.5760586842498285	0.0	383025	291.599535543	0.2
50.46199595612821	200	3.783152558390703	0.0	383025	292.906125859	0.2
50.75458096971499	200	3.9905675448039233	0.0	383025	292.585013587	0.2
51.04476856901879	200	4.200379945500123	0.0	383025	290.187599304	0.2
51.33495616832259	200	4.4101923461963235	0.0	383025	290.187599304	0.2
51.62101286868974	200	4.624135645829179	0.0	383025	286.056700367	0.2
51.90624696989407	200	4.838901544624847	0.0	383025	285.234101204	0.2
52.20607050365225	200	5.039078010866669	0.0	383025	299.823533758	0.2
52.512439328160006	200	5.232709186358911	0.0	383025	306.368824508	0.2
52.82211849775555	200	5.42303001676337	0.0	383025	309.679169596	0.2
53.13472343694619	200	5.610425077572732	0.0	383025	312.604939191	0.2
53.44732837613683	200	5.797820138382092	0.0	383025	312.604939191	0.2
53.76003187128964	200	5.9851166432292775	0.0	383025	312.703495153	0.2
54.07279506902229	200	6.172353445496627	0.0	383025	312.763197733	0.2
54.38555826675495	200	6.359590247763977	0.0	383025	312.763197733	0.2
54.692956672198164	200	6.552191842320765	0.0	383025	307.398405443	0.2
55.000057191760675	200	6.745091322758251	0.0	383025	307.100519563	0.2
55.311671357971164	200	6.933477156547759	0.0	383025	311.61416621	0.2
55.63442461471716	200	7.110723899801757	0.0	383025	322.753256746	0.2
55.957177871463166	200	7.287970643055754	0.0	383025	322.753256746	0.2
56.276341495413824	200	7.468807019105102	0.0	383025	319.163623951	0.2
56.59280337987171	200	7.652345134647215	0.0	383025	316.461884458	0.2
56.9092652643296	200	7.835883250189328	0.0	383025	316.461884458	0.2
57.222454186205674	200	8.022694328313252	0.0	383025	313.188921876	0.2
57.533752206088835	200	8.211396308430086	0.0	383025	311.298019883	0.2
57.84564770595503	200	8.399500808563888	0.0	383025	311.895499866	0.2
58.15977778712607	200	8.585370727392847	0.0	383025	314.130081171	0.2
58.47390786829711	200	8.771240646221806	0.0	383025	314.130081171	0.2
58.79485903876706	200	8.950289475751859	0.0	383025	320.95117047	0.2
59.1241810505391	200	9.120967463979818	0.0	383025	329.322011772	0.2
59.453503062311135	200	9.291645452207776	0.0	383025	329.322011772	0.2
59.77068653270097	200	9.47446198181794	0.0	383025	317.18347039	0.2
60.08572349425026	200	9.65942502026865	0.0	383025	315.036961549	0.2
60.40076045579955	200	9.844388058719359	0.0	383025	315.036961549	0.2
60.929306344675354	200	9.534752708770858	0.0	383025	309.635349948	0.2
61.23925543167012	200	9.724803621776099	0.0	383025	309.949086995	0.2
61.550842629885764	200	9.913216423560444	0.0	383025	311.5871982156542	0.2
61.99737556895868	200	9.600173361292848	0.0	383025	313.043062268	0.2
62.327070658073254	200	9.77047827217828	0.0	383025	329.695089115	0.2
62.65676574718782	200	9.940783183063715	0.0	383025	329.695089115	0.2
63.35903595185141	200	9.61108809394915	0.0	383025	329.695089115	0.2
63.69819989860576	200	9.771924147194799	0.0	383025	339.163946754	0.2
64.0373638453601	200	9.932760200440448	0.0	383025	339.163946754	0.2
64.87659476417706	200	9.593529281623498	0.0	383025	339.23091881695024	0.2
65.21794850692862	200	9.752175538871937	0.0	383025	341.353742752	0.2
65.55930224968019	200	9.910821796120377	0.0	383025	341.353742752	0.2
66.40070950714146	200	9.569414538659117	0.0	383025	341.40725746125963	0.2
66.74225150052384	200	9.727872545276725	0.0	383025	341.541993382	0.2
67.07110333253156	200	9.899020713268992	0.0	383025	328.85183200773355	0.2
67.89979197310612	200	9.57033207269444	0.0	383025	328.688640575	0.2
68.25075565521601	200	9.719368390584547	0.0	383025	350.963682109893	0.2
68.61003995499236	200	9.860084090808199	0.0	383025	359.284299776	0.2
69.46932425476871	200	9.500799791031852	0.0	383025	359.284299776	0.2
69.82860855454506	200	9.641515491255504	0.0	383025	359.284299776	0.2
70.18789285432142	200	9.782231191479157	0.0	383025	359.284299776	0.2
70.54717715409777	200	9.922946891702809	0.0	383025	359.284299776	0.2
71.38646210004582	200	9.563662591926462	0.0	383025	359.284299776	0.2
71.69860609156797	200	9.751518600404308	0.0	383025	312.143991522154	0.2
72.00489402887511	200	9.945230663097158	0.0	383025	306.287937307	0.2
72.79590237359042	200	9.638942725790008	0.0	383025	306.287937307	0.2
73.09955302845655	200	9.83529207092387	0.0	383025	303.65065486613764	0.2
73.56564685203497	200	9.531430766571802	0.0	383025	303.861304352	0.2
73.87566008455377	200	9.721417534053003	0.0	383025	310.013232519	0.2
74.18567331707258	200	9.911404301534205	0.0	383025	310.013232519	0.2
74.99636445353023	200	9.600713165076556	0.0	383025	310.6911364576493	0.2
75.30496549704306	200	9.792112121563727	0.0	383025	308.60104351282877	0.2
75.6120973384231	200	9.984980280183681	0.0	383025	307.13184138	0.2
76.41972403363332	200	9.67735358497346	0.0	383025	307.6266952102219	0.2
76.72884913196705	200	9.868228486639719	0.0	383025	309.1250983337417	0.2
77.18150853938779	200	9.559616139608579	0.0	383025	308.612347031	0.2
77.48970299591653	200	9.751421683079831	0.0	383025	308.194456529	0.2
77.79789745244528	200	9.943227226551086	0.0	383025	308.194456529	0.2
78.20492355608549	200	9.634932132854525	0.0	383025	308.29509369656085	0.2
78.52251688686376	200	9.817338802076248	0.0	383025	317.593330778	0.2
78.84011021764202	200	9.999745471297972	0.0	383025	317.593330778	0.2
79.65742147334566	200	9.682434215594336	0.0	383025	317.31125570363577	0.2
79.9686801292106	200	9.871175559729398	0.0	383025	311.25865586493825	0.2
80.7857734914159	200	9.554082197524101	0.0	383025	317.093362205	0.2
81.12786533225713	200	9.71199035668286	0.0	383025	342.09184084124166	0.2
81.47173773543204	200	9.868117953507944	0.0	383025	343.872403175	0.2
82.31561013860697	200	9.52424555033303	0.0	383025	343.872403175	0.2
82.6516147125406	200	9.68824097639938	0.0	383025	336.0045739336496	0.2
82.98736174837586	200	9.85249394056413	0.0	383025	335.747035835	0.2
83.58002511758039	200	9.516746904728882	0.0	383025	335.747035835	0.2
83.89289519456258	200	9.703876827746683	0.0	383025	312.870076982	0.2
84.20602481127628	200	9.890747211032993	0.0	383025	313.12961671368913	0.2
85.04848423112384	200	9.548287791185432	0.0	383025	342.459419848	0.2
85.39094365097138	200	9.705828371337871	0.0	383025	342.459419848	0.2
85.73009022542838	200	9.86668179688087	0.0	383025	339.14657445700186	0.2
86.0581927855305	200	9.546121194538461	0.0	383025	320.560602342	0.2
86.38597331148995	200	9.718340668579017	0.0	383025	327.780525959	0.2
86.71375383744939	200	9.890560142619574	0.0	383025	327.780525959	0.2
87.43241796574688	200	9.56277961666013	0.0	383025	327.780525959	0.2
87.75853106922528	200	9.736666513181726	0.0	383025	326.113103478	0.2
88.08464417270369	200	9.910553409703324	0.0	383025	326.113103478	0.2
88.90694947864242	200	9.588248103764585	0.0	383025	322.3053059387383	0.2
89.22331913488554	200	9.771878447521459	0.0	383025	316.3696562431245	0.2
89.5369469084947	200	9.9582506739123	0.0	383025	313.627773609	0.2
90.35054964049485	200	9.644647941912153	0.0	383025	313.60273200014734	0.2
90.66359992696512	200	9.831597655441874	0.0	383025	313.0502864702792	0.2
91.07877147576406	200	9.520044662820553	0.0	383025	311.552992621	0.2
91.4079040978483	200	9.690912040736324	0.0	383025	329.132622084	0.2
91.73703671993253	200	9.861779418652096	0.0	383025	329.132622084	0.2
92.40718573584705	200	9.53264679656787	0.0	383025	329.132622084	0.2

