3956.0741250271285	400	0.5	0.15535729462288325	181435	155.357294623	-2.7071458924576652
3956.2318809754847	400	0.8422440516438188	0.0	184429	157.755948356	0.4
3956.4706776113467	600	1.1034474157820418	0.0	285584	238.796635862	0.39999999999999997
3956.7942691402563	800	1.279855886872173	0.0	391425	323.59152891	0.6000000000000001
3957.1178606691665	800	1.456264357962304	0.0	391425	323.59152891	0.8
3957.520566912444	1000	1.5535581146847313	0.0	490176	402.706243278	0.8
3957.952752869943	1000	1.6213721571853994	0.0	513389	432.185957499	1.0
3958.3752677723214	1000	1.698857254806948	0.0	497055	422.514902378	1.0
3958.816840912155	1000	1.7572841149734488	0.0	520019	441.573139833	1.0
3959.284345670501	1000	1.789779356627477	0.0	551265	467.504758346	1.0
3959.730615558725	1000	1.843509468403555	0.0	558332	446.269888224	1.0
3960.157430065533	1000	1.9166949615954234	0.0	536970	426.814506808	1.0
3960.5842445723415	1000	1.989880454787292	0.0	536970	426.814506808	1.0
3961.019505516236	1000	2.054619510892674	0.0	536970	435.260943895	1.0
3961.341398358331	200	2.2327266687979077	0.0	383025	321.892842095	-0.6000000000000001
3961.663291200426	200	2.4108338267031413	0.0	383025	321.892842095	0.2
3961.985184042521	200	2.588940984608375	0.0	383025	321.892842095	0.2
3962.30805011052	200	2.7660749166093104	0.0	383025	322.866067999	0.2
3962.6351486995477	200	2.9389763275814555	0.0	383025	327.098589028	0.2
3962.9622472885753	200	3.1118777385536007	0.0	383025	327.098589028	0.2
3963.289345877603	200	3.284779149525746	0.0	383025	327.098589028	0.2
3963.616444466631	200	3.457680560497891	0.0	383025	327.098589028	0.2
3963.9435430556587	200	3.6305819714700367	0.0	383025	327.098589028	0.2
3964.2706416446863	200	3.803483382442182	0.0	383025	327.098589028	0.2
3964.596386995237	200	3.9777380318919557	0.0	383025	325.74535055	0.2
3964.9124749702783	200	4.161650056850394	0.0	383025	316.087975042	0.2
3965.22856294532	200	4.345562081808831	0.0	383025	316.087975042	0.2
3965.544650920361	200	4.529474106767268	0.0	383025	316.087975042	0.2
3965.862375918697	200	4.711749108431655	0.0	383025	317.724998336	0.2
3966.1803062689064	200	4.893818758222753	0.0	383025	317.930350209	0.2
3966.4982366191152	200	5.07588840801385	0.0	383025	317.930350209	0.2
3966.816161525695	200	5.257963501434036	0.0	383025	317.92490658	0.2
3967.13406700532	200	5.440058021809048	0.0	383025	317.905479625	0.2
3967.4519724849447	200	5.622152542184061	0.0	383025	317.905479625	0.2
3967.76987796457	200	5.804247062559073	0.0	383025	317.905479625	0.2
3968.0877834441944	200	5.986341582934085	0.0	383025	317.905479625	0.2
3968.402952097332	200	6.171172929796744	0.0	383025	315.168653137	0.2
3968.7163493445437	200	6.357775682585407	0.0	383025	313.397247211	0.2
3969.029746591755	200	6.544378435374069	0.0	383025	313.397247211	0.2
3969.3431438389666	200	6.730981188162732	0.0	383025	313.397247211	0.2
3969.654028827009	200	6.920096200120727	0.0	383025	310.884988042	0.2
3969.961460724021	200	7.112664303108804	0.0	383025	307.431897012	0.2
3970.268892621033	200	7.305232406096881	0.0	383025	307.431897012	0.2
3970.576324518045	200	7.497800509084956	0.0	383025	307.431897012	0.2
3970.886799405598	200	7.687325621531923	0.0	383025	310.474887553	0.2
3971.1980829023096	200	7.876042124820581	0.0	383025	311.283496711	0.2
3971.509366399021	200	8.064758628109239	0.0	383025	311.283496711	0.2
3971.8269819423135	200	8.24714308481622	0.0	383025	317.615543293	0.2
3972.1493645612354	200	8.424760465894218	0.0	383025	322.382618922	0.2
3972.4717471801573	200	8.602377846972216	0.0	383025	322.382618922	0.2
3972.794129799079	200	8.779995228050215	0.0	383025	322.382618922	0.2
3973.116512418001	200	8.957612609128214	0.0	383025	322.382618922	0.2
3973.438460321025	200	9.13566470610405	0.0	383025	321.947903024	0.2
3973.7593362063853	200	9.314788820743816	0.0	383025	320.87588536	0.2
3974.080212091746	200	9.493912935383582	0.0	383025	320.87588536	0.2
3974.4010879771063	200	9.673037050023348	0.0	383025	320.87588536	0.2
3974.7219638624665	200	9.852161164663114	0.0	383025	320.87588536	0.2
3975.5288774630067	200	9.545247564122782	0.0	383025	306.91360054	0.2
3975.830826307829	200	9.743298719300496	0.0	383025	301.94884482228747	0.2
3976.136426138652	200	9.93769888847736	0.0	383025	305.599830823	0.2
3976.705284111044	200	9.632099057654225	0.0	383025	305.599830823	0.2
3977.008119911107	200	9.829263257591498	0.0	383025	302.835800063	0.2
3977.6998856531636	200	9.52642745752877	0.0	383025	302.835800063	0.2
3978.011122820028	200	9.715190290664665	0.0	383025	311.237166864	0.2
3978.3223599868925	200	9.903953123800559	0.0	383025	311.237166864	0.2
3979.140376921709	200	9.585936188983895	0.0	383025	318.01693481666337	0.2
3979.4596979551325	200	9.76661515556047	0.0	383025	319.321033423	0.2
3979.779018988556	200	9.947294122137041	0.0	383025	319.321033423	0.2
3980.593468109785	200	9.632845000907755	0.0	383025	314.4491212292868	0.2
3980.9028134995915	200	9.823499611101397	0.0	383025	309.3453898063587	0.2
3981.7093899499428	200	9.516923160749716	0.0	383025	306.576450352	0.2
3982.0134366838433	200	9.71287642684951	0.0	383025	304.0467339002065	0.2
3982.3157262270665	200	9.9105868836264	0.0	383025	302.289543223	0.2
3983.115767710873	200	9.610545399820019	0.0	383025	300.0414838063829	0.2
3983.408708119102	200	9.81760499159105	0.0	383025	292.94040822896994	0.2
3983.9188162638084	200	9.526427023053545	0.0	383025	291.177968538	0.2
3984.22396510061	200	9.7212781862524	0.0	383025	305.148836801	0.2
3984.529113937411	200	9.916129349451257	0.0	383025	305.148836801	0.2
3985.3351740964713	200	9.610069190390938	0.0	383025	306.06015906032013	0.2
3985.6513570359607	200	9.793886250901473	0.0	383025	316.182939489	0.2
3985.96753997545	200	9.977703311412007	0.0	383025	316.182939489	0.2
3986.788427372099	200	9.656815914762804	0.0	383025	320.8873966492023	0.2
3987.112445650513	200	9.83279763634823	0.0	383025	324.018278415	0.2
3987.683041922817	200	9.508779357933657	0.0	383025	324.018278415	0.2
3988.013336496803	200	9.678484783947704	0.0	383025	330.294573986	0.2
3988.343631070789	200	9.848190209961754	0.0	383025	330.294573986	0.2
3989.1313873606223	200	9.517895635975801	0.0	383025	330.294573986	0.2
3989.465859094967	200	9.683423901631032	0.0	383025	334.471734345	0.2
3989.8003308293123	200	9.848952167286265	0.0	383025	334.471734345	0.2
3990.634802563657	200	9.514480432941497	0.0	383025	334.471734345	0.2
3990.969274298002	200	9.680008698596728	0.0	383025	334.471734345	0.2
3991.303746032347	200	9.84553696425196	0.0	383025	334.471734345	0.2
3992.134357944534	200	9.514925052065417	0.0	383025	330.61191218654363	0.2
3992.4629853038587	200	9.686297692740336	0.0	383025	328.627359325	0.2
3992.791612663184	200	9.857670333415255	0.0	383025	328.627359325	0.2
3993.2565543716414	200	9.529042974090174	0.0	383025	328.627359325	0.2
3993.590020226748	200	9.695577118983346	0.0	383025	333.465855107	0.2
3993.923486081855	200	9.86211126387652	0.0	383025	333.465855107	0.2
3994.7569519369617	200	9.528645408769691	0.0	383025	333.465855107	0.2
3995.0904177920684	200	9.695179553662863	0.0	383025	333.465855107	0.2
3995.4176341876987	200	9.86796315803219	0.0	383025	327.21639563067436	0.2
3996.24066083439	200	9.544936511341152	0.0	383025	323.026646691	0.2
3996.5636874810807	200	9.721909864650117	0.0	383025	323.026646691	0.2
3996.8869196137716	200	9.898677731959356	0.0	383025	323.2321326907596	0.2
3997.7101561399154	200	9.57544120581573	0.0	383025	323.236526144	0.2
3998.033392666059	200	9.752204679672104	0.0	383025	323.236526144	0.2
3998.359798047556	200	9.925799298175003	0.0	383025	326.40538149710056	0.2
3999.1886619118914	200	9.596935433839823	0.0	383025	328.863864335	0.2
3999.5175257762266	200	9.768071569504642	0.0	383025	328.863864335	0.2
3999.846389640562	200	9.939207705169462	0.0	383025	328.863864335	0.2
4000.6677981532025	200	9.617799192528501	0.0	383025	321.4085126409608	0.2
4000.9790545766155	200	9.806542769115792	0.0	383025	311.256423413	0.2
4001.290311000028	200	9.995286345703082	0.0	383025	311.256423413	0.2
4002.097363601926	200	9.688233743805023	0.0	383025	307.05260189805813	0.2
4002.4029516179744	200	9.882645727756808	0.0	383025	305.58801604821605	0.2
4003.207822203602	200	9.577775142128925	0.0	383025	304.870585628	0.2
4003.51638172575	200	9.769215619981257	0.0	383025	308.5595221476685	0.2
4003.826142154171	200	9.95945519155993	0.0	383025	309.760428421	0.2
4004.381565180877	200	9.649694763138607	0.0	383025	309.760428421	0.2
4004.6982196602817	200	9.833040283733906	0.0	383025	316.654479405	0.2

