4247.791114049287	400	0.5	0.1588104834606355	181435	158.810483461	-2.7762096692127103
4247.952380170234	400	0.838733879052214	0.0	184429	161.266120948	0.4
4248.19661222639	600	1.094501822896444	0.0	285584	244.232056156	0.39999999999999997
4248.527653610294	800	1.2634604389926811	0.0	391425	331.041383904	0.6000000000000001
4248.858694994197	800	1.432419055088918	0.0	391425	331.041383904	0.8
4249.27073058568	1000	1.5203834636054638	0.0	490176	412.035591483	0.8
4249.701805159458	1000	1.5893088898276801	0.0	513389	431.074573778	1.0
4250.119482811821	1000	1.6716312374644307	0.0	497055	417.677652363	1.0
4250.555995220116	1000	1.735118829171013	0.0	520019	436.512408293	1.0
4251.008089969634	1000	1.783024079652095	0.0	551265	452.094749519	1.0
4251.46440492251	1000	1.8267091267764755	0.0	558332	456.314952876	1.0
4251.903643691281	1000	1.8874703580051682	0.0	536970	439.238768771	1.0
4252.342156947188	1000	1.9489571020977625	0.0	536970	438.513255907	1.0
4252.779180462747	1000	2.0119335865388086	0.0	536970	437.023515559	1.0
4253.0937797551605	200	2.1973342941258833	0.0	383025	314.599292413	-0.6000000000000001
4253.408379047573	200	2.3827350017129585	0.0	383025	314.599292413	0.2
4253.722978339987	200	2.568135709300033	0.0	383025	314.599292413	0.2
4254.0375776324	200	2.7535364168871084	0.0	383025	314.599292413	0.2
4254.352176924814	200	2.938937124474183	0.0	383025	314.599292413	0.2
4254.656224241787	200	3.1348898075014966	0.0	383025	304.047316973	0.2
4254.957676365771	200	3.3334376835175794	0.0	383025	301.452123984	0.2
4255.259128489754	200	3.5319855595336622	0.0	383025	301.452123984	0.2
4255.564958777326	200	3.7261552719612743	0.0	383025	305.830287572	0.2
4255.878195707879	200	3.912918341408111	0.0	383025	313.236930553	0.2
4256.191432638432	200	4.099681410854948	0.0	383025	313.236930553	0.2
4256.504669568984	200	4.286444480301785	0.0	383025	313.236930553	0.2
4256.8179064995375	200	4.473207549748622	0.0	383025	313.236930553	0.2
4257.131143430091	200	4.659970619195459	0.0	383025	313.236930553	0.2
4257.44522901227	200	4.8458850370160835	0.0	383025	314.085582179	0.2
4257.762611496297	200	5.028502552989234	0.0	383025	317.382484027	0.2
4258.079993980324	200	5.211120068962385	0.0	383025	317.382484027	0.2
4258.3973764643515	200	5.393737584935537	0.0	383025	317.382484027	0.2
4258.714758948378	200	5.576355100908688	0.0	383025	317.382484027	0.2
4259.031487247474	200	5.759626801813738	0.0	383025	316.728299095	0.2
4259.348151154807	200	5.942962894480198	0.0	383025	316.663907334	0.2
4259.66481506214	200	6.126298987146658	0.0	383025	316.663907334	0.2
4259.981478969474	200	6.309635079813118	0.0	383025	316.663907334	0.2
4260.298962411569	200	6.492151637717799	0.0	383025	317.483442095	0.2
4260.618000874463	200	6.67311317482261	0.0	383025	319.038462895	0.2
4260.937039337358	200	6.85407471192742	0.0	383025	319.038462895	0.2
4261.2560778002535	200	7.03503624903223	0.0	383025	319.038462895	0.2
4261.575116263149	200	7.215997786137041	0.0	383025	319.038462895	0.2
4261.894154726044	200	7.396959323241851	0.0	383025	319.038462895	0.2
4262.213183797326	200	7.577930251959391	0.0	383025	319.029071282	0.2
4262.52896027878	200	7.762153770505407	0.0	383025	315.776481454	0.2
4262.844736760235	200	7.946377289051423	0.0	383025	315.776481454	0.2
4263.160513241689	200	8.130600807597439	0.0	383025	315.776481454	0.2
4263.476289723143	200	8.314824326143455	0.0	383025	315.776481454	0.2
4263.792066204597	200	8.49904784468947	0.0	383025	315.776481454	0.2
4264.107726603696	200	8.683387445590423	0.0	383025	315.660399099	0.2
4264.423166762321	200	8.867947286966308	0.0	383025	315.440158624	0.2
4264.738606920944	200	9.052507128342192	0.0	383025	315.440158624	0.2
4265.054047079569	200	9.237066969718079	0.0	383025	315.440158624	0.2
4265.369487238193	200	9.421626811093963	0.0	383025	315.440158624	0.2
4265.684927396817	200	9.606186652469848	0.0	383025	315.440158624	0.2
4266.013835333442	200	9.777278715844671	0.0	383025	328.907936625	0.2
4266.345215722607	200	9.945898326680263	0.0	383025	331.380389164	0.2
4267.176596111771	200	9.614517937515853	0.0	383025	331.380389164	0.2
4267.507976500935	200	9.783137548351444	0.0	383025	331.380389164	0.2
4267.839356890099	200	9.951757159187034	0.0	383025	331.380389164	0.2
4268.670737279263	200	9.620376770022625	0.0	383025	331.380389164	0.2
4269.004830304602	200	9.786283744683745	0.0	383025	334.0930253388798	0.2
4269.33932629141	200	9.951787757876435	0.0	383025	334.495986807	0.2
4270.173822278217	200	9.617291771069123	0.0	383025	334.495986807	0.2
4270.508318265023	200	9.782795784261813	0.0	383025	334.495986807	0.2
4270.8428142518305	200	9.948299797454501	0.0	383025	334.495986807	0.2
4271.677310238638	200	9.613803810647191	0.0	383025	334.495986807	0.2
4272.011806225445	200	9.77930782383988	0.0	383025	334.495986807	0.2
4272.346302212252	200	9.944811837032569	0.0	383025	334.495986807	0.2
4273.18079819906	200	9.610315850225257	0.0	383025	334.495986807	0.2
4273.515294185867	200	9.775819863417945	0.0	383025	334.495986807	0.2
4273.834416819051	200	9.956697230233639	0.0	383025	319.12263318430865	0.2
4274.652143686705	200	9.638970362578902	0.0	383025	317.726867655	0.2
4274.96987055436	200	9.821243494924166	0.0	383025	317.726867655	0.2
4275.787613512258	200	9.5035005370253	0.0	383025	317.7429578988666	0.2
4276.106275665347	200	9.68483838393631	0.0	383025	318.662153089	0.2
4276.424937818437	200	9.866176230847318	0.0	383025	318.662153089	0.2
4276.774896424929	200	9.547514077758326	0.0	383025	318.662153089	0.2
4277.086578894316	200	9.735831608371324	0.0	383025	311.682469387	0.2
4277.398261363702	200	9.92414913898432	0.0	383025	311.682469387	0.2
4277.906287685051	200	9.61246666959732	0.0	383025	311.682469387	0.2
4278.226394401395	200	9.792359953253909	0.0	383025	320.106716343	0.2
4278.5465011177375	200	9.972253236910497	0.0	383025	320.106716343	0.2
4279.366607834081	200	9.652146520567086	0.0	383025	320.106716343	0.2
4279.686714550425	200	9.832039804223676	0.0	383025	320.106716343	0.2
4280.504527674472	200	9.514226680175758	0.0	383025	317.8131240479185	0.2
4280.8222385923855	200	9.69651576226205	0.0	383025	317.710917914	0.2
4281.139949510299	200	9.878804844348343	0.0	383025	317.710917914	0.2
4281.954918666966	200	9.563835687682094	0.0	383025	314.9691566662468	0.2
4282.265462629978	200	9.753291724668752	0.0	383025	310.543963013	0.2
4282.576006592992	200	9.94274776165541	0.0	383025	310.543963013	0.2
4283.388259356311	200	9.630494998335713	0.0	383025	312.25276331969707	0.2
4283.7020826748085	200	9.816671679838331	0.0	383025	313.823318497	0.2
4284.518010467548	200	9.500743887099063	0.0	383025	315.92779273926885	0.2
4284.836536478083	200	9.682217876564525	0.0	383025	318.526010535	0.2
4285.155062488618	200	9.863691866029988	0.0	383025	318.526010535	0.2
4285.577233165218	200	9.545165855495451	0.0	383025	318.526010535	0.2
4285.893718960026	200	9.72868006068725	0.0	383025	316.485794808	0.2
4286.210204754833	200	9.912194265879046	0.0	383025	316.485794808	0.2
4286.949792695531	200	9.595708471070845	0.0	383025	316.485794808	0.2
4287.265677553206	200	9.779823613395672	0.0	383025	315.884857675	0.2
4287.581562410881	200	9.9639387557205	0.0	383025	315.884857675	0.2
4288.378203853971	200	9.64805389804533	0.0	383025	315.884857675	0.2
4288.69570009284	200	9.830557659176723	0.0	383025	317.496238869	0.2
4289.513196331709	200	9.513061420308116	0.0	383025	317.496238869	0.2
4289.835431027892	200	9.69082672412493	0.0	383025	322.23469618318467	0.2
4290.161337641795	200	9.864920110222128	0.0	383025	325.906613903	0.2
4290.987244255698	200	9.539013496319328	0.0	383025	325.906613903	0.2
4291.3131508696015	200	9.713106882416525	0.0	383025	325.906613903	0.2
4291.639057483504	200	9.887200268513723	0.0	383025	325.906613903	0.2
4291.992480888157	200	9.561293654610921	0.0	383025	325.906613903	0.2
4292.319886093967	200	9.733888448800585	0.0	383025	327.40520581	0.2
4292.647291299778	200	9.906483242990246	0.0	383025	327.40520581	0.2
4293.474696505588	200	9.57907803717991	0.0	383025	327.40520581	0.2
4293.802101711399	200	9.751672831369573	0.0	383025	327.40520581	0.2
4294.129506917209	200	9.924267625559237	0.0	383025	327.40520581	0.2
4294.738860291632	200	9.596862419748899	0.0	383025	327.40520581	0.2
4295.06096199159	200	9.774760719790608	0.0	383025	322.101699958	0.2
4295.383063691549	200	9.952659019832316	0.0	383025	322.101699958	0.2
4296.205165391508	200	9.630557319874024	0.0	383025	322.101699958	0.2

