4441.681905660957	400	0.5	0.15723284518333464	181435	157.232845183	-2.744656903666693
4441.841568109791	400	0.8403375511653363	0.0	184429	159.662448835	0.4
4442.083316917127	600	1.0985887438302715	0.0	285584	241.748807335	0.39999999999999997
4442.410954729158	800	1.2709509317990386	0.0	391425	327.637812031	0.6000000000000001
4442.73859254119	800	1.4433131197678057	0.0	391425	327.637812031	0.8
4443.146365887681	1000	1.5355397732768519	0.0	490176	407.773346491	0.8
4443.572976371633	1000	1.6089292893248748	0.0	513389	426.610483952	1.0
4443.986331963788	1000	1.6955736971700957	0.0	497055	413.355592155	1.0
4444.4183226321775	1000	1.7635830287798044	0.0	520019	431.99066839	1.0
4444.875669144151	1000	1.8062365168058692	0.0	551265	457.346511974	1.0
4445.338750462072	1000	1.843155198885393	0.0	558332	463.08131792	1.0
4445.784496712123	1000	1.8974089488338859	0.0	536970	445.746250052	1.0
4446.225030435914	1000	1.956875225042437	0.0	536970	440.533723791	1.0
4446.6597277074015	1000	2.022177953554858	0.0	536970	434.697271488	1.0
4446.972667671295	200	2.2092379896620336	0.0	383025	312.939963893	-0.6000000000000001
4447.285607635188	200	2.3962980257692093	0.0	383025	312.939963893	0.2
4447.598547599081	200	2.583358061876385	0.0	383025	312.939963893	0.2
4447.9139593535465	200	2.7679463074106074	0.0	383025	315.411754466	0.2
4448.229933189083	200	2.951972471874542	0.0	383025	315.973835536	0.2
4448.545907024619	200	3.135998636338476	0.0	383025	315.973835536	0.2
4448.861880860155	200	3.3200248008024102	0.0	383025	315.973835536	0.2
4449.177854695692	200	3.504050965266344	0.0	383025	315.973835536	0.2
4449.493828531228	200	3.688077129730278	0.0	383025	315.973835536	0.2
4449.808634588838	200	3.8732710721211125	0.0	383025	314.806057609	0.2
4450.122305125417	200	4.059600535541859	0.0	383025	313.670536579	0.2
4450.435975661997	200	4.245929998962607	0.0	383025	313.670536579	0.2
4450.749646198577	200	4.432259462383354	0.0	383025	313.670536579	0.2
4451.063316735156	200	4.618588925804101	0.0	383025	313.670536579	0.2
4451.379636884976	200	4.80226877598415	0.0	383025	316.32014982	0.2
4451.696770873852	200	4.985134787108286	0.0	383025	317.133988876	0.2
4452.013904862728	200	5.168000798232422	0.0	383025	317.133988876	0.2
4452.331038851604	200	5.350866809356558	0.0	383025	317.133988876	0.2
4452.64817284048	200	5.533732820480694	0.0	383025	317.133988876	0.2
4452.9653068293555	200	5.71659883160483	0.0	383025	317.133988876	0.2
4453.282440818231	200	5.899464842728966	0.0	383025	317.133988876	0.2
4453.597081372352	200	6.0848242886093855	0.0	383025	314.64055412	0.2
4453.908083997826	200	6.2738216631344494	0.0	383025	311.002625475	0.2
4454.2190866233	200	6.462819037659513	0.0	383025	311.002625475	0.2
4454.530089248776	200	6.651816412184576	0.0	383025	311.002625475	0.2
4454.843577463609	200	6.838328197350646	0.0	383025	313.488214834	0.2
4455.158204604507	200	7.023701056452879	0.0	383025	314.627140898	0.2
4455.472831745404	200	7.209073915555113	0.0	383025	314.627140898	0.2
4455.7874588863015	200	7.394446774657347	0.0	383025	314.627140898	0.2
4456.102144345377	200	7.579761315581124	0.0	383025	314.685459076	0.2
4456.417146178404	200	7.764759482554099	0.0	383025	315.001833027	0.2
4456.732148011432	200	7.949757649527072	0.0	383025	315.001833027	0.2
4457.047149844459	200	8.134755816500046	0.0	383025	315.001833027	0.2
4457.3621516774865	200	8.319753983473019	0.0	383025	315.001833027	0.2
4457.677153510514	200	8.504752150445995	0.0	383025	315.001833027	0.2
4457.991241082451	200	8.690664578508223	0.0	383025	314.087571938	0.2
4458.303869357018	200	8.878036303941759	0.0	383025	312.628274566	0.2
4458.616497631584	200	9.065408029375297	0.0	383025	312.628274566	0.2
4458.929125906151	200	9.252779754808833	0.0	383025	312.628274566	0.2
4459.241754180717	200	9.44015148024237	0.0	383025	312.628274566	0.2
4459.554382455284	200	9.627523205675907	0.0	383025	312.628274566	0.2
4459.866175079939	200	9.81573058102052	0.0	383025	311.792624655	0.2
4460.677966901997	200	9.503938758962775	0.0	383025	311.791822058	0.2
4460.989758724055	200	9.692146936905027	0.0	383025	311.791822058	0.2
4461.303228998574	200	9.878676662385478	0.0	383025	313.47027451954955	0.2
4462.118469560574	200	9.563436100385136	0.0	383025	315.240562	0.2
4462.433710122575	200	9.748195538384792	0.0	383025	315.240562	0.2
4462.748737873489	200	9.933167787470826	0.0	383025	315.02775091396626	0.2
4463.563494673049	200	9.618410987910432	0.0	383025	314.75679956	0.2
4463.878251472609	200	9.803654188350036	0.0	383025	314.75679956	0.2
4464.193008272169	200	9.98889738878964	0.0	383025	314.75679956	0.2
4465.006533369299	200	9.67537229165974	0.0	383025	313.5250971299006	0.2
4465.316772663235	200	9.86513299772408	0.0	383025	310.239293936	0.2
4465.919350984165	200	9.554893703788421	0.0	383025	310.239293936	0.2
4466.230683566372	200	9.743561121581683	0.0	383025	311.332582207	0.2
4466.542016148578	200	9.932228539374945	0.0	383025	311.332582207	0.2
4467.0096855425	200	9.620895957168207	0.0	383025	311.332582207	0.2
4467.323258192785	200	9.807323306882726	0.0	383025	313.572650285	0.2
4467.63683084307	200	9.993750656597243	0.0	383025	313.572650285	0.2
4468.1474583703275	200	9.680178006311762	0.0	383025	313.572650285	0.2
4468.46338687392	200	9.864249502718954	0.0	383025	315.928503593	0.2
4469.279315377513	200	9.548320999126146	0.0	383025	315.928503593	0.2
4469.5952438811055	200	9.732392495533338	0.0	383025	315.928503593	0.2
4469.9131977175775	200	9.914438659061453	0.0	383025	317.953836471886	0.2
4470.732754557996	200	9.594881818643938	0.0	383025	319.556840418	0.2
4471.052311398413	200	9.77532497822642	0.0	383025	319.556840418	0.2
4471.371868238831	200	9.955768137808905	0.0	383025	319.556840418	0.2
4472.192052913174	200	9.635583463466157	0.0	383025	320.18467434274834	0.2
4472.513533606133	200	9.814102770506752	0.0	383025	321.480692959	0.2
4472.835014299093	200	9.992622077547347	0.0	383025	321.480692959	0.2
4473.656494992052	200	9.671141384587942	0.0	383025	321.480692959	0.2
4473.982144228013	200	9.845492148627828	0.0	383025	325.6492359601132	0.2
4474.8093304557015	200	9.518305920938502	0.0	383025	327.186227689	0.2
4475.136516683391	200	9.691119693249176	0.0	383025	327.186227689	0.2
4475.463702911081	200	9.86393346555985	0.0	383025	327.186227689	0.2
4476.1613746029825	200	9.536747237870525	0.0	383025	327.186227689	0.2
4476.476361170794	200	9.721760670059558	0.0	383025	314.986567811	0.2
4476.791347738605	200	9.90677410224859	0.0	383025	314.986567811	0.2
4477.606334306416	200	9.591787534437623	0.0	383025	314.986567811	0.2
4477.923064905321	200	9.775056935533536	0.0	383025	316.73059890408786	0.2
4478.2399482126275	200	9.958173628226602	0.0	383025	316.883307307	0.2
4478.782773882098	200	9.641290320919667	0.0	383025	316.883307307	0.2
4479.092377784372	200	9.831686418645585	0.0	383025	309.603902274	0.2
4479.577131996357	200	9.522082516371505	0.0	383025	309.603902274	0.2
4479.891475457056	200	9.707739055672146	0.0	383025	314.343460699	0.2
4480.205818917756	200	9.893395594972786	0.0	383025	314.343460699	0.2
4481.020162378455	200	9.579052134273427	0.0	383025	314.343460699	0.2
4481.3324828652285	200	9.766731647500343	0.0	383025	312.32048677308376	0.2
4481.644388225907	200	9.954826286821383	0.0	383025	311.905360679	0.2
4482.456293586587	200	9.642920926142422	0.0	383025	311.905360679	0.2
4482.7685299232	200	9.830684589529112	0.0	383025	312.2363366133109	0.2
4483.586596819724	200	9.5126176930052	0.0	383025	318.066896524	0.2
4483.904663716248	200	9.69455079648129	0.0	383025	318.066896524	0.2
4484.2227306127725	200	9.876483899957378	0.0	383025	318.066896524	0.2
4484.959613198447	200	9.558417003433467	0.0	383025	318.066896524	0.2
4485.27718306448	200	9.74084713740151	0.0	383025	317.569866032	0.2
4485.594752930511	200	9.923277271369551	0.0	383025	317.569866032	0.2
4485.9738481123895	200	9.605707405337595	0.0	383025	317.569866032	0.2
4486.292466527997	200	9.787088989730426	0.0	383025	318.618415607	0.2
4486.611084943604	200	9.968470574123257	0.0	383025	318.618415607	0.2
4487.227084103078	200	9.649852158516088	0.0	383025	318.618415607	0.2
4487.537844896606	200	9.839091364987494	0.0	383025	310.760793529	0.2
4488.348605690135	200	9.5283305714589	0.0	383025	310.760793529	0.2
4488.660543034836	200	9.716393226757388	0.0	383025	311.9373447015124	0.2
4488.975745795933	200	9.901190465660646	0.0	383025	315.202761097	0.2
4489.790948557031	200	9.585987704563903	0.0	383025	315.202761097	0.2

