5996.554015979181	400	0.5	0.1516359403690852	181435	151.635940369	-2.6327188073817043
5996.707989164323	400	0.8460268148574971	0.0	184429	153.973185143	0.4
5996.940928279679	600	1.1130876995028807	0.0	285584	232.939115355	0.39999999999999997
5997.2564914177665	800	1.2975245614150301	0.0	391425	315.563138088	0.6000000000000001
5997.572054555855	800	1.4819614233271796	0.0	391425	315.563138088	0.8
5997.964706958678	1000	1.5893090205032663	0.0	490176	392.652402824	0.8
5998.377407153151	1000	1.6766088260304874	0.0	513389	412.700194473	1.0
5998.78203977622	1000	1.771976202961817	0.0	497055	404.632623069	1.0
5999.204904473317	1000	1.8491115058648215	0.0	520019	422.864697097	1.0
5999.652576668458	1000	1.9014393107235381	0.0	551265	447.672195141	1.0
6000.105859648618	1000	1.9481563305640446	0.0	558332	453.282980159	1.0
6000.542182449131	1000	2.0118335300506525	0.0	536970	436.322800513	1.0
6000.859106182693	200	2.1949097964898145	0.0	383025	316.923733561	-0.6000000000000001
6001.177417766391	200	2.376598212791276	0.0	383025	318.311583699	0.2
6001.49572935009	200	2.5582866290927377	0.0	383025	318.311583699	0.2
6001.814040933788	200	2.7399750453941993	0.0	383025	318.311583699	0.2
6002.132352517488	200	2.921663461695661	0.0	383025	318.311583699	0.2
6002.450664101186	200	3.103351877997122	0.0	383025	318.311583699	0.2
6002.768975684885	200	3.2850402942985837	0.0	383025	318.311583699	0.2
6003.088404316217	200	3.465611662967201	0.0	383025	319.428631331	0.2
6003.416582027862	200	3.6374339513219702	0.0	383025	328.177711645	0.2
6003.744759739507	200	3.8092562396767393	0.0	383025	328.177711645	0.2
6004.072937451152	200	3.9810785280315084	0.0	383025	328.177711645	0.2
6004.401115162797	200	4.152900816386278	0.0	383025	328.177711645	0.2
6004.729292874443	200	4.3247231047410475	0.0	383025	328.177711645	0.2
6005.057470586087	200	4.4965453930958175	0.0	383025	328.177711645	0.2
6005.385648297733	200	4.668367681450587	0.0	383025	328.177711645	0.2
6005.713826009378	200	4.840189969805355	0.0	383025	328.177711645	0.2
6006.042003721023	200	5.012012258160124	0.0	383025	328.177711645	0.2
6006.370181432668	200	5.183834546514892	0.0	383025	328.177711645	0.2
6006.698359144313	200	5.355656834869661	0.0	383025	328.177711645	0.2
6007.0265368559585	200	5.527479123224429	0.0	383025	328.177711645	0.2
6007.354714567604	200	5.6993014115791985	0.0	383025	328.177711645	0.2
6007.682892279248	200	5.8711236999339675	0.0	383025	328.177711645	0.2
6008.011069990894	200	6.042945988288736	0.0	383025	328.177711645	0.2
6008.339247702539	200	6.214768276643505	0.0	383025	328.177711645	0.2
6008.667425414184	200	6.386590564998273	0.0	383025	328.177711645	0.2
6008.995603125829	200	6.558412853353042	0.0	383025	328.177711645	0.2
6009.323780837474	200	6.73023514170781	0.0	383025	328.177711645	0.2
6009.65195854912	200	6.902057430062579	0.0	383025	328.177711645	0.2
6009.980136260765	200	7.0738797184173485	0.0	383025	328.177711645	0.2
6010.308313972409	200	7.245702006772117	0.0	383025	328.177711645	0.2
6010.635271674207	200	7.418744304975182	0.0	383025	326.957701797	0.2
6010.961979629054	200	7.592036350126785	0.0	383025	326.707954848	0.2
6011.288687583903	200	7.765328395278388	0.0	383025	326.707954848	0.2
6011.615395538751	200	7.9386204404299905	0.0	383025	326.707954848	0.2
6011.9421034935995	200	8.111912485581593	0.0	383025	326.707954848	0.2
6012.268811448447	200	8.285204530733198	0.0	383025	326.707954848	0.2
6012.595519403296	200	8.458496575884801	0.0	383025	326.707954848	0.2
6012.922227358144	200	8.631788621036405	0.0	383025	326.707954848	0.2
6013.248935312992	200	8.805080666188008	0.0	383025	326.707954848	0.2
6013.57564326784	200	8.978372711339613	0.0	383025	326.707954848	0.2
6013.902351222689	200	9.151664756491217	0.0	383025	326.707954848	0.2
6014.228992386575	200	9.325023592604994	0.0	383025	326.641163886	0.2
6014.554907466446	200	9.499108512733459	0.0	383025	325.915079872	0.2
6014.880822546317	200	9.673193432861925	0.0	383025	325.915079872	0.2
6015.206737626188	200	9.84727835299039	0.0	383025	325.915079872	0.2
6016.03265270606	200	9.521363273118855	0.0	383025	325.915079872	0.2
6016.358567785931	200	9.695448193247321	0.0	383025	325.915079872	0.2
6016.684482865802	200	9.869533113375786	0.0	383025	325.915079872	0.2
6017.5103979456735	200	9.543618033504252	0.0	383025	325.915079872	0.2
6017.836313025545	200	9.717702953632717	0.0	383025	325.915079872	0.2
6018.16048277714	200	9.893533202037275	0.0	383025	324.16975159544126	0.2
6018.983493557285	200	9.570522421891946	0.0	383025	323.010780145	0.2
6019.306504337431	200	9.747511641746618	0.0	383025	323.010780145	0.2
6019.629515117576	200	9.92450086160129	0.0	383025	323.010780145	0.2
6020.452525897722	200	9.60149008145596	0.0	383025	323.010780145	0.2
6020.775536677867	200	9.778479301310632	0.0	383025	323.010780145	0.2
6021.098547458013	200	9.955468521165303	0.0	383025	323.010780145	0.2
6021.610736323107	200	9.632457741019975	0.0	383025	323.010780145	0.2
6021.936650852444	200	9.806543211683541	0.0	383025	325.914529336	0.2
6022.26256538178	200	9.98062868234711	0.0	383025	325.914529336	0.2
6023.088479911117	200	9.654714153010676	0.0	383025	325.914529336	0.2
6023.414394440453	200	9.828799623674243	0.0	383025	325.914529336	0.2
6024.24030896979	200	9.502885094337811	0.0	383025	325.914529336	0.2
6024.566223499127	200	9.676970565001378	0.0	383025	325.914529336	0.2
6024.892138028464	200	9.851056035664946	0.0	383025	325.914529336	0.2
6025.7180525578	200	9.525141506328513	0.0	383025	325.914529336	0.2
6026.0439670871365	200	9.69922697699208	0.0	383025	325.914529336	0.2
6026.369109398079	200	9.874084666049761	0.0	383025	325.14231094231945	0.2
6027.193379175982	200	9.549814888145974	0.0	383025	324.269777904	0.2
6027.517648953885	200	9.725545110242189	0.0	383025	324.269777904	0.2
6027.8419187317895	200	9.901275332338402	0.0	383025	324.269777904	0.2
6028.666188509693	200	9.577005554434615	0.0	383025	324.269777904	0.2
6028.990458287596	200	9.75273577653083	0.0	383025	324.269777904	0.2
6029.314728065499	200	9.928465998627043	0.0	383025	324.269777904	0.2
6030.138997843403	200	9.604196220723257	0.0	383025	324.269777904	0.2
6030.46537453114	200	9.777819532986026	0.0	383025	326.37668773723067	0.2
6030.793500465848	200	9.949693598276873	0.0	383025	328.125934709	0.2
6031.621626400557	200	9.62156766356772	0.0	383025	328.125934709	0.2
6031.949752335267	200	9.793441728858568	0.0	383025	328.125934709	0.2
6032.277878269975	200	9.965315794149415	0.0	383025	328.125934709	0.2
6033.106004204684	200	9.637189859440262	0.0	383025	328.125934709	0.2
6033.434130139392	200	9.80906392473111	0.0	383025	328.125934709	0.2
6033.762256074102	200	9.980937990021957	0.0	383025	328.125934709	0.2
6034.590382008811	200	9.652812055312804	0.0	383025	328.125934709	0.2
6034.918507943519	200	9.824686120603651	0.0	383025	328.125934709	0.2
6035.247219531059	200	9.995974533063613	0.0	383025	328.7115875400396	0.2
6036.07683505329	200	9.666359010832318	0.0	383025	329.615522231	0.2
6036.406450575521	200	9.836743488601027	0.0	383025	329.615522231	0.2
6037.236066097752	200	9.507127966369735	0.0	383025	329.615522231	0.2
6037.5656816199835	200	9.677512444138443	0.0	383025	329.615522231	0.2
6037.895297142214	200	9.847896921907152	0.0	383025	329.615522231	0.2
6038.724912664445	200	9.51828139967586	0.0	383025	329.615522231	0.2
6039.054528186676	200	9.688665877444567	0.0	383025	329.615522231	0.2
6039.384143708907	200	9.859050355213276	0.0	383025	329.615522231	0.2
6040.213759231138	200	9.529434832981984	0.0	383025	329.615522231	0.2
6040.543374753369	200	9.699819310750692	0.0	383025	329.615522231	0.2
6040.8729902756	200	9.870203788519401	0.0	383025	329.615522231	0.2
6041.702605797831	200	9.54058826628811	0.0	383025	329.615522231	0.2
6042.032221320062	200	9.710972744056816	0.0	383025	329.615522231	0.2
6042.361836842293	200	9.881357221825525	0.0	383025	329.615522231	0.2
6043.188177660266	200	9.55501640385255	0.0	383025	326.34081797297654	0.2
6043.510810609283	200	9.73238345483536	0.0	383025	322.632949017	0.2
6043.8334435583	200	9.909750505818169	0.0	383025	322.632949017	0.2
6044.656076507317	200	9.587117556800978	0.0	383025	322.632949017	0.2
6044.9787094563335	200	9.764484607783789	0.0	383025	322.632949017	0.2
6045.301342405351	200	9.941851658766598	0.0	383025	322.632949017	0.2
6045.676392623087	200	9.619218709749408	0.0	383025	322.632949017	0.2
6045.995278291119	200	9.800333041718684	0.0	383025	318.885668031	0.2

