5704.633350236138	400	0.5	0.15914660630478136	181435	159.146606305	-2.7829321260956275
5704.794958026553	400	0.8383922095836828	0.0	184429	161.607790416	0.4
5705.039719149903	600	1.0936310862340277	0.0	285584	244.76112335	0.39999999999999997
5705.371485679916	800	1.2618645562213562	0.0	391425	331.766530013	0.6000000000000001
5705.703252209929	800	1.4300980262086849	0.0	391425	331.766530013	0.8
5706.116195891644	1000	1.5171543444931805	0.0	490176	412.943681716	0.8
5706.548221559592	1000	1.5851286765448496	0.0	513389	432.025667948	1.0
5706.966820046085	1000	1.666530190052039	0.0	497055	418.598486493	1.0
5707.404295831154	1000	1.7290544049829724	0.0	520019	437.475785069	1.0
5707.867457039987	1000	1.7658931961500277	0.0	551265	463.161208833	1.0
5708.336427596888	1000	1.796922639248872	0.0	558332	468.970556901	1.0
5708.787837761341	1000	1.8455124747961562	0.0	536970	451.410164453	1.0
5709.239247925794	1000	1.8941023103434407	0.0	536970	451.410164453	1.0
5709.690658090247	1000	1.942692145890725	0.0	536970	451.410164453	1.0
5710.1420682547	1000	1.9912819814380094	0.0	536970	451.410164453	1.0
5710.593478419153	1000	2.039871816985294	0.0	536970	451.410164453	1.0
5710.918339823402	200	2.2150104127364503	0.0	383025	324.861404249	-0.6000000000000001
5711.24320122765	200	2.3901490084876067	0.0	383025	324.861404249	0.2
5711.568062631899	200	2.5652876042387636	0.0	383025	324.861404249	0.2
5711.892924036147	200	2.74042619998992	0.0	383025	324.861404249	0.2
5712.210420282278	200	2.922929953858854	0.0	383025	317.496246131	0.2
5712.526805231379	200	3.106545004758233	0.0	383025	316.384949101	0.2
5712.843190180479	200	3.290160055657612	0.0	383025	316.384949101	0.2
5713.159575129579	200	3.4737751065569915	0.0	383025	316.384949101	0.2
5713.475960078679	200	3.6573901574563705	0.0	383025	316.384949101	0.2
5713.792345027779	200	3.84100520835575	0.0	383025	316.384949101	0.2
5714.10872997688	200	4.024620259255129	0.0	383025	316.384949101	0.2
5714.42511492598	200	4.2082353101545085	0.0	383025	316.384949101	0.2
5714.74149987508	200	4.391850361053888	0.0	383025	316.384949101	0.2
5715.05788482418	200	4.575465411953268	0.0	383025	316.384949101	0.2
5715.3625890925605	200	4.770761143573399	0.0	383025	304.70426838	0.2
5715.6661956886865	200	4.967154547447021	0.0	383025	303.606596126	0.2
5715.969802284812	200	5.163547951320644	0.0	383025	303.606596126	0.2
5716.273408880938	200	5.359941355194266	0.0	383025	303.606596126	0.2
5716.578120384168	200	5.555229851965419	0.0	383025	304.711503229	0.2
5716.889304516024	200	5.744045720109247	0.0	383025	311.184131856	0.2
5717.20048864788	200	5.932861588253075	0.0	383025	311.184131856	0.2
5717.511672779736	200	6.1216774563969025	0.0	383025	311.184131856	0.2
5717.822856911592	200	6.310493324540731	0.0	383025	311.184131856	0.2
5718.134041043449	200	6.499309192684559	0.0	383025	311.184131856	0.2
5718.445225175305	200	6.688125060828387	0.0	383025	311.184131856	0.2
5718.7564093071605	200	6.876940928972215	0.0	383025	311.184131856	0.2
5719.0675934390165	200	7.065756797116044	0.0	383025	311.184131856	0.2
5719.382183970983	200	7.251166265150262	0.0	383025	314.590531966	0.2
5719.700464493642	200	7.432885742490093	0.0	383025	318.28052266	0.2
5720.018745016303	200	7.614605219829925	0.0	383025	318.28052266	0.2
5720.337025538964	200	7.796324697169756	0.0	383025	318.28052266	0.2
5720.655306061623	200	7.978044174509588	0.0	383025	318.28052266	0.2
5720.973586584284	200	8.159763651849419	0.0	383025	318.28052266	0.2
5721.291867106945	200	8.341483129189251	0.0	383025	318.28052266	0.2
5721.610147629604	200	8.523202606529082	0.0	383025	318.28052266	0.2
5721.919354300594	200	8.713995935539943	0.0	383025	309.206670989	0.2
5722.227048031408	200	8.906302204725506	0.0	383025	307.693730814	0.2
5722.534741762222	200	9.098608473911069	0.0	383025	307.693730814	0.2
5722.842435493038	200	9.290914743096632	0.0	383025	307.693730814	0.2
5723.150129223852	200	9.483221012282195	0.0	383025	307.693730814	0.2
5723.463229972278	200	9.670120263855638	0.0	383025	313.100748427	0.2
5723.77727035778	200	9.856079878352858	0.0	383025	314.040385503	0.2
5724.5913107432825	200	9.54203949285008	0.0	383025	314.040385503	0.2
5724.905351128785	200	9.7279991073473	0.0	383025	314.040385503	0.2
5725.219391514287	200	9.91395872184452	0.0	383025	314.040385503	0.2
5725.772660122053	200	9.599918336341739	0.0	383025	314.040385503	0.2
5726.0854482937275	200	9.787130164666731	0.0	383025	312.788171675	0.2
5726.398236465403	200	9.974341992991722	0.0	383025	312.788171675	0.2
5727.211024637078	200	9.661553821316712	0.0	383025	312.788171675	0.2
5727.523812808753	200	9.848765649641704	0.0	383025	312.788171675	0.2
5728.209770185066	200	9.535977477966695	0.0	383025	312.788171675	0.2
5728.521202308682	200	9.724545354349942	0.0	383025	311.432123617	0.2
5728.832634432299	200	9.91311323073319	0.0	383025	311.432123617	0.2
5729.644066555916	200	9.601681107116438	0.0	383025	311.432123617	0.2
5729.955498679532	200	9.790248983499685	0.0	383025	311.432123617	0.2
5730.272626447616	200	9.97312121541542	0.0	383025	317.12776808426446	0.2
5731.0926286920285	200	9.653118971003043	0.0	383025	320.002244412	0.2
5731.41263093644	200	9.833116726590665	0.0	383025	320.002244412	0.2
5732.232633180852	200	9.513114482178288	0.0	383025	320.002244412	0.2
5732.552635425264	200	9.693112237765913	0.0	383025	320.002244412	0.2
5732.872637669676	200	9.873109993353536	0.0	383025	320.002244412	0.2
5733.691153357158	200	9.554594305870669	0.0	383025	318.51568748286655	0.2
5734.007184206588	200	9.73856345644076	0.0	383025	316.03084943	0.2
5734.323215056018	200	9.922532607010849	0.0	383025	316.03084943	0.2
5735.139245905448	200	9.60650175758094	0.0	383025	316.03084943	0.2
5735.455276754878	200	9.79047090815103	0.0	383025	316.03084943	0.2
5735.771307604307	200	9.97444005872112	0.0	383025	316.03084943	0.2
5736.588932894013	200	9.656814769015142	0.0	383025	317.62528970597845	0.2
5736.911861754125	200	9.83388590890345	0.0	383025	322.928860112	0.2
5737.734790614237	200	9.51095704879176	0.0	383025	322.928860112	0.2
5738.057719474349	200	9.688028188680068	0.0	383025	322.928860112	0.2
5738.3806483344615	200	9.865099328568377	0.0	383025	322.928860112	0.2
5739.203577194573	200	9.542170468456685	0.0	383025	322.928860112	0.2
5739.526506054685	200	9.719241608344994	0.0	383025	322.928860112	0.2
5739.849434914798	200	9.896312748233303	0.0	383025	322.928860112	0.2
5740.388126445393	200	9.57338388812161	0.0	383025	322.928860112	0.2
5740.710762451298	200	9.750747882216068	0.0	383025	322.636005906	0.2
5741.033398457204	200	9.928111876310526	0.0	383025	322.636005906	0.2
5741.85603446311	200	9.605475870404984	0.0	383025	322.636005906	0.2
5742.178670469015	200	9.782839864499442	0.0	383025	322.636005906	0.2
5742.50130647492	200	9.960203858593898	0.0	383025	322.636005906	0.2
5743.323942480826	200	9.637567852688356	0.0	383025	322.636005906	0.2
5743.646578486731	200	9.814931846782814	0.0	383025	322.636005906	0.2
5743.969214492637	200	9.992295840877272	0.0	383025	322.636005906	0.2
5744.791850498542	200	9.66965983497173	0.0	383025	322.636005906	0.2
5745.115834258912	200	9.84567607460138	0.0	383025	323.9837603703498	0.2
5745.940141500212	200	9.521368833301086	0.0	383025	324.3072413	0.2
5746.264448741513	200	9.69706159200079	0.0	383025	324.3072413	0.2
5746.5887559828125	200	9.872754350700493	0.0	383025	324.3072413	0.2
5747.413063224112	200	9.548447109400199	0.0	383025	324.3072413	0.2
5747.737370465413	200	9.724139868099902	0.0	383025	324.3072413	0.2
5748.0616777067125	200	9.899832626799608	0.0	383025	324.3072413	0.2
5748.885984948013	200	9.575525385499311	0.0	383025	324.3072413	0.2
5749.210292189313	200	9.751218144199017	0.0	383025	324.3072413	0.2
5749.531342023268	200	9.930168310244412	0.0	383025	321.049833954605	0.2
5750.350031117197	200	9.611479216315008	0.0	383025	318.689093929	0.2
5750.668720211127	200	9.792790122385606	0.0	383025	318.689093929	0.2
5750.987409305057	200	9.974101028456204	0.0	383025	318.689093929	0.2
5751.806098398986	200	9.655411934526802	0.0	383025	318.689093929	0.2
5752.124787492916	200	9.836722840597398	0.0	383025	318.689093929	0.2
5752.734589379682	200	9.518033746667996	0.0	383025	318.689093929	0.2
5753.051774176911	200	9.70084894944011	0.0	383025	317.184797228	0.2
5753.368958974139	200	9.883664152212223	0.0	383025	317.184797228	0.2
5754.186143771367	200	9.566479354984336	0.0	383025	317.184797228	0.2

