1368.4778306395629	400	0.5	0.15987448254017037	181435	159.87448254	-2.7974896508034073
1368.6401783174663	400	0.8376523220966127	0.0	184429	162.347677903	0.4
1368.886085139313	600	1.0917455002499348	0.0	285584	245.906821847	0.39999999999999997
1369.219421978006	800	1.258408661556815	0.0	391425	333.336838693	0.6000000000000001
1369.5527588166992	800	1.4250718228636954	0.0	391425	333.336838693	0.8
1369.9809559583969	1000	1.4968746811660918	0.0	490176	428.197141698	0.8
1370.432665838258	1000	1.5451648013052033	0.0	513389	451.709879861	1.0
1370.868047737103	1000	1.6097829024598704	0.0	497055	435.381898845	1.0
1371.320669954479	1000	1.6571606850841307	0.0	520019	452.622217376	1.0
1371.7998876881802	1000	1.6779429513827908	0.0	551265	479.217733701	1.0
1372.2853222762237	1000	1.692508363339224	0.0	558332	485.434588044	1.0
1372.752745519049	1000	1.7250851205140159	0.0	536970	467.423242825	1.0
1373.2201687618742	1000	1.7576618776888078	0.0	536970	467.423242825	1.0
1373.6711884812	1000	1.8066421583629912	0.0	536970	451.019719326	1.0
1374.1207310974505	1000	1.8570995421126244	0.0	536970	449.54261625	1.0
1374.570273713701	1000	1.9075569258622578	0.0	536970	449.54261625	1.0
1375.026141954994	1000	1.9516886845691857	0.0	553424	455.868241293	1.0
1375.454509471037	1000	2.0233211685262043	0.0	522960	428.367516043	1.0
1375.7683261429931	200	2.209504496570088	0.0	383025	313.816671956	-0.6000000000000001
1376.079753865249	200	2.3980767743141467	0.0	383025	311.427722256	0.2
1376.3771447094055	200	2.600685930157667	0.0	383025	297.390844156	0.2
1376.674535553562	200	2.803295086001187	0.0	383025	297.390844156	0.2
1376.9668272338893	200	3.011003405673817	0.0	383025	292.291680327	0.2
1377.2576750064986	200	3.220155633064535	0.0	383025	290.847772609	0.2
1377.5477077006863	200	3.4301229388768424	0.0	383025	290.032694188	0.2
1377.8371298145817	200	3.640700824981441	0.0	383025	289.422113895	0.2
1378.1275164238484	200	3.8503142157146883	0.0	383025	290.386609267	0.2
1378.41942023199	200	4.058410407573052	0.0	383025	291.903808142	0.2
1378.733001511661	200	4.244829127901928	0.0	383025	313.581279671	0.2
1379.0647504526362	200	4.413080186926795	0.0	383025	331.748940975	0.2
1379.3964993936115	200	4.581331245951662	0.0	383025	331.748940975	0.2
1379.7282483345866	200	4.749582304976529	0.0	383025	331.748940975	0.2
1380.0476071108808	200	4.930223528682447	0.0	383025	319.358776294	0.2
1380.3652215029565	200	5.112609136606715	0.0	383025	317.614392076	0.2
1380.6793601844588	200	5.298470455104341	0.0	383025	314.138681502	0.2
1380.9774923527464	200	5.5003382868167074	0.0	383025	298.132168288	0.2
1381.2756245210342	200	5.702206118529074	0.0	383025	298.132168288	0.2
1381.5634874208154	200	5.914343218747873	0.0	383025	287.862899781	0.2
1381.8490296193086	200	6.128801020254572	0.0	383025	285.542198493	0.2
1382.1335815499976	200	6.344249089565611	0.0	383025	284.551930689	0.2
1382.4181325478817	200	6.559698091681571	0.0	383025	284.550997884	0.2
1382.7012397417216	200	6.776590897841698	0.0	383025	283.10719384	0.2
1382.9922075771738	200	6.985623062389462	0.0	383025	290.967835452	0.2
1383.3215912183418	200	7.1562394212213425	0.0	383025	329.383641168	0.2
1383.65097485951	200	7.326855780053223	0.0	383025	329.383641168	0.2
1383.9803585006778	200	7.497472138885103	0.0	383025	329.383641168	0.2
1384.285765031247	200	7.6920656083160335	0.0	383025	305.406530569	0.2
1384.589588754094	200	7.888241885469031	0.0	383025	303.823722847	0.2
1384.9023132047457	200	8.075517434817275	0.0	383025	312.724450652	0.2
1385.2150376553975	200	8.26279298416552	0.0	383025	312.724450652	0.2
1385.5350462260592	200	8.442784413503908	0.0	383025	320.008570662	0.2
1385.8793594577958	200	8.598471181767211	0.0	383025	344.313231737	0.2
1386.2236726895323	200	8.754157950030512	0.0	383025	344.313231737	0.2
1386.561881812321	200	8.91594882724199	0.0	383025	338.209122789	0.2
1386.8891935361687	200	9.088637103394449	0.0	383025	327.311723848	0.2
1387.2165052600162	200	9.261325379546907	0.0	383025	327.311723848	0.2
1387.5384574274476	200	9.439373212115491	0.0	383025	321.952167431	0.2
1387.857890692934	200	9.61993994662928	0.0	383025	319.433265486	0.2
1388.1773239584202	200	9.800506681143068	0.0	383025	319.433265486	0.2
1388.5095521200142	200	9.968278519549145	0.0	383025	332.228161594	0.2
1389.3442835029252	200	9.633547136638102	0.0	383025	334.731382911	0.2
1389.6772082186276	200	9.800622420935664	0.0	383025	332.9247157024383	0.2
1390.007463118789	200	9.970367520774253	0.0	383025	330.254900161	0.2
1390.5574797950778	200	9.640112620612841	0.0	383025	330.254900161	0.2
1390.8891132480942	200	9.808479167596436	0.0	383025	331.633453016	0.2
1391.2207467011106	200	9.976845714580033	0.0	383025	331.633453016	0.2
1391.5886578347506	200	9.649404555590172	0.0	383025	327.4411589898602	0.2
1391.9221642540701	200	9.815898136270743	0.0	383025	333.506419319	0.2
1392.2556706733894	200	9.982391716951316	0.0	383025	333.506419319	0.2
1392.8201661155172	200	9.648885297631887	0.0	383025	333.506419319	0.2
1393.175886671931	200	9.793164741218122	0.0	383025	355.720556414	0.2
1393.5316072283447	200	9.93744418480436	0.0	383025	355.720556414	0.2
1394.3873277847586	200	9.581723628390595	0.0	383025	355.720556414	0.2
1394.7430483411722	200	9.72600307197683	0.0	383025	355.720556414	0.2
1395.08347429894	200	9.885577114209035	0.0	383025	340.42595776779683	0.2
1395.443151277018	200	9.552887223485687	0.0	383025	332.689890723	0.2
1395.779432668726	200	9.716605831777716	0.0	383025	336.281391708	0.2
1396.115714060434	200	9.880324440069748	0.0	383025	336.281391708	0.2
1396.9278267432203	200	9.544043048361779	0.0	383025	336.281391708	0.2
1397.2842087497652	200	9.687661041816614	0.0	383025	356.382006545	0.2
1397.6405907563103	200	9.831279035271452	0.0	383025	356.382006545	0.2
1397.9969727628554	200	9.974897028726287	0.0	383025	356.382006545	0.2
1398.6147141820595	200	9.618515022181123	0.0	383025	356.382006545	0.2
1398.9684573683558	200	9.764771835885018	0.0	383025	353.743186296	0.2
1399.322200554652	200	9.911028649588912	0.0	383025	353.743186296	0.2
1400.175943740948	200	9.557285463292807	0.0	383025	353.743186296	0.2
1400.4987268260231	200	9.734502378217897	0.0	383025	322.7830850749093	0.2
1400.8177288957938	200	9.915500308447061	0.0	383025	319.002069771	0.2
1401.5201072475286	200	9.596498238676224	0.0	383025	319.002069771	0.2
1401.8469602461207	200	9.769645240083982	0.0	383025	326.852998592	0.2
1402.1795044500848	200	9.93710103611995	0.0	383025	332.5442039640321	0.2
1403.0332390154651	200	9.583366470739724	0.0	383025	353.73456538	0.2
1403.3869735808455	200	9.729631905359499	0.0	383025	353.73456538	0.2
1403.7407081462256	200	9.875897339979272	0.0	383025	353.73456538	0.2
1404.5851165011757	200	9.531488985029268	0.0	383025	344.4083549500044	0.2
1404.915572437408	200	9.70103304879695	0.0	383025	330.455936232	0.2
1405.2609898462265	200	9.855615639978438	0.0	383025	345.41740881851143	0.2
1406.1143533601496	200	9.50225212605537	0.0	383025	353.363513923	0.2
1406.4677168740725	200	9.648888612132302	0.0	383025	353.363513923	0.2
1406.8210803879956	200	9.795525098209232	0.0	383025	353.363513923	0.2
1407.177004761308	200	9.939600724896799	0.0	383025	355.92437331243286	0.2
1408.033780234226	200	9.582825251978653	0.0	383025	356.775472918	0.2
1408.3905557071441	200	9.726049779060506	0.0	383025	356.775472918	0.2
1408.7473311800622	200	9.869274306142358	0.0	383025	356.775472918	0.2
1409.5914821687963	200	9.512498833224212	0.0	383025	356.775472918	0.2
1409.9617781004536	200	9.642202901566893	0.0	383025	370.295931657	0.2
1410.3320740321108	200	9.771906969909576	0.0	383025	370.295931657	0.2
1410.7023699637682	200	9.901611038252259	0.0	383025	370.295931657	0.2
1411.5726658954254	200	9.53131510659494	0.0	383025	370.295931657	0.2
1411.9429618270829	200	9.661019174937623	0.0	383025	370.295931657	0.2
1412.31325775874	200	9.790723243280304	0.0	383025	370.295931657	0.2
1412.6834567299677	200	9.920524272052889	0.0	383025	370.19897122741514	0.2
1413.5519562715158	200	9.552024730504847	0.0	383025	368.499541548	0.2
1413.9204558130639	200	9.683525188956805	0.0	383025	368.499541548	0.2
1414.2889553546117	200	9.815025647408762	0.0	383025	368.499541548	0.2
1414.6574548961598	200	9.94652610586072	0.0	383025	368.499541548	0.2
1415.525954437708	200	9.578026564312676	0.0	383025	368.499541548	0.2
1415.894453979256	200	9.709527022764634	0.0	383025	368.499541548	0.2
1416.262953520804	200	9.841027481216592	0.0	383025	368.499541548	0.2
1416.6314530623522	200	9.972527939668549	0.0	383025	368.499541548	0.2

