6537.157272937839	400	0.5	0.16318152529542804	181435	163.181525295	-2.863630505908561
6537.322982230581	400	0.8342907072576377	0.0	184429	165.709292742	0.4
6537.574094434511	600	1.0831785033280237	0.0	285584	251.11220393	0.39999999999999997
6537.914565834951	800	1.2427071028884011	0.0	391425	340.47140044	0.6000000000000001
6538.255037235391	800	1.4022357024487786	0.0	391425	340.47140044	0.8
6538.6798491861955	1000	1.477423751643673	0.0	490176	424.811950805	0.8
6539.127293024951	1000	1.5299799128884213	0.0	513389	447.443838755	1.0
6539.56081913726	1000	1.596453800578863	0.0	497055	433.52611231	1.0
6539.998562235294	1000	1.658710702545546	0.0	520019	437.743098033	1.0
6540.453401176775	1000	1.7038717610648915	0.0	551265	454.838941481	1.0
6540.9139427781365	1000	1.743330159702975	0.0	558332	460.541601362	1.0
6541.340427247451	1000	1.8168456903890184	0.0	536970	426.484469314	1.0
6541.769463267223	1000	1.8878096706168725	0.0	536970	429.036019772	1.0
6542.21154668767	1000	1.945726250170004	0.0	536970	442.083420447	1.0
6542.653630108117	1000	2.0036428297231352	0.0	536970	442.083420447	1.0
6542.975117708369	200	2.182155229470932	0.0	383025	321.487600252	-0.6000000000000001
6543.298709188667	200	2.3585637491728644	0.0	383025	323.591480298	0.2
6543.622635539907	200	2.534637397933038	0.0	383025	323.92635124	0.2
6543.948405292385	200	2.708867645455027	0.0	383025	325.769752478	0.2
6544.274175044863	200	2.8830978929770152	0.0	383025	325.769752478	0.2
6544.598579088391	200	3.0586938494493396	0.0	383025	324.404043528	0.2
6544.921174466174	200	3.236098471666277	0.0	383025	322.595377783	0.2
6545.243769843957	200	3.413503093883214	0.0	383025	322.595377783	0.2
6545.567128314235	200	3.590144623606285	0.0	383025	323.358470277	0.2
6545.894286953419	200	3.762985984420982	0.0	383025	327.158639185	0.2
6546.221445592604	200	3.93582734523568	0.0	383025	327.158639185	0.2
6546.54860423179	200	4.108668706050377	0.0	383025	327.158639185	0.2
6546.8720963338765	200	4.285176603963509	0.0	383025	323.492102087	0.2
6547.193488790403	200	4.463784147438033	0.0	383025	321.392456525	0.2
6547.514881246928	200	4.642391690912556	0.0	383025	321.392456525	0.2
6547.834980021873	200	4.822292915968514	0.0	383025	320.098774944	0.2
6548.15372537021	200	5.003547567631707	0.0	383025	318.745348337	0.2
6548.472470718547	200	5.1848022192949	0.0	383025	318.745348337	0.2
6548.7991824054125	200	5.35809053242924	0.0	383025	326.711686866	0.2
6549.125936133061	200	5.531336804780241	0.0	383025	326.753727649	0.2
6549.452689860711	200	5.704583077131243	0.0	383025	326.753727649	0.2
6549.777493558317	200	5.87977937952572	0.0	383025	324.803697606	0.2
6550.099683789656	200	6.057589148186046	0.0	383025	322.19023134	0.2
6550.421874020996	200	6.23539891684637	0.0	383025	322.19023134	0.2
6550.743800863974	200	6.413472073869289	0.0	383025	321.926842977	0.2
6551.065403643517	200	6.591869294326377	0.0	383025	321.602779543	0.2
6551.38700642306	200	6.770266514783465	0.0	383025	321.602779543	0.2
6551.707744031325	200	6.949528906518701	0.0	383025	320.737608265	0.2
6552.0261570690745	200	7.131115868768932	0.0	383025	318.41303775	0.2
6552.344570106825	200	7.3127028310191635	0.0	383025	318.41303775	0.2
6552.658243441341	200	7.499029496502395	0.0	383025	313.673334517	0.2
6552.970270113008	200	7.687002824835676	0.0	383025	312.026671667	0.2
6553.282296784675	200	7.874976153168957	0.0	383025	312.026671667	0.2
6553.605883465652	200	8.051389472191385	0.0	383025	323.586680978	0.2
6553.929539244016	200	8.22773369382674	0.0	383025	323.655778365	0.2
6554.252574572082	200	8.404698365760487	0.0	383025	323.035328066	0.2
6554.571253622935	200	8.586019314908254	0.0	383025	318.679050852	0.2
6554.889932673787	200	8.767340264056024	0.0	383025	318.679050852	0.2
6555.206670275937	200	8.95060266190714	0.0	383025	316.737602149	0.2
6555.516060999384	200	9.141211938460524	0.0	383025	309.390723447	0.2
6555.827304782967	200	9.32996815487669	0.0	383025	311.243783584	0.2
6556.1435144258985	200	9.513758511944706	0.0	383025	316.209642932	0.2
6556.459724068831	200	9.697548869012724	0.0	383025	316.209642932	0.2
6556.77637595779	200	9.880896980054073	0.0	383025	316.651888959	0.2
6557.36545930452	200	9.562497569759893	0.0	383025	318.399410294	0.2
6557.665038210616	200	9.762918663663113	0.0	383025	299.578906097	0.2
6557.964605721495	200	9.963351152784231	0.0	383025	299.56751087888205	0.2
6558.653570303671	200	9.66378403840174	0.0	383025	299.567114382	0.2
6558.970689854428	200	9.846664487644839	0.0	383025	317.119550757	0.2
6559.787549538235	200	9.529804803837576	0.0	383025	316.85968380726314	0.2
6560.102289252589	200	9.71506508948408	0.0	383025	314.7397143534954	0.2
6560.416769258408	200	9.900585083664668	0.0	383025	314.480005819	0.2
6561.028325568577	200	9.586105077845255	0.0	383025	314.480005819	0.2
6561.342539615238	200	9.771891031184797	0.0	383025	314.21404666045703	0.2
6561.656094130446	200	9.958336515976724	0.0	383025	313.554515208	0.2
6562.228048217881	200	9.64478200076865	0.0	383025	313.554515208	0.2
6562.539697025286	200	9.833133193364349	0.0	383025	311.648807404	0.2
6563.351305407974	200	9.521524810676768	0.0	383025	311.60838268758084	0.2
6563.655674699703	200	9.717155518947504	0.0	383025	304.3692917292652	0.2
6563.959934550892	200	9.912895667758205	0.0	383025	304.259851189	0.2
6564.7683596775805	200	9.604470541071032	0.0	383025	308.42512668717325	0.2
6565.084912687447	200	9.787917531203977	0.0	383025	316.55300986705436	0.2
6565.406466424597	200	9.966363794053725	0.0	383025	321.55373715	0.2
6566.02639156334	200	9.644810056903472	0.0	383025	321.55373715	0.2
6566.348739742573	200	9.822461877669776	0.0	383025	322.348179234	0.2
6566.984155786766	200	9.500113698436078	0.0	383025	322.348179234	0.2
6567.300481917371	200	9.683787567830855	0.0	383025	316.326130605	0.2
6567.616391054453	200	9.867878430749279	0.0	383025	315.90913708157643	0.2
6568.031677381537	200	9.55288677633016	0.0	383025	314.991654419	0.2
6568.346909410711	200	9.73765474715568	0.0	383025	315.232029174	0.2
6568.662141439886	200	9.9224227179812	0.0	383025	315.232029174	0.2
6569.477817347966	200	9.606746809900804	0.0	383025	315.67590808039614	0.2
6569.790956917235	200	9.79360724063092	0.0	383025	313.1395692698844	0.2
6570.101253906489	200	9.983310251378136	0.0	383025	310.296989253	0.2
6570.871719044511	200	9.673013262125352	0.0	383025	310.296989253	0.2
6571.178331385998	200	9.86640092063805	0.0	383025	306.6123414873014	0.2
6571.580392548451	200	9.563760560690321	0.0	383025	302.640359948	0.2
6571.900001366981	200	9.744151742159204	0.0	383025	319.608818531	0.2
6572.2196101855125	200	9.924542923628085	0.0	383025	319.608818531	0.2
6573.043591071038	200	9.60056203810311	0.0	383025	323.98088552497563	0.2
6573.372330779284	200	9.7718223298568	0.0	383025	328.739708246	0.2
6573.703617159133	200	9.940535950008593	0.0	383025	331.2863798482074	0.2
6574.536044869656	200	9.608108239485484	0.0	383025	332.427710523	0.2
6574.8662339025	200	9.77791920664161	0.0	383025	330.1890328438751	0.2
6575.195745212654	200	9.948407896487119	0.0	383025	329.511310154	0.2
6575.859541414072	200	9.618896586332628	0.0	383025	329.511310154	0.2
6576.182537753876	200	9.795900246527886	0.0	383025	322.996339805	0.2
6576.505534093681	200	9.972903906723145	0.0	383025	322.996339805	0.2
6577.335847528001	200	9.642590472402395	0.0	383025	330.3134343207502	0.2
6577.667355607497	200	9.811082392907114	0.0	383025	331.5080794952801	0.2
6578.002251695023	200	9.976186305380597	0.0	383025	334.896087527	0.2
6578.37903900419	200	9.641290217854081	0.0	383025	334.896087527	0.2
6578.707570384686	200	9.812758837359041	0.0	383025	328.531380495	0.2
6579.036101765181	200	9.984227456864	0.0	383025	328.531380495	0.2
6579.782118585103	200	9.65569607636896	0.0	383025	328.531380495	0.2
6580.112509527384	200	9.82530513408815	0.0	383025	330.390942281	0.2
6580.442900469665	200	9.99491419180734	0.0	383025	330.390942281	0.2
6581.274535336935	200	9.663279324536973	0.0	383025	331.6348672703687	0.2
6581.606590700845	200	9.831223960626527	0.0	383025	332.0553639104448	0.2
6582.437747930457	200	9.500066731015341	0.0	383025	331.157229611	0.2
6582.7717025856655	200	9.666112075806705	0.0	383025	333.9546552086359	0.2
6583.116838108374	200	9.820976553097813	0.0	383025	345.135522709	0.2
6583.461973631084	200	9.97584103038892	0.0	383025	345.135522709	0.2
6583.859585209509	200	9.63070550768003	0.0	383025	345.135522709	0.2
6584.212368736753	200	9.777921980434783	0.0	383025	352.783527245	0.2

