2566.0662457170224	400	0.5	0.16762603832591488	181435	167.626038326	-2.952520766518298
2566.2364728651605	400	0.8297728518620433	0.0	184429	170.227148138	0.4
2566.4945808626762	600	1.0716648543463043	0.0	285584	258.107997516	0.39999999999999997
2566.8446407852475	800	1.2216049317750184	0.0	391425	350.059922571	0.6000000000000001
2567.194700707819	800	1.3715450092037327	0.0	391425	350.059922571	0.8
2567.5434261932924	800	1.522819523730408	0.0	389889	348.725485473	0.8
2567.999445286577	1000	1.5668004304457435	0.0	513389	456.019093285	0.8
2568.441273822858	1000	1.62497189416505	0.0	497055	441.828536281	1.0
2568.9030528887724	1000	1.6631928282505133	0.0	520019	461.779065915	1.0
2569.3919776718503	1000	1.6742680451726315	0.0	551265	488.924783078	1.0
2569.8870420818625	1000	1.6792036351603146	0.0	558332	495.064410012	1.0
2570.363623197828	1000	1.702622519194919	0.0	536970	476.581115965	1.0
2570.840230911142	1000	1.7260148058807936	0.0	536970	476.607713314	1.0
2571.3168386244565	1000	1.7494070925666683	0.0	536970	476.607713314	1.0
2571.7934463377705	1000	1.7727993792525432	0.0	536970	476.607713314	1.0
2572.2663733321647	1000	1.7998723848584988	0.0	536970	472.926994394	1.0
2572.7145588523763	1000	1.85168686464663	0.0	553424	448.185520212	1.0
2573.1386238362766	1000	1.9276218807464038	0.0	522960	424.0649839	1.0
2573.5717115102975	1000	1.9945342067254501	0.0	522960	433.087674021	1.0
2574.0397118569103	1000	2.0265338601123335	0.0	532300	468.000346613	1.0
2574.3792733499813	200	2.1869723670417174	0.0	383025	339.561493071	-0.6000000000000001
2574.7188348430523	200	2.3474108739711013	0.0	383025	339.561493071	0.2
2575.0583963361228	200	2.507849380900485	0.0	383025	339.561493071	0.2
2575.3979578291937	200	2.6682878878298695	0.0	383025	339.561493071	0.2
2575.7388317853543	200	2.827413931669029	0.0	383025	340.873956161	0.2
2576.089512645513	200	2.9767330715103815	0.0	383025	350.680860159	0.2
2576.4401935056712	200	3.1260522113517335	0.0	383025	350.680860159	0.2
2576.79087436583	200	3.275371351193086	0.0	383025	350.680860159	0.2
2577.141555225988	200	3.4246904910344385	0.0	383025	350.680860159	0.2
2577.492236086147	200	3.5740096308757905	0.0	383025	350.680860159	0.2
2577.8429169463056	200	3.723328770717143	0.0	383025	350.680860159	0.2
2578.193597806464	200	3.8726479105584954	0.0	383025	350.680860159	0.2
2578.5442786666226	200	4.021967050399848	0.0	383025	350.680860159	0.2
2578.894959526781	200	4.171286190241201	0.0	383025	350.680860159	0.2
2579.2456403869396	200	4.320605330082554	0.0	383025	350.680860159	0.2
2579.596321247098	200	4.469924469923906	0.0	383025	350.680860159	0.2
2579.9470021072566	200	4.619243609765259	0.0	383025	350.680860159	0.2
2580.297682967415	200	4.768562749606612	0.0	383025	350.680860159	0.2
2580.6483638275736	200	4.917881889447965	0.0	383025	350.680860159	0.2
2580.9990446877323	200	5.0672010292893175	0.0	383025	350.680860159	0.2
2581.3497255478906	200	5.21652016913067	0.0	383025	350.680860159	0.2
2581.7004064080493	200	5.365839308972023	0.0	383025	350.680860159	0.2
2582.0502242160123	200	5.516021501008905	0.0	383025	349.817807963	0.2
2582.39803562524	200	5.6682100917814795	0.0	383025	347.811409227	0.2
2582.7458470344673	200	5.820398682554054	0.0	383025	347.811409227	0.2
2583.093658443695	200	5.972587273326629	0.0	383025	347.811409227	0.2
2583.4414698529226	200	6.124775864099203	0.0	383025	347.811409227	0.2
2583.78928126215	200	6.276964454871778	0.0	383025	347.811409227	0.2
2584.1370926713776	200	6.429153045644353	0.0	383025	347.811409227	0.2
2584.4849040806052	200	6.581341636416927	0.0	383025	347.811409227	0.2
2584.8327154898325	200	6.733530227189502	0.0	383025	347.811409227	0.2
2585.1754416492417	200	6.890804067780407	0.0	383025	342.726159409	0.2
2585.5079023343046	200	7.058343382717859	0.0	383025	332.460685063	0.2
2585.840363019367	200	7.22588269765531	0.0	383025	332.460685063	0.2
2586.17282370443	200	7.393422012592762	0.0	383025	332.460685063	0.2
2586.5052843894928	200	7.5609613275302126	0.0	383025	332.460685063	0.2
2586.8463124700365	200	7.719933246986099	0.0	383025	341.028080544	0.2
2587.1926470724006	200	7.873598644622043	0.0	383025	346.334602364	0.2
2587.5389816747643	200	8.027264042257986	0.0	383025	346.334602364	0.2
2587.8853162771284	200	8.180929439893932	0.0	383025	346.334602364	0.2
2588.231650879492	200	8.334594837529876	0.0	383025	346.334602364	0.2
2588.577985481856	200	8.488260235165821	0.0	383025	346.334602364	0.2
2588.9243200842197	200	8.641925632801765	0.0	383025	346.334602364	0.2
2589.270654686584	200	8.79559103043771	0.0	383025	346.334602364	0.2
2589.6169892889475	200	8.949256428073651	0.0	383025	346.334602364	0.2
2589.9633238913116	200	9.102921825709595	0.0	383025	346.334602364	0.2
2590.309658493675	200	9.256587223345537	0.0	383025	346.334602364	0.2
2590.6554188997175	200	9.410826817303757	0.0	383025	345.760406042	0.2
2591.0009399222877	200	9.565305794733279	0.0	383025	345.52102257	0.2
2591.346460944858	200	9.719784772162798	0.0	383025	345.52102257	0.2
2591.691981967428	200	9.87426374959232	0.0	383025	345.52102257	0.2
2592.5375029899988	200	9.52874272702184	0.0	383025	345.52102257	0.2
2592.883024012569	200	9.683221704451359	0.0	383025	345.52102257	0.2
2593.228545035139	200	9.83770068188088	0.0	383025	345.52102257	0.2
2593.5740660577094	200	9.9921796593104	0.0	383025	345.52102257	0.2
2594.3605543101658	200	9.646658636739922	0.0	383025	345.52102257	0.2
2594.705362823438	200	9.801850123467883	0.0	383025	344.808513272	0.2
2595.05017133671	200	9.957041610195844	0.0	383025	344.808513272	0.2
2595.894979849982	200	9.612233096923804	0.0	383025	344.808513272	0.2
2596.2397883632543	200	9.767424583651765	0.0	383025	344.808513272	0.2
2596.584596876526	200	9.922616070379727	0.0	383025	344.808513272	0.2
2597.1092237184166	200	9.577807557107688	0.0	383025	344.808513272	0.2
2597.4312995518353	200	9.755731723688621	0.0	383025	322.075833419	0.2
2597.753375385254	200	9.933655890269554	0.0	383025	322.075833419	0.2
2598.5514971810485	200	9.611580056850487	0.0	383025	322.075833419	0.2
2598.8749857570333	200	9.788091480865969	0.0	383025	323.488575985	0.2
2599.198474333018	200	9.96460290488145	0.0	383025	323.488575985	0.2
2599.968474570732	200	9.641114328896933	0.0	383025	323.488575985	0.2
2600.2860607683433	200	9.823528131284899	0.0	383025	317.586197612	0.2
2601.0053309371083	200	9.505941933672863	0.0	383025	317.586197612	0.2
2601.3148758944208	200	9.69639697636057	0.0	383025	309.544957312	0.2
2601.6244208517332	200	9.886852019048273	0.0	383025	309.544957312	0.2
2602.435839564771	200	9.57543330601025	0.0	383025	311.41871303802316	0.2
2602.752051739165	200	9.759221131615936	0.0	383025	316.2121743943157	0.2
2603.072511518573	200	9.93876135220793	0.0	383025	320.459779408	0.2
2603.8929712979807	200	9.618301572799924	0.0	383025	320.459779408	0.2
2604.214118790028	200	9.797154080753073	0.0	383025	321.14749204685177	0.2
2604.5353153493547	200	9.975957521426059	0.0	383025	321.196559327	0.2
2605.0893767846087	200	9.654760962099044	0.0	383025	321.196559327	0.2
2605.408068262345	200	9.836069484362893	0.0	383025	318.691477736	0.2
2605.8670077717798	200	9.517378006626743	0.0	383025	318.691477736	0.2
2606.1877102011476	200	9.696675577258878	0.0	383025	320.702429368	0.2
2606.508412630515	200	9.875973147891015	0.0	383025	320.702429368	0.2
2607.3259895659676	200	9.558396212438796	0.0	383025	317.5769354522179	0.2
2607.638755283366	200	9.745630495039913	0.0	383025	312.765717399	0.2
2607.952090349072	200	9.932295429334435	0.0	383025	313.33506570548064	0.2
2608.3982757873828	200	9.616867943124685	0.0	383025	315.42748621	0.2
2608.7133790687813	200	9.801764661726422	0.0	383025	315.103281398	0.2
2609.0284823501793	200	9.986661380328158	0.0	383025	315.103281398	0.2
2609.841478952785	200	9.673664777722507	0.0	383025	312.99660260565025	0.2
2610.1510444908804	200	9.86409923962738	0.0	383025	309.565538095	0.2
2610.9603186855093	200	9.554825044998363	0.0	383025	309.2741946290186	0.2
2611.269474652562	200	9.74566907794551	0.0	383025	309.155967053	0.2
2611.5831478582118	200	9.931995872296257	0.0	383025	313.67320564925404	0.2
2612.3981510086146	200	9.616992721893158	0.0	383025	315.003150403	0.2
2612.7145477357335	200	9.80059599477454	0.0	383025	316.39672711861954	0.2
2613.031281269902	200	9.983862460605687	0.0	383025	316.733534169	0.2
2613.5685117728603	200	9.667128926436835	0.0	383025	316.733534169	0.2
2613.8980696285344	200	9.837571070762703	0.0	383025	329.557855674	0.2
2614.5472402025457	200	9.50801321508857	0.0	383025	329.557855674	0.2

